Printing New Fashion Solution:

Inbound Fashion Solution (V F T):
1	1	3	4900
1	2	4	4620
1	3	4	3150
1	4	3	5160
1	5	3	2860
1	6	4	4945
1	7	3	6010
1	8	3	4380
1	9	3	4075
1	10	4	6190


Outbound Fashion Solution(S F T):
1	1	5	1595
1	2	5	500
1	3	5	100
1	4	5	865
1	5	5	1320
1	6	5	1105
1	7	5	1340
1	8	5	1320
1	9	5	1080
1	10	5	2020
2	1	5	370
2	2	5	570
2	4	5	385
2	5	5	90
2	6	5	1155
2	7	5	705
2	8	5	1620
2	9	5	895
2	10	5	1070
3	1	5	1330
3	2	5	845
3	3	5	1085
3	4	5	1560
3	5	5	455
3	6	5	315
3	7	5	1195
3	9	5	770
3	10	5	1665
4	2	5	865
4	3	5	430
4	4	5	1315
4	5	5	815
4	6	5	1355
4	7	5	1255
4	8	5	630
4	9	5	660
4	10	5	835
5	1	5	1605
5	2	5	1840
5	3	5	1535
5	4	5	1035
5	5	5	180
5	6	5	1015
5	7	5	1515
5	8	5	810
5	9	5	670
5	10	5	600


Warehouse Fashion Inventory (W F T):
1	0		0		4900		4900		0	
2	0		0		0		4620		0	
3	0		0		0		3150		0	
4	0		0		5160		5160		0	
5	0		0		2860		2860		0	
6	0		0		0		4945		0	
7	0		0		6010		6010		0	
8	0		0		4380		4380		0	
9	0		0		4075		4075		0	
10	0		0		0		6190		0	

Store Fashion Inventory (S F T):
Store1
1	0		0		0		1595	
2	0		0		0		500	
3	0		0		0		100	
4	0		0		0		865	
5	0		0		0		1320	
6	0		0		0		1105	
7	0		0		0		1340	
8	0		0		0		1320	
9	0		0		0		1080	
10	0		0		0		2020	
Store2
1	0		0		0		370	
2	0		0		0		570	
3	0		0		0		0	
4	0		0		0		385	
5	0		0		0		90	
6	0		0		0		1155	
7	0		0		0		705	
8	0		0		0		1620	
9	0		0		0		895	
10	0		0		0		1070	
Store3
1	0		0		0		1330	
2	0		0		0		845	
3	0		0		0		1085	
4	0		0		0		1560	
5	0		0		0		455	
6	0		0		0		315	
7	0		0		0		1195	
8	0		0		0		0	
9	0		0		0		770	
10	0		0		0		1665	
Store4
1	0		0		0		0	
2	0		0		0		865	
3	0		0		0		430	
4	0		0		0		1315	
5	0		0		0		815	
6	0		0		0		1355	
7	0		0		0		1255	
8	0		0		0		630	
9	0		0		0		660	
10	0		0		0		835	
Store5
1	0		0		0		1605	
2	0		0		0		1840	
3	0		0		0		1535	
4	0		0		0		1035	
5	0		0		0		180	
6	0		0		0		1015	
7	0		0		0		1515	
8	0		0		0		810	
9	0		0		0		670	
10	0		0		0		600	


Fashion Shipments from Vendor to Warehouse (V T):
0	0	0.8060267	0.7950166	

Printing New Basic Solution:

Inbound Solution (V P T):
1	1	1	1643
1	1	2	2465
1	2	1	1996
1	2	2	2996
1	3	1	4599
1	4	1	2370
1	4	2	2370
1	5	1	3042
1	5	2	2029
1	6	1	1538
1	6	2	3589
1	7	1	1990
1	7	2	2986
1	8	1	3127
1	8	2	2085
1	9	1	2319
1	9	2	2320
1	10	1	3275
1	10	2	2184


Outbound Solution(S P T):
1	1	2	982
1	2	2	997
1	3	2	1056
1	4	2	827
1	5	2	1102
1	6	2	1055
1	7	2	996
1	8	2	1018
1	9	2	1144
1	10	2	1367
2	1	2	827
2	2	2	807
2	3	2	980
2	4	2	747
2	5	2	1051
2	6	2	1328
2	7	2	1016
2	8	2	945
2	9	2	705
2	10	2	1124
3	1	1	664
3	2	1	1068
3	3	1	877
3	4	1	1347
3	5	1	959
3	6	1	919
3	7	1	854
3	8	1	850
3	9	1	986
3	10	1	992
4	1	2	871
4	2	2	1105
4	3	2	734
4	4	2	833
4	5	2	1079
4	6	2	963
4	7	2	1033
4	8	2	1253
4	9	2	1084
4	10	2	1043
5	1	1	764
5	2	1	1015
5	3	1	952
5	4	1	986
5	5	1	880
5	6	1	862
5	7	1	1077
5	8	1	1146
5	9	1	720
5	10	1	933


Warehouse Inventory (W P T):
1	0		215		0		0		0		0	
2	87		0		87		87		87		87	
3	0		2770		0		0		0		0	
4	0		37		0		0		0		0	
5	0		1203		0		0		0		0	
6	243		0		243		243		243		243	
7	0		59		0		0		0		0	
8	0		1131		0		0		0		0	
9	0		613		0		0		0		0	
10	0		1350		0		0		0		0	

Store Inventory (S P T):
Store1
1	75		0		749		580		288		75	
2	159		0		769		648		407		159	
3	222		0		764		456		317		222	
4	146		0		588		482		311		146	
5	228		0		899		692		540		228	
6	228		0		848		722		587		228	
7	145		0		668		546		546		145	
8	178		0		860		595		314		178	
9	184		0		874		704		434		184	
10	372		0		1169		920		630		372	
Store2
1	205		0		728		594		449		205	
2	217		0		645		582		407		217	
3	90		0		814		552		341		90	
4	18		0		684		479		187		18	
5	305		0		778		738		541		305	
6	228		0		1145		818		499		228	
7	231		0		907		624		501		231	
8	182		0		735		608		480		182	
9	194		0		582		315		251		194	
10	330		0		947		810		604		330	
Store3
1	0		495		354		300		100		0	
2	0		799		658		466		239		0	
3	0		718		434		351		149		0	
4	0		1088		813		508		239		0	
5	0		690		403		368		202		0	
6	0		689		567		317		90		0	
7	0		662		433		386		202		0	
8	0		750		507		277		182		0	
9	0		758		561		464		253		0	
10	0		751		552		252		120		0	
Store4
1	90		0		542		467		319		90	
2	244		0		887		670		390		244	
3	145		0		611		402		254		145	
4	129		0		628		419		313		129	
5	216		0		751		532		420		216	
6	350		0		794		725		598		350	
7	288		0		917		694		474		288	
8	232		0		968		766		530		232	
9	239		0		1006		754		445		239	
10	189		0		914		665		378		189	
Store5
1	0		553		342		208		195		0	
2	0		719		587		399		258		0	
3	0		619		448		331		174		0	
4	0		789		688		472		241		0	
5	0		801		676		542		303		0	
6	0		685		561		454		205		0	
7	0		739		607		407		209		0	
8	0		911		729		463		174		0	
9	0		669		410		255		175		0	
10	0		674		571		338		234		0	


Shipments from Vendor to Warehouse (V T):
0.924064	0.8556873	0	0	0	

Shipments from Warehouse to Stores (S T):
1	2	0.387426
1	5	0.3963667
2	2	0.3522494
2	5	0.26518
3	1	0.3434106
3	5	0.30505
4	2	0.3640467
4	5	0.27624
5	1	0.3326187
5	5	0.3582066


Required Putaway workers (Sol T):
3	3	3	2	0	

No of required pickers (T):
3	4	0	0	6	

No of part-time putaway workers (T):
1	1	1	0	0	

No of part-time pickers (T):
0	0	0	0	2	

Best Putaway Technology: 1200
Best Picking Technology: 1000

Required Fashion Putaway Hours:
0	0	22.82083	15.75417	0	

Required Basic Putaway Hours:
21.5825	19.18667	0	0	0	

Required Total Putaway Hours:
21.5825	19.18667	22.82083	15.75417	0	

No of required fashion pick hours:
0	0	0	0	46.29	

No of required basic pick hours:
18.851	30.072	0	0	0	

No of required total pick hours:
18.851	30.072	0	0	46.29	

List of all the costs: 
MHECost		351
PutawayTechCost		1060
PickingTechCost		9130
WhBasicInvCost		86.98001
BasicInbCost		2456.283
WhFashionInvCost		736.75
FashionInbCost		5335.349
PutawayCost		3920
StoreBasicInvCost		4925.3
StoreFashionInvCost		2314.5
OutboundCost		12625.32
PickingCost		6880
Total		49821.48

List of Top5 Technologies: 
Tech1		2	6	$ 49821.48
Tech2		2	5	$ 50703.47
Tech3		4	5	$ 56865.94
Tech4		4	3	$ 63707.48
Tech5		4	1	$ 88365.48
The start time is 12/19/2014 2:23:25 PM
The End time is 12/19/2014 2:23:35 PM
