Printing New Fashion Solution:

Inbound Fashion Solution (V F T):
1	1	3	4900
1	2	4	4620
1	3	3	3150
1	4	4	5160
1	5	3	2860
1	6	4	4945
1	7	3	6010
1	8	3	4380
1	9	3	4075
1	10	4	6190


Outbound Fashion Solution(S F T):
1	1	4	1595
1	2	5	500
1	3	5	100
1	4	5	865
1	5	4	1320
1	6	5	1105
1	7	5	1340
1	8	4	1320
1	9	5	1080
1	10	5	2020
2	1	5	370
2	2	5	570
2	4	5	385
2	5	5	90
2	6	5	1155
2	7	5	705
2	8	5	1620
2	9	5	895
2	10	5	1070
3	1	4	1330
3	2	5	845
3	3	4	1085
3	4	5	1560
3	5	4	455
3	6	5	315
3	7	4	1195
3	9	4	770
3	10	5	1665
4	2	5	865
4	3	5	430
4	4	5	1315
4	5	5	815
4	6	5	1355
4	7	5	1255
4	8	5	630
4	9	5	660
4	10	5	835
5	1	5	1605
5	2	5	1840
5	3	4	1535
5	4	5	1035
5	5	5	180
5	6	5	1015
5	7	4	1515
5	8	4	810
5	9	5	670
5	10	5	600


Warehouse Fashion Inventory (W F T):
1	0		0		4900		1975		0	
2	0		0		0		4620		0	
3	0		0		3150		530		0	
4	0		0		0		5160		0	
5	0		0		2860		1085		0	
6	0		0		0		4945		0	
7	0		0		6010		3300		0	
8	0		0		4380		2250		0	
9	0		0		4075		3305		0	
10	0		0		0		6190		0	

Store Fashion Inventory (S F T):
Store1
1	0		0		1595		1595	
2	0		0		0		500	
3	0		0		0		100	
4	0		0		0		865	
5	0		0		1320		1320	
6	0		0		0		1105	
7	0		0		0		1340	
8	0		0		1320		1320	
9	0		0		0		1080	
10	0		0		0		2020	
Store2
1	0		0		0		370	
2	0		0		0		570	
3	0		0		0		0	
4	0		0		0		385	
5	0		0		0		90	
6	0		0		0		1155	
7	0		0		0		705	
8	0		0		0		1620	
9	0		0		0		895	
10	0		0		0		1070	
Store3
1	0		0		1330		1330	
2	0		0		0		845	
3	0		0		1085		1085	
4	0		0		0		1560	
5	0		0		455		455	
6	0		0		0		315	
7	0		0		1195		1195	
8	0		0		0		0	
9	0		0		770		770	
10	0		0		0		1665	
Store4
1	0		0		0		0	
2	0		0		0		865	
3	0		0		0		430	
4	0		0		0		1315	
5	0		0		0		815	
6	0		0		0		1355	
7	0		0		0		1255	
8	0		0		0		630	
9	0		0		0		660	
10	0		0		0		835	
Store5
1	0		0		0		1605	
2	0		0		0		1840	
3	0		0		1535		1535	
4	0		0		0		1035	
5	0		0		0		180	
6	0		0		0		1015	
7	0		0		1515		1515	
8	0		0		810		810	
9	0		0		0		670	
10	0		0		0		600	


Fashion Shipments from Vendor to Warehouse (V T):
0	0	0.8689867	0.7320566	

Printing New Basic Solution:

Inbound Solution (V P T):
1	1	1	2054
1	1	2	2054
1	2	1	1996
1	2	2	2996
1	3	1	2299
1	3	2	2300
1	4	1	1896
1	4	2	2844
1	5	1	3549
1	5	2	1522
1	6	1	2563
1	6	2	2564
1	7	1	2488
1	7	2	2488
1	8	1	1563
1	8	2	3649
1	9	1	2783
1	9	2	1856
1	10	1	1637
1	10	2	3822


Outbound Solution(S P T):
1	1	4	982
1	2	4	997
1	3	4	1056
1	4	4	827
1	5	4	1102
1	6	4	1055
1	7	4	996
1	8	4	1018
1	9	4	1144
1	10	4	1367
2	1	1	827
2	2	1	807
2	3	1	980
2	4	1	747
2	5	1	1051
2	6	1	1328
2	7	1	1016
2	8	1	945
2	9	1	705
2	10	1	1124
3	1	4	664
3	2	4	1068
3	3	4	877
3	4	4	1347
3	5	4	959
3	6	4	919
3	7	4	854
3	8	4	850
3	9	4	986
3	10	4	992
4	1	2	871
4	2	2	1105
4	3	2	734
4	4	2	833
4	5	2	1079
4	6	2	963
4	7	2	1033
4	8	2	1253
4	9	2	1084
4	10	2	1043
5	1	1	764
5	2	1	1015
5	3	1	952
5	4	1	986
5	5	1	880
5	6	1	862
5	7	1	1077
5	8	1	1146
5	9	1	720
5	10	1	933


Warehouse Inventory (W P T):
1	0		463		1646		1646		0		0	
2	0		174		2065		2065		0		0	
3	0		367		1933		1933		0		0	
4	0		163		2174		2174		0		0	
5	0		1618		2061		2061		0		0	
6	0		373		1974		1974		0		0	
7	0		395		1850		1850		0		0	
8	528		0		2396		2396		528		528	
9	0		1358		2130		2130		0		0	
10	420		0		2779		2779		420		420	

Store Inventory (S P T):
Store1
1	477		402		169		0		690		477	
2	508		349		121		0		756		508	
3	822		600		308		0		917		822	
4	491		345		106		0		656		491	
5	638		410		207		0		950		638	
6	561		333		126		0		920		561	
7	595		450		122		0		996		595	
8	601		423		265		0		737		601	
9	624		440		170		0		874		624	
10	819		447		249		0		1077		819	
Store2
1	0		622		523		389		244		0	
2	0		590		428		365		190		0	
3	0		890		724		462		251		0	
4	0		729		666		461		169		0	
5	0		746		473		433		236		0	
6	0		1100		917		590		271		0	
7	0		785		676		393		270		0	
8	0		763		553		426		298		0	
9	0		511		388		121		57		0	
10	0		794		617		480		274		0	
Store3
1	364		195		54		0		464		364	
2	602		333		192		0		841		602	
3	526		367		83		0		675		526	
4	839		580		305		0		1078		839	
5	591		322		35		0		793		591	
6	602		372		250		0		692		602	
7	468		276		47		0		670		468	
8	573		473		230		0		755		573	
9	522		294		97		0		775		522	
10	740		499		300		0		860		740	
Store4
1	90		0		542		467		319		90	
2	244		0		887		670		390		244	
3	145		0		611		402		254		145	
4	129		0		628		419		313		129	
5	216		0		751		532		420		216	
6	350		0		794		725		598		350	
7	288		0		917		694		474		288	
8	232		0		968		766		530		232	
9	239		0		1006		754		445		239	
10	189		0		914		665		378		189	
Store5
1	0		553		342		208		195		0	
2	0		719		587		399		258		0	
3	0		619		448		331		174		0	
4	0		789		688		472		241		0	
5	0		801		676		542		303		0	
6	0		685		561		454		205		0	
7	0		739		607		407		209		0	
8	0		911		729		463		174		0	
9	0		669		410		255		175		0	
10	0		674		571		338		234		0	


Shipments from Vendor to Warehouse (V T):
0.8687193	0.911032	0	0	0	

Shipments from Warehouse to Stores (S T):
1	4	0.4909727
1	5	0.29282
2	1	0.3522494
2	5	0.26518
3	4	0.5016173
3	5	0.1468433
4	2	0.3640467
4	5	0.27624
5	1	0.3326187
5	4	0.16784
5	5	0.1903667


Required Putaway workers (Sol T):
1	1	1	1	0	

No of required pickers (T):
5	3	0	9	9	

No of part-time putaway workers (T):
0	0	0	0	0	

No of part-time pickers (T):
0	0	0	3	3	

Best Putaway Technology: 3600
Best Picking Technology: 500

Required Fashion Putaway Hours:
0	0	7.048611	5.809722	0	

Required Basic Putaway Hours:
6.341111	7.248611	0	0	0	

Required Total Putaway Hours:
6.341111	7.248611	7.048611	5.809722	0	

No of required fashion pick hours:
0	0	0	25.86	66.72	

No of required basic pick hours:
37.73	19.996	0	40.12	0	

No of required total pick hours:
37.73	19.996	0	65.98	66.72	

List of all the costs: 
MHECost		435
PutawayTechCost		4795
PickingTechCost		3195
WhBasicInvCost		488.2299
BasicInbCost		2456.283
WhFashionInvCost		587.35
FashionInbCost		5335.349
PutawayCost		1600
StoreBasicInvCost		4926.5
StoreFashionInvCost		2961
OutboundCost		13093.34
PickingCost		11040
Total		50913.05

List of Top5 Technologies: 
Tech1		3	5	$ 51635.35
Tech2		4	5	$ 52039.52
Tech3		1	5	$ 57637.76
Tech4		1	3	$ 68001.09
Tech5		1	1	$ 99591.48
The start time is 12/19/2014 2:23:25 PM
The End time is 12/19/2014 2:23:35 PM
