Printing New Fashion Solution:

Inbound Fashion Solution (V F T):
1	1	4	4900
1	2	4	4620
1	3	2	3150
1	4	2	5160
1	5	4	2860
1	6	4	4945
1	7	4	6010
1	8	4	4380
1	9	2	4075
1	10	2	6190


Outbound Fashion Solution(S F T):
1	1	5	1595
1	2	5	500
1	3	5	100
1	4	5	865
1	5	5	1320
1	6	5	1105
1	7	5	1340
1	8	5	1320
1	9	5	1080
1	10	5	2020
2	1	5	370
2	2	5	570
2	4	5	385
2	5	5	90
2	6	5	1155
2	7	5	705
2	8	5	1620
2	9	5	895
2	10	5	1070
3	1	5	1330
3	2	5	845
3	3	5	1085
3	4	5	1560
3	5	5	455
3	6	5	315
3	7	5	1195
3	9	5	770
3	10	5	1665
4	2	5	865
4	3	5	430
4	4	5	1315
4	5	5	815
4	6	5	1355
4	7	5	1255
4	8	5	630
4	9	5	660
4	10	5	835
5	1	5	1605
5	2	5	1840
5	3	5	1535
5	4	5	1035
5	5	5	180
5	6	5	1015
5	7	5	1515
5	8	5	810
5	9	5	670
5	10	5	600


Warehouse Fashion Inventory (W F T):
1	0		0		0		4900		0	
2	0		0		0		4620		0	
3	0		3150		3150		3150		0	
4	0		5160		5160		5160		0	
5	0		0		0		2860		0	
6	0		0		0		4945		0	
7	0		0		0		6010		0	
8	0		0		0		4380		0	
9	0		4075		4075		4075		0	
10	0		6190		6190		6190		0	

Store Fashion Inventory (S F T):
Store1
1	0		0		0		1595	
2	0		0		0		500	
3	0		0		0		100	
4	0		0		0		865	
5	0		0		0		1320	
6	0		0		0		1105	
7	0		0		0		1340	
8	0		0		0		1320	
9	0		0		0		1080	
10	0		0		0		2020	
Store2
1	0		0		0		370	
2	0		0		0		570	
3	0		0		0		0	
4	0		0		0		385	
5	0		0		0		90	
6	0		0		0		1155	
7	0		0		0		705	
8	0		0		0		1620	
9	0		0		0		895	
10	0		0		0		1070	
Store3
1	0		0		0		1330	
2	0		0		0		845	
3	0		0		0		1085	
4	0		0		0		1560	
5	0		0		0		455	
6	0		0		0		315	
7	0		0		0		1195	
8	0		0		0		0	
9	0		0		0		770	
10	0		0		0		1665	
Store4
1	0		0		0		0	
2	0		0		0		865	
3	0		0		0		430	
4	0		0		0		1315	
5	0		0		0		815	
6	0		0		0		1355	
7	0		0		0		1255	
8	0		0		0		630	
9	0		0		0		660	
10	0		0		0		835	
Store5
1	0		0		0		1605	
2	0		0		0		1840	
3	0		0		0		1535	
4	0		0		0		1035	
5	0		0		0		180	
6	0		0		0		1015	
7	0		0		0		1515	
8	0		0		0		810	
9	0		0		0		670	
10	0		0		0		600	


Fashion Shipments from Vendor to Warehouse (V T):
0	0.61458	0	0.9864634	

Printing New Basic Solution:

Inbound Solution (V P T):
1	1	1	2875
1	1	3	1233
1	2	1	1996
1	2	3	2996
1	3	1	2759
1	3	3	1840
1	4	1	1896
1	4	3	2844
1	5	1	2028
1	5	3	3043
1	6	1	3076
1	6	3	2051
1	7	1	2488
1	7	3	2488
1	8	1	1563
1	8	3	3649
1	9	1	4639
1	10	1	2729
1	10	3	2730


Outbound Solution(S P T):
1	1	1	982
1	2	1	997
1	3	1	1056
1	4	1	827
1	5	1	1102
1	6	1	1055
1	7	1	996
1	8	1	1018
1	9	1	1144
1	10	1	1367
2	1	3	827
2	2	3	807
2	3	3	980
2	4	3	747
2	5	3	1051
2	6	3	1328
2	7	3	1016
2	8	3	945
2	9	3	705
2	10	3	1124
3	1	1	664
3	2	1	1068
3	3	1	877
3	4	1	1347
3	5	1	959
3	6	1	919
3	7	1	854
3	8	1	850
3	9	1	986
3	10	1	992
4	1	3	871
4	2	3	1105
4	3	3	734
4	4	3	833
4	5	3	1079
4	6	3	963
4	7	3	1033
4	8	3	1253
4	9	3	1084
4	10	3	1043
5	1	3	764
5	2	3	1015
5	3	3	952
5	4	3	986
5	5	3	880
5	6	3	862
5	7	3	1077
5	8	3	1146
5	9	3	720
5	10	3	933


Warehouse Inventory (W P T):
1	0		1229		1229		0		0		0	
2	69		0		0		69		69		69	
3	0		826		826		0		0		0	
4	278		0		0		278		278		278	
5	33		0		0		33		33		33	
6	0		1102		1102		0		0		0	
7	0		638		638		0		0		0	
8	305		0		0		305		305		305	
9	0		2509		2509		0		0		0	
10	0		370		370		0		0		0	

Store Inventory (S P T):
Store1
1	0		907		674		505		213		0	
2	0		838		610		489		248		0	
3	0		834		542		234		95		0	
4	0		681		442		336		165		0	
5	0		874		671		464		312		0	
6	0		827		620		494		359		0	
7	0		851		523		401		401		0	
8	0		840		682		417		136		0	
9	0		960		690		520		250		0	
10	0		995		797		548		258		0	
Store2
1	304		99		0		693		548		304	
2	379		162		0		744		569		379	
3	256		166		0		718		507		256	
4	81		63		0		542		250		81	
5	578		273		0		1011		814		578	
6	411		183		0		1001		682		411	
7	340		109		0		733		610		340	
8	392		210		0		818		690		392	
9	317		123		0		438		374		317	
10	507		177		0		987		781		507	
Store3
1	0		495		354		300		100		0	
2	0		799		658		466		239		0	
3	0		718		434		351		149		0	
4	0		1088		813		508		239		0	
5	0		690		403		368		202		0	
6	0		689		567		317		90		0	
7	0		662		433		386		202		0	
8	0		750		507		277		182		0	
9	0		758		561		464		253		0	
10	0		751		552		252		120		0	
Store4
1	419		329		0		796		648		419	
2	462		218		0		888		608		462	
3	268		123		0		525		377		268	
4	334		205		0		624		518		334	
5	544		328		0		860		748		544	
6	519		169		0		894		767		519	
7	404		116		0		810		590		404	
8	517		285		0		1051		815		517	
9	317		78		0		832		523		317	
10	318		129		0		794		507		318	
Store5
1	422		211		0		630		617		422	
2	428		132		0		827		686		428	
3	504		171		0		835		678		504	
4	298		101		0		770		539		298	
5	204		125		0		746		507		204	
6	301		124		0		755		506		301	
7	470		132		0		877		679		470	
8	417		182		0		880		591		417	
9	310		259		0		565		485		310	
10	362		103		0		700		596		362	


Shipments from Vendor to Warehouse (V T):
0.9746506	0	0.8051007	0	0	

Shipments from Warehouse to Stores (S T):
1	1	0.387426
1	5	0.3963667
2	3	0.3522494
2	5	0.26518
3	1	0.3434106
3	5	0.30505
4	3	0.3640467
4	5	0.27624
5	3	0.3326187
5	5	0.3582066


Required Putaway workers (Sol T):
3	2	3	3	0	

No of required pickers (T):
3	0	4	0	6	

No of part-time putaway workers (T):
1	0	1	1	0	

No of part-time pickers (T):
0	0	0	0	2	

Best Putaway Technology: 1200
Best Picking Technology: 1000

Required Fashion Putaway Hours:
0	15.47917	0	23.09583	0	

Required Basic Putaway Hours:
21.7075	0	19.06167	0	0	

Required Total Putaway Hours:
21.7075	15.47917	19.06167	23.09583	0	

No of required fashion pick hours:
0	0	0	0	46.29	

No of required basic pick hours:
20.06	0	28.863	0	0	

No of required total pick hours:
20.06	0	28.863	0	46.29	

List of all the costs: 
MHECost		351
PutawayTechCost		1060
PickingTechCost		9130
WhBasicInvCost		154.03
BasicInbCost		2456.283
WhFashionInvCost		834.4
FashionInbCost		5335.349
PutawayCost		3920
StoreBasicInvCost		4873.6
StoreFashionInvCost		2314.5
OutboundCost		12625.32
PickingCost		6880
Total		49934.48

List of Top5 Technologies: 
Tech1		2	6	$ 49934.48
Tech2		2	5	$ 51552.94
Tech3		3	5	$ 57749.99
Tech4		3	1	$ 90716.52
Tech5		1	1	$ 132603
The start time is 12/19/2014 2:23:25 PM
The End time is 12/19/2014 2:23:33 PM
