Printing New Fashion Solution:

Inbound Fashion Solution (V F T):
1	1	3	4900
1	2	3	4620
1	3	3	3150
1	4	3	5160
1	5	3	2860
1	6	3	4945
1	7	3	6010
1	8	3	4380
1	9	3	4075
1	10	3	6190


Outbound Fashion Solution(S F T):
1	1	4	1595
1	2	5	500
1	3	5	100
1	4	4	865
1	5	5	1320
1	6	4	1105
1	7	4	1340
1	8	5	1320
1	9	4	1080
1	10	4	2020
2	1	5	370
2	2	5	570
2	4	5	385
2	5	5	90
2	6	5	1155
2	7	5	705
2	8	5	1620
2	9	5	895
2	10	5	1070
3	1	4	1330
3	2	5	845
3	3	5	1085
3	4	4	1560
3	5	4	455
3	6	5	315
3	7	5	1195
3	9	5	770
3	10	4	1665
4	2	4	865
4	3	4	430
4	4	4	1315
4	5	5	815
4	6	4	1355
4	7	4	1255
4	8	5	630
4	9	5	660
4	10	5	835
5	1	5	1605
5	2	4	1840
5	3	5	1535
5	4	5	1035
5	5	5	180
5	6	5	1015
5	7	5	1515
5	8	5	810
5	9	4	670
5	10	4	600


Warehouse Fashion Inventory (W F T):
1	0		0		4900		1975		0	
2	0		0		4620		1915		0	
3	0		0		3150		2720		0	
4	0		0		5160		1420		0	
5	0		0		2860		2405		0	
6	0		0		4945		2485		0	
7	0		0		6010		3415		0	
8	0		0		4380		4380		0	
9	0		0		4075		2325		0	
10	0		0		6190		1905		0	

Store Fashion Inventory (S F T):
Store1
1	0		0		1595		1595	
2	0		0		0		500	
3	0		0		0		100	
4	0		0		865		865	
5	0		0		0		1320	
6	0		0		1105		1105	
7	0		0		1340		1340	
8	0		0		0		1320	
9	0		0		1080		1080	
10	0		0		2020		2020	
Store2
1	0		0		0		370	
2	0		0		0		570	
3	0		0		0		0	
4	0		0		0		385	
5	0		0		0		90	
6	0		0		0		1155	
7	0		0		0		705	
8	0		0		0		1620	
9	0		0		0		895	
10	0		0		0		1070	
Store3
1	0		0		1330		1330	
2	0		0		0		845	
3	0		0		0		1085	
4	0		0		1560		1560	
5	0		0		455		455	
6	0		0		0		315	
7	0		0		0		1195	
8	0		0		0		0	
9	0		0		0		770	
10	0		0		1665		1665	
Store4
1	0		0		0		0	
2	0		0		865		865	
3	0		0		430		430	
4	0		0		1315		1315	
5	0		0		0		815	
6	0		0		1355		1355	
7	0		0		1255		1255	
8	0		0		0		630	
9	0		0		0		660	
10	0		0		0		835	
Store5
1	0		0		0		1605	
2	0		0		1840		1840	
3	0		0		0		1535	
4	0		0		0		1035	
5	0		0		0		180	
6	0		0		0		1015	
7	0		0		0		1515	
8	0		0		0		810	
9	0		0		670		670	
10	0		0		600		600	


Fashion Shipments from Vendor to Warehouse (V T):
0	0	1.601043	0	

Printing New Basic Solution:

Inbound Solution (V P T):
1	1	1	2464
1	1	4	1644
1	2	1	3494
1	2	4	1498
1	3	1	2759
1	3	4	1840
1	4	1	4266
1	4	4	474
1	5	1	1014
1	5	4	4057
1	6	1	3076
1	6	4	2051
1	7	1	4976
1	8	1	2606
1	8	4	2606
1	9	4	4639
1	10	1	3821
1	10	4	1638


Outbound Solution(S P T):
1	1	5	982
1	2	5	997
1	3	5	1056
1	4	5	827
1	5	5	1102
1	6	5	1055
1	7	5	996
1	8	5	1018
1	9	5	1144
1	10	5	1367
2	1	2	827
2	2	2	807
2	3	2	980
2	4	2	747
2	5	2	1051
2	6	2	1328
2	7	2	1016
2	8	2	945
2	9	2	705
2	10	2	1124
3	1	4	664
3	2	4	1068
3	3	4	877
3	4	4	1347
3	5	4	959
3	6	4	919
3	7	4	854
3	8	4	850
3	9	4	986
3	10	4	992
4	1	1	871
4	2	1	1105
4	3	1	734
4	4	1	833
4	5	1	1079
4	6	1	963
4	7	1	1033
4	8	1	1253
4	9	1	1084
4	10	1	1043
5	1	1	764
5	2	1	1015
5	3	1	952
5	4	1	986
5	5	1	880
5	6	1	862
5	7	1	1077
5	8	1	1146
5	9	1	720
5	10	1	933


Warehouse Inventory (W P T):
1	0		829		2		2		982		0	
2	0		1374		567		567		997		0	
3	0		1073		93		93		1056		0	
4	0		2447		1700		1700		827		0	
5	1996		1051		0		0		3098		1996	
6	77		1328		0		0		1132		77	
7	0		2866		1850		1850		996		0	
8	738		945		0		0		1756		738	
9	2509		705		0		0		3653		2509	
10	0		1845		721		721		1367		0	

Store Inventory (S P T):
Store1
1	769		694		461		292		0		769	
2	749		590		362		241		0		749	
3	961		739		447		139		0		961	
4	662		516		277		171		0		662	
5	790		562		359		152		0		790	
6	696		468		261		135		0		696	
7	595		450		122		0		0		595	
8	882		704		546		281		0		882	
9	894		710		440		270		0		894	
10	1109		737		539		290		0		1109	
Store2
1	205		0		728		594		449		205	
2	217		0		645		582		407		217	
3	90		0		814		552		341		90	
4	18		0		684		479		187		18	
5	305		0		778		738		541		305	
6	228		0		1145		818		499		228	
7	231		0		907		624		501		231	
8	182		0		735		608		480		182	
9	194		0		582		315		251		194	
10	330		0		947		810		604		330	
Store3
1	364		195		54		0		464		364	
2	602		333		192		0		841		602	
3	526		367		83		0		675		526	
4	839		580		305		0		1078		839	
5	591		322		35		0		793		591	
6	602		372		250		0		692		602	
7	468		276		47		0		670		468	
8	573		473		230		0		755		573	
9	522		294		97		0		775		522	
10	740		499		300		0		860		740	
Store4
1	0		781		452		377		229		0	
2	0		861		643		426		146		0	
3	0		589		466		257		109		0	
4	0		704		499		290		184		0	
5	0		863		535		316		204		0	
6	0		613		444		375		248		0	
7	0		745		629		406		186		0	
8	0		1021		736		534		298		0	
9	0		845		767		515		206		0	
10	0		854		725		476		189		0	
Store5
1	0		553		342		208		195		0	
2	0		719		587		399		258		0	
3	0		619		448		331		174		0	
4	0		789		688		472		241		0	
5	0		801		676		542		303		0	
6	0		685		561		454		205		0	
7	0		739		607		407		209		0	
8	0		911		729		463		174		0	
9	0		669		410		255		175		0	
10	0		674		571		338		234		0	


Shipments from Vendor to Warehouse (V T):
0.9819627	0	0	0.7977887	0	

Shipments from Warehouse to Stores (S T):
1	4	0.3093133
1	5	0.4744793
2	2	0.3522494
2	5	0.26518
3	4	0.4880807
3	5	0.16038
4	1	0.3640467
4	4	0.17345
4	5	0.10279
5	1	0.3326187
5	4	0.1062133
5	5	0.2519933


Required Putaway workers (Sol T):
2	0	3	2	0	

No of required pickers (T):
5	3	0	8	9	

No of part-time putaway workers (T):
0	0	1	0	0	

No of part-time pickers (T):
0	0	0	2	3	

Best Putaway Technology: 2400
Best Picking Technology: 500

Required Fashion Putaway Hours:
0	0	19.2875	0	0	

Required Basic Putaway Hours:
11.865	0	0	8.519584	0	

Required Total Putaway Hours:
11.865	0	19.2875	8.519584	0	

No of required fashion pick hours:
0	0	0	42.69	49.89	

No of required basic pick hours:
38.666	19.06	0	19.032	21.088	

No of required total pick hours:
38.666	19.06	0	61.722	70.978	

List of all the costs: 
MHECost		407
PutawayTechCost		3540
PickingTechCost		3195
WhBasicInvCost		455.13
BasicInbCost		2456.283
WhFashionInvCost		712.35
FashionInbCost		5335.349
PutawayCost		3440
StoreBasicInvCost		4884.95
StoreFashionInvCost		3381.75
OutboundCost		13720.4
PickingCost		10800
Total		52328.21

List of Top5 Technologies: 
Tech1		3	5	$ 52328.21
Tech2		3	2	$ 78457.66
Tech3		3	1	$ 104638.5
Tech4		1	1	$ 107665.6
Tech5		None	None	$ -
The start time is 12/19/2014 2:23:25 PM
The End time is 12/19/2014 2:23:32 PM
