Results from Tech10
Putaway Technology: 1200.0
Picking Technology: 500.0

Full-Time Putaway workers: 2.0
Full-Time Picking workers: 4.0

Cost Breakdown:
	MHECost              $324.00
	PutawayTechCost      $1,060.00
	PickingTechCost      $3,195.00
	WhBasicInvCost       $502.00
	BasicInbCost         $3,533.90
	WhFashionInvCost     $1,141.10
	FashionInbCost       $4,091.62
	PutawayCost          $3,680.00
	StoreBasicInvCost    $2,886.00
	StoreFashionInvCost  $5,582.50
	OutboundCost         $9,030.24
	PickingCost          $8,080.00
	Total                $43,106.37


Printing New Fashion Solution:

Inbound Fashion Solution
1 	1 	1 	5125
1 	10 	1 	3435
1 	2 	2 	5510
1 	3 	1 	5335
1 	4 	1 	4625
1 	5 	2 	5540
1 	6 	2 	4405
1 	7 	2 	5535
1 	8 	2 	6500
1 	9 	1 	4640

Outbound Solution
1 	1 	2 	1325
1 	10 	2 	980
1 	2 	5 	1275
1 	3 	2 	305
1 	4 	2 	655
1 	5 	5 	760
1 	6 	5 	795
1 	7 	5 	1885
1 	8 	5 	1615
1 	9 	2 	1225
2 	1 	4 	190
2 	10 	4 	460
2 	2 	4 	685
2 	3 	4 	1290
2 	4 	4 	985
2 	5 	4 	645
2 	6 	4 	555
2 	7 	4 	1070
2 	8 	4 	1185
2 	9 	4 	890
3 	1 	5 	1265
3 	10 	5 	1435
3 	2 	5 	1455
3 	3 	5 	915
3 	4 	5 	1340
3 	5 	5 	1310
3 	6 	5 	1210
3 	7 	5 	855
3 	8 	5 	1445
3 	9 	5 	675
4 	1 	3 	715
4 	10 	3 	280
4 	2 	3 	1010
4 	3 	3 	1430
4 	4 	3 	370
4 	5 	3 	1235
4 	6 	3 	550
4 	7 	3 	1425
4 	8 	3 	1385
4 	9 	3 	1095
5 	1 	2 	1630
5 	10 	4 	280
5 	2 	4 	1085
5 	3 	2 	1395
5 	4 	2 	1275
5 	5 	4 	1590
5 	6 	4 	1295
5 	7 	4 	300
5 	8 	4 	870
5 	9 	2 	755

Store Inventory
Store1
1 0          1325       1325       1325       1325      
1 0          980        980        980        980       
1 0          0          0          0          1275      
1 0          305        305        305        305       
1 0          655        655        655        655       
1 0          0          0          0          760       
1 0          0          0          0          795       
1 0          0          0          0          1885      
1 0          0          0          0          1615      
1 0          1225       1225       1225       1225      
Store2
1 0          0          0          190        190       
1 0          0          0          460        460       
1 0          0          0          685        685       
1 0          0          0          1290       1290      
1 0          0          0          985        985       
1 0          0          0          645        645       
1 0          0          0          555        555       
1 0          0          0          1070       1070      
1 0          0          0          1185       1185      
1 0          0          0          890        890       
Store3
1 0          0          0          0          1265      
1 0          0          0          0          1435      
1 0          0          0          0          1455      
1 0          0          0          0          915       
1 0          0          0          0          1340      
1 0          0          0          0          1310      
1 0          0          0          0          1210      
1 0          0          0          0          855       
1 0          0          0          0          1445      
1 0          0          0          0          675       
Store4
1 0          0          715        715        715       
1 0          0          280        280        280       
1 0          0          1010       1010       1010      
1 0          0          1430       1430       1430      
1 0          0          370        370        370       
1 0          0          1235       1235       1235      
1 0          0          550        550        550       
1 0          0          1425       1425       1425      
1 0          0          1385       1385       1385      
1 0          0          1095       1095       1095      
Store5
1 0          1630       1630       1630       1630      
1 0          0          0          280        280       
1 0          0          0          1085       1085      
1 0          1395       1395       1395       1395      
1 0          1275       1275       1275       1275      
1 0          0          0          1590       1590      
1 0          0          0          1295       1295      
1 0          0          0          300        300       
1 0          0          0          870        870       
1 0          755        755        755        755       

Shipments from (Basic) Vendor to Warehouse
1          1          0          0          0         

Printing New Basic Solution:


Inbound Solution
1 	1 	1 	0
1 	1 	2 	0
1 	1 	3 	987
1 	1 	4 	1154
1 	1 	5 	3567
1 	10 	1 	0
1 	10 	2 	0
1 	10 	3 	1181
1 	10 	4 	4670
1 	10 	5 	0
1 	2 	1 	0
1 	2 	2 	0
1 	2 	3 	1246
1 	2 	4 	966
1 	2 	5 	3086
1 	3 	1 	0
1 	3 	2 	0
1 	3 	3 	983
1 	3 	4 	604
1 	3 	5 	2986
1 	4 	1 	0
1 	4 	2 	0
1 	4 	3 	4122
1 	4 	4 	783
1 	4 	5 	0
1 	5 	1 	0
1 	5 	2 	0
1 	5 	3 	1119
1 	5 	4 	1137
1 	5 	5 	3240
1 	6 	1 	0
1 	6 	2 	0
1 	6 	3 	1078
1 	6 	4 	1027
1 	6 	5 	2667
1 	7 	1 	0
1 	7 	2 	0
1 	7 	3 	1057
1 	7 	4 	3270
1 	7 	5 	1297
1 	8 	1 	0
1 	8 	2 	0
1 	8 	3 	1245
1 	8 	4 	1423
1 	8 	5 	2357
1 	9 	1 	0
1 	9 	2 	0
1 	9 	3 	1204
1 	9 	4 	4166
1 	9 	5 	0

Outbound Solution
Store1
1 0          479        0          0          432       
10 0          754        0          0          365       
2 0          602        0          0          363       
3 0          447        0          0          294       
4 0          543        0          0          400       
5 0          642        0          0          324       
6 0          570        0          0          468       
7 0          556        0          0          422       
8 0          380        0          0          186       
9 0          650        0          0          298       
Store2
1 747        0          0          533        0         
10 657        0          0          306        0         
2 702        0          0          456        0         
3 447        0          0          173        0         
4 361        0          0          367        0         
5 730        0          0          382        0         
6 552        0          0          339        0         
7 743        0          0          569        0         
8 605        0          0          528        0         
9 786        0          0          476        0         
Store3
1 1104       0          0          0          186       
10 1135       0          0          0          236       
2 970        0          0          0          94        
3 974        0          0          0          296       
4 585        0          0          0          220       
5 845        0          0          0          294       
6 640        0          0          0          279       
7 837        0          0          0          347       
8 723        0          0          0          139       
9 686        0          0          0          122       
Store4
1 0          0          987        0          0         
10 0          0          1181       0          0         
2 0          0          1246       0          0         
3 0          0          983        0          0         
4 0          0          1039       0          0         
5 0          0          1119       0          0         
6 0          0          1078       0          0         
7 0          0          1057       0          0         
8 0          0          1245       0          0         
9 0          0          1204       0          0         
Store5
1 0          619        0          621        0         
10 0          650        0          567        0         
2 0          355        0          510        0         
3 0          528        0          431        0         
4 0          545        0          845        0         
5 0          405        0          755        0         
6 0          158        0          688        0         
7 0          574        0          519        0         
8 0          324        0          895        0         
9 0          517        0          631        0         

Warehouse Inventory
1 1098       0          0          0          2949      
10 1404       0          0          3797       3196      
2 957        0          0          0          2629      
3 975        0          0          0          2396      
4 1088       0          3083       2654       2034      
5 1047       0          0          0          2622      
6 728        0          0          0          1920      
7 1130       0          0          2182       2710      
8 704        0          0          0          2032      
9 1167       0          0          3059       2639      

Store Inventory
Store1
1 0          334        116        0          294       
10 0          488        347        0          208       
2 0          410        189        0          163       
3 0          319        4          0          42        
4 0          239        121        0          151       
5 0          429        257        0          124       
6 0          422        168        16         241       
7 0          370        170        0          214       
8 0          235        190        0          186       
9 0          376        55         0          55        
Store2
1 628        246        0          361        0         
10 526        246        0          182        0         
2 449        262        0          218        0         
3 269        185        0          134        0         
4 276        78         0          149        0         
5 364        185        0          170        0         
6 235        216        0          231        0         
7 593        321        0          242        0         
8 367        188        0          134        0         
9 445        142        0          234        0         
Store3
1 969        645        398        0          0         
10 781        403        170        0          0         
2 730        512        174        0          0         
3 726        501        292        0          0         
4 542        371        182        0          0         
5 725        490        275        0          0         
6 489        274        100        0          0         
7 604        414        149        0          0         
8 424        286        165        0          0         
9 520        387        154        0          0         
Store4
1 135        0          738        621        350       
10 305        0          918        721        604       
2 195        0          939        537        444       
3 107        0          846        574        300       
4 71         0          853        467        303       
5 271        0          788        683        548       
6 222        0          919        679        540       
7 311        0          843        661        498       
8 280        0          1014       757        466       
9 185        0          854        474        337       
Store5
1 0          356        0          410        164       
10 0          286        0          382        238       
2 0          180        0          413        201       
3 0          249        0          214        70        
4 0          282        0          642        334       
5 0          196        0          328        236       
6 0          24         0          459        270       
7 0          321        0          327        110       
8 0          112        0          516        302       
9 0          242        0          326        111       

Shipments from (Basic) Vendor to Warehouse
0          0          1          1          1         

Shipments from (Fashion) Vendor to Warehouse
1          1          0          0          0         

Shipments from Warehouse to Stores
1 0          1          0          0          1         
2 1          0          0          1          0         
3 1          0          0          0          1         
4 0          0          1          0          0         
5 0          1          0          1          0         

No of part-time putaway workers:
1          1          0          0          0         

No of part-time picking workers:
0          1          2          2          2         
