Printing New Fashion Solution:

Inbound Fashion Solution (V F T):
1	1	1	4580
1	2	1	5735
1	3	3	5485
1	4	3	3810
1	5	3	4620
1	6	3	3265
1	7	3	3330
1	8	3	4890
1	9	4	5510
1	10	4	4385


Outbound Fashion Solution(S F T):
1	1	4	1085
1	2	2	545
1	3	4	1270
1	4	5	860
1	5	5	1020
1	6	4	710
1	7	4	1200
1	8	4	1085
1	9	5	1085
1	10	5	1215
2	1	3	485
2	2	3	1205
2	3	4	1335
2	4	4	590
2	5	5	1045
2	6	4	555
2	7	4	190
2	8	4	1210
2	9	5	680
2	10	5	620
3	1	3	630
3	2	3	590
3	3	5	1170
3	4	4	905
3	5	4	470
3	6	5	625
3	7	4	455
3	8	4	1065
3	9	5	825
3	10	5	1170
4	1	4	1520
4	2	4	2080
4	3	4	175
4	4	5	840
4	5	4	920
4	6	5	1130
4	7	5	700
4	8	5	635
4	9	5	1380
4	10	5	810
5	1	4	860
5	2	4	1315
5	3	5	1535
5	4	5	615
5	5	4	1165
5	6	4	245
5	7	5	785
5	8	5	895
5	9	5	1540
5	10	5	570


Warehouse Fashion Inventory (W F T):
1	4580		4580		3465		0		0	
2	5735		5190		3395		0		0	
3	0		0		5485		2705		0	
4	0		0		3810		2315		0	
5	0		0		4620		2065		0	
6	0		0		3265		1755		0	
7	0		0		3330		1485		0	
8	0		0		4890		1530		0	
9	0		0		0		5510		0	
10	0		0		0		4385		0	

Store Fashion Inventory (S F T):
Store1
1	0		0		1085		1085	
2	545		545		545		545	
3	0		0		1270		1270	
4	0		0		0		860	
5	0		0		0		1020	
6	0		0		710		710	
7	0		0		1200		1200	
8	0		0		1085		1085	
9	0		0		0		1085	
10	0		0		0		1215	
Store2
1	0		485		485		485	
2	0		1205		1205		1205	
3	0		0		1335		1335	
4	0		0		590		590	
5	0		0		0		1045	
6	0		0		555		555	
7	0		0		190		190	
8	0		0		1210		1210	
9	0		0		0		680	
10	0		0		0		620	
Store3
1	0		630		630		630	
2	0		590		590		590	
3	0		0		0		1170	
4	0		0		905		905	
5	0		0		470		470	
6	0		0		0		625	
7	0		0		455		455	
8	0		0		1065		1065	
9	0		0		0		825	
10	0		0		0		1170	
Store4
1	0		0		1520		1520	
2	0		0		2080		2080	
3	0		0		175		175	
4	0		0		0		840	
5	0		0		920		920	
6	0		0		0		1130	
7	0		0		0		700	
8	0		0		0		635	
9	0		0		0		1380	
10	0		0		0		810	
Store5
1	0		0		860		860	
2	0		0		1315		1315	
3	0		0		0		1535	
4	0		0		0		615	
5	0		0		1165		1165	
6	0		0		245		245	
7	0		0		0		785	
8	0		0		0		895	
9	0		0		0		1540	
10	0		0		0		570	


Fashion Shipments from Vendor to Warehouse (V T):
0.6739134	0	1.056723	0.43734	

Printing New Basic Solution:

Inbound Solution (V P T):
1	1	1	1190
1	1	2	2779
1	1	5	993
1	2	1	826
1	2	2	1930
1	2	5	1768
1	3	1	2381
1	3	2	1588
1	3	5	890
1	4	1	1616
1	4	2	404
1	4	5	2893
1	5	1	2116
1	5	2	907
1	5	5	1484
1	6	1	799
1	6	2	3199
1	6	5	969
1	7	1	1844
1	7	5	3337
1	8	1	1284
1	8	2	2999
1	8	5	1278
1	9	1	4087
1	9	2	455
1	9	5	975
1	10	1	1957
1	10	2	2937
1	10	5	283


Outbound Solution(S P T):
1	1	2	866
1	2	2	662
1	3	2	986
1	4	2	972
1	5	2	891
1	6	2	947
1	7	2	1101
1	8	2	1061
1	9	2	1448
1	10	2	1250
2	1	3	911
2	2	3	817
2	3	3	1215
2	4	3	982
2	5	3	1038
2	6	3	1108
2	7	3	965
2	8	3	1004
2	9	3	929
2	10	3	1196
3	1	3	1097
3	2	3	680
3	3	3	853
3	4	3	1086
3	5	3	700
3	6	3	1130
3	7	3	919
3	8	3	1145
3	9	3	975
3	10	3	839
4	1	1	970
4	1	4	108
4	2	1	801
4	2	4	163
4	3	1	716
4	3	4	242
4	4	1	863
4	4	4	135
4	5	1	569
4	5	4	109
4	6	1	873
4	6	4	214
4	7	1	797
4	7	4	368
4	8	1	1083
4	8	4	295
4	9	1	744
4	9	4	242
4	10	1	744
4	10	4	108
5	1	1	820
5	1	5	190
5	2	1	1049
5	2	5	352
5	3	1	776
5	3	5	71
5	4	1	682
5	4	5	193
5	5	1	978
5	5	5	222
5	6	1	624
5	6	5	71
5	7	1	902
5	7	5	129
5	8	1	744
5	8	5	229
5	9	1	916
5	9	5	263
5	10	1	780
5	10	5	260


Warehouse Inventory (W P T):
1	803		203		2116		108		0		803	
2	1416		392		1660		163		0		1416	
3	819		1708		2310		242		0		819	
4	2700		2771		2203		135		0		2700	
5	1262		1831		1847		109		0		1262	
6	898		200		2452		214		0		898	
7	3208		3353		2252		368		0		3208	
8	1049		506		2444		295		0		1049	
9	712		3139		2146		242		0		712	
10	23		456		2143		108		0		23	

Store Inventory (S P T):
Store1
1	0		0		561		401		114		0	
2	76		0		607		418		248		76	
3	216		0		851		652		573		216	
4	161		0		744		684		514		161	
5	95		0		679		493		304		95	
6	113		0		695		488		288		113	
7	135		0		775		486		257		135	
8	219		0		1004		602		469		219	
9	255		0		1100		800		441		255	
10	260		0		977		799		577		260	
Store2
1	355		70		0		621		490		355	
2	437		260		0		706		590		437	
3	541		215		0		986		769		541	
4	558		281		0		872		723		558	
5	440		298		0		851		581		440	
6	471		203		0		897		699		471	
7	335		263		0		755		450		335	
8	296		180		0		795		593		296	
9	315		147		0		833		573		315	
10	498		364		0		992		716		498	
Store3
1	366		169		0		817		585		366	
2	194		96		0		458		362		194	
3	282		64		0		740		501		282	
4	469		191		0		755		469		469	
5	260		158		0		569		312		260	
6	422		161		0		899		605		422	
7	438		212		0		696		442		438	
8	474		275		0		988		747		474	
9	365		217		0		723		551		365	
10	299		163		0		650		597		299	
Store4
1	0		651		317		195		195		0	
2	0		541		367		122		122		0	
3	0		464		252		157		157		0	
4	0		668		487		278		278		0	
5	0		445		215		195		195		0	
6	0		559		466		288		288		0	
7	0		587		370		75		75		0	
8	0		912		554		279		279		0	
9	0		605		311		179		179		0	
10	0		637		502		344		344		0	
Store5
1	40		647		326		190		0		40	
2	233		988		642		352		0		233	
3	0		634		482		168		97		0	
4	0		555		466		251		58		0	
5	7		769		536		222		0		7	
6	0		413		272		136		65		0	
7	0		613		234		146		17		0	
8	0		603		513		326		97		0	
9	94		703		431		263		0		94	
10	67		489		318		260		0		67	


Shipments from Vendor to Warehouse (V T):
0.7098633	0.7670627	0	0	0.5271927	

Shipments from Warehouse to Stores (S T):
1	2	0.4406013
1	4	0.2513667
1	5	0.1742867
2	3	0.5250713
2	4	0.15409
2	5	0.1114933
3	3	0.448946
3	4	0.11929
3	5	0.14577
4	1	0.3214794
4	4	0.3687327
4	5	0.2012133
5	1	0.3365067
5	4	0.2066833
5	5	0.3665647


Required Putaway workers (Sol T):
3	2	3	2	2	

No of required pickers (T):
5	3	6	6	6	

No of part-time putaway workers (T):
1	0	1	0	0	

No of part-time pickers (T):
1	0	2	2	2	

Best Putaway Technology: 1200
Best Picking Technology: 500

Required Fashion Putaway Hours:
8.595834	0	21.16667	8.245833	0	

Required Basic Putaway Hours:
15.08333	14.33167	0	0	12.39167	

Required Total Putaway Hours:
23.67917	14.33167	21.16667	8.245833	12.39167	

No of required fashion pick hours:
0	1.09	5.82	40.81	43.5	

No of required basic pick hours:
32.862	20.368	39.178	3.968	3.96	

No of required total pick hours:
32.862	21.458	44.998	44.778	47.46	

List of all the costs: 
MHECost		324
PutawayTechCost		1060
PickingTechCost		3195
WhBasicInvCost		510.06
BasicInbCost		3914.099
WhFashionInvCost		740.95
FashionInbCost		6729.136
PutawayCost		3680
StoreBasicInvCost		4287.4
StoreFashionInvCost		3673.5
OutboundCost		16700.64
PickingCost		8080
Total		52894.79

List of Top5 Technologies: 
Tech1		2	5	$ 52894.79
Tech2		2	4	$ 61202.11
Tech3		2	1	$ 87131.51
Tech4		1	1	$ 99585.79
Tech5		None	None	$ -
The start time is 12/17/2014 4:37:28 PM
The End time is 12/17/2014 4:37:33 PM
