Printing New Fashion Solution:

Inbound Fashion Solution (V F T):
1	1	3	4580
1	2	3	5735
1	3	3	5485
1	4	3	3810
1	5	3	4620
1	6	3	3265
1	7	2	3330
1	8	2	4890
1	9	2	5510
1	10	2	4385


Outbound Fashion Solution(S F T):
1	1	5	1085
1	2	4	545
1	3	5	1270
1	4	4	860
1	5	5	1020
1	6	4	710
1	7	4	1200
1	8	4	1085
1	9	4	1085
1	10	4	1215
2	1	4	485
2	2	4	1205
2	3	4	1335
2	4	5	590
2	5	4	1045
2	6	4	555
2	7	4	190
2	8	4	1210
2	9	4	680
2	10	4	620
3	1	4	630
3	2	4	590
3	3	4	1170
3	4	5	905
3	5	5	470
3	6	5	625
3	7	3	455
3	8	4	1065
3	9	4	825
3	10	3	1170
4	1	5	1520
4	2	5	2080
4	3	5	175
4	4	5	840
4	5	4	920
4	6	4	1130
4	7	4	700
4	8	4	635
4	9	4	1380
4	10	4	810
5	1	5	860
5	2	5	1315
5	3	5	1535
5	4	5	615
5	5	5	1165
5	6	5	245
5	7	3	785
5	8	3	895
5	9	3	1540
5	10	3	570


Warehouse Fashion Inventory (W F T):
1	0		0		4580		3465		0	
2	0		0		5735		3395		0	
3	0		0		5485		2980		0	
4	0		0		3810		2950		0	
5	0		0		4620		2655		0	
6	0		0		3265		870		0	
7	0		3330		2090		0		0	
8	0		4890		3995		0		0	
9	0		5510		3970		0		0	
10	0		4385		2645		0		0	

Store Fashion Inventory (S F T):
Store1
1	0		0		0		1085	
2	0		0		545		545	
3	0		0		0		1270	
4	0		0		860		860	
5	0		0		0		1020	
6	0		0		710		710	
7	0		0		1200		1200	
8	0		0		1085		1085	
9	0		0		1085		1085	
10	0		0		1215		1215	
Store2
1	0		0		485		485	
2	0		0		1205		1205	
3	0		0		1335		1335	
4	0		0		0		590	
5	0		0		1045		1045	
6	0		0		555		555	
7	0		0		190		190	
8	0		0		1210		1210	
9	0		0		680		680	
10	0		0		620		620	
Store3
1	0		0		630		630	
2	0		0		590		590	
3	0		0		1170		1170	
4	0		0		0		905	
5	0		0		0		470	
6	0		0		0		625	
7	0		455		455		455	
8	0		0		1065		1065	
9	0		0		825		825	
10	0		1170		1170		1170	
Store4
1	0		0		0		1520	
2	0		0		0		2080	
3	0		0		0		175	
4	0		0		0		840	
5	0		0		920		920	
6	0		0		1130		1130	
7	0		0		700		700	
8	0		0		635		635	
9	0		0		1380		1380	
10	0		0		810		810	
Store5
1	0		0		0		860	
2	0		0		0		1315	
3	0		0		0		1535	
4	0		0		0		615	
5	0		0		0		1165	
6	0		0		0		245	
7	0		785		785		785	
8	0		895		895		895	
9	0		1540		1540		1540	
10	0		570		570		570	


Fashion Shipments from Vendor to Warehouse (V T):
0	0.80818	1.359797	0	

Printing New Basic Solution:

Inbound Solution (V P T):
1	1	5	4962
1	2	1	164
1	2	5	4360
1	3	1	1358
1	3	4	3150
1	3	5	351
1	4	1	2757
1	4	4	862
1	4	5	1294
1	5	1	3260
1	5	5	1247
1	6	1	135
1	6	4	2416
1	6	5	2416
1	7	1	1866
1	7	4	994
1	7	5	2321
1	8	1	2861
1	8	4	1620
1	8	5	1080
1	9	1	2594
1	9	4	2630
1	9	5	293
1	10	1	4101
1	10	4	215
1	10	5	861


Outbound Solution(S P T):
1	1	2	866
1	2	2	662
1	3	2	986
1	4	2	972
1	5	2	891
1	6	2	947
1	7	2	1101
1	8	2	1061
1	9	2	1448
1	10	2	1250
2	1	5	911
2	2	5	817
2	3	5	1215
2	4	5	982
2	5	5	1038
2	6	5	1108
2	7	5	965
2	8	5	1004
2	9	5	929
2	10	5	1196
3	1	3	1097
3	2	3	680
3	3	3	853
3	4	3	1086
3	5	3	700
3	6	3	1130
3	7	3	919
3	8	3	1145
3	9	3	975
3	10	3	839
4	1	1	1078
4	2	1	964
4	3	1	958
4	4	1	998
4	5	1	678
4	6	1	1087
4	7	1	1165
4	8	1	1378
4	9	1	986
4	10	1	852
5	1	3	1010
5	2	3	1401
5	3	3	847
5	4	3	875
5	5	3	1200
5	6	3	695
5	7	3	1031
5	8	3	973
5	9	3	1179
5	10	3	1040


Warehouse Inventory (W P T):
1	4051		2973		2107		0		0		4051	
2	3543		2743		2081		0		0		3543	
3	2286		2686		1700		0		3150		2286	
4	1174		2933		1961		0		862		1174	
5	209		2791		1900		0		0		209	
6	3724		2772		1825		0		2416		3724	
7	2350		3051		1950		0		994		2350	
8	1696		3179		2118		0		1620		1696	
9	1994		3602		2154		0		2630		1994	
10	0		3249		1999		120		335		0	

Store Inventory (S P T):
Store1
1	0		0		561		401		114		0	
2	76		0		607		418		248		76	
3	216		0		851		652		573		216	
4	161		0		744		684		514		161	
5	95		0		679		493		304		95	
6	113		0		695		488		288		113	
7	135		0		775		486		257		135	
8	219		0		1004		602		469		219	
9	255		0		1100		800		441		255	
10	260		0		977		799		577		260	
Store2
1	776		491		421		131		0		776	
2	664		487		227		116		0		664	
3	987		661		446		217		0		987	
4	817		540		259		149		0		817	
5	897		755		457		270		0		897	
6	880		612		409		198		0		880	
7	850		778		515		305		0		850	
8	707		591		411		202		0		707	
9	671		503		356		260		0		671	
10	978		844		480		276		0		978	
Store3
1	366		169		0		817		585		366	
2	194		96		0		458		362		194	
3	282		64		0		740		501		282	
4	469		191		0		755		469		469	
5	260		158		0		569		312		260	
6	422		161		0		899		605		422	
7	438		212		0		696		442		438	
8	474		275		0		988		747		474	
9	365		217		0		723		551		365	
10	299		163		0		650		597		299	
Store4
1	0		759		425		303		195		0	
2	0		704		530		285		122		0	
3	0		706		494		399		157		0	
4	0		803		622		413		278		0	
5	0		554		324		304		195		0	
6	0		773		680		502		288		0	
7	0		955		738		443		75		0	
8	0		1207		849		574		279		0	
9	0		847		553		421		179		0	
10	0		745		610		452		344		0	
Store5
1	534		321		0		874		684		534	
2	640		346		0		1111		759		640	
3	294		152		0		533		462		294	
4	216		89		0		660		467		216	
5	449		233		0		886		664		449	
6	352		141		0		559		488		352	
7	668		379		0		943		814		668	
8	231		90		0		786		557		231	
9	579		272		0		1011		748		579	
10	529		171		0		982		722		529	


Shipments from Vendor to Warehouse (V T):
0.718942	0	0	0.4821707	0.8030059	

Shipments from Warehouse to Stores (S T):
1	2	0.4049946
1	4	0.26824
1	5	0.19302
2	4	0.3582967
2	5	0.432358
3	3	0.4188127
3	4	0.2367267
3	5	0.05846667
4	1	0.396612
4	4	0.22508
4	5	0.2697333
5	3	0.6027547
5	5	0.307


Required Putaway workers (Sol T):
2	2	3	2	2	

No of required pickers (T):
3	3	7	6	7	

No of part-time putaway workers (T):
0	0	1	0	0	

No of part-time pickers (T):
0	0	2	1	2	

Best Putaway Technology: 1200
Best Picking Technology: 500

Required Fashion Putaway Hours:
0	15.09583	22.9125	0	0	

Required Basic Putaway Hours:
15.91333	0	0	9.905833	15.9875	

Required Total Putaway Hours:
15.91333	15.09583	22.9125	9.905833	15.9875	

No of required fashion pick hours:
0	0	10.83	47.76	32.63	

No of required basic pick hours:
20.288	20.368	39.35	0	20.33	

No of required total pick hours:
20.288	20.368	50.18	47.76	52.96	

List of all the costs: 
MHECost		297
PutawayTechCost		1060
PickingTechCost		3195
WhBasicInvCost		829.2799
BasicInbCost		3914.099
WhFashionInvCost		746.2501
FashionInbCost		5591.557
PutawayCost		3440
StoreBasicInvCost		4947.4
StoreFashionInvCost		4016
OutboundCost		14477.53
PickingCost		9200
Total		51714.12

List of Top5 Technologies: 
Tech1		2	5	$ 51714.12
Tech2		2	4	$ 57955.55
Tech3		2	3	$ 59073.38
Tech4		2	1	$ 90622.79
Tech5		3	1	$ 110586.8
The start time is 12/17/2014 4:37:22 PM
The End time is 12/17/2014 4:37:28 PM
