Printing New Fashion Solution:

Inbound Fashion Solution (V F T):
1	1	3	4580
1	2	3	5735
1	3	3	5485
1	4	4	3810
1	5	3	4620
1	6	4	3265
1	7	3	3330
1	8	3	4890
1	9	4	5510
1	10	4	4385


Outbound Fashion Solution(S F T):
1	1	5	1085
1	2	5	545
1	3	4	1270
1	4	5	860
1	5	4	1020
1	6	5	710
1	7	4	1200
1	8	5	1085
1	9	5	1085
1	10	5	1215
2	1	5	485
2	2	5	1205
2	3	5	1335
2	4	5	590
2	5	5	1045
2	6	5	555
2	7	5	190
2	8	5	1210
2	9	5	680
2	10	5	620
3	1	5	630
3	2	5	590
3	3	5	1170
3	4	5	905
3	5	5	470
3	6	5	625
3	7	5	455
3	8	5	1065
3	9	5	825
3	10	5	1170
4	1	5	1520
4	2	4	2080
4	3	4	175
4	4	5	840
4	5	5	920
4	6	5	1130
4	7	4	700
4	8	4	635
4	9	5	1380
4	10	5	810
5	1	4	860
5	2	4	1315
5	3	5	1535
5	4	5	615
5	5	5	1165
5	6	5	245
5	7	5	785
5	8	4	895
5	9	5	1540
5	10	5	570


Warehouse Fashion Inventory (W F T):
1	0		0		4580		3720		0	
2	0		0		5735		2340		0	
3	0		0		5485		4040		0	
4	0		0		0		3810		0	
5	0		0		4620		3600		0	
6	0		0		0		3265		0	
7	0		0		3330		1430		0	
8	0		0		4890		3360		0	
9	0		0		0		5510		0	
10	0		0		0		4385		0	

Store Fashion Inventory (S F T):
Store1
1	0		0		0		1085	
2	0		0		0		545	
3	0		0		1270		1270	
4	0		0		0		860	
5	0		0		1020		1020	
6	0		0		0		710	
7	0		0		1200		1200	
8	0		0		0		1085	
9	0		0		0		1085	
10	0		0		0		1215	
Store2
1	0		0		0		485	
2	0		0		0		1205	
3	0		0		0		1335	
4	0		0		0		590	
5	0		0		0		1045	
6	0		0		0		555	
7	0		0		0		190	
8	0		0		0		1210	
9	0		0		0		680	
10	0		0		0		620	
Store3
1	0		0		0		630	
2	0		0		0		590	
3	0		0		0		1170	
4	0		0		0		905	
5	0		0		0		470	
6	0		0		0		625	
7	0		0		0		455	
8	0		0		0		1065	
9	0		0		0		825	
10	0		0		0		1170	
Store4
1	0		0		0		1520	
2	0		0		2080		2080	
3	0		0		175		175	
4	0		0		0		840	
5	0		0		0		920	
6	0		0		0		1130	
7	0		0		700		700	
8	0		0		635		635	
9	0		0		0		1380	
10	0		0		0		810	
Store5
1	0		0		860		860	
2	0		0		1315		1315	
3	0		0		0		1535	
4	0		0		0		615	
5	0		0		0		1165	
6	0		0		0		245	
7	0		0		0		785	
8	0		0		895		895	
9	0		0		0		1540	
10	0		0		0		570	


Fashion Shipments from Vendor to Warehouse (V T):
0	0	1.583687	0.58429	

Printing New Basic Solution:

Inbound Solution (V P T):
1	1	1	1515
1	1	2	2437
1	1	5	1010
1	2	1	411
1	2	2	412
1	2	5	3701
1	3	1	785
1	3	2	932
1	3	5	3142
1	4	1	1470
1	4	2	1973
1	4	5	1470
1	5	1	2372
1	5	2	1117
1	5	5	1018
1	6	1	712
1	6	2	2591
1	6	5	1664
1	7	1	2273
1	7	2	1933
1	7	5	975
1	8	1	4009
1	8	2	549
1	8	5	1003
1	9	1	3716
1	9	2	871
1	9	5	930
1	10	1	818
1	10	2	3132
1	10	5	1227


Outbound Solution(S P T):
1	1	2	866
1	2	2	662
1	3	2	986
1	4	2	972
1	5	2	891
1	6	2	947
1	7	2	1101
1	8	2	1061
1	9	2	1448
1	10	2	1250
2	1	5	911
2	2	5	817
2	3	5	1215
2	4	5	982
2	5	5	1038
2	6	5	1108
2	7	5	965
2	8	5	1004
2	9	5	929
2	10	5	1196
3	1	1	1097
3	2	1	680
3	3	1	853
3	4	1	1086
3	5	1	700
3	6	1	1130
3	7	1	919
3	8	1	1145
3	9	1	975
3	10	1	839
4	1	4	1078
4	2	4	964
4	3	4	958
4	4	4	998
4	5	4	678
4	6	4	1087
4	7	4	1165
4	8	4	1378
4	9	4	986
4	10	4	852
5	1	4	1010
5	2	4	1401
5	3	4	847
5	4	4	875
5	5	4	1200
5	6	4	695
5	7	4	1031
5	8	4	973
5	9	4	1179
5	10	4	1040


Warehouse Inventory (W P T):
1	99		517		2088		2088		0		99	
2	2884		2615		2365		2365		0		2884	
3	1927		1859		1805		1805		0		1927	
4	488		872		1873		1873		0		488	
5	0		1672		1898		1898		20		0	
6	556		138		1782		1782		0		556	
7	10		1364		2196		2196		0		10	
8	0		2864		2352		2352		1		0	
9	1		2742		2165		2165		0		1	
10	31		10		1892		1892		0		31	

Store Inventory (S P T):
Store1
1	0		0		561		401		114		0	
2	76		0		607		418		248		76	
3	216		0		851		652		573		216	
4	161		0		744		684		514		161	
5	95		0		679		493		304		95	
6	113		0		695		488		288		113	
7	135		0		775		486		257		135	
8	219		0		1004		602		469		219	
9	255		0		1100		800		441		255	
10	260		0		977		799		577		260	
Store2
1	776		491		421		131		0		776	
2	664		487		227		116		0		664	
3	987		661		446		217		0		987	
4	817		540		259		149		0		817	
5	897		755		457		270		0		897	
6	880		612		409		198		0		880	
7	850		778		515		305		0		850	
8	707		591		411		202		0		707	
9	671		503		356		260		0		671	
10	978		844		480		276		0		978	
Store3
1	0		900		731		451		219		0	
2	0		582		486		264		168		0	
3	0		635		571		458		219		0	
4	0		808		617		286		0		0	
5	0		598		440		309		52		0	
6	0		869		708		477		183		0	
7	0		693		481		258		4		0	
8	0		946		671		514		273		0	
9	0		827		610		358		186		0	
10	0		703		540		351		298		0	
Store4
1	775		456		122		0		970		775	
2	679		419		245		0		801		679	
3	559		307		95		0		716		559	
4	585		390		209		0		863		585	
5	374		250		20		0		569		374	
6	585		271		178		0		873		585	
7	722		512		295		0		797		722	
8	804		633		275		0		1083		804	
9	565		426		132		0		744		565	
10	400		293		158		0		744		400	
Store5
1	670		457		136		0		820		670	
2	930		636		290		0		1049		930	
3	608		466		314		0		776		608	
4	431		304		215		0		682		431	
5	763		547		314		0		978		763	
6	488		277		136		0		624		488	
7	756		467		88		0		902		756	
8	418		277		187		0		744		418	
9	747		440		168		0		916		747	
10	587		229		58		0		780		587	


Shipments from Vendor to Warehouse (V T):
0.6147606	0.6595674	0	0	0.7297906	

Shipments from Warehouse to Stores (S T):
1	2	0.4049946
1	4	0.1829333
1	5	0.2783267
2	5	0.7906547
3	1	0.3692393
3	5	0.3447667
4	4	0.603552
4	5	0.2878733
5	4	0.5977079
5	5	0.3120466


Required Putaway workers (Sol T):
2	2	3	2	2	

No of required pickers (T):
2	2	0	4	6	

No of part-time putaway workers (T):
0	0	1	0	0	

No of part-time pickers (T):
0	0	0	0	2	

Best Putaway Technology: 1200
Best Picking Technology: 1000

Required Fashion Putaway Hours:
0	0	23.86667	14.14167	0	

Required Basic Putaway Hours:
15.0675	13.28917	0	0	13.45	

Required Total Putaway Hours:
15.0675	13.28917	23.86667	14.14167	13.45	

No of required fashion pick hours:
0	0	0	10.15	35.46	

No of required basic pick hours:
9.424	10.184	0	20.395	10.165	

No of required total pick hours:
9.424	10.184	0	30.545	45.625	

List of all the costs: 
MHECost		297
PutawayTechCost		1060
PickingTechCost		9130
WhBasicInvCost		615.02
BasicInbCost		3914.099
WhFashionInvCost		640.9999
FashionInbCost		5591.557
PutawayCost		3440
StoreBasicInvCost		4951.9
StoreFashionInvCost		2788
OutboundCost		11586.9
PickingCost		6880
Total		50895.48

List of Top5 Technologies: 
Tech1		2	4	$ 54254.48
Tech2		2	6	$ 54427.24
Tech3		4	6	$ 58171.53
Tech4		4	3	$ 65715.07
Tech5		4	2	$ 72074.67
The start time is 12/17/2014 4:37:33 PM
The End time is 12/17/2014 4:37:37 PM
