Printing New Fashion Solution:

Inbound Fashion Solution (V F T):
1	1	3	4580
1	2	1	5735
1	3	3	5485
1	4	3	3810
1	5	3	4620
1	6	1	3265
1	7	1	3330
1	8	1	4890
1	9	4	5510
1	10	1	4385


Outbound Fashion Solution(S F T):
1	1	4	1085
1	2	5	545
1	3	5	1270
1	4	5	860
1	5	5	1020
1	6	3	710
1	7	3	1200
1	8	3	1085
1	9	5	1085
1	10	3	1215
2	1	4	485
2	2	3	1205
2	3	4	1335
2	4	5	590
2	5	5	1045
2	6	4	555
2	7	3	190
2	8	3	1210
2	9	5	680
2	10	4	620
3	1	5	630
3	2	4	590
3	3	4	1170
3	4	4	905
3	5	4	470
3	6	4	625
3	7	4	455
3	8	4	1065
3	9	5	825
3	10	5	1170
4	1	5	1520
4	2	2	2080
4	3	4	175
4	4	4	840
4	5	5	920
4	6	2	1130
4	7	2	700
4	8	4	635
4	9	5	1380
4	10	2	810
5	1	4	860
5	2	4	1315
5	3	4	1535
5	4	5	615
5	5	4	1165
5	6	3	245
5	7	4	785
5	8	3	895
5	9	5	1540
5	10	3	570


Warehouse Fashion Inventory (W F T):
1	0		0		4580		2150		0	
2	5735		3655		2450		545		0	
3	0		0		5485		1270		0	
4	0		0		3810		2065		0	
5	0		0		4620		2985		0	
6	3265		2135		1180		0		0	
7	3330		2630		1240		0		0	
8	4890		4890		1700		0		0	
9	0		0		0		5510		0	
10	4385		3575		1790		1170		0	

Store Fashion Inventory (S F T):
Store1
1	0		0		1085		1085	
2	0		0		0		545	
3	0		0		0		1270	
4	0		0		0		860	
5	0		0		0		1020	
6	0		710		710		710	
7	0		1200		1200		1200	
8	0		1085		1085		1085	
9	0		0		0		1085	
10	0		1215		1215		1215	
Store2
1	0		0		485		485	
2	0		1205		1205		1205	
3	0		0		1335		1335	
4	0		0		0		590	
5	0		0		0		1045	
6	0		0		555		555	
7	0		190		190		190	
8	0		1210		1210		1210	
9	0		0		0		680	
10	0		0		620		620	
Store3
1	0		0		0		630	
2	0		0		590		590	
3	0		0		1170		1170	
4	0		0		905		905	
5	0		0		470		470	
6	0		0		625		625	
7	0		0		455		455	
8	0		0		1065		1065	
9	0		0		0		825	
10	0		0		0		1170	
Store4
1	0		0		0		1520	
2	2080		2080		2080		2080	
3	0		0		175		175	
4	0		0		840		840	
5	0		0		0		920	
6	1130		1130		1130		1130	
7	700		700		700		700	
8	0		0		635		635	
9	0		0		0		1380	
10	810		810		810		810	
Store5
1	0		0		860		860	
2	0		0		1315		1315	
3	0		0		1535		1535	
4	0		0		0		615	
5	0		0		1165		1165	
6	0		245		245		245	
7	0		0		785		785	
8	0		895		895		895	
9	0		0		0		1540	
10	0		570		570		570	


Fashion Shipments from Vendor to Warehouse (V T):
0.87757	0	0.9524601	0.3379467	

Printing New Basic Solution:

Inbound Solution (V P T):
1	1	2	1399
1	1	4	3265
1	1	5	298
1	2	2	546
1	2	4	1276
1	2	5	2702
1	3	2	4859
1	4	2	1619
1	4	4	405
1	4	5	2889
1	5	2	1352
1	5	4	1352
1	5	5	1803
1	6	2	471
1	6	4	4248
1	6	5	248
1	7	2	3108
1	7	5	2073
1	8	2	2657
1	8	4	2658
1	8	5	246
1	9	2	1298
1	9	5	4219
1	10	2	867
1	10	5	4310


Outbound Solution(S P T):
1	1	1	465
1	1	4	287
1	1	5	114
1	2	1	320
1	2	4	170
1	2	5	172
1	3	1	550
1	3	4	79
1	3	5	357
1	4	1	449
1	4	4	170
1	4	5	353
1	5	1	493
1	5	4	189
1	5	5	209
1	6	1	572
1	6	4	200
1	6	5	175
1	7	1	750
1	7	4	229
1	7	5	122
1	8	1	678
1	8	4	133
1	8	5	250
1	9	1	903
1	9	4	359
1	9	5	186
1	10	1	711
1	10	4	222
1	10	5	317
2	1	3	486
2	1	5	425
2	2	3	553
2	2	5	264
2	3	3	758
2	3	5	457
2	4	3	707
2	4	5	275
2	5	3	710
2	5	5	328
2	6	3	669
2	6	5	439
2	7	3	640
2	7	5	325
2	8	3	498
2	8	5	506
2	9	3	575
2	9	5	354
2	10	3	774
2	10	5	422
3	1	1	1097
3	2	1	680
3	3	1	853
3	4	1	1086
3	5	1	700
3	6	1	1130
3	7	1	919
3	8	1	1145
3	9	1	975
3	10	1	839
4	1	2	775
4	1	4	108
4	1	5	195
4	2	2	679
4	2	4	163
4	2	5	122
4	3	2	559
4	3	4	242
4	3	5	157
4	4	2	585
4	4	4	135
4	4	5	278
4	5	2	374
4	5	4	109
4	5	5	195
4	6	2	585
4	6	4	214
4	6	5	288
4	7	2	722
4	7	4	368
4	7	5	75
4	8	2	804
4	8	4	295
4	8	5	279
4	9	2	565
4	9	4	242
4	9	5	179
4	10	2	400
4	10	4	108
4	10	5	344
5	1	3	820
5	1	4	190
5	2	3	1049
5	2	4	352
5	3	3	776
5	3	4	71
5	4	3	682
5	4	4	193
5	5	3	978
5	5	4	222
5	6	3	624
5	6	4	71
5	7	3	902
5	7	4	129
5	8	3	744
5	8	4	229
5	9	3	916
5	9	4	263
5	10	3	780
5	10	4	260


Warehouse Inventory (W P T):
1	2244		682		1306		0		2680		2244	
2	2735		1735		1602		0		591		2735	
3	1403		0		4300		2766		2374		1403	
4	1983		448		1482		93		0		1983	
5	1903		710		1688		0		832		1903	
6	3109		1407		1293		0		3763		3109	
7	1669		0		2386		844		118		1669	
8	1823		0		1853		611		2612		1823	
9	3500		1622		2355		864		0		3500	
10	3227		1677		2144		590		0		3227	

Store Inventory (S P T):
Store1
1	0		465		160		0		0		0	
2	0		244		189		0		0		0	
3	0		334		199		0		0		0	
4	0		288		60		0		0		0	
5	0		398		186		0		0		0	
6	0		459		207		0		0		0	
7	0		615		289		0		0		0	
8	0		459		402		0		0		0	
9	0		648		300		0		0		0	
10	0		451		178		0		0		0	
Store2
1	355		70		0		196		65		355	
2	437		260		0		442		326		437	
3	541		215		0		529		312		541	
4	558		281		0		597		448		558	
5	440		298		0		523		253		440	
6	471		203		0		458		260		471	
7	335		263		0		430		125		335	
8	296		180		0		289		87		296	
9	315		147		0		479		219		315	
10	498		364		0		570		294		498	
Store3
1	0		900		731		451		219		0	
2	0		582		486		264		168		0	
3	0		635		571		458		219		0	
4	0		808		617		286		0		0	
5	0		598		440		309		52		0	
6	0		869		708		477		183		0	
7	0		693		481		258		4		0	
8	0		946		671		514		273		0	
9	0		827		610		358		186		0	
10	0		703		540		351		298		0	
Store4
1	319		0		441		319		319		319	
2	260		0		505		260		260		260	
3	252		0		347		252		252		252	
4	195		0		404		195		195		195	
5	124		0		144		124		124		124	
6	314		0		492		314		314		314	
7	210		0		505		210		210		210	
8	171		0		446		171		171		171	
9	139		0		271		139		139		139	
10	107		0		265		107		107		107	
Store5
1	534		321		0		684		684		534	
2	640		346		0		759		759		640	
3	294		152		0		462		462		294	
4	216		89		0		467		467		216	
5	449		233		0		664		664		449	
6	352		141		0		488		488		352	
7	668		379		0		814		814		668	
8	231		90		0		557		557		231	
9	579		272		0		748		748		579	
10	529		171		0		722		722		529	


Shipments from Vendor to Warehouse (V T):
0	0.6364053	0	0.5663233	0.80139	

Shipments from Warehouse to Stores (S T):
1	1	0.231882
1	3	0.1402867
1	4	0.1526873
1	5	0.3413987
2	3	0.400402
2	4	0.12249
2	5	0.2677627
3	1	0.3692393
3	4	0.2264867
3	5	0.11828
4	2	0.4351293
4	4	0.1359127
4	5	0.3203833
5	3	0.38887
5	4	0.4079813
5	5	0.1129033


Required Putaway workers (Sol T):
3	2	2	2	2	

No of required pickers (T):
4	3	6	6	6	

No of part-time putaway workers (T):
1	0	0	0	0	

No of part-time pickers (T):
0	0	2	2	2	

Best Putaway Technology: 1200
Best Picking Technology: 500

Required Fashion Putaway Hours:
18.00417	0	15.4125	4.591667	0	

Required Basic Putaway Hours:
0	15.14667	0	11.00333	15.65667	

Required Total Putaway Hours:
18.00417	15.14667	15.4125	15.595	15.65667	

No of required fashion pick hours:
0	9.44	17.05	33.34	31.39	

No of required basic pick hours:
30.63	12.096	29.282	12.004	16.324	

No of required total pick hours:
30.63	21.536	46.332	45.344	47.714	

List of all the costs: 
MHECost		297
PutawayTechCost		1060
PickingTechCost		3195
WhBasicInvCost		710.2401
BasicInbCost		3914.099
WhFashionInvCost		810.4
FashionInbCost		5591.557
PutawayCost		3440
StoreBasicInvCost		3410.65
StoreFashionInvCost		4674.5
OutboundCost		17449.2
PickingCost		7840
Total		52392.65

List of Top5 Technologies: 
Tech1		2	5	$ 52392.65
Tech2		4	5	$ 56816.38
Tech3		4	6	$ 62307.04
Tech4		4	1	$ 90237.23
Tech5		3	1	$ 110790
The start time is 12/17/2014 4:37:37 PM
The End time is 12/17/2014 4:37:41 PM
