Printing New Fashion Solution:

Inbound Fashion Solution (V F T):
1	1	4	5945
1	2	4	5435
1	3	2	4780
1	4	4	4345
1	5	2	4630
1	6	2	7290
1	7	2	4840
1	8	4	3630
1	9	2	5585
1	10	4	4835


Outbound Fashion Solution(S F T):
1	1	5	1350
1	2	5	1035
1	3	3	810
1	4	5	375
1	5	3	635
1	6	4	1840
1	7	4	805
1	8	5	655
1	9	4	825
1	10	5	985
2	1	5	710
2	2	5	1470
2	3	3	1330
2	4	5	680
2	5	3	980
2	6	4	1785
2	7	4	1560
2	8	5	585
2	9	4	685
2	10	5	520
3	1	5	925
3	2	5	1240
3	3	4	425
3	4	5	1515
3	5	4	875
3	6	4	1915
3	7	4	1010
3	8	5	900
3	9	4	1395
3	10	5	1200
4	1	5	1790
4	2	5	545
4	3	4	990
4	4	5	1295
4	5	4	940
4	6	4	1085
4	7	4	725
4	8	5	525
4	9	4	1565
4	10	5	1315
5	1	5	1170
5	2	5	1145
5	3	4	1225
5	4	5	480
5	5	4	1200
5	6	4	665
5	7	4	740
5	8	5	965
5	9	4	1115
5	10	5	815


Warehouse Fashion Inventory (W F T):
1	0		0		0		5945		0	
2	0		0		0		5435		0	
3	0		4780		2640		0		0	
4	0		0		0		4345		0	
5	0		4630		3015		0		0	
6	0		7290		7290		0		0	
7	0		4840		4840		0		0	
8	0		0		0		3630		0	
9	0		5585		5585		0		0	
10	0		0		0		4835		0	

Store Fashion Inventory (S F T):
Store1
1	0		0		0		1350	
2	0		0		0		1035	
3	0		810		810		810	
4	0		0		0		375	
5	0		635		635		635	
6	0		0		1840		1840	
7	0		0		805		805	
8	0		0		0		655	
9	0		0		825		825	
10	0		0		0		985	
Store2
1	0		0		0		710	
2	0		0		0		1470	
3	0		1330		1330		1330	
4	0		0		0		680	
5	0		980		980		980	
6	0		0		1785		1785	
7	0		0		1560		1560	
8	0		0		0		585	
9	0		0		685		685	
10	0		0		0		520	
Store3
1	0		0		0		925	
2	0		0		0		1240	
3	0		0		425		425	
4	0		0		0		1515	
5	0		0		875		875	
6	0		0		1915		1915	
7	0		0		1010		1010	
8	0		0		0		900	
9	0		0		1395		1395	
10	0		0		0		1200	
Store4
1	0		0		0		1790	
2	0		0		0		545	
3	0		0		990		990	
4	0		0		0		1295	
5	0		0		940		940	
6	0		0		1085		1085	
7	0		0		725		725	
8	0		0		0		525	
9	0		0		1565		1565	
10	0		0		0		1315	
Store5
1	0		0		0		1170	
2	0		0		0		1145	
3	0		0		1225		1225	
4	0		0		0		480	
5	0		0		1200		1200	
6	0		0		665		665	
7	0		0		740		740	
8	0		0		0		965	
9	0		0		1115		1115	
10	0		0		0		815	


Fashion Shipments from Vendor to Warehouse (V T):
0	0.9547767	0	0.80525	

Printing New Basic Solution:

Inbound Solution (V P T):
1	1	3	1192
1	1	5	3624
1	2	3	4236
1	2	5	578
1	3	3	5058
1	4	3	2645
1	4	5	2235
1	5	3	4024
1	5	5	1382
1	6	3	422
1	6	5	4163
1	7	3	1127
1	7	5	4587
1	8	3	3345
1	8	5	2003
1	9	3	2446
1	9	5	2535
1	10	3	2394
1	10	5	3036


Outbound Solution(S P T):
1	1	3	957
1	2	3	880
1	3	3	991
1	4	3	1146
1	5	3	991
1	6	3	555
1	7	3	991
1	8	3	1090
1	9	3	1134
1	10	3	896
2	1	3	1045
2	2	3	1304
2	3	3	1031
2	4	3	910
2	5	3	991
2	6	3	889
2	7	3	1179
2	8	3	1075
2	9	3	828
2	10	3	893
3	1	4	1141
3	2	4	535
3	3	4	957
3	4	4	1054
3	5	4	1079
3	6	4	1196
3	7	4	1420
3	8	4	935
3	9	4	993
3	10	4	1197
4	1	1	964
4	2	1	879
4	3	1	1070
4	4	1	960
4	5	1	944
4	6	1	998
4	7	1	1086
4	8	1	998
4	9	1	881
4	10	1	1381
5	1	4	131
5	1	5	578
5	2	4	279
5	2	5	937
5	3	4	216
5	3	5	793
5	4	4	119
5	4	5	691
5	5	4	320
5	5	5	1081
5	6	4	171
5	6	5	776
5	7	4	227
5	7	5	811
5	8	4	284
5	8	5	966
5	9	4	149
5	9	5	996
5	10	4	166
5	10	5	897


Warehouse Inventory (W P T):
1	3046		2082		2082		1272		0		3046	
2	879		0		0		2052		1238		879	
3	1070		0		0		3036		1863		1070	
4	1544		584		584		1173		0		1544	
5	944		0		0		2042		643		944	
6	3387		2389		2389		1367		0		3387	
7	3776		2690		2690		1647		0		3776	
8	1037		39		39		1219		0		1037	
9	1539		658		658		1142		0		1539	
10	2139		758		758		1363		0		2139	

Store Inventory (S P T):
Store1
1	426		242		0		802		665		426	
2	164		89		0		576		417		164	
3	316		140		0		717		590		316	
4	564		300		0		974		707		564	
5	423		128		0		793		604		423	
6	109		109		0		295		295		109	
7	383		205		0		665		465		383	
8	574		207		0		862		706		574	
9	466		254		0		1016		722		466	
10	288		158		0		656		541		288	
Store2
1	429		270		0		784		614		429	
2	442		161		0		1062		741		442	
3	444		172		0		823		708		444	
4	480		182		0		723		532		480	
5	442		200		0		849		581		442	
6	296		109		0		751		560		296	
7	508		304		0		931		694		508	
8	491		240		0		923		673		491	
9	518		244		0		755		608		518	
10	253		247		0		623		486		253	
Store3
1	667		325		165		0		919		667	
2	312		309		130		0		398		312	
3	700		454		251		0		814		700	
4	485		299		112		0		727		485	
5	543		314		245		0		870		543	
6	753		457		235		0		923		753	
7	882		655		348		0		1127		882	
8	380		318		160		0		765		380	
9	613		401		148		0		837		613	
10	643		454		79		0		894		643	
Store4
1	0		762		635		367		116		0	
2	0		812		628		500		137		0	
3	0		709		563		356		190		0	
4	0		748		440		428		229		0	
5	0		778		695		396		237		0	
6	0		743		512		351		219		0	
7	0		952		866		707		352		0	
8	0		829		688		388		172		0	
9	0		674		473		327		234		0	
10	0		1081		892		558		335		0	
Store5
1	547		398		198		0		0		547	
2	823		593		312		0		0		823	
3	663		412		156		0		0		663	
4	646		445		276		0		0		646	
5	711		508		167		0		0		711	
6	515		249		133		0		0		515	
7	588		371		182		0		0		588	
8	737		591		275		0		0		737	
9	754		512		244		0		0		754	
10	617		350		213		0		0		617	


Shipments from Vendor to Warehouse (V T):
0	0	0.789888	0	0.977946	

Shipments from Warehouse to Stores (S T):
1	3	0.417156
1	4	0.10636
1	5	0.1573467
2	3	0.456496
2	4	0.1209367
2	5	0.13148
3	4	0.5679367
3	5	0.17309
4	1	0.3486333
4	4	0.1774667
4	5	0.18984
5	4	0.2444633
5	5	0.4366553


Required Putaway workers (Sol T):
0	3	3	3	3	

No of required pickers (T):
3	0	6	9	9	

No of part-time putaway workers (T):
0	1	1	1	1	

No of part-time pickers (T):
0	0	0	3	3	

Best Putaway Technology: 1200
Best Picking Technology: 500

Required Fashion Putaway Hours:
0	22.60417	0	20.15833	0	

Required Basic Putaway Hours:
0	0	22.4075	0	20.11917	

Required Total Putaway Hours:
0	22.60417	22.4075	20.15833	20.11917	

No of required fashion pick hours:
0	0	7.51	46.74	48.38	

No of required basic pick hours:
20.322	0	39.552	25.138	17.052	

No of required total pick hours:
20.322	0	47.062	71.878	65.432	

List of all the costs: 
MHECost		378
PutawayTechCost		1060
PickingTechCost		3195
WhBasicInvCost		578.1801
BasicInbCost		6175.813
WhFashionInvCost		746.8499
FashionInbCost		5549.976
PutawayCost		4160
StoreBasicInvCost		4692.1
StoreFashionInvCost		4109.75
OutboundCost		13277.97
PickingCost		11040
Total		54963.64

List of Top5 Technologies: 
Tech1		2	5	$ 54963.64
Tech2		3	6	$ 57848.7
Tech3		3	5	$ 58388
Tech4		4	5	$ 60211.77
Tech5		1	5	$ 61069.9
The start time is 12/17/2014 3:32:13 PM
The End time is 12/17/2014 3:32:19 PM
