Printing New Fashion Solution:

Inbound Fashion Solution (V F T):
1	1	4	5945
1	2	2	5435
1	3	4	4780
1	4	2	4345
1	5	4	4630
1	6	2	7290
1	7	2	4840
1	8	4	3630
1	9	2	5585
1	10	2	4835


Outbound Fashion Solution(S F T):
1	1	5	1350
1	2	3	1035
1	3	5	810
1	4	3	375
1	5	5	635
1	6	4	1840
1	7	4	805
1	8	5	655
1	9	4	825
1	10	4	985
2	1	5	710
2	2	4	1470
2	3	5	1330
2	4	4	680
2	5	5	980
2	6	4	1785
2	7	4	1560
2	8	5	585
2	9	4	685
2	10	4	520
3	1	5	925
3	2	4	1240
3	3	5	425
3	4	4	1515
3	5	5	875
3	6	3	1915
3	7	3	1010
3	8	5	900
3	9	4	1395
3	10	4	1200
4	1	5	1790
4	2	4	545
4	3	5	990
4	4	4	1295
4	5	5	940
4	6	4	1085
4	7	4	725
4	8	5	525
4	9	4	1565
4	10	4	1315
5	1	5	1170
5	2	3	1145
5	3	5	1225
5	4	3	480
5	5	5	1200
5	6	3	665
5	7	3	740
5	8	5	965
5	9	3	1115
5	10	3	815


Warehouse Fashion Inventory (W F T):
1	0		0		0		5945		0	
2	0		5435		3255		0		0	
3	0		0		0		4780		0	
4	0		4345		3490		0		0	
5	0		0		0		4630		0	
6	0		7290		4710		0		0	
7	0		4840		3090		0		0	
8	0		0		0		3630		0	
9	0		5585		4470		0		0	
10	0		4835		4020		0		0	

Store Fashion Inventory (S F T):
Store1
1	0		0		0		1350	
2	0		1035		1035		1035	
3	0		0		0		810	
4	0		375		375		375	
5	0		0		0		635	
6	0		0		1840		1840	
7	0		0		805		805	
8	0		0		0		655	
9	0		0		825		825	
10	0		0		985		985	
Store2
1	0		0		0		710	
2	0		0		1470		1470	
3	0		0		0		1330	
4	0		0		680		680	
5	0		0		0		980	
6	0		0		1785		1785	
7	0		0		1560		1560	
8	0		0		0		585	
9	0		0		685		685	
10	0		0		520		520	
Store3
1	0		0		0		925	
2	0		0		1240		1240	
3	0		0		0		425	
4	0		0		1515		1515	
5	0		0		0		875	
6	0		1915		1915		1915	
7	0		1010		1010		1010	
8	0		0		0		900	
9	0		0		1395		1395	
10	0		0		1200		1200	
Store4
1	0		0		0		1790	
2	0		0		545		545	
3	0		0		0		990	
4	0		0		1295		1295	
5	0		0		0		940	
6	0		0		1085		1085	
7	0		0		725		725	
8	0		0		0		525	
9	0		0		1565		1565	
10	0		0		1315		1315	
Store5
1	0		0		0		1170	
2	0		1145		1145		1145	
3	0		0		0		1225	
4	0		480		480		480	
5	0		0		0		1200	
6	0		665		665		665	
7	0		740		740		740	
8	0		0		0		965	
9	0		1115		1115		1115	
10	0		815		815		815	


Fashion Shipments from Vendor to Warehouse (V T):
0	0.9034901	0	0.8565366	

Printing New Basic Solution:

Inbound Solution (V P T):
1	1	1	2528
1	1	3	2288
1	2	1	4814
1	3	1	3669
1	3	3	1389
1	4	1	3182
1	4	3	1698
1	5	1	3483
1	5	3	1923
1	6	1	3760
1	6	3	825
1	7	1	2410
1	7	3	3304
1	8	1	2514
1	8	3	2834
1	9	1	1826
1	9	3	3155
1	10	1	543
1	10	3	4887


Outbound Solution(S P T):
1	1	2	957
1	2	2	880
1	3	2	991
1	4	2	1146
1	5	2	991
1	6	2	555
1	7	2	991
1	8	2	1090
1	9	2	1134
1	10	2	896
2	1	1	784
2	1	4	261
2	2	1	1062
2	2	4	242
2	3	1	823
2	3	4	208
2	4	1	723
2	4	4	187
2	5	1	849
2	5	4	142
2	6	1	751
2	6	4	138
2	7	1	931
2	7	4	248
2	8	1	923
2	8	4	152
2	9	1	755
2	9	4	73
2	10	1	623
2	10	4	270
3	1	3	1141
3	2	3	535
3	3	3	957
3	4	3	1054
3	5	3	1079
3	6	3	1196
3	7	3	1420
3	8	3	935
3	9	3	993
3	10	3	1197
4	1	1	848
4	1	5	116
4	2	1	742
4	2	5	137
4	3	1	880
4	3	5	190
4	4	1	731
4	4	5	229
4	5	1	707
4	5	5	237
4	6	1	779
4	6	5	219
4	7	1	734
4	7	5	352
4	8	1	826
4	8	5	172
4	9	1	647
4	9	5	234
4	10	1	1046
4	10	5	335
5	1	3	398
5	1	5	311
5	2	3	593
5	2	5	623
5	3	3	412
5	3	5	597
5	4	3	445
5	4	5	365
5	5	3	508
5	5	5	893
5	6	3	249
5	6	5	698
5	7	3	371
5	7	5	667
5	8	3	591
5	8	5	659
5	9	3	512
5	9	5	633
5	10	3	350
5	10	5	713


Warehouse Inventory (W P T):
1	61		957		0		749		488		61	
2	0		3010		2130		1002		760		0	
3	0		1966		975		995		787		0	
4	0		1728		582		781		594		0	
5	0		1927		936		1272		1130		0	
6	0		2230		1675		1055		917		0	
7	246		991		0		1513		1265		246	
8	325		1090		0		1308		1156		325	
9	710		1134		0		1650		1577		710	
10	2022		896		0		3340		3070		2022	

Store Inventory (S P T):
Store1
1	184		0		715		560		423		184	
2	75		0		791		487		328		75	
3	176		0		851		577		450		176	
4	264		0		846		674		407		264	
5	295		0		863		665		476		295	
6	0		0		446		186		186		0	
7	178		0		786		460		260		178	
8	367		0		883		655		499		367	
9	212		0		880		762		468		212	
10	130		0		738		498		383		130	
Store2
1	0		625		355		94		185		0	
2	0		781		620		378		299		0	
3	0		551		379		171		264		0	
4	0		425		243		56		52		0	
5	0		607		407		265		139		0	
6	0		564		455		317		264		0	
7	0		727		423		175		186		0	
8	0		672		432		280		182		0	
9	0		481		237		164		90		0	
10	0		617		370		100		233		0	
Store3
1	502		160		0		976		754		502	
2	182		179		0		405		268		182	
3	449		203		0		706		563		449	
4	373		187		0		942		615		373	
5	298		69		0		834		625		298	
6	518		222		0		961		688		518	
7	534		307		0		1072		779		534	
8	220		158		0		775		605		220	
9	465		253		0		845		689		465	
10	564		375		0		1118		815		564	
Store4
1	0		646		519		251		0		0	
2	0		675		491		363		0		0	
3	0		519		373		166		0		0	
4	0		519		211		199		0		0	
5	0		541		458		159		0		0	
6	0		524		293		132		0		0	
7	0		600		514		355		0		0	
8	0		657		516		216		0		0	
9	0		440		239		93		0		0	
10	0		746		557		223		0		0	
Store5
1	349		200		0		200		69		349	
2	511		281		0		281		2		511	
3	507		256		0		256		40		507	
4	370		169		0		169		50		370	
5	544		341		0		341		21		544	
6	437		171		55		171		0		437	
7	444		227		38		227		0		444	
8	462		316		0		316		32		462	
9	510		268		0		268		119		510	
10	433		166		29		166		0		433	


Shipments from Vendor to Warehouse (V T):
0.8898773	0	0.8779566	0	0	

Shipments from Warehouse to Stores (S T):
1	2	0.3469193
1	3	0.04733
1	4	0.1293433
1	5	0.15727
2	1	0.2787634
2	4	0.2693093
2	5	0.16084
3	3	0.4834333
3	4	0.12511
3	5	0.1324833
4	1	0.2684933
4	4	0.1615733
4	5	0.2858734
5	3	0.2844993
5	5	0.3966193


Required Putaway workers (Sol T):
3	4	3	2	0	

No of required pickers (T):
5	3	7	7	7	

No of part-time putaway workers (T):
0	1	0	0	0	

No of part-time pickers (T):
0	0	2	2	2	

Best Putaway Technology: 1200
Best Picking Technology: 500

Required Fashion Putaway Hours:
0	26.94167	0	15.82083	0	

Required Basic Putaway Hours:
23.94083	0	18.58583	0	0	

Required Total Putaway Hours:
23.94083	26.94167	18.58583	15.82083	0	

No of required fashion pick hours:
0	0	18.59	46.07	37.97	

No of required basic pick hours:
32.328	19.262	29.872	3.842	16.76	

No of required total pick hours:
32.328	19.262	48.462	49.912	54.73	

List of all the costs: 
MHECost		432
PutawayTechCost		1060
PickingTechCost		3195
WhBasicInvCost		510
BasicInbCost		6175.813
WhFashionInvCost		743.4999
FashionInbCost		5549.976
PutawayCost		5040
StoreBasicInvCost		3810.45
StoreFashionInvCost		4647
OutboundCost		15351.67
PickingCost		9440
Total		55955.41

List of Top5 Technologies: 
Tech1		2	5	$ 55955.41
Tech2		2	6	$ 58159.3
Tech3		3	6	$ 59348.24
Tech4		3	1	$ 98590.61
Tech5		2	1	$ 99730.63
The start time is 12/17/2014 3:32:07 PM
The End time is 12/17/2014 3:32:13 PM
