WarehouseVolume:[
(1)	[100000000]
]
StoreVolume:[
(1)	[10000000]
(2)	[10000000]
(3)	[10000000]
(4)	[10000000]
(5)	[10000000]
]
StoreDemand:[
(1	1	1)	[184]
(1	1	2)	[242]
(1	1	3)	[155]
(1	1	4)	[137]
(1	1	5)	[239]
(1	2	1)	[75]
(1	2	2)	[89]
(1	2	3)	[304]
(1	2	4)	[159]
(1	2	5)	[253]
(1	3	1)	[176]
(1	3	2)	[140]
(1	3	3)	[274]
(1	3	4)	[127]
(1	3	5)	[274]
(1	4	1)	[264]
(1	4	2)	[300]
(1	4	3)	[172]
(1	4	4)	[267]
(1	4	5)	[143]
(1	5	1)	[295]
(1	5	2)	[128]
(1	5	3)	[198]
(1	5	4)	[189]
(1	5	5)	[181]
(1	6	1)	[0]
(1	6	2)	[109]
(1	6	3)	[260]
(1	6	4)	[0]
(1	6	5)	[186]
(1	7	1)	[178]
(1	7	2)	[205]
(1	7	3)	[326]
(1	7	4)	[200]
(1	7	5)	[82]
(1	8	1)	[367]
(1	8	2)	[207]
(1	8	3)	[228]
(1	8	4)	[156]
(1	8	5)	[132]
(1	9	1)	[212]
(1	9	2)	[254]
(1	9	3)	[118]
(1	9	4)	[294]
(1	9	5)	[256]
(1	10	1)	[130]
(1	10	2)	[158]
(1	10	3)	[240]
(1	10	4)	[115]
(1	10	5)	[253]
(2	1	1)	[159]
(2	1	2)	[270]
(2	1	3)	[261]
(2	1	4)	[170]
(2	1	5)	[185]
(2	2	1)	[281]
(2	2	2)	[161]
(2	2	3)	[242]
(2	2	4)	[321]
(2	2	5)	[299]
(2	3	1)	[272]
(2	3	2)	[172]
(2	3	3)	[208]
(2	3	4)	[115]
(2	3	5)	[264]
(2	4	1)	[298]
(2	4	2)	[182]
(2	4	3)	[187]
(2	4	4)	[191]
(2	4	5)	[52]
(2	5	1)	[242]
(2	5	2)	[200]
(2	5	3)	[142]
(2	5	4)	[268]
(2	5	5)	[139]
(2	6	1)	[187]
(2	6	2)	[109]
(2	6	3)	[138]
(2	6	4)	[191]
(2	6	5)	[264]
(2	7	1)	[204]
(2	7	2)	[304]
(2	7	3)	[248]
(2	7	4)	[237]
(2	7	5)	[186]
(2	8	1)	[251]
(2	8	2)	[240]
(2	8	3)	[152]
(2	8	4)	[250]
(2	8	5)	[182]
(2	9	1)	[274]
(2	9	2)	[244]
(2	9	3)	[73]
(2	9	4)	[147]
(2	9	5)	[90]
(2	10	1)	[6]
(2	10	2)	[247]
(2	10	3)	[270]
(2	10	4)	[137]
(2	10	5)	[233]
(3	1	1)	[342]
(3	1	2)	[160]
(3	1	3)	[165]
(3	1	4)	[222]
(3	1	5)	[252]
(3	2	1)	[3]
(3	2	2)	[179]
(3	2	3)	[130]
(3	2	4)	[137]
(3	2	5)	[86]
(3	3	1)	[246]
(3	3	2)	[203]
(3	3	3)	[251]
(3	3	4)	[143]
(3	3	5)	[114]
(3	4	1)	[186]
(3	4	2)	[187]
(3	4	3)	[112]
(3	4	4)	[327]
(3	4	5)	[242]
(3	5	1)	[229]
(3	5	2)	[69]
(3	5	3)	[245]
(3	5	4)	[209]
(3	5	5)	[327]
(3	6	1)	[296]
(3	6	2)	[222]
(3	6	3)	[235]
(3	6	4)	[273]
(3	6	5)	[170]
(3	7	1)	[227]
(3	7	2)	[307]
(3	7	3)	[348]
(3	7	4)	[293]
(3	7	5)	[245]
(3	8	1)	[62]
(3	8	2)	[158]
(3	8	3)	[160]
(3	8	4)	[170]
(3	8	5)	[385]
(3	9	1)	[212]
(3	9	2)	[253]
(3	9	3)	[148]
(3	9	4)	[156]
(3	9	5)	[224]
(3	10	1)	[189]
(3	10	2)	[375]
(3	10	3)	[79]
(3	10	4)	[303]
(3	10	5)	[251]
(4	1	1)	[202]
(4	1	2)	[127]
(4	1	3)	[268]
(4	1	4)	[251]
(4	1	5)	[116]
(4	2	1)	[67]
(4	2	2)	[184]
(4	2	3)	[128]
(4	2	4)	[363]
(4	2	5)	[137]
(4	3	1)	[361]
(4	3	2)	[146]
(4	3	3)	[207]
(4	3	4)	[166]
(4	3	5)	[190]
(4	4	1)	[212]
(4	4	2)	[308]
(4	4	3)	[12]
(4	4	4)	[199]
(4	4	5)	[229]
(4	5	1)	[166]
(4	5	2)	[83]
(4	5	3)	[299]
(4	5	4)	[159]
(4	5	5)	[237]
(4	6	1)	[255]
(4	6	2)	[231]
(4	6	3)	[161]
(4	6	4)	[132]
(4	6	5)	[219]
(4	7	1)	[134]
(4	7	2)	[86]
(4	7	3)	[159]
(4	7	4)	[355]
(4	7	5)	[352]
(4	8	1)	[169]
(4	8	2)	[141]
(4	8	3)	[300]
(4	8	4)	[216]
(4	8	5)	[172]
(4	9	1)	[207]
(4	9	2)	[201]
(4	9	3)	[146]
(4	9	4)	[93]
(4	9	5)	[234]
(4	10	1)	[300]
(4	10	2)	[189]
(4	10	3)	[334]
(4	10	4)	[223]
(4	10	5)	[335]
(5	1	1)	[149]
(5	1	2)	[200]
(5	1	3)	[198]
(5	1	4)	[131]
(5	1	5)	[31]
(5	2	1)	[230]
(5	2	2)	[281]
(5	2	3)	[312]
(5	2	4)	[279]
(5	2	5)	[114]
(5	3	1)	[251]
(5	3	2)	[256]
(5	3	3)	[156]
(5	3	4)	[216]
(5	3	5)	[130]
(5	4	1)	[201]
(5	4	2)	[169]
(5	4	3)	[276]
(5	4	4)	[119]
(5	4	5)	[45]
(5	5	1)	[203]
(5	5	2)	[341]
(5	5	3)	[167]
(5	5	4)	[320]
(5	5	5)	[370]
(5	6	1)	[266]
(5	6	2)	[116]
(5	6	3)	[133]
(5	6	4)	[171]
(5	6	5)	[261]
(5	7	1)	[217]
(5	7	2)	[189]
(5	7	3)	[182]
(5	7	4)	[227]
(5	7	5)	[223]
(5	8	1)	[146]
(5	8	2)	[316]
(5	8	3)	[275]
(5	8	4)	[284]
(5	8	5)	[229]
(5	9	1)	[242]
(5	9	2)	[268]
(5	9	3)	[244]
(5	9	4)	[149]
(5	9	5)	[242]
(5	10	1)	[267]
(5	10	2)	[137]
(5	10	3)	[213]
(5	10	4)	[166]
(5	10	5)	[280]
]
FixedCostVendorToWarehouse:[
(1	1)	[468.61]
]
FixedCostWarehouseToStore:[
(1	1)	[45.59]
(1	2)	[85.67]
(1	3)	[401.77]
(1	4)	[45.59]
(1	5)	[297.11]
]
Variable_FixedCostVendorToWarehouse:[
(1	1)	[1306.68]
]
VariableCostVendorToWarehouse:[
(1	1)	[0.099]
]
Variable_FixedCostWarehouseToStore:[
(1	1)	[441.14]
(1	2)	[541.39]
(1	3)	[1185.2]
(1	4)	[441.14]
(1	5)	[975.07]
]
VariableCostWarehouseToStore:[
(1	1)	[0.027]
(1	2)	[0.041]
(1	3)	[0.09]
(1	4)	[0.027]
(1	5)	[0.074]
]
ProductVolume:[
(1)	[0.52]
(2)	[0.25]
(3)	[0.48]
(4)	[0.98]
(5)	[0.79]
(6)	[0.29]
(7)	[0.28]
(8)	[0.77]
(9)	[0.89]
(10)	[0.73]
]
ProductWeight:[
(1)	[0.63]
(2)	[0.17]
(3)	[0.16]
(4)	[0.96]
(5)	[0.19]
(6)	[0.31]
(7)	[0.9]
(8)	[0.74]
(9)	[0.66]
(10)	[0.43]
]
MapVendorToProduct:[
(1	1)	[1]
(1	2)	[1]
(1	3)	[1]
(1	4)	[1]
(1	5)	[1]
(1	6)	[1]
(1	7)	[1]
(1	8)	[1]
(1	9)	[1]
(1	10)	[1]
]
LeadTimeWarehouseToStores:[
(1	1)	[0]
(1	2)	[0]
(1	3)	[0]
(1	4)	[0]
(1	5)	[0]
]
StoreDemandForFashionProducts:[
(1	1)	[1350]
(1	2)	[1035]
(1	3)	[810]
(1	4)	[375]
(1	5)	[635]
(1	6)	[1840]
(1	7)	[805]
(1	8)	[655]
(1	9)	[825]
(1	10)	[985]
(2	1)	[710]
(2	2)	[1470]
(2	3)	[1330]
(2	4)	[680]
(2	5)	[980]
(2	6)	[1785]
(2	7)	[1560]
(2	8)	[585]
(2	9)	[685]
(2	10)	[520]
(3	1)	[925]
(3	2)	[1240]
(3	3)	[425]
(3	4)	[1515]
(3	5)	[875]
(3	6)	[1915]
(3	7)	[1010]
(3	8)	[900]
(3	9)	[1395]
(3	10)	[1200]
(4	1)	[1790]
(4	2)	[545]
(4	3)	[990]
(4	4)	[1295]
(4	5)	[940]
(4	6)	[1085]
(4	7)	[725]
(4	8)	[525]
(4	9)	[1565]
(4	10)	[1315]
(5	1)	[1170]
(5	2)	[1145]
(5	3)	[1225]
(5	4)	[480]
(5	5)	[1200]
(5	6)	[665]
(5	7)	[740]
(5	8)	[965]
(5	9)	[1115]
(5	10)	[815]
]
FixedCostFashionVendorToWarehouse:[
(1	1)	[401.77]
]
Variable_FixedCostFashionVendorToWarehouse:[
(1	1)	[1185.2]
]
VariableCostFashionVendorToWarehouse:[
(1	1)	[0.09]
]
FashionProductVolume:[
(1)	[0.32]
(2)	[0.83]
(3)	[0.84]
(4)	[0.26]
(5)	[0.22]
(6)	[0.04]
(7)	[0.84]
(8)	[0.79]
(9)	[0.59]
(10)	[0.49]
]
FashionProductWeight:[
(1)	[0.87]
(2)	[0.57]
(3)	[0.65]
(4)	[0.32]
(5)	[0.83]
(6)	[0.62]
(7)	[0.37]
(8)	[0.2]
(9)	[0.19]
(10)	[0.35]
]
MapFashionVendorToProduct:[
(1	1)	[1]
(1	2)	[1]
(1	3)	[1]
(1	4)	[1]
(1	5)	[1]
(1	6)	[1]
(1	7)	[1]
(1	8)	[1]
(1	9)	[1]
(1	10)	[1]
]
