Results from Tech10
Putaway Technology: 1200.0
Picking Technology: 500.0

Full-Time Putaway workers: 2.0
Full-Time Picking workers: 5.0

Cost Breakdown:
	MHECost              $378.00
	PutawayTechCost      $1,060.00
	PickingTechCost      $3,195.00
	WhBasicInvCost       $549.55
	BasicInbCost         $3,411.98
	WhFashionInvCost     $1,343.45
	FashionInbCost       $5,075.82
	PutawayCost          $4,160.00
	StoreBasicInvCost    $2,757.95
	StoreFashionInvCost  $4,970.50
	OutboundCost         $9,630.85
	PickingCost          $8,960.00
	Total                $45,493.10


Printing New Fashion Solution:

Inbound Fashion Solution
1 	1 	2 	5245
1 	10 	2 	4915
1 	2 	2 	5315
1 	3 	2 	6675
1 	4 	1 	5410
1 	5 	1 	5225
1 	6 	1 	4845
1 	7 	2 	4520
1 	8 	1 	5480
1 	9 	1 	4455

Outbound Solution
1 	1 	4 	1280
1 	10 	4 	775
1 	2 	4 	1450
1 	3 	4 	1130
1 	4 	4 	1380
1 	5 	2 	730
1 	6 	4 	1030
1 	7 	4 	525
1 	8 	2 	1190
1 	9 	4 	1190
2 	1 	4 	975
2 	10 	4 	1055
2 	2 	4 	780
2 	3 	4 	1375
2 	4 	4 	1235
2 	5 	4 	1390
2 	6 	4 	1165
2 	7 	4 	745
2 	8 	4 	1120
2 	9 	4 	565
3 	1 	5 	1290
3 	10 	5 	1380
3 	2 	5 	800
3 	3 	5 	1145
3 	4 	5 	1415
3 	5 	5 	1565
3 	6 	5 	790
3 	7 	5 	1295
3 	8 	5 	1590
3 	9 	5 	1425
4 	1 	3 	1160
4 	10 	3 	535
4 	2 	3 	790
4 	3 	3 	1430
4 	4 	3 	765
4 	5 	3 	865
4 	6 	3 	1115
4 	7 	3 	980
4 	8 	3 	1200
4 	9 	3 	425
5 	1 	5 	540
5 	10 	5 	1170
5 	2 	5 	1495
5 	3 	5 	1595
5 	4 	2 	615
5 	5 	2 	675
5 	6 	5 	745
5 	7 	5 	975
5 	8 	5 	380
5 	9 	5 	850

Store Inventory
Store1
1 0          0          0          1280       1280      
1 0          0          0          775        775       
1 0          0          0          1450       1450      
1 0          0          0          1130       1130      
1 0          0          0          1380       1380      
1 0          730        730        730        730       
1 0          0          0          1030       1030      
1 0          0          0          525        525       
1 0          1190       1190       1190       1190      
1 0          0          0          1190       1190      
Store2
1 0          0          0          975        975       
1 0          0          0          1055       1055      
1 0          0          0          780        780       
1 0          0          0          1375       1375      
1 0          0          0          1235       1235      
1 0          0          0          1390       1390      
1 0          0          0          1165       1165      
1 0          0          0          745        745       
1 0          0          0          1120       1120      
1 0          0          0          565        565       
Store3
1 0          0          0          0          1290      
1 0          0          0          0          1380      
1 0          0          0          0          800       
1 0          0          0          0          1145      
1 0          0          0          0          1415      
1 0          0          0          0          1565      
1 0          0          0          0          790       
1 0          0          0          0          1295      
1 0          0          0          0          1590      
1 0          0          0          0          1425      
Store4
1 0          0          1160       1160       1160      
1 0          0          535        535        535       
1 0          0          790        790        790       
1 0          0          1430       1430       1430      
1 0          0          765        765        765       
1 0          0          865        865        865       
1 0          0          1115       1115       1115      
1 0          0          980        980        980       
1 0          0          1200       1200       1200      
1 0          0          425        425        425       
Store5
1 0          0          0          0          540       
1 0          0          0          0          1170      
1 0          0          0          0          1495      
1 0          0          0          0          1595      
1 0          615        615        615        615       
1 0          675        675        675        675       
1 0          0          0          0          745       
1 0          0          0          0          975       
1 0          0          0          0          380       
1 0          0          0          0          850       

Shipments from (Basic) Vendor to Warehouse
1          2          0          0          0         

Printing New Basic Solution:


Inbound Solution
1 	1 	1 	0
1 	1 	2 	0
1 	1 	3 	1370
1 	1 	4 	0
1 	1 	5 	3700
1 	10 	1 	0
1 	10 	2 	0
1 	10 	3 	1681
1 	10 	4 	0
1 	10 	5 	3123
1 	2 	1 	0
1 	2 	2 	0
1 	2 	3 	4513
1 	2 	4 	0
1 	2 	5 	477
1 	3 	1 	0
1 	3 	2 	0
1 	3 	3 	1562
1 	3 	4 	0
1 	3 	5 	3448
1 	4 	1 	0
1 	4 	2 	0
1 	4 	3 	2287
1 	4 	4 	0
1 	4 	5 	3006
1 	5 	1 	0
1 	5 	2 	0
1 	5 	3 	1913
1 	5 	4 	0
1 	5 	5 	2828
1 	6 	1 	0
1 	6 	2 	0
1 	6 	3 	1643
1 	6 	4 	0
1 	6 	5 	3440
1 	7 	1 	0
1 	7 	2 	0
1 	7 	3 	1826
1 	7 	4 	0
1 	7 	5 	2636
1 	8 	1 	0
1 	8 	2 	0
1 	8 	3 	2059
1 	8 	4 	0
1 	8 	5 	3153
1 	9 	1 	0
1 	9 	2 	0
1 	9 	3 	2108
1 	9 	4 	0
1 	9 	5 	2989

Outbound Solution
Store1
1 0          388        0          480        0         
10 0          218        0          814        0         
2 0          380        0          640        0         
3 0          351        0          675        0         
4 0          481        0          510        0         
5 0          282        0          361        0         
6 0          384        0          634        0         
7 0          421        0          538        0         
8 0          767        0          664        0         
9 0          540        0          871        0         
Store2
1 1178       0          0          0          0         
10 849        0          0          0          0         
2 738        0          0          502        0         
3 994        0          0          0          0         
4 416        0          0          653        0         
5 597        0          0          369        0         
6 1069       0          0          0          0         
7 367        0          0          292        0         
8 410        0          0          381        0         
9 532        0          0          451        0         
Store3
1 0          577        0          0          525       
10 0          596        0          0          345       
2 0          459        0          0          218       
3 0          712        0          0          323       
4 0          931        0          0          274       
5 0          637        0          0          350       
6 0          641        0          0          545       
7 0          742        0          0          541       
8 0          408        0          0          353       
9 0          548        0          0          336       
Store4
1 0          0          890        0          0         
10 0          0          867        0          0         
2 0          0          938        0          0         
3 0          0          887        0          0         
4 0          0          1124       0          0         
5 0          0          1183       0          0         
6 0          0          1009       0          0         
7 0          0          734        0          0         
8 0          0          1014       0          0         
9 0          0          786        0          0         
Store5
1 0          796        0          0          236       
10 0          711        0          0          404       
2 0          737        0          0          378       
3 0          559        0          0          509       
4 0          679        0          0          225       
5 0          695        0          0          267       
6 0          548        0          0          253       
7 0          455        0          0          372       
8 0          717        0          0          498       
9 0          430        0          0          603       

Warehouse Inventory
1 1761       0          480        0          2939      
10 1525       0          814        0          2374      
2 1576       0          3575       2433       2314      
3 1622       0          675        0          2616      
4 2091       0          1163       0          2507      
5 1614       0          730        0          2211      
6 1573       0          634        0          2642      
7 1618       0          1092       262        1985      
8 1892       0          1045       0          2302      
9 1518       0          1322       0          2050      

Store Inventory
Store1
1 0          210        0          463        227       
10 0          35         0          447        242       
2 123        160        0          414        289       
3 0          126        0          527        256       
4 0          218        0          308        98        
5 0          177        0          259        113       
6 0          304        0          398        257       
7 0          165        0          341        244       
8 0          355        0          607        239       
9 0          336        0          493        209       
Store2
1 932        536        417        249        0         
10 761        456        182        106        0         
2 548        351        52         200        0         
3 732        590        531        299        0         
4 214        125        0          323        0         
5 493        281        0          230        0         
6 923        557        331        153        0         
7 283        119        0          64         0         
8 250        195        0          225        0         
9 333        204        0          156        0         
Store3
1 0          325        232        0          306       
10 0          346        175        0          99        
2 0          339        165        52         190       
3 0          498        176        0          45        
4 0          477        261        0          84        
5 0          507        120        0          161       
6 0          364        225        0          270       
7 0          486        193        0          249       
8 0          257        77         0          136       
9 0          302        148        0          175       
Store4
1 147        0          791        672        364       
10 146        0          542        470        390       
2 190        0          611        419        322       
3 143        0          813        605        455       
4 118        0          883        657        316       
5 287        0          890        706        497       
6 224        0          805        585        396       
7 122        0          499        347        178       
8 202        0          842        624        491       
9 74         0          572        512        273       
Store5
1 0          650        270        0          95        
10 0          416        208        0          262       
2 0          428        351        0          228       
3 0          366        181        0          207       
4 0          488        138        0          14        
5 0          397        201        0          250       
6 0          374        186        0          192       
7 0          318        212        0          183       
8 0          529        221        0          192       
9 0          272        272        0          397       

Shipments from (Basic) Vendor to Warehouse
0          0          1          0          1         

Shipments from (Fashion) Vendor to Warehouse
1          2          0          0          0         

Shipments from Warehouse to Stores
1 0          1          0          1          0         
2 1          0          0          1          0         
3 0          1          0          0          1         
4 0          0          1          0          0         
5 0          1          0          0          1         

No of part-time putaway workers:
1          1          1          0          1         

No of part-time picking workers:
0          0          0          2          2         
