WarehouseVolume:[
(1)	[100000000]
]
StoreVolume:[
(1)	[10000000]
(2)	[10000000]
(3)	[10000000]
(4)	[10000000]
(5)	[10000000]
]
StoreDemand:[
(1	1	1)	[165]
(1	1	2)	[235]
(1	1	3)	[42]
(1	1	4)	[95]
(1	1	5)	[2]
(1	2	1)	[136]
(1	2	2)	[191]
(1	2	3)	[98]
(1	2	4)	[174]
(1	2	5)	[219]
(1	3	1)	[136]
(1	3	2)	[122]
(1	3	3)	[226]
(1	3	4)	[234]
(1	3	5)	[173]
(1	4	1)	[52]
(1	4	2)	[64]
(1	4	3)	[72]
(1	4	4)	[143]
(1	4	5)	[237]
(1	5	1)	[177]
(1	5	2)	[269]
(1	5	3)	[104]
(1	5	4)	[212]
(1	5	5)	[161]
(1	6	1)	[69]
(1	6	2)	[155]
(1	6	3)	[105]
(1	6	4)	[208]
(1	6	5)	[126]
(1	7	1)	[206]
(1	7	2)	[81]
(1	7	3)	[191]
(1	7	4)	[223]
(1	7	5)	[317]
(1	8	1)	[218]
(1	8	2)	[190]
(1	8	3)	[121]
(1	8	4)	[142]
(1	8	5)	[85]
(1	9	1)	[280]
(1	9	2)	[344]
(1	9	3)	[223]
(1	9	4)	[100]
(1	9	5)	[72]
(1	10	1)	[215]
(1	10	2)	[89]
(1	10	3)	[222]
(1	10	4)	[0]
(1	10	5)	[20]
(2	1	1)	[94]
(2	1	2)	[62]
(2	1	3)	[223]
(2	1	4)	[37]
(2	1	5)	[302]
(2	2	1)	[220]
(2	2	2)	[176]
(2	2	3)	[189]
(2	2	4)	[218]
(2	2	5)	[39]
(2	3	1)	[155]
(2	3	2)	[310]
(2	3	3)	[171]
(2	3	4)	[129]
(2	3	5)	[202]
(2	4	1)	[362]
(2	4	2)	[263]
(2	4	3)	[85]
(2	4	4)	[116]
(2	4	5)	[122]
(2	5	1)	[284]
(2	5	2)	[183]
(2	5	3)	[104]
(2	5	4)	[213]
(2	5	5)	[260]
(2	6	1)	[281]
(2	6	2)	[194]
(2	6	3)	[230]
(2	6	4)	[323]
(2	6	5)	[225]
(2	7	1)	[193]
(2	7	2)	[234]
(2	7	3)	[296]
(2	7	4)	[242]
(2	7	5)	[186]
(2	8	1)	[173]
(2	8	2)	[267]
(2	8	3)	[241]
(2	8	4)	[118]
(2	8	5)	[234]
(2	9	1)	[71]
(2	9	2)	[94]
(2	9	3)	[93]
(2	9	4)	[198]
(2	9	5)	[220]
(2	10	1)	[285]
(2	10	2)	[195]
(2	10	3)	[225]
(2	10	4)	[106]
(2	10	5)	[229]
(3	1	1)	[235]
(3	1	2)	[194]
(3	1	3)	[325]
(3	1	4)	[137]
(3	1	5)	[79]
(3	2	1)	[239]
(3	2	2)	[207]
(3	2	3)	[298]
(3	2	4)	[234]
(3	2	5)	[228]
(3	3	1)	[232]
(3	3	2)	[60]
(3	3	3)	[144]
(3	3	4)	[203]
(3	3	5)	[143]
(3	4	1)	[163]
(3	4	2)	[171]
(3	4	3)	[188]
(3	4	4)	[210]
(3	4	5)	[144]
(3	5	1)	[138]
(3	5	2)	[218]
(3	5	3)	[259]
(3	5	4)	[78]
(3	5	5)	[251]
(3	6	1)	[123]
(3	6	2)	[278]
(3	6	3)	[174]
(3	6	4)	[226]
(3	6	5)	[344]
(3	7	1)	[73]
(3	7	2)	[221]
(3	7	3)	[289]
(3	7	4)	[125]
(3	7	5)	[107]
(3	8	1)	[262]
(3	8	2)	[241]
(3	8	3)	[230]
(3	8	4)	[0]
(3	8	5)	[142]
(3	9	1)	[203]
(3	9	2)	[247]
(3	9	3)	[156]
(3	9	4)	[210]
(3	9	5)	[225]
(3	10	1)	[171]
(3	10	2)	[333]
(3	10	3)	[156]
(3	10	4)	[220]
(3	10	5)	[276]
(4	1	1)	[102]
(4	1	2)	[0]
(4	1	3)	[0]
(4	1	4)	[272]
(4	1	5)	[212]
(4	2	1)	[346]
(4	2	2)	[253]
(4	2	3)	[230]
(4	2	4)	[246]
(4	2	5)	[174]
(4	3	1)	[158]
(4	3	2)	[96]
(4	3	3)	[221]
(4	3	4)	[162]
(4	3	5)	[313]
(4	4	1)	[147]
(4	4	2)	[208]
(4	4	3)	[163]
(4	4	4)	[221]
(4	4	5)	[172]
(4	5	1)	[259]
(4	5	2)	[328]
(4	5	3)	[166]
(4	5	4)	[90]
(4	5	5)	[184]
(4	6	1)	[326]
(4	6	2)	[167]
(4	6	3)	[259]
(4	6	4)	[300]
(4	6	5)	[312]
(4	7	1)	[86]
(4	7	2)	[463]
(4	7	3)	[456]
(4	7	4)	[207]
(4	7	5)	[137]
(4	8	1)	[179]
(4	8	2)	[289]
(4	8	3)	[49]
(4	8	4)	[222]
(4	8	5)	[221]
(4	9	1)	[285]
(4	9	2)	[120]
(4	9	3)	[228]
(4	9	4)	[339]
(4	9	5)	[159]
(4	10	1)	[171]
(4	10	2)	[277]
(4	10	3)	[136]
(4	10	4)	[268]
(4	10	5)	[151]
(5	1	1)	[347]
(5	1	2)	[98]
(5	1	3)	[136]
(5	1	4)	[151]
(5	1	5)	[174]
(5	2	1)	[246]
(5	2	2)	[141]
(5	2	3)	[406]
(5	2	4)	[221]
(5	2	5)	[256]
(5	3	1)	[265]
(5	3	2)	[296]
(5	3	3)	[228]
(5	3	4)	[193]
(5	3	5)	[360]
(5	4	1)	[139]
(5	4	2)	[197]
(5	4	3)	[315]
(5	4	4)	[256]
(5	4	5)	[339]
(5	5	1)	[197]
(5	5	2)	[199]
(5	5	3)	[49]
(5	5	4)	[306]
(5	5	5)	[17]
(5	6	1)	[239]
(5	6	2)	[252]
(5	6	3)	[199]
(5	6	4)	[182]
(5	6	5)	[235]
(5	7	1)	[283]
(5	7	2)	[205]
(5	7	3)	[164]
(5	7	4)	[202]
(5	7	5)	[187]
(5	8	1)	[101]
(5	8	2)	[37]
(5	8	3)	[146]
(5	8	4)	[194]
(5	8	5)	[168]
(5	9	1)	[29]
(5	9	2)	[273]
(5	9	3)	[115]
(5	9	4)	[78]
(5	9	5)	[196]
(5	10	1)	[225]
(5	10	2)	[199]
(5	10	3)	[143]
(5	10	4)	[312]
(5	10	5)	[146]
]
FixedCostVendorToWarehouse:[
(1	1)	[143.71]
]
FixedCostWarehouseToStore:[
(1	1)	[97.5]
(1	2)	[297.11]
(1	3)	[66.13]
(1	4)	[85.67]
(1	5)	[97.5]
]
Variable_FixedCostVendorToWarehouse:[
(1	1)	[659.96]
]
VariableCostVendorToWarehouse:[
(1	1)	[0.05]
]
Variable_FixedCostWarehouseToStore:[
(1	1)	[570.02]
(1	2)	[975.07]
(1	3)	[492.45]
(1	4)	[541.39]
(1	5)	[570.02]
]
VariableCostWarehouseToStore:[
(1	1)	[0.042]
(1	2)	[0.074]
(1	3)	[0.034]
(1	4)	[0.041]
(1	5)	[0.042]
]
ProductVolume:[
(1)	[0.13]
(2)	[0.71]
(3)	[0.69]
(4)	[0.57]
(5)	[0.36]
(6)	[0.35]
(7)	[0.74]
(8)	[0.29]
(9)	[0.72]
(10)	[0.26]
]
ProductWeight:[
(1)	[0.8]
(2)	[0.13]
(3)	[0.44]
(4)	[0.3]
(5)	[0.48]
(6)	[0.74]
(7)	[0.99]
(8)	[0.39]
(9)	[0.82]
(10)	[0.37]
]
MapVendorToProduct:[
(1	1)	[1]
(1	2)	[1]
(1	3)	[1]
(1	4)	[1]
(1	5)	[1]
(1	6)	[1]
(1	7)	[1]
(1	8)	[1]
(1	9)	[1]
(1	10)	[1]
]
LeadTimeWarehouseToStores:[
(1	1)	[0]
(1	2)	[0]
(1	3)	[0]
(1	4)	[0]
(1	5)	[0]
]
StoreDemandForFashionProducts:[
(1	1)	[1470]
(1	2)	[1055]
(1	3)	[785]
(1	4)	[845]
(1	5)	[390]
(1	6)	[330]
(1	7)	[1660]
(1	8)	[790]
(1	9)	[1020]
(1	10)	[1200]
(2	1)	[1060]
(2	2)	[790]
(2	3)	[85]
(2	4)	[930]
(2	5)	[1030]
(2	6)	[975]
(2	7)	[845]
(2	8)	[1155]
(2	9)	[1390]
(2	10)	[885]
(3	1)	[785]
(3	2)	[1530]
(3	3)	[790]
(3	4)	[1340]
(3	5)	[1055]
(3	6)	[1505]
(3	7)	[1470]
(3	8)	[335]
(3	9)	[635]
(3	10)	[1285]
(4	1)	[1425]
(4	2)	[1000]
(4	3)	[945]
(4	4)	[1460]
(4	5)	[1265]
(4	6)	[1190]
(4	7)	[365]
(4	8)	[1125]
(4	9)	[1625]
(4	10)	[1290]
(5	1)	[680]
(5	2)	[1390]
(5	3)	[0]
(5	4)	[1375]
(5	5)	[1890]
(5	6)	[820]
(5	7)	[835]
(5	8)	[1165]
(5	9)	[1170]
(5	10)	[1305]
]
FixedCostFashionVendorToWarehouse:[
(1	1)	[143.71]
]
Variable_FixedCostFashionVendorToWarehouse:[
(1	1)	[659.96]
]
VariableCostFashionVendorToWarehouse:[
(1	1)	[0.05]
]
FashionProductVolume:[
(1)	[0.57]
(2)	[0.46]
(3)	[0.87]
(4)	[0.1]
(5)	[0.68]
(6)	[0.47]
(7)	[0.83]
(8)	[0.41]
(9)	[0.26]
(10)	[0.19]
]
FashionProductWeight:[
(1)	[0.27]
(2)	[0.44]
(3)	[0.35]
(4)	[0.89]
(5)	[0.39]
(6)	[0.89]
(7)	[0.63]
(8)	[0.29]
(9)	[0.72]
(10)	[0.33]
]
MapFashionVendorToProduct:[
(1	1)	[1]
(1	2)	[1]
(1	3)	[1]
(1	4)	[1]
(1	5)	[1]
(1	6)	[1]
(1	7)	[1]
(1	8)	[1]
(1	9)	[1]
(1	10)	[1]
]
