Printing New Fashion Solution:

Inbound Fashion Solution (V F T):
1	1	2	6005
1	2	2	5095
1	3	1	5790
1	4	1	4710
1	5	1	6565
1	6	2	5460
1	7	2	2790
1	8	1	5120
1	9	1	5775
1	10	2	6340


Outbound Fashion Solution(S F T):
1	1	4	835
1	2	4	415
1	3	4	1220
1	4	2	815
1	5	2	1360
1	6	4	810
1	7	4	620
1	8	4	1330
1	9	2	1060
1	10	4	1560
2	1	4	1560
2	2	4	1050
2	3	4	1050
2	4	2	1120
2	5	4	1355
2	6	4	835
2	7	4	1085
2	8	2	1100
2	9	4	980
2	10	4	1360
3	1	3	1565
3	2	3	1100
3	3	3	1190
3	4	3	1040
3	5	3	1650
3	6	3	1735
3	7	3	365
3	8	2	1335
3	9	2	725
3	10	3	945
4	1	3	925
4	2	3	1055
4	3	3	1145
4	4	2	1185
4	5	4	1015
4	6	4	1325
4	7	4	210
4	8	3	470
4	9	4	1030
4	10	3	1030
5	1	4	1120
5	2	4	1475
5	3	4	1185
5	4	4	550
5	5	3	1185
5	6	4	755
5	7	3	510
5	8	3	885
5	9	3	1980
5	10	4	1445


Warehouse Fashion Inventory (W F T):
1	0		6005		3515		0		0	
2	0		5095		2940		0		0	
3	5790		5790		3455		0		0	
4	4710		1590		550		0		0	
5	6565		5205		2370		0		0	
6	0		5460		3725		0		0	
7	0		2790		1915		0		0	
8	5120		2685		1330		0		0	
9	5775		3990		2010		0		0	
10	0		6340		4365		0		0	

Store Fashion Inventory (S F T):
Store1
1	0		0		835		835	
2	0		0		415		415	
3	0		0		1220		1220	
4	815		815		815		815	
5	1360		1360		1360		1360	
6	0		0		810		810	
7	0		0		620		620	
8	0		0		1330		1330	
9	1060		1060		1060		1060	
10	0		0		1560		1560	
Store2
1	0		0		1560		1560	
2	0		0		1050		1050	
3	0		0		1050		1050	
4	1120		1120		1120		1120	
5	0		0		1355		1355	
6	0		0		835		835	
7	0		0		1085		1085	
8	1100		1100		1100		1100	
9	0		0		980		980	
10	0		0		1360		1360	
Store3
1	0		1565		1565		1565	
2	0		1100		1100		1100	
3	0		1190		1190		1190	
4	0		1040		1040		1040	
5	0		1650		1650		1650	
6	0		1735		1735		1735	
7	0		365		365		365	
8	1335		1335		1335		1335	
9	725		725		725		725	
10	0		945		945		945	
Store4
1	0		925		925		925	
2	0		1055		1055		1055	
3	0		1145		1145		1145	
4	1185		1185		1185		1185	
5	0		0		1015		1015	
6	0		0		1325		1325	
7	0		0		210		210	
8	0		470		470		470	
9	0		0		1030		1030	
10	0		1030		1030		1030	
Store5
1	0		0		1120		1120	
2	0		0		1475		1475	
3	0		0		1185		1185	
4	0		0		550		550	
5	0		1185		1185		1185	
6	0		0		755		755	
7	0		510		510		510	
8	0		885		885		885	
9	0		1980		1980		1980	
10	0		0		1445		1445	


Fashion Shipments from Vendor to Warehouse (V T):
0.9865633	0.86639	0	0	

Printing New Basic Solution:

Inbound Solution (V P T):
1	1	3	1689
1	1	5	2535
1	2	3	4124
1	2	5	459
1	3	3	2941
1	3	5	1962
1	4	3	4038
1	4	5	1010
1	5	3	3818
1	5	5	955
1	6	3	1077
1	6	5	4308
1	7	3	2091
1	7	5	3137
1	8	3	999
1	8	5	4000
1	9	3	517
1	9	5	4661
1	10	3	2138
1	10	5	3208


Outbound Solution(S P T):
1	1	4	940
1	2	4	968
1	3	4	1050
1	4	4	893
1	5	4	971
1	6	4	1039
1	7	4	1092
1	8	4	1115
1	9	4	1002
1	10	4	670
2	1	5	1118
2	2	5	939
2	3	5	914
2	4	5	910
2	5	5	911
2	6	5	961
2	7	5	978
2	8	5	988
2	9	5	978
2	10	5	1402
3	1	2	264
3	1	3	651
3	2	2	278
3	2	3	504
3	3	2	307
3	3	3	724
3	4	2	441
3	4	3	558
3	5	2	364
3	5	3	513
3	6	2	433
3	6	3	679
3	7	2	435
3	7	3	731
3	8	2	248
3	8	3	675
3	9	2	588
3	9	3	658
3	10	2	557
3	10	3	662
4	1	2	509
4	2	2	754
4	3	2	977
4	4	2	912
4	5	2	986
4	6	2	1077
4	7	2	976
4	8	2	1061
4	9	2	1028
4	10	2	1118
5	1	3	742
5	2	3	1140
5	3	3	931
5	4	3	1334
5	5	3	1028
5	6	3	1196
5	7	3	1016
5	8	3	912
5	9	3	924
5	10	3	937


Warehouse Inventory (W P T):
1	1417		1417		644		940		0		1417	
2	1032		1032		0		2480		1512		1032	
3	1284		1284		0		1286		236		1284	
4	1353		1353		0		2146		1253		1353	
5	1350		1350		0		2277		1306		1350	
6	3347		3347		1837		1039		0		3347	
7	2159		2159		748		1092		0		2159	
8	3012		3012		1703		1115		0		3012	
9	3683		3683		2067		1002		0		3683	
10	1806		1806		131		670		0		1806	

Store Inventory (S P T):
Store1
1	761		433		143		0		809		761	
2	532		314		166		0		672		532	
3	563		411		215		0		723		563	
4	638		379		84		0		785		638	
5	566		332		121		0		808		566	
6	586		455		263		0		778		586	
7	638		360		129		0		731		638	
8	705		334		299		0		977		705	
9	575		493		230		0		790		575	
10	281		173		85		0		395		281	
Store2
1	871		744		540		192		0		871	
2	820		632		418		168		0		820	
3	647		465		292		84		0		647	
4	783		651		377		202		0		783	
5	634		520		417		176		0		634	
6	648		580		271		44		0		648	
7	752		687		465		345		0		752	
8	800		497		402		116		0		800	
9	784		517		251		126		0		784	
10	1201		854		647		290		0		1201	
Store3
1	91		0		135		579		444		91	
2	292		0		121		491		370		292	
3	257		0		307		753		446		257	
4	227		0		229		582		353		227	
5	130		0		289		582		293		130	
6	127		0		180		666		486		127	
7	209		0		220		653		433		209	
8	151		0		184		685		501		151	
9	181		0		395		871		476		181	
10	265		0		270		651		381		265	
Store4
1	103		0		376		376		213		103	
2	84		0		503		316		212		84	
3	209		0		701		578		413		209	
4	199		0		781		586		365		199	
5	156		0		749		405		285		156	
6	143		0		732		567		349		143	
7	128		0		747		548		287		128	
8	133		0		837		643		392		133	
9	230		0		788		562		354		230	
10	263		0		810		601		525		263	
Store5
1	412		203		0		647		585		412	
2	502		228		0		955		651		502	
3	334		183		0		698		532		334	
4	551		267		0		1113		787		551	
5	409		269		0		678		439		409	
6	392		105		0		898		713		392	
7	361		205		0		804		654		361	
8	227		113		0		773		575		227	
9	381		137		0		695		581		381	
10	374		184		0		799		784		374	


Shipments from Vendor to Warehouse (V T):
0	0	0.861486	0	0.7703561	

Shipments from Warehouse to Stores (S T):
1	2	0.13476
1	4	0.5347093
2	2	0.04212
2	4	0.3398767
2	5	0.3252313
3	2	0.2056753
3	3	0.4986573
4	2	0.32716
4	3	0.17156
4	4	0.1306633
5	3	0.5419487
5	4	0.2324333


Required Putaway workers (Sol T):
3	3	3	0	3	

No of required pickers (T):
0	6	9	9	3	

No of part-time putaway workers (T):
1	1	1	0	1	

No of part-time pickers (T):
0	0	3	3	0	

Best Putaway Technology: 1200
Best Picking Technology: 500

Required Fashion Putaway Hours:
23.3	21.40833	0	0	0	

Required Basic Putaway Hours:
0	0	19.52667	0	21.8625	

Required Total Putaway Hours:
23.3	21.40833	19.52667	0	21.8625	

No of required fashion pick hours:
0	17.4	37.55	52.35	0	

No of required basic pick hours:
0	26.626	33.03	19.48	20.198	

No of required total pick hours:
0	44.026	70.58	71.83	20.198	

List of all the costs: 
MHECost		378
PutawayTechCost		1060
PickingTechCost		3195
WhBasicInvCost		663.7
BasicInbCost		3915.161
WhFashionInvCost		990.85
FashionInbCost		3733.932
PutawayCost		4160
StoreBasicInvCost		4552.25
StoreFashionInvCost		7173.75
OutboundCost		15140.11
PickingCost		11040
Total		56002.75

List of Top5 Technologies: 
Tech1		2	5	$ 56002.75
Tech2		2	1	$ 101498
Tech3		1	1	$ 117956.5
Tech4		None	None	$ -
Tech5		None	None	$ -
The start time is 12/23/2014 10:17:20 PM
The End time is 12/23/2014 10:17:33 PM
