Printing New Fashion Solution:

Inbound Fashion Solution (V F T):
1	1	2	6005
1	2	3	5095
1	3	3	5790
1	4	2	4710
1	5	2	6565
1	6	3	5460
1	7	3	2790
1	8	2	5120
1	9	3	5775
1	10	2	6340


Outbound Fashion Solution(S F T):
1	1	5	835
1	2	5	415
1	3	5	1220
1	4	4	815
1	5	3	1360
1	6	4	810
1	7	5	620
1	8	5	1330
1	9	5	1060
1	10	4	1560
2	1	5	1560
2	2	5	1050
2	3	5	1050
2	4	4	1120
2	5	4	1355
2	6	4	835
2	7	4	1085
2	8	5	1100
2	9	5	980
2	10	4	1360
3	1	5	1565
3	2	4	1100
3	3	5	1190
3	4	4	1040
3	5	4	1650
3	6	4	1735
3	7	5	365
3	8	5	1335
3	9	5	725
3	10	4	945
4	1	5	925
4	2	5	1055
4	3	5	1145
4	4	4	1185
4	5	4	1015
4	6	5	1325
4	7	4	210
4	8	5	470
4	9	5	1030
4	10	4	1030
5	1	5	1120
5	2	4	1475
5	3	5	1185
5	4	3	550
5	5	4	1185
5	6	4	755
5	7	5	510
5	8	5	885
5	9	5	1980
5	10	4	1445


Warehouse Fashion Inventory (W F T):
1	0		6005		6005		6005		0	
2	0		0		5095		2520		0	
3	0		0		5790		5790		0	
4	0		4710		4160		0		0	
5	0		6565		5205		0		0	
6	0		0		5460		1325		0	
7	0		0		2790		1495		0	
8	0		5120		5120		5120		0	
9	0		0		5775		5775		0	
10	0		6340		6340		0		0	

Store Fashion Inventory (S F T):
Store1
1	0		0		0		835	
2	0		0		0		415	
3	0		0		0		1220	
4	0		0		815		815	
5	0		1360		1360		1360	
6	0		0		810		810	
7	0		0		0		620	
8	0		0		0		1330	
9	0		0		0		1060	
10	0		0		1560		1560	
Store2
1	0		0		0		1560	
2	0		0		0		1050	
3	0		0		0		1050	
4	0		0		1120		1120	
5	0		0		1355		1355	
6	0		0		835		835	
7	0		0		1085		1085	
8	0		0		0		1100	
9	0		0		0		980	
10	0		0		1360		1360	
Store3
1	0		0		0		1565	
2	0		0		1100		1100	
3	0		0		0		1190	
4	0		0		1040		1040	
5	0		0		1650		1650	
6	0		0		1735		1735	
7	0		0		0		365	
8	0		0		0		1335	
9	0		0		0		725	
10	0		0		945		945	
Store4
1	0		0		0		925	
2	0		0		0		1055	
3	0		0		0		1145	
4	0		0		1185		1185	
5	0		0		1015		1015	
6	0		0		0		1325	
7	0		0		210		210	
8	0		0		0		470	
9	0		0		0		1030	
10	0		0		1030		1030	
Store5
1	0		0		0		1120	
2	0		0		1475		1475	
3	0		0		0		1185	
4	0		550		550		550	
5	0		0		1185		1185	
6	0		0		755		755	
7	0		0		0		510	
8	0		0		0		885	
9	0		0		0		1980	
10	0		0		1445		1445	


Fashion Shipments from Vendor to Warehouse (V T):
0	0.9674366	0.8855166	0	

Printing New Basic Solution:

Inbound Solution (V P T):
1	1	1	2534
1	1	4	1690
1	2	1	2749
1	2	4	1834
1	3	1	980
1	3	4	3923
1	4	1	1514
1	4	4	3534
1	5	1	2863
1	5	4	1910
1	6	1	1615
1	6	4	3770
1	7	1	3659
1	7	4	1569
1	8	1	1499
1	8	4	3500
1	9	1	3624
1	9	4	1554
1	10	1	4276
1	10	4	1070


Outbound Solution(S P T):
1	1	3	892
1	1	4	48
1	2	3	828
1	2	4	140
1	3	3	890
1	3	4	160
1	4	3	746
1	4	4	147
1	5	3	729
1	5	4	242
1	6	3	847
1	6	4	192
1	7	3	999
1	7	4	93
1	8	3	843
1	8	4	272
1	9	3	787
1	9	4	215
1	10	3	556
1	10	4	114
2	1	1	1118
2	2	1	939
2	3	1	914
2	4	1	910
2	5	1	911
2	6	1	961
2	7	1	978
2	8	1	988
2	9	1	978
2	10	1	1402
3	1	4	915
3	2	4	782
3	3	4	1031
3	4	4	999
3	5	4	877
3	6	4	1112
3	7	4	1166
3	8	4	923
3	9	4	1246
3	10	4	1219
4	1	1	509
4	2	1	754
4	3	1	977
4	4	1	912
4	5	1	986
4	6	1	1077
4	7	1	976
4	8	1	1061
4	9	1	1028
4	10	1	1118
5	1	3	471
5	1	5	271
5	2	3	562
5	2	5	578
5	3	3	614
5	3	5	317
5	4	3	724
5	4	5	610
5	5	3	649
5	5	5	379
5	6	3	724
5	6	5	472
5	7	3	710
5	7	5	306
5	8	3	600
5	8	5	312
5	9	3	566
5	9	5	358
5	10	3	732
5	10	5	205


Warehouse Inventory (W P T):
1	456		1363		1363		0		727		456	
2	334		1390		1390		0		912		334	
3	2415		1504		1504		0		2732		2415	
4	1778		1470		1470		0		2388		1778	
5	412		1378		1378		0		791		412	
6	1994		1571		1571		0		2466		1994	
7	4		1709		1709		0		310		4	
8	1993		1443		1443		0		2305		1993	
9	0		1618		1618		265		358		0	
10	0		1756		1756		468		205		0	

Store Inventory (S P T):
Store1
1	618		290		0		749		666		618	
2	366		148		0		662		506		366	
3	348		196		0		675		508		348	
4	554		295		0		662		701		554	
5	445		211		0		608		687		445	
6	323		192		0		584		515		323	
7	509		231		0		870		602		509	
8	406		35		0		544		678		406	
9	345		263		0		557		560		345	
10	196		88		0		471		310		196	
Store2
1	0		991		787		439		247		0	
2	0		751		537		287		119		0	
3	0		732		559		351		267		0	
4	0		778		504		329		127		0	
5	0		797		694		453		277		0	
6	0		893		584		357		313		0	
7	0		913		691		571		226		0	
8	0		685		590		304		188		0	
9	0		711		445		320		194		0	
10	0		1055		848		491		201		0	
Store3
1	427		336		207		0		780		427	
2	583		291		134		0		661		583	
3	535		278		278		0		724		535	
4	644		417		205		0		770		644	
5	425		295		220		0		588		425	
6	573		446		193		0		932		573	
7	722		513		298		0		946		722	
8	389		238		174		0		739		389	
9	556		375		182		0		851		556	
10	833		568		281		0		949		833	
Store4
1	0		406		273		273		110		0	
2	0		670		419		232		128		0	
3	0		768		492		369		204		0	
4	0		713		582		387		166		0	
5	0		830		593		249		129		0	
6	0		934		589		424		206		0	
7	0		848		619		420		159		0	
8	0		928		704		510		259		0	
9	0		798		558		332		124		0	
10	0		855		547		338		262		0	
Store5
1	412		203		0		376		314		412	
2	502		228		0		377		73		502	
3	334		183		0		381		215		334	
4	551		267		0		503		177		551	
5	409		269		0		299		60		409	
6	392		105		0		426		241		392	
7	361		205		0		498		348		361	
8	227		113		0		461		263		227	
9	381		137		0		337		223		381	
10	374		184		0		594		579		374	


Shipments from Vendor to Warehouse (V T):
0.8211393	0	0	0.8107027	0	

Shipments from Warehouse to Stores (S T):
1	3	0.3224826
1	4	0.1787167
1	5	0.16827
2	1	0.3252313
2	4	0.2020033
2	5	0.1799933
3	4	0.571056
3	5	0.1332767
4	1	0.3082
4	4	0.1350933
4	5	0.18609
5	3	0.2171807
5	4	0.2276167
5	5	0.3295847


Required Putaway workers (Sol T):
3	3	3	3	0	

No of required pickers (T):
5	0	5	9	8	

No of part-time putaway workers (T):
1	1	1	1	0	

No of part-time pickers (T):
0	0	0	3	2	

Best Putaway Technology: 1200
Best Picking Technology: 500

Required Fashion Putaway Hours:
0	23.95	20.75833	0	0	

Required Basic Putaway Hours:
21.09417	0	0	20.295	0	

Required Total Putaway Hours:
21.09417	23.95	20.75833	20.295	0	

No of required fashion pick hours:
0	0	3.82	47.42	56.06	

No of required basic pick hours:
38.994	0	28.938	23.786	7.616	

No of required total pick hours:
38.994	0	32.758	71.206	63.676	

List of all the costs: 
MHECost		378
PutawayTechCost		1060
PickingTechCost		3195
WhBasicInvCost		537.1699
BasicInbCost		3915.161
WhFashionInvCost		1085.1
FashionInbCost		3733.932
PutawayCost		4160
StoreBasicInvCost		4466.25
StoreFashionInvCost		4059
OutboundCost		17121.28
PickingCost		10800
Total		54510.89

List of Top5 Technologies: 
Tech1		2	5	$ 54510.89
Tech2		2	3	$ 70457.12
Tech3		2	1	$ 105800.1
Tech4		4	1	$ 118293.8
Tech5		3	1	$ 118532.7
The start time is 12/23/2014 10:17:20 PM
The End time is 12/23/2014 10:17:28 PM
