Printing New Fashion Solution:

Inbound Fashion Solution (V F T):
1	1	3	6005
1	2	4	5095
1	3	4	5790
1	4	4	4710
1	5	4	6565
1	6	3	5460
1	7	3	2790
1	8	3	5120
1	9	3	5775
1	10	4	6340


Outbound Fashion Solution(S F T):
1	1	5	835
1	2	5	415
1	3	5	1220
1	4	5	815
1	5	5	1360
1	6	5	810
1	7	5	620
1	8	5	1330
1	9	5	1060
1	10	5	1560
2	1	5	1560
2	2	5	1050
2	3	5	1050
2	4	5	1120
2	5	5	1355
2	6	4	835
2	7	5	1085
2	8	5	1100
2	9	4	980
2	10	5	1360
3	1	5	1565
3	2	5	1100
3	3	5	1190
3	4	5	1040
3	5	5	1650
3	6	5	1735
3	7	5	365
3	8	5	1335
3	9	5	725
3	10	5	945
4	1	5	925
4	2	5	1055
4	3	5	1145
4	4	5	1185
4	5	5	1015
4	6	5	1325
4	7	5	210
4	8	5	470
4	9	5	1030
4	10	5	1030
5	1	4	1120
5	2	5	1475
5	3	5	1185
5	4	5	550
5	5	5	1185
5	6	4	755
5	7	5	510
5	8	5	885
5	9	4	1980
5	10	5	1445


Warehouse Fashion Inventory (W F T):
1	0		0		6005		4885		0	
2	0		0		0		5095		0	
3	0		0		0		5790		0	
4	0		0		0		4710		0	
5	0		0		0		6565		0	
6	0		0		5460		3870		0	
7	0		0		2790		2790		0	
8	0		0		5120		5120		0	
9	0		0		5775		2815		0	
10	0		0		0		6340		0	

Store Fashion Inventory (S F T):
Store1
1	0		0		0		835	
2	0		0		0		415	
3	0		0		0		1220	
4	0		0		0		815	
5	0		0		0		1360	
6	0		0		0		810	
7	0		0		0		620	
8	0		0		0		1330	
9	0		0		0		1060	
10	0		0		0		1560	
Store2
1	0		0		0		1560	
2	0		0		0		1050	
3	0		0		0		1050	
4	0		0		0		1120	
5	0		0		0		1355	
6	0		0		835		835	
7	0		0		0		1085	
8	0		0		0		1100	
9	0		0		980		980	
10	0		0		0		1360	
Store3
1	0		0		0		1565	
2	0		0		0		1100	
3	0		0		0		1190	
4	0		0		0		1040	
5	0		0		0		1650	
6	0		0		0		1735	
7	0		0		0		365	
8	0		0		0		1335	
9	0		0		0		725	
10	0		0		0		945	
Store4
1	0		0		0		925	
2	0		0		0		1055	
3	0		0		0		1145	
4	0		0		0		1185	
5	0		0		0		1015	
6	0		0		0		1325	
7	0		0		0		210	
8	0		0		0		470	
9	0		0		0		1030	
10	0		0		0		1030	
Store5
1	0		0		1120		1120	
2	0		0		0		1475	
3	0		0		0		1185	
4	0		0		0		550	
5	0		0		0		1185	
6	0		0		755		755	
7	0		0		0		510	
8	0		0		0		885	
9	0		0		1980		1980	
10	0		0		0		1445	


Fashion Shipments from Vendor to Warehouse (V T):
0	0	0.6627533	1.1902	

Printing New Basic Solution:

Inbound Solution (V P T):
1	1	1	1268
1	1	2	2956
1	2	1	917
1	2	2	3666
1	3	1	1471
1	3	2	3432
1	4	1	3534
1	4	2	1514
1	5	1	955
1	5	2	3818
1	6	1	3770
1	6	2	1615
1	7	1	1046
1	7	2	4182
1	8	1	4000
1	8	2	999
1	9	1	4143
1	9	2	1035
1	10	1	1070
1	10	2	4276


Outbound Solution(S P T):
1	1	1	940
1	2	1	968
1	3	1	1050
1	4	1	893
1	5	1	971
1	6	1	1039
1	7	1	1092
1	8	1	1115
1	9	1	1002
1	10	1	670
2	1	4	1118
2	2	4	939
2	3	4	914
2	4	4	910
2	5	4	911
2	6	4	961
2	7	4	978
2	8	4	988
2	9	4	978
2	10	4	1402
3	1	3	915
3	2	3	782
3	3	3	1031
3	4	3	999
3	5	3	877
3	6	3	1112
3	7	3	1166
3	8	3	923
3	9	3	1246
3	10	3	1219
4	1	2	509
4	2	2	754
4	3	2	977
4	4	2	912
4	5	2	986
4	6	2	1077
4	7	2	976
4	8	2	1061
4	9	2	1028
4	10	2	1118
5	1	4	742
5	2	4	1140
5	3	4	931
5	4	4	1334
5	5	4	1028
5	6	4	1196
5	7	4	1016
5	8	4	912
5	9	4	924
5	10	4	937


Warehouse Inventory (W P T):
1	0		328		2775		1860		0		0	
2	51		0		2912		2130		51		51	
3	0		421		2876		1845		0		0	
4	0		2641		3243		2244		0		0	
5	16		0		2832		1955		16		16	
6	0		2731		3269		2157		0		0	
7	46		0		3206		2040		46		46	
8	0		2885		2823		1900		0		0	
9	0		3141		3148		1902		0		0	
10	0		400		3558		2339		0		0	

Store Inventory (S P T):
Store1
1	0		612		322		179		48		0	
2	0		750		602		436		140		0	
3	0		898		702		487		160		0	
4	0		634		339		255		147		0	
5	0		737		526		405		242		0	
6	0		908		716		453		192		0	
7	0		814		583		454		93		0	
8	0		744		709		410		272		0	
9	0		920		657		427		215		0	
10	0		562		474		389		114		0	
Store2
1	679		552		348		0		926		679	
2	652		464		250		0		771		652	
3	563		381		208		0		830		563	
4	581		449		175		0		708		581	
5	458		344		241		0		735		458	
6	604		536		227		0		917		604	
7	407		342		120		0		633		407	
8	684		381		286		0		872		684	
9	658		391		125		0		852		658	
10	911		564		357		0		1112		911	
Store3
1	220		129		0		708		573		220	
2	449		157		0		648		527		449	
3	257		0		0		753		446		257	
4	439		212		0		794		565		439	
5	205		75		0		657		368		205	
6	380		253		0		919		739		380	
7	424		215		0		868		648		424	
8	215		64		0		749		565		215	
9	374		193		0		1064		669		374	
10	552		287		0		938		668		552	
Store4
1	103		0		376		376		213		103	
2	84		0		503		316		212		84	
3	209		0		701		578		413		209	
4	199		0		781		586		365		199	
5	156		0		749		405		285		156	
6	143		0		732		567		349		143	
7	128		0		747		548		287		128	
8	133		0		837		643		392		133	
9	230		0		788		562		354		230	
10	263		0		810		601		525		263	
Store5
1	507		298		95		0		680		507	
2	687		413		185		0		836		687	
3	567		416		233		0		765		567	
4	772		488		221		0		1008		772	
5	759		619		350		0		789		759	
6	690		403		298		0		1011		690	
7	573		417		212		0		866		573	
8	366		252		139		0		714		366	
9	610		366		229		0		810		610	
10	512		322		138		0		922		512	


Shipments from Vendor to Warehouse (V T):
0.7553434	0.8764987	0	0	0	

Shipments from Warehouse to Stores (S T):
1	1	0.313166
1	5	0.3563033
2	4	0.3946813
2	5	0.3125467
3	3	0.338886
3	5	0.3654467
4	2	0.3082
4	5	0.3211833
5	4	0.4853286
5	5	0.2890534


Required Putaway workers (Sol T):
3	3	3	3	0	

No of required pickers (T):
2	2	2	4	6	

No of part-time putaway workers (T):
1	1	1	1	0	

No of part-time pickers (T):
0	0	0	0	2	

Best Putaway Technology: 1200
Best Picking Technology: 1000

Required Fashion Putaway Hours:
0	0	20.95833	23.75	0	

Required Basic Putaway Hours:
18.47833	22.91083	0	0	0	

Required Total Putaway Hours:
18.47833	22.91083	20.95833	23.75	0	

No of required fashion pick hours:
0	0	0	5.67	47.98	

No of required basic pick hours:
9.74	9.398	10.27	20.259	0	

No of required total pick hours:
9.74	9.398	10.27	25.929	47.98	

List of all the costs: 
MHECost		378
PutawayTechCost		1060
PickingTechCost		9130
WhBasicInvCost		637.8701
BasicInbCost		3915.161
WhFashionInvCost		731.3001
FashionInbCost		4753.172
PutawayCost		4160
StoreBasicInvCost		4838.7
StoreFashionInvCost		2966
OutboundCost		13405.82
PickingCost		6880
Total		52856.02

List of Top5 Technologies: 
Tech1		2	6	$ 52856.02
Tech2		3	4	$ 66372.27
Tech3		3	6	$ 67527.98
Tech4		3	3	$ 69618.19
Tech5		3	1	$ 95881.39
The start time is 12/23/2014 10:17:20 PM
The End time is 12/23/2014 10:17:28 PM
