WarehouseVolume:[
(1)	[100000000]
]
StoreVolume:[
(1)	[10000000]
(2)	[10000000]
(3)	[10000000]
(4)	[10000000]
(5)	[10000000]
]
StoreDemand:[
(1	1	1)	[328]
(1	1	2)	[290]
(1	1	3)	[143]
(1	1	4)	[131]
(1	1	5)	[48]
(1	2	1)	[218]
(1	2	2)	[148]
(1	2	3)	[166]
(1	2	4)	[296]
(1	2	5)	[140]
(1	3	1)	[152]
(1	3	2)	[196]
(1	3	3)	[215]
(1	3	4)	[327]
(1	3	5)	[160]
(1	4	1)	[259]
(1	4	2)	[295]
(1	4	3)	[84]
(1	4	4)	[108]
(1	4	5)	[147]
(1	5	1)	[234]
(1	5	2)	[211]
(1	5	3)	[121]
(1	5	4)	[163]
(1	5	5)	[242]
(1	6	1)	[131]
(1	6	2)	[192]
(1	6	3)	[263]
(1	6	4)	[261]
(1	6	5)	[192]
(1	7	1)	[278]
(1	7	2)	[231]
(1	7	3)	[129]
(1	7	4)	[361]
(1	7	5)	[93]
(1	8	1)	[371]
(1	8	2)	[35]
(1	8	3)	[299]
(1	8	4)	[138]
(1	8	5)	[272]
(1	9	1)	[82]
(1	9	2)	[263]
(1	9	3)	[230]
(1	9	4)	[212]
(1	9	5)	[215]
(1	10	1)	[108]
(1	10	2)	[88]
(1	10	3)	[85]
(1	10	4)	[275]
(1	10	5)	[114]
(2	1	1)	[127]
(2	1	2)	[204]
(2	1	3)	[348]
(2	1	4)	[192]
(2	1	5)	[247]
(2	2	1)	[188]
(2	2	2)	[214]
(2	2	3)	[250]
(2	2	4)	[168]
(2	2	5)	[119]
(2	3	1)	[182]
(2	3	2)	[173]
(2	3	3)	[208]
(2	3	4)	[84]
(2	3	5)	[267]
(2	4	1)	[132]
(2	4	2)	[274]
(2	4	3)	[175]
(2	4	4)	[202]
(2	4	5)	[127]
(2	5	1)	[114]
(2	5	2)	[103]
(2	5	3)	[241]
(2	5	4)	[176]
(2	5	5)	[277]
(2	6	1)	[68]
(2	6	2)	[309]
(2	6	3)	[227]
(2	6	4)	[44]
(2	6	5)	[313]
(2	7	1)	[65]
(2	7	2)	[222]
(2	7	3)	[120]
(2	7	4)	[345]
(2	7	5)	[226]
(2	8	1)	[303]
(2	8	2)	[95]
(2	8	3)	[286]
(2	8	4)	[116]
(2	8	5)	[188]
(2	9	1)	[267]
(2	9	2)	[266]
(2	9	3)	[125]
(2	9	4)	[126]
(2	9	5)	[194]
(2	10	1)	[347]
(2	10	2)	[207]
(2	10	3)	[357]
(2	10	4)	[290]
(2	10	5)	[201]
(3	1	1)	[91]
(3	1	2)	[129]
(3	1	3)	[207]
(3	1	4)	[135]
(3	1	5)	[353]
(3	2	1)	[292]
(3	2	2)	[157]
(3	2	3)	[134]
(3	2	4)	[121]
(3	2	5)	[78]
(3	3	1)	[257]
(3	3	2)	[0]
(3	3	3)	[278]
(3	3	4)	[307]
(3	3	5)	[189]
(3	4	1)	[227]
(3	4	2)	[212]
(3	4	3)	[205]
(3	4	4)	[229]
(3	4	5)	[126]
(3	5	1)	[130]
(3	5	2)	[75]
(3	5	3)	[220]
(3	5	4)	[289]
(3	5	5)	[163]
(3	6	1)	[127]
(3	6	2)	[253]
(3	6	3)	[193]
(3	6	4)	[180]
(3	6	5)	[359]
(3	7	1)	[209]
(3	7	2)	[215]
(3	7	3)	[298]
(3	7	4)	[220]
(3	7	5)	[224]
(3	8	1)	[151]
(3	8	2)	[64]
(3	8	3)	[174]
(3	8	4)	[184]
(3	8	5)	[350]
(3	9	1)	[181]
(3	9	2)	[193]
(3	9	3)	[182]
(3	9	4)	[395]
(3	9	5)	[295]
(3	10	1)	[265]
(3	10	2)	[287]
(3	10	3)	[281]
(3	10	4)	[270]
(3	10	5)	[116]
(4	1	1)	[103]
(4	1	2)	[133]
(4	1	3)	[0]
(4	1	4)	[163]
(4	1	5)	[110]
(4	2	1)	[84]
(4	2	2)	[251]
(4	2	3)	[187]
(4	2	4)	[104]
(4	2	5)	[128]
(4	3	1)	[209]
(4	3	2)	[276]
(4	3	3)	[123]
(4	3	4)	[165]
(4	3	5)	[204]
(4	4	1)	[199]
(4	4	2)	[131]
(4	4	3)	[195]
(4	4	4)	[221]
(4	4	5)	[166]
(4	5	1)	[156]
(4	5	2)	[237]
(4	5	3)	[344]
(4	5	4)	[120]
(4	5	5)	[129]
(4	6	1)	[143]
(4	6	2)	[345]
(4	6	3)	[165]
(4	6	4)	[218]
(4	6	5)	[206]
(4	7	1)	[128]
(4	7	2)	[229]
(4	7	3)	[199]
(4	7	4)	[261]
(4	7	5)	[159]
(4	8	1)	[133]
(4	8	2)	[224]
(4	8	3)	[194]
(4	8	4)	[251]
(4	8	5)	[259]
(4	9	1)	[230]
(4	9	2)	[240]
(4	9	3)	[226]
(4	9	4)	[208]
(4	9	5)	[124]
(4	10	1)	[263]
(4	10	2)	[308]
(4	10	3)	[209]
(4	10	4)	[76]
(4	10	5)	[262]
(5	1	1)	[209]
(5	1	2)	[203]
(5	1	3)	[95]
(5	1	4)	[62]
(5	1	5)	[173]
(5	2	1)	[274]
(5	2	2)	[228]
(5	2	3)	[185]
(5	2	4)	[304]
(5	2	5)	[149]
(5	3	1)	[151]
(5	3	2)	[183]
(5	3	3)	[233]
(5	3	4)	[166]
(5	3	5)	[198]
(5	4	1)	[284]
(5	4	2)	[267]
(5	4	3)	[221]
(5	4	4)	[326]
(5	4	5)	[236]
(5	5	1)	[140]
(5	5	2)	[269]
(5	5	3)	[350]
(5	5	4)	[239]
(5	5	5)	[30]
(5	6	1)	[287]
(5	6	2)	[105]
(5	6	3)	[298]
(5	6	4)	[185]
(5	6	5)	[321]
(5	7	1)	[156]
(5	7	2)	[205]
(5	7	3)	[212]
(5	7	4)	[150]
(5	7	5)	[293]
(5	8	1)	[114]
(5	8	2)	[113]
(5	8	3)	[139]
(5	8	4)	[198]
(5	8	5)	[348]
(5	9	1)	[244]
(5	9	2)	[137]
(5	9	3)	[229]
(5	9	4)	[114]
(5	9	5)	[200]
(5	10	1)	[190]
(5	10	2)	[184]
(5	10	3)	[138]
(5	10	4)	[15]
(5	10	5)	[410]
]
FixedCostVendorToWarehouse:[
(1	1)	[253.17]
]
FixedCostWarehouseToStore:[
(1	1)	[297.11]
(1	2)	[75.28]
(1	3)	[344.43]
(1	4)	[253.17]
(1	5)	[110.96]
]
Variable_FixedCostVendorToWarehouse:[
(1	1)	[884.41]
]
VariableCostVendorToWarehouse:[
(1	1)	[0.067]
]
Variable_FixedCostWarehouseToStore:[
(1	1)	[975.07]
(1	2)	[521.43]
(1	3)	[1075.01]
(1	4)	[884.41]
(1	5)	[598.03]
]
VariableCostWarehouseToStore:[
(1	1)	[0.074]
(1	2)	[0.036]
(1	3)	[0.081]
(1	4)	[0.067]
(1	5)	[0.045]
]
ProductVolume:[
(1)	[0.64]
(2)	[0.15]
(3)	[0.17]
(4)	[0.81]
(5)	[0.86]
(6)	[0.33]
(7)	[0.16]
(8)	[0.18]
(9)	[0.48]
(10)	[0.86]
]
ProductWeight:[
(1)	[0.17]
(2)	[0.88]
(3)	[0.74]
(4)	[0.86]
(5)	[0.22]
(6)	[0.33]
(7)	[0.26]
(8)	[0.12]
(9)	[0.83]
(10)	[0.5]
]
MapVendorToProduct:[
(1	1)	[1]
(1	2)	[1]
(1	3)	[1]
(1	4)	[1]
(1	5)	[1]
(1	6)	[1]
(1	7)	[1]
(1	8)	[1]
(1	9)	[1]
(1	10)	[1]
]
LeadTimeWarehouseToStores:[
(1	1)	[0]
(1	2)	[0]
(1	3)	[0]
(1	4)	[0]
(1	5)	[0]
]
StoreDemandForFashionProducts:[
(1	1)	[835]
(1	2)	[415]
(1	3)	[1220]
(1	4)	[815]
(1	5)	[1360]
(1	6)	[810]
(1	7)	[620]
(1	8)	[1330]
(1	9)	[1060]
(1	10)	[1560]
(2	1)	[1560]
(2	2)	[1050]
(2	3)	[1050]
(2	4)	[1120]
(2	5)	[1355]
(2	6)	[835]
(2	7)	[1085]
(2	8)	[1100]
(2	9)	[980]
(2	10)	[1360]
(3	1)	[1565]
(3	2)	[1100]
(3	3)	[1190]
(3	4)	[1040]
(3	5)	[1650]
(3	6)	[1735]
(3	7)	[365]
(3	8)	[1335]
(3	9)	[725]
(3	10)	[945]
(4	1)	[925]
(4	2)	[1055]
(4	3)	[1145]
(4	4)	[1185]
(4	5)	[1015]
(4	6)	[1325]
(4	7)	[210]
(4	8)	[470]
(4	9)	[1030]
(4	10)	[1030]
(5	1)	[1120]
(5	2)	[1475]
(5	3)	[1185]
(5	4)	[550]
(5	5)	[1185]
(5	6)	[755]
(5	7)	[510]
(5	8)	[885]
(5	9)	[1980]
(5	10)	[1445]
]
FixedCostFashionVendorToWarehouse:[
(1	1)	[217.05]
]
Variable_FixedCostFashionVendorToWarehouse:[
(1	1)	[802.19]
]
VariableCostFashionVendorToWarehouse:[
(1	1)	[0.061]
]
FashionProductVolume:[
(1)	[0.73]
(2)	[0.73]
(3)	[0.51]
(4)	[0.13]
(5)	[0.16]
(6)	[0.24]
(7)	[0.37]
(8)	[0.84]
(9)	[0.98]
(10)	[0.32]
]
FashionProductWeight:[
(1)	[0.19]
(2)	[0.7]
(3)	[0.45]
(4)	[0.24]
(5)	[0.68]
(6)	[0.25]
(7)	[0.3]
(8)	[0.33]
(9)	[0.85]
(10)	[0.96]
]
MapFashionVendorToProduct:[
(1	1)	[1]
(1	2)	[1]
(1	3)	[1]
(1	4)	[1]
(1	5)	[1]
(1	6)	[1]
(1	7)	[1]
(1	8)	[1]
(1	9)	[1]
(1	10)	[1]
]
