Printing New Fashion Solution:

Inbound Fashion Solution (V F T):
1	1	4	5045
1	2	3	5370
1	3	4	4400
1	4	3	5870
1	5	3	3640
1	6	4	3645
1	7	4	5955
1	8	4	4815
1	9	3	4800
1	10	3	3735


Outbound Fashion Solution(S F T):
1	1	5	1410
1	2	5	1480
1	3	5	1040
1	4	4	1660
1	5	4	20
1	6	5	60
1	7	5	1340
1	8	5	555
1	9	5	660
1	10	5	100
2	1	5	1085
2	2	5	1465
2	3	5	410
2	4	5	1465
2	5	4	1450
2	6	5	780
2	7	5	305
2	8	5	910
2	9	4	1415
2	10	4	1110
3	1	5	895
3	2	5	1135
3	3	5	990
3	4	5	1550
3	5	4	1095
3	6	5	980
3	7	5	1245
3	8	5	810
3	9	4	690
3	10	5	400
4	1	5	435
4	2	5	375
4	3	5	940
4	4	4	790
4	5	4	540
4	6	5	780
4	7	5	1870
4	8	5	1410
4	9	5	750
4	10	5	790
5	1	5	1220
5	2	4	915
5	3	5	1020
5	4	4	405
5	5	5	535
5	6	5	1045
5	7	5	1195
5	8	5	1130
5	9	5	1285
5	10	4	1335


Warehouse Fashion Inventory (W F T):
1	0		0		0		5045		0	
2	0		0		5370		4455		0	
3	0		0		0		4400		0	
4	0		0		5870		3015		0	
5	0		0		3640		535		0	
6	0		0		0		3645		0	
7	0		0		0		5955		0	
8	0		0		0		4815		0	
9	0		0		4800		2695		0	
10	0		0		3735		1290		0	

Store Fashion Inventory (S F T):
Store1
1	0		0		0		1410	
2	0		0		0		1480	
3	0		0		0		1040	
4	0		0		1660		1660	
5	0		0		20		20	
6	0		0		0		60	
7	0		0		0		1340	
8	0		0		0		555	
9	0		0		0		660	
10	0		0		0		100	
Store2
1	0		0		0		1085	
2	0		0		0		1465	
3	0		0		0		410	
4	0		0		0		1465	
5	0		0		1450		1450	
6	0		0		0		780	
7	0		0		0		305	
8	0		0		0		910	
9	0		0		1415		1415	
10	0		0		1110		1110	
Store3
1	0		0		0		895	
2	0		0		0		1135	
3	0		0		0		990	
4	0		0		0		1550	
5	0		0		1095		1095	
6	0		0		0		980	
7	0		0		0		1245	
8	0		0		0		810	
9	0		0		690		690	
10	0		0		0		400	
Store4
1	0		0		0		435	
2	0		0		0		375	
3	0		0		0		940	
4	0		0		790		790	
5	0		0		540		540	
6	0		0		0		780	
7	0		0		0		1870	
8	0		0		0		1410	
9	0		0		0		750	
10	0		0		0		790	
Store5
1	0		0		0		1220	
2	0		0		915		915	
3	0		0		0		1020	
4	0		0		405		405	
5	0		0		0		535	
6	0		0		0		1045	
7	0		0		0		1195	
8	0		0		0		1130	
9	0		0		0		1285	
10	0		0		1335		1335	


Fashion Shipments from Vendor to Warehouse (V T):
0	0	0.8196533	0.9929399	

Printing New Basic Solution:

Inbound Solution (V P T):
1	1	1	371
1	1	2	1484
1	1	5	3439
1	2	1	1343
1	2	2	3131
1	2	5	530
1	3	1	147
1	3	2	1314
1	3	5	3338
1	4	1	1213
1	4	2	2827
1	4	5	1010
1	5	1	3744
1	5	2	936
1	5	5	421
1	6	1	3815
1	6	2	1635
1	6	5	66
1	7	1	1245
1	7	2	1867
1	7	5	1415
1	8	1	3962
1	8	5	845
1	9	1	1497
1	9	2	2245
1	9	5	1219
1	10	1	1092
1	10	2	1636
1	10	5	1812


Outbound Solution(S P T):
1	1	1	949
1	2	1	646
1	2	4	130
1	3	1	1028
1	3	4	80
1	4	1	817
1	4	4	254
1	5	1	907
1	5	4	104
1	6	1	782
1	6	4	177
1	7	1	587
1	7	4	194
1	8	1	782
1	8	4	67
1	9	1	500
1	9	4	189
1	10	1	765
1	10	4	244
2	1	1	845
2	1	4	539
2	2	1	453
2	2	4	465
2	3	1	552
2	3	4	205
2	4	1	495
2	4	4	576
2	5	1	474
2	5	4	281
2	6	1	906
2	6	4	434
2	7	1	579
2	7	4	534
2	8	1	511
2	8	4	439
2	9	1	693
2	9	4	92
2	10	1	512
2	10	4	343
3	1	1	421
3	1	4	507
3	2	1	564
3	2	4	475
3	3	1	741
3	3	4	455
3	4	1	549
3	4	4	373
3	5	1	608
3	5	4	541
3	6	1	682
3	6	4	423
3	7	1	558
3	7	4	459
3	8	1	557
3	8	4	425
3	9	1	648
3	9	4	541
3	10	1	553
3	10	4	469
4	1	2	551
4	1	4	695
4	2	2	383
4	2	4	786
4	3	2	455
4	3	4	492
4	4	2	392
4	4	4	695
4	5	2	562
4	5	4	480
4	6	2	397
4	6	4	635
4	7	2	494
4	7	4	525
4	8	2	399
4	8	4	460
4	9	2	452
4	9	4	618
4	10	2	308
4	10	4	330
5	1	2	787
5	2	2	1102
5	3	2	791
5	4	2	899
5	5	2	1144
5	6	2	1080
5	7	2	597
5	8	2	1167
5	9	2	1228
5	10	2	1016


Warehouse Inventory (W P T):
1	3439		1595		1741		1741		0		3439	
2	530		210		1856		1856		0		530	
3	3338		1164		1232		1232		0		3338	
4	1010		362		1898		1898		0		1010	
5	421		2176		1406		1406		0		421	
6	66		1511		1669		1669		0		66	
7	1415		936		1712		1712		0		1415	
8	845		2957		1391		1391		0		845	
9	1219		875		1440		1440		0		1219	
10	1812		1074		1386		1386		0		1812	

Store Inventory (S P T):
Store1
1	0		671		402		166		0		0	
2	0		479		389		152		130		0	
3	0		803		584		213		80		0	
4	0		463		306		11		254		0	
5	0		722		506		249		104		0	
6	0		569		294		173		177		0	
7	0		474		291		102		194		0	
8	0		545		359		254		67		0	
9	0		440		233		177		189		0	
10	0		636		399		57		244		0	
Store2
1	0		552		366		0		280		0	
2	0		79		11		0		240		0	
3	0		304		211		0		110		0	
4	0		362		149		0		336		0	
5	0		183		69		0		281		0	
6	0		621		288		0		287		0	
7	0		413		139		0		254		0	
8	0		355		175		0		150		0	
9	0		527		325		0		37		0	
10	0		397		217		0		208		0	
Store3
1	148		327		219		0		242		148	
2	111		438		192		0		237		111	
3	0		482		207		9		268		0	
4	74		416		340		0		207		74	
5	82		378		99		0		312		82	
6	13		510		227		0		185		13	
7	56		414		271		0		200		56	
8	151		375		243		0		333		151	
9	4		443		174		0		209		4	
10	78		389		277		0		242		78	
Store4
1	219		0		406		0		459		219	
2	278		0		89		0		500		278	
3	349		0		317		0		350		349	
4	196		0		138		0		331		196	
5	184		0		354		0		364		184	
6	267		0		221		0		463		267	
7	239		0		212		0		485		239	
8	241		0		201		0		265		241	
9	118		0		173		0		363		118	
10	87		0		27		0		257		87	
Store5
1	137		0		626		414		234		137	
2	116		0		837		506		407		116	
3	184		0		639		354		292		184	
4	127		0		725		592		322		127	
5	108		0		789		545		408		108	
6	247		0		759		578		472		247	
7	180		0		446		409		341		180	
8	257		0		905		663		466		257	
9	127		0		875		548		338		127	
10	94		0		797		635		367		94	


Shipments from Vendor to Warehouse (V T):
0.711016	0.8165953	0	0	0.577832	

Shipments from Warehouse to Stores (S T):
1	1	0.3239146
1	4	0.1692947
1	5	0.2233367
2	1	0.2614527
2	4	0.3028874
2	5	0.2762
3	1	0.24733
3	4	0.2590733
3	5	0.3182667
4	2	0.182136
4	4	0.317892
4	5	0.2740533
5	2	0.3967927
5	4	0.04899
5	5	0.3164167


Required Putaway workers (Sol T):
2	2	3	3	2	

No of required pickers (T):
5	4	0	7	9	

No of part-time putaway workers (T):
0	0	1	1	0	

No of part-time pickers (T):
0	0	0	1	3	

Best Putaway Technology: 1200
Best Picking Technology: 500

Required Fashion Putaway Hours:
0	0	19.5125	19.88333	0	

Required Basic Putaway Hours:
15.3575	14.22917	0	0	11.74583	

Required Total Putaway Hours:
15.3575	14.22917	19.5125	19.88333	11.74583	

No of required fashion pick hours:
0	0	0	22.85	71.7	

No of required basic pick hours:
39.328	28.408	0	31.462	0	

No of required total pick hours:
39.328	28.408	0	54.312	71.7	

List of all the costs: 
MHECost		324
PutawayTechCost		1060
PickingTechCost		3195
WhBasicInvCost		584.1699
BasicInbCost		8452.453
WhFashionInvCost		592.65
FashionInbCost		2774.998
PutawayCost		3680
StoreBasicInvCost		2804.25
StoreFashionInvCost		2935
OutboundCost		12974.01
PickingCost		10560
Total		49936.54

List of Top5 Technologies: 
Tech1		2	5	$ 49936.54
Tech2		3	5	$ 53551.82
Tech3		1	5	$ 54654.86
Tech4		1	6	$ 60758.41
Tech5		1	1	$ 97787.41
The start time is 12/23/2014 5:35:37 PM
The End time is 12/23/2014 5:35:45 PM
