Printing New Fashion Solution:

Inbound Fashion Solution (V F T):
1	1	2	5045
1	2	4	5370
1	3	2	4400
1	4	4	5870
1	5	2	3640
1	6	2	3645
1	7	4	5955
1	8	4	4815
1	9	2	4800
1	10	2	3735


Outbound Fashion Solution(S F T):
1	1	4	1410
1	2	5	1480
1	3	4	1040
1	4	5	1660
1	5	3	20
1	6	3	60
1	7	5	1340
1	8	5	555
1	9	3	660
1	10	4	100
2	1	4	1085
2	2	5	1465
2	3	4	410
2	4	5	1465
2	5	4	1450
2	6	4	780
2	7	5	305
2	8	5	910
2	9	4	1415
2	10	4	1110
3	1	4	895
3	2	5	1135
3	3	4	990
3	4	5	1550
3	5	4	1095
3	6	4	980
3	7	5	1245
3	8	5	810
3	9	4	690
3	10	4	400
4	1	4	435
4	2	5	375
4	3	4	940
4	4	5	790
4	5	3	540
4	6	4	780
4	7	5	1870
4	8	5	1410
4	9	4	750
4	10	4	790
5	1	4	1220
5	2	5	915
5	3	4	1020
5	4	5	405
5	5	4	535
5	6	4	1045
5	7	5	1195
5	8	5	1130
5	9	4	1285
5	10	4	1335


Warehouse Fashion Inventory (W F T):
1	0		5045		5045		0		0	
2	0		0		0		5370		0	
3	0		4400		4400		0		0	
4	0		0		0		5870		0	
5	0		3640		3080		0		0	
6	0		3645		3585		0		0	
7	0		0		0		5955		0	
8	0		0		0		4815		0	
9	0		4800		4140		0		0	
10	0		3735		3735		0		0	

Store Fashion Inventory (S F T):
Store1
1	0		0		1410		1410	
2	0		0		0		1480	
3	0		0		1040		1040	
4	0		0		0		1660	
5	0		20		20		20	
6	0		60		60		60	
7	0		0		0		1340	
8	0		0		0		555	
9	0		660		660		660	
10	0		0		100		100	
Store2
1	0		0		1085		1085	
2	0		0		0		1465	
3	0		0		410		410	
4	0		0		0		1465	
5	0		0		1450		1450	
6	0		0		780		780	
7	0		0		0		305	
8	0		0		0		910	
9	0		0		1415		1415	
10	0		0		1110		1110	
Store3
1	0		0		895		895	
2	0		0		0		1135	
3	0		0		990		990	
4	0		0		0		1550	
5	0		0		1095		1095	
6	0		0		980		980	
7	0		0		0		1245	
8	0		0		0		810	
9	0		0		690		690	
10	0		0		400		400	
Store4
1	0		0		435		435	
2	0		0		0		375	
3	0		0		940		940	
4	0		0		0		790	
5	0		540		540		540	
6	0		0		780		780	
7	0		0		0		1870	
8	0		0		0		1410	
9	0		0		750		750	
10	0		0		790		790	
Store5
1	0		0		1220		1220	
2	0		0		0		915	
3	0		0		1020		1020	
4	0		0		0		405	
5	0		0		535		535	
6	0		0		1045		1045	
7	0		0		0		1195	
8	0		0		0		1130	
9	0		0		1285		1285	
10	0		0		1335		1335	


Fashion Shipments from Vendor to Warehouse (V T):
0	0.8788766	0	0.9337167	

Printing New Basic Solution:

Inbound Solution (V P T):
1	1	1	2468
1	1	3	1767
1	1	5	1059
1	2	1	3074
1	2	3	1588
1	2	5	342
1	3	1	750
1	3	3	1046
1	3	5	3003
1	4	3	2061
1	4	5	2989
1	5	1	1632
1	5	3	3060
1	5	5	409
1	6	1	1935
1	6	3	3366
1	6	5	215
1	7	1	271
1	7	3	1810
1	7	5	2446
1	8	1	3621
1	8	3	783
1	8	5	403
1	9	1	2710
1	9	3	1949
1	9	5	302
1	10	1	2050
1	10	3	440
1	10	5	2050


Outbound Solution(S P T):
1	1	3	949
1	2	3	776
1	3	3	1108
1	4	3	1071
1	5	3	1011
1	6	3	959
1	7	3	781
1	8	3	849
1	9	3	689
1	10	3	1009
2	1	2	1384
2	2	2	918
2	3	2	757
2	4	2	1071
2	5	2	755
2	6	2	1340
2	7	2	1113
2	8	2	950
2	9	2	785
2	10	2	855
3	1	1	928
3	2	1	1039
3	3	1	1196
3	4	1	922
3	5	1	1149
3	6	1	1105
3	7	1	1017
3	8	1	982
3	9	1	1189
3	10	1	1022
4	1	3	1246
4	2	3	1169
4	3	3	947
4	4	3	1087
4	5	3	1042
4	6	3	1032
4	7	3	1019
4	8	3	859
4	9	3	1070
4	10	3	638
5	1	2	787
5	2	2	1102
5	3	2	791
5	4	2	899
5	5	2	1144
5	6	2	1080
5	7	2	597
5	8	2	1167
5	9	2	1228
5	10	2	1016


Warehouse Inventory (W P T):
1	1059		2599		428		0		0		1059	
2	342		2377		357		0		0		342	
3	3003		2557		1009		0		0		3003	
4	2989		2067		97		0		0		2989	
5	1416		1899		0		1007		1007		1416	
6	1590		2420		0		1375		1375		1590	
7	2456		1710		0		10		10		2456	
8	403		3042		925		0		0		403	
9	492		2013		0		190		190		492	
10	2050		3078		1207		0		0		2050	

Store Inventory (S P T):
Store1
1	547		269		0		713		547		547	
2	257		90		0		539		387		257	
3	444		219		0		737		524		444	
4	511		157		0		776		765		511	
5	401		216		0		754		505		401	
6	488		275		0		838		665		488	
7	296		183		0		592		490		296	
8	423		186		0		744		490		423	
9	267		207		0		633		456		267	
10	366		237		0		667		610		366	
Store2
1	293		0		1198		832		573		293	
2	374		0		850		839		614		374	
3	248		0		664		453		358		248	
4	133		0		858		709		469		133	
5	291		0		641		572		572		291	
6	285		0		1007		719		572		285	
7	166		0		839		700		420		166	
8	156		0		770		595		306		156	
9	166		0		583		258		203		166	
10	115		0		675		458		323		115	
Store3
1	0		686		578		359		94		0	
2	0		802		556		364		126		0	
3	0		937		662		464		268		0	
4	0		715		639		299		133		0	
5	0		837		558		459		230		0	
6	0		920		637		410		172		0	
7	0		817		674		403		144		0	
8	0		649		517		274		182		0	
9	0		980		711		537		205		0	
10	0		780		668		391		164		0	
Store4
1	364		145		0		840		604		364	
2	572		294		0		1080		794		572	
3	487		138		0		630		488		487	
4	450		254		0		949		585		450	
5	392		208		0		688		572		392	
6	443		176		0		811		639		443	
7	521		282		0		807		767		521	
8	439		198		0		658		463		439	
9	397		279		0		897		642		397	
10	368		281		0		611		538		368	
Store5
1	137		0		626		414		234		137	
2	116		0		837		506		407		116	
3	184		0		639		354		292		184	
4	127		0		725		592		322		127	
5	108		0		789		545		408		108	
6	247		0		759		578		472		247	
7	180		0		446		409		341		180	
8	257		0		905		663		466		257	
9	127		0		875		548		338		127	
10	94		0		797		635		367		94	


Shipments from Vendor to Warehouse (V T):
0.679302	0	0.7921127	0	0.6340287	

Shipments from Warehouse to Stores (S T):
1	3	0.426636
1	4	0.08583333
1	5	0.2040767
2	2	0.44361
2	4	0.2185
2	5	0.17843
3	1	0.4392433
3	4	0.1818833
3	5	0.2035433
4	3	0.4515747
4	4	0.12181
4	5	0.2006967
5	2	0.3967927
5	4	0.2184367
5	5	0.14697


Required Putaway workers (Sol T):
2	3	2	3	2	

No of required pickers (T):
3	5	6	6	6	

No of part-time putaway workers (T):
0	1	0	1	0	

No of part-time pickers (T):
0	1	2	2	2	

Best Putaway Technology: 1200
Best Picking Technology: 500

Required Fashion Putaway Hours:
0	21.05417	0	18.34167	0	

Required Basic Putaway Hours:
15.42583	0	14.89167	0	11.015	

Required Total Putaway Hours:
15.42583	21.05417	14.89167	18.34167	11.015	

No of required fashion pick hours:
0	0	2.56	47.97	44.02	

No of required basic pick hours:
21.098	39.478	38.622	0	0	

No of required total pick hours:
21.098	39.478	41.182	47.97	44.02	

List of all the costs: 
MHECost		324
PutawayTechCost		1060
PickingTechCost		3195
WhBasicInvCost		487.49
BasicInbCost		8452.453
WhFashionInvCost		712.6
FashionInbCost		2774.998
PutawayCost		3680
StoreBasicInvCost		4897.3
StoreFashionInvCost		3691
OutboundCost		12974.01
PickingCost		8080
Total		50328.85

List of Top5 Technologies: 
Tech1		2	5	$ 50328.85
Tech2		2	4	$ 55397.54
Tech3		2	3	$ 59373.79
Tech4		2	2	$ 71739.34
Tech5		2	1	$ 88743.34
The start time is 12/23/2014 5:35:37 PM
The End time is 12/23/2014 5:35:49 PM
