Printing New Fashion Solution:

Inbound Fashion Solution (V F T):
1	1	2	5045
1	2	2	5370
1	3	2	4400
1	4	4	5870
1	5	4	3640
1	6	4	3645
1	7	4	5955
1	8	2	4815
1	9	2	4800
1	10	2	3735


Outbound Fashion Solution(S F T):
1	1	5	1410
1	2	5	1480
1	3	5	1040
1	4	5	1660
1	5	5	20
1	6	5	60
1	7	5	1340
1	8	5	555
1	9	5	660
1	10	5	100
2	1	5	1085
2	2	5	1465
2	3	5	410
2	4	5	1465
2	5	5	1450
2	6	5	780
2	7	5	305
2	8	5	910
2	9	5	1415
2	10	5	1110
3	1	5	895
3	2	5	1135
3	3	5	990
3	4	5	1550
3	5	5	1095
3	6	5	980
3	7	5	1245
3	8	5	810
3	9	5	690
3	10	5	400
4	1	5	435
4	2	5	375
4	3	5	940
4	4	5	790
4	5	5	540
4	6	5	780
4	7	5	1870
4	8	5	1410
4	9	5	750
4	10	5	790
5	1	5	1220
5	2	5	915
5	3	5	1020
5	4	5	405
5	5	5	535
5	6	5	1045
5	7	5	1195
5	8	5	1130
5	9	5	1285
5	10	5	1335


Warehouse Fashion Inventory (W F T):
1	0		5045		5045		5045		0	
2	0		5370		5370		5370		0	
3	0		4400		4400		4400		0	
4	0		0		0		5870		0	
5	0		0		0		3640		0	
6	0		0		0		3645		0	
7	0		0		0		5955		0	
8	0		4815		4815		4815		0	
9	0		4800		4800		4800		0	
10	0		3735		3735		3735		0	

Store Fashion Inventory (S F T):
Store1
1	0		0		0		1410	
2	0		0		0		1480	
3	0		0		0		1040	
4	0		0		0		1660	
5	0		0		0		20	
6	0		0		0		60	
7	0		0		0		1340	
8	0		0		0		555	
9	0		0		0		660	
10	0		0		0		100	
Store2
1	0		0		0		1085	
2	0		0		0		1465	
3	0		0		0		410	
4	0		0		0		1465	
5	0		0		0		1450	
6	0		0		0		780	
7	0		0		0		305	
8	0		0		0		910	
9	0		0		0		1415	
10	0		0		0		1110	
Store3
1	0		0		0		895	
2	0		0		0		1135	
3	0		0		0		990	
4	0		0		0		1550	
5	0		0		0		1095	
6	0		0		0		980	
7	0		0		0		1245	
8	0		0		0		810	
9	0		0		0		690	
10	0		0		0		400	
Store4
1	0		0		0		435	
2	0		0		0		375	
3	0		0		0		940	
4	0		0		0		790	
5	0		0		0		540	
6	0		0		0		780	
7	0		0		0		1870	
8	0		0		0		1410	
9	0		0		0		750	
10	0		0		0		790	
Store5
1	0		0		0		1220	
2	0		0		0		915	
3	0		0		0		1020	
4	0		0		0		405	
5	0		0		0		535	
6	0		0		0		1045	
7	0		0		0		1195	
8	0		0		0		1130	
9	0		0		0		1285	
10	0		0		0		1335	


Fashion Shipments from Vendor to Warehouse (V T):
0	0.9529	0	0.8596933	

Printing New Basic Solution:

Inbound Solution (V P T):
1	1	1	3259
1	1	3	1672
1	1	5	363
1	2	1	2114
1	2	3	1480
1	2	5	1410
1	3	1	2060
1	3	3	1855
1	3	5	884
1	4	1	477
1	4	3	2662
1	4	5	1911
1	5	1	4148
1	5	3	953
1	6	3	2768
1	6	5	2748
1	7	1	1343
1	7	3	2607
1	7	5	577
1	8	1	2647
1	8	3	395
1	8	5	1765
1	9	3	2530
1	9	5	2431
1	10	1	2194
1	10	3	882
1	10	5	1464


Outbound Solution(S P T):
1	1	1	949
1	2	1	776
1	3	1	1108
1	4	1	1071
1	5	1	1011
1	6	1	959
1	7	1	781
1	8	1	849
1	9	1	689
1	10	1	1009
2	1	3	1384
2	2	3	918
2	3	3	757
2	4	3	1071
2	5	3	755
2	6	3	1340
2	7	3	1113
2	8	3	950
2	9	3	785
2	10	3	855
3	1	3	928
3	2	3	1039
3	3	3	1196
3	4	3	922
3	5	3	1149
3	6	3	1105
3	7	3	1017
3	8	3	982
3	9	3	1189
3	10	3	1022
4	1	1	1246
4	2	1	1169
4	3	1	947
4	4	1	1087
4	5	1	1042
4	6	1	1032
4	7	1	1019
4	8	1	859
4	9	1	1070
4	10	1	638
5	1	1	787
5	2	1	1102
5	3	1	791
5	4	1	899
5	5	1	1144
5	6	1	1080
5	7	1	597
5	8	1	1167
5	9	1	1228
5	10	1	1016


Warehouse Inventory (W P T):
1	363		640		640		0		0		363	
2	1410		477		477		0		0		1410	
3	884		98		98		0		0		884	
4	2580		0		0		669		669		2580	
5	0		951		951		0		0		0	
6	3071		0		0		323		323		3071	
7	1054		0		0		477		477		1054	
8	1765		1537		1537		0		0		1765	
9	2987		0		0		556		556		2987	
10	1464		995		995		0		0		1464	

Store Inventory (S P T):
Store1
1	0		671		402		166		0		0	
2	0		609		519		282		130		0	
3	0		883		664		293		80		0	
4	0		717		560		265		254		0	
5	0		826		610		353		104		0	
6	0		746		471		350		177		0	
7	0		668		485		296		194		0	
8	0		612		426		321		67		0	
9	0		629		422		366		189		0	
10	0		880		643		301		244		0	
Store2
1	479		186		0		1018		759		479	
2	442		68		0		907		682		442	
3	341		93		0		546		451		341	
4	346		213		0		922		682		346	
5	405		114		0		686		686		405	
6	618		333		0		1052		905		618	
7	440		274		0		974		694		440	
8	336		180		0		775		486		336	
9	368		202		0		460		405		368	
10	295		180		0		638		503		295	
Store3
1	350		108		0		709		444		350	
2	483		246		0		847		609		483	
3	534		275		0		998		802		534	
4	283		76		0		582		416		283	
5	591		279		0		1050		821		591	
6	468		283		0		878		640		468	
7	343		143		0		746		487		343	
8	465		132		0		739		647		465	
9	478		269		0		1015		683		478	
10	354		112		0		745		518		354	
Store4
1	0		1027		882		476		240		0	
2	0		891		597		508		222		0	
3	0		598		460		143		1		0	
4	0		891		637		499		135		0	
5	0		858		650		296		180		0	
6	0		765		589		368		196		0	
7	0		780		498		286		246		0	
8	0		618		420		219		24		0	
9	0		952		673		500		245		0	
10	0		551		270		243		170		0	
Store5
1	0		650		489		277		97		0	
2	0		986		721		390		291		0	
3	0		607		455		170		108		0	
4	0		772		598		465		195		0	
5	0		1036		681		437		300		0	
6	0		833		512		331		225		0	
7	0		417		266		229		161		0	
8	0		910		648		406		209		0	
9	0		1101		748		421		211		0	
10	0		922		703		541		273		0	


Shipments from Vendor to Warehouse (V T):
0.6412667	0	0.8523448	0	0.611832	

Shipments from Warehouse to Stores (S T):
1	1	0.3907827
1	5	0.3257633
2	3	0.44361
2	5	0.39693
3	3	0.4392433
3	5	0.3854267
4	1	0.4350147
4	5	0.3390667
5	1	0.3967927
5	5	0.3654066


Required Putaway workers (Sol T):
2	3	2	2	2	

No of required pickers (T):
4	0	3	0	6	

No of part-time putaway workers (T):
0	1	0	0	0	

No of part-time pickers (T):
0	0	0	0	2	

Best Putaway Technology: 1200
Best Picking Technology: 1000

Required Fashion Putaway Hours:
0	23.47083	0	15.925	0	

Required Basic Putaway Hours:
15.20167	0	14.83667	0	11.29417	

Required Total Putaway Hours:
15.20167	23.47083	14.83667	15.925	11.29417	

No of required fashion pick hours:
0	0	0	0	47.275	

No of required basic pick hours:
29.122	0	20.477	0	0	

No of required total pick hours:
29.122	0	20.477	0	47.275	

List of all the costs: 
MHECost		297
PutawayTechCost		1060
PickingTechCost		9130
WhBasicInvCost		290.24
BasicInbCost		8452.453
WhFashionInvCost		1036.05
FashionInbCost		2774.998
PutawayCost		3440
StoreBasicInvCost		4813.15
StoreFashionInvCost		2363.75
OutboundCost		9487.043
PickingCost		6880
Total		50024.68

List of Top5 Technologies: 
Tech1		2	6	$ 50024.68
Tech2		4	6	$ 51771.11
Tech3		3	6	$ 51917.29
Tech4		1	6	$ 56792.28
Tech5		1	1	$ 129085
The start time is 12/23/2014 5:35:37 PM
The End time is 12/23/2014 5:35:45 PM
