WarehouseVolume:[
(1)	[100000000]
]
StoreVolume:[
(1)	[10000000]
(2)	[10000000]
(3)	[10000000]
(4)	[10000000]
(5)	[10000000]
]
StoreDemand:[
(1	1	1)	[264]
(1	1	2)	[174]
(1	1	3)	[131]
(1	1	4)	[134]
(1	1	5)	[233]
(1	2	1)	[179]
(1	2	2)	[260]
(1	2	3)	[245]
(1	2	4)	[177]
(1	2	5)	[107]
(1	3	1)	[93]
(1	3	2)	[269]
(1	3	3)	[139]
(1	3	4)	[63]
(1	3	5)	[199]
(1	4	1)	[142]
(1	4	2)	[200]
(1	4	3)	[301]
(1	4	4)	[172]
(1	4	5)	[189]
(1	5	1)	[243]
(1	5	2)	[191]
(1	5	3)	[211]
(1	5	4)	[318]
(1	5	5)	[259]
(1	6	1)	[123]
(1	6	2)	[113]
(1	6	3)	[273]
(1	6	4)	[146]
(1	6	5)	[211]
(1	7	1)	[341]
(1	7	2)	[190]
(1	7	3)	[261]
(1	7	4)	[170]
(1	7	5)	[201]
(1	8	1)	[170]
(1	8	2)	[202]
(1	8	3)	[244]
(1	8	4)	[225]
(1	8	5)	[360]
(1	9	1)	[98]
(1	9	2)	[144]
(1	9	3)	[144]
(1	9	4)	[205]
(1	9	5)	[249]
(1	10	1)	[218]
(1	10	2)	[174]
(1	10	3)	[229]
(1	10	4)	[80]
(1	10	5)	[151]
(2	1	1)	[114]
(2	1	2)	[324]
(2	1	3)	[245]
(2	1	4)	[207]
(2	1	5)	[86]
(2	2	1)	[215]
(2	2	2)	[164]
(2	2	3)	[225]
(2	2	4)	[103]
(2	2	5)	[199]
(2	3	1)	[63]
(2	3	2)	[152]
(2	3	3)	[193]
(2	3	4)	[130]
(2	3	5)	[111]
(2	4	1)	[217]
(2	4	2)	[198]
(2	4	3)	[99]
(2	4	4)	[267]
(2	4	5)	[250]
(2	5	1)	[167]
(2	5	2)	[221]
(2	5	3)	[283]
(2	5	4)	[150]
(2	5	5)	[246]
(2	6	1)	[102]
(2	6	2)	[193]
(2	6	3)	[166]
(2	6	4)	[33]
(2	6	5)	[107]
(2	7	1)	[342]
(2	7	2)	[194]
(2	7	3)	[166]
(2	7	4)	[260]
(2	7	5)	[243]
(2	8	1)	[199]
(2	8	2)	[255]
(2	8	3)	[104]
(2	8	4)	[280]
(2	8	5)	[222]
(2	9	1)	[162]
(2	9	2)	[268]
(2	9	3)	[141]
(2	9	4)	[176]
(2	9	5)	[183]
(2	10	1)	[141]
(2	10	2)	[203]
(2	10	3)	[0]
(2	10	4)	[130]
(2	10	5)	[53]
(3	1	1)	[155]
(3	1	2)	[161]
(3	1	3)	[150]
(3	1	4)	[190]
(3	1	5)	[268]
(3	2	1)	[204]
(3	2	2)	[156]
(3	2	3)	[233]
(3	2	4)	[202]
(3	2	5)	[274]
(3	3	1)	[268]
(3	3	2)	[202]
(3	3	3)	[34]
(3	3	4)	[263]
(3	3	5)	[179]
(3	4	1)	[248]
(3	4	2)	[76]
(3	4	3)	[188]
(3	4	4)	[48]
(3	4	5)	[366]
(3	5	1)	[233]
(3	5	2)	[175]
(3	5	3)	[0]
(3	5	4)	[342]
(3	5	5)	[230]
(3	6	1)	[182]
(3	6	2)	[200]
(3	6	3)	[273]
(3	6	4)	[212]
(3	6	5)	[280]
(3	7	1)	[238]
(3	7	2)	[113]
(3	7	3)	[162]
(3	7	4)	[35]
(3	7	5)	[158]
(3	8	1)	[226]
(3	8	2)	[149]
(3	8	3)	[332]
(3	8	4)	[72]
(3	8	5)	[122]
(3	9	1)	[229]
(3	9	2)	[224]
(3	9	3)	[223]
(3	9	4)	[250]
(3	9	5)	[109]
(3	10	1)	[251]
(3	10	2)	[135]
(3	10	3)	[265]
(3	10	4)	[151]
(3	10	5)	[245]
(4	1	1)	[263]
(4	1	2)	[241]
(4	1	3)	[9]
(4	1	4)	[238]
(4	1	5)	[256]
(4	2	1)	[248]
(4	2	2)	[183]
(4	2	3)	[267]
(4	2	4)	[194]
(4	2	5)	[128]
(4	3	1)	[127]
(4	3	2)	[24]
(4	3	3)	[299]
(4	3	4)	[160]
(4	3	5)	[312]
(4	4	1)	[245]
(4	4	2)	[177]
(4	4	3)	[257]
(4	4	4)	[181]
(4	4	5)	[180]
(4	5	1)	[140]
(4	5	2)	[188]
(4	5	3)	[117]
(4	5	4)	[249]
(4	5	5)	[283]
(4	6	1)	[253]
(4	6	2)	[190]
(4	6	3)	[286]
(4	6	4)	[196]
(4	6	5)	[196]
(4	7	1)	[272]
(4	7	2)	[89]
(4	7	3)	[122]
(4	7	4)	[140]
(4	7	5)	[302]
(4	8	1)	[181]
(4	8	2)	[87]
(4	8	3)	[208]
(4	8	4)	[294]
(4	8	5)	[180]
(4	9	1)	[225]
(4	9	2)	[325]
(4	9	3)	[112]
(4	9	4)	[213]
(4	9	5)	[50]
(4	10	1)	[310]
(4	10	2)	[183]
(4	10	3)	[283]
(4	10	4)	[231]
(4	10	5)	[143]
(5	1	1)	[104]
(5	1	2)	[288]
(5	1	3)	[179]
(5	1	4)	[245]
(5	1	5)	[176]
(5	2	1)	[199]
(5	2	2)	[240]
(5	2	3)	[231]
(5	2	4)	[200]
(5	2	5)	[252]
(5	3	1)	[258]
(5	3	2)	[219]
(5	3	3)	[240]
(5	3	4)	[259]
(5	3	5)	[190]
(5	4	1)	[124]
(5	4	2)	[183]
(5	4	3)	[252]
(5	4	4)	[220]
(5	4	5)	[142]
(5	5	1)	[275]
(5	5	2)	[179]
(5	5	3)	[330]
(5	5	4)	[159]
(5	5	5)	[169]
(5	6	1)	[244]
(5	6	2)	[123]
(5	6	3)	[236]
(5	6	4)	[188]
(5	6	5)	[273]
(5	7	1)	[179]
(5	7	2)	[279]
(5	7	3)	[64]
(5	7	4)	[228]
(5	7	5)	[161]
(5	8	1)	[151]
(5	8	2)	[248]
(5	8	3)	[147]
(5	8	4)	[289]
(5	8	5)	[165]
(5	9	1)	[108]
(5	9	2)	[277]
(5	9	3)	[344]
(5	9	4)	[175]
(5	9	5)	[214]
(5	10	1)	[94]
(5	10	2)	[95]
(5	10	3)	[192]
(5	10	4)	[178]
(5	10	5)	[90]
]
FixedCostVendorToWarehouse:[
(1	1)	[401.77]
]
FixedCostWarehouseToStore:[
(1	1)	[126.26]
(1	2)	[401.77]
(1	3)	[45.59]
(1	4)	[75.28]
(1	5)	[66.13]
]
Variable_FixedCostVendorToWarehouse:[
(1	1)	[1185.2]
]
VariableCostVendorToWarehouse:[
(1	1)	[0.09]
]
Variable_FixedCostWarehouseToStore:[
(1	1)	[622.3]
(1	2)	[1185.2]
(1	3)	[441.14]
(1	4)	[521.43]
(1	5)	[492.45]
]
VariableCostWarehouseToStore:[
(1	1)	[0.047]
(1	2)	[0.09]
(1	3)	[0.027]
(1	4)	[0.036]
(1	5)	[0.034]
]
ProductVolume:[
(1)	[0.71]
(2)	[0.64]
(3)	[0.15]
(4)	[0.57]
(5)	[0.91]
(6)	[0.96]
(7)	[0.66]
(8)	[0.63]
(9)	[0.67]
(10)	[0.3]
]
ProductWeight:[
(1)	[0.95]
(2)	[0.28]
(3)	[0.37]
(4)	[0.3]
(5)	[0.83]
(6)	[0.57]
(7)	[0.3]
(8)	[0.86]
(9)	[0.75]
(10)	[0.65]
]
MapVendorToProduct:[
(1	1)	[1]
(1	2)	[1]
(1	3)	[1]
(1	4)	[1]
(1	5)	[1]
(1	6)	[1]
(1	7)	[1]
(1	8)	[1]
(1	9)	[1]
(1	10)	[1]
]
LeadTimeWarehouseToStores:[
(1	1)	[0]
(1	2)	[0]
(1	3)	[0]
(1	4)	[0]
(1	5)	[0]
]
StoreDemandForFashionProducts:[
(1	1)	[1015]
(1	2)	[1110]
(1	3)	[1175]
(1	4)	[505]
(1	5)	[1230]
(1	6)	[1185]
(1	7)	[1180]
(1	8)	[640]
(1	9)	[1070]
(1	10)	[1080]
(2	1)	[780]
(2	2)	[915]
(2	3)	[1210]
(2	4)	[1380]
(2	5)	[1045]
(2	6)	[1290]
(2	7)	[1230]
(2	8)	[940]
(2	9)	[1910]
(2	10)	[720]
(3	1)	[815]
(3	2)	[825]
(3	3)	[915]
(3	4)	[1205]
(3	5)	[975]
(3	6)	[695]
(3	7)	[720]
(3	8)	[335]
(3	9)	[1610]
(3	10)	[1150]
(4	1)	[0]
(4	2)	[575]
(4	3)	[970]
(4	4)	[1120]
(4	5)	[65]
(4	6)	[715]
(4	7)	[1110]
(4	8)	[635]
(4	9)	[1165]
(4	10)	[930]
(5	1)	[545]
(5	2)	[540]
(5	3)	[1190]
(5	4)	[540]
(5	5)	[0]
(5	6)	[1155]
(5	7)	[325]
(5	8)	[605]
(5	9)	[1065]
(5	10)	[1085]
]
FixedCostFashionVendorToWarehouse:[
(1	1)	[297.11]
]
Variable_FixedCostFashionVendorToWarehouse:[
(1	1)	[975.07]
]
VariableCostFashionVendorToWarehouse:[
(1	1)	[0.074]
]
FashionProductVolume:[
(1)	[0.86]
(2)	[0.14]
(3)	[0.28]
(4)	[0.58]
(5)	[0.87]
(6)	[0.09]
(7)	[0.13]
(8)	[0.76]
(9)	[0.23]
(10)	[0.03]
]
FashionProductWeight:[
(1)	[0.91]
(2)	[0.14]
(3)	[0.75]
(4)	[0.78]
(5)	[0.69]
(6)	[0.97]
(7)	[0.84]
(8)	[0.88]
(9)	[0.93]
(10)	[0.49]
]
MapFashionVendorToProduct:[
(1	1)	[1]
(1	2)	[1]
(1	3)	[1]
(1	4)	[1]
(1	5)	[1]
(1	6)	[1]
(1	7)	[1]
(1	8)	[1]
(1	9)	[1]
(1	10)	[1]
]
