Printing New Fashion Solution:

Inbound Fashion Solution (V F T):
1	1	3	4780
1	2	3	5515
1	3	4	4540
1	4	3	5175
1	5	4	3695
1	6	3	4285
1	7	2	4255
1	8	4	5125
1	9	4	4380
1	10	3	5780


Outbound Fashion Solution(S F T):
1	1	5	1445
1	2	5	1350
1	3	5	530
1	4	5	430
1	5	5	710
1	6	5	725
1	7	5	880
1	8	5	1135
1	9	5	815
1	10	5	675
2	1	5	725
2	2	5	1030
2	3	5	460
2	4	5	1200
2	5	5	1030
2	6	5	1170
2	7	5	440
2	8	5	1060
2	9	5	1070
2	10	5	1025
3	1	5	815
3	2	5	1110
3	3	5	1320
3	4	5	1045
3	5	5	855
3	6	5	1140
3	7	5	1370
3	8	5	455
3	9	5	1290
3	10	5	1650
4	1	5	1150
4	2	5	1060
4	3	5	1215
4	4	5	1015
4	5	5	380
4	6	5	860
4	7	5	1365
4	8	5	845
4	9	5	495
4	10	5	1150
5	1	5	645
5	2	5	965
5	3	5	1015
5	4	5	1485
5	5	5	720
5	6	5	390
5	7	5	200
5	8	5	1630
5	9	5	710
5	10	5	1280


Warehouse Fashion Inventory (W F T):
1	0		0		4780		4780		0	
2	0		0		5515		5515		0	
3	0		0		0		4540		0	
4	0		0		5175		5175		0	
5	0		0		0		3695		0	
6	0		0		4285		4285		0	
7	0		4255		4255		4255		0	
8	0		0		0		5125		0	
9	0		0		0		4380		0	
10	0		0		5780		5780		0	

Store Fashion Inventory (S F T):
Store1
1	0		0		0		1445	
2	0		0		0		1350	
3	0		0		0		530	
4	0		0		0		430	
5	0		0		0		710	
6	0		0		0		725	
7	0		0		0		880	
8	0		0		0		1135	
9	0		0		0		815	
10	0		0		0		675	
Store2
1	0		0		0		725	
2	0		0		0		1030	
3	0		0		0		460	
4	0		0		0		1200	
5	0		0		0		1030	
6	0		0		0		1170	
7	0		0		0		440	
8	0		0		0		1060	
9	0		0		0		1070	
10	0		0		0		1025	
Store3
1	0		0		0		815	
2	0		0		0		1110	
3	0		0		0		1320	
4	0		0		0		1045	
5	0		0		0		855	
6	0		0		0		1140	
7	0		0		0		1370	
8	0		0		0		455	
9	0		0		0		1290	
10	0		0		0		1650	
Store4
1	0		0		0		1150	
2	0		0		0		1060	
3	0		0		0		1215	
4	0		0		0		1015	
5	0		0		0		380	
6	0		0		0		860	
7	0		0		0		1365	
8	0		0		0		845	
9	0		0		0		495	
10	0		0		0		1150	
Store5
1	0		0		0		645	
2	0		0		0		965	
3	0		0		0		1015	
4	0		0		0		1485	
5	0		0		0		720	
6	0		0		0		390	
7	0		0		0		200	
8	0		0		0		1630	
9	0		0		0		710	
10	0		0		0		1280	


Fashion Shipments from Vendor to Warehouse (V T):
0	0.1928933	0.9080333	0.9406101	

Printing New Basic Solution:

Inbound Solution (V P T):
1	1	1	5354
1	1	2	282
1	2	1	2020
1	2	2	3607
1	3	1	2771
1	3	2	2268
1	4	1	906
1	4	2	4076
1	5	1	3541
1	5	2	1124
1	6	1	1852
1	6	2	3251
1	7	1	3041
1	7	2	2372
1	8	1	3883
1	8	2	1018
1	9	1	814
1	9	2	3665
1	10	1	3368
1	10	2	2049


Outbound Solution(S P T):
1	1	1	1188
1	2	1	1385
1	3	1	823
1	4	1	975
1	5	1	859
1	6	1	1106
1	7	1	1057
1	8	1	958
1	9	1	875
1	10	1	1198
2	1	2	1171
2	2	2	1068
2	3	2	1116
2	4	2	1096
2	5	2	994
2	6	2	971
2	7	2	974
2	8	2	1053
2	9	2	958
2	10	2	1233
3	1	2	963
3	2	2	1144
3	3	2	1280
3	4	2	975
3	5	2	1053
3	6	2	1033
3	7	2	1287
3	8	2	934
3	9	2	1014
3	10	2	938
4	1	1	1035
4	2	1	756
4	3	1	1045
4	4	1	1002
4	5	1	923
4	6	1	931
4	7	1	1152
4	8	1	1058
4	9	1	752
4	10	1	1138
5	1	2	1279
5	2	2	1274
5	3	2	775
5	4	2	934
5	5	2	836
5	6	2	1062
5	7	2	943
5	8	2	898
5	9	2	880
5	10	2	910


Warehouse Inventory (W P T):
1	0		3131		0		0		0		0	
2	121		0		121		121		121		121	
3	0		903		0		0		0		0	
4	1071		0		1071		1071		1071		1071	
5	0		1759		0		0		0		0	
6	185		0		185		185		185		185	
7	0		832		0		0		0		0	
8	0		1867		0		0		0		0	
9	813		0		813		813		813		813	
10	0		1032		0		0		0		0	

Store Inventory (S P T):
Store1
1	0		920		735		407		208		0	
2	0		1086		803		582		285		0	
3	0		629		411		255		106		0	
4	0		808		572		257		129		0	
5	0		716		612		365		195		0	
6	0		941		837		540		229		0	
7	0		843		584		404		187		0	
8	0		820		569		300		95		0	
9	0		615		344		250		90		0	
10	0		874		702		551		177		0	
Store2
1	172		0		816		578		372		172	
2	246		0		773		708		447		246	
3	177		0		808		643		405		177	
4	314		0		904		692		499		314	
5	228		0		806		513		333		228	
6	141		0		933		806		523		141	
7	229		0		778		547		327		229	
8	180		0		687		473		300		180	
9	218		0		765		612		451		218	
10	111		0		923		654		352		111	
Store3
1	62		0		680		464		259		62	
2	287		0		879		724		564		287	
3	222		0		931		753		432		222	
4	176		0		738		588		410		176	
5	190		0		1003		777		493		190	
6	79		0		822		601		337		79	
7	128		0		862		558		440		128	
8	215		0		772		583		378		215	
9	307		0		869		686		476		307	
10	214		0		862		576		372		214	
Store4
1	0		923		617		435		297		0	
2	0		628		354		245		53		0	
3	0		912		680		479		293		0	
4	0		672		614		429		223		0	
5	0		547		397		221		116		0	
6	0		820		644		326		266		0	
7	0		822		579		359		203		0	
8	0		892		709		492		140		0	
9	0		492		310		167		0		0	
10	0		945		745		448		184		0	
Store5
1	226		0		1043		861		514		226	
2	276		0		911		638		443		276	
3	33		0		571		415		322		33	
4	130		0		764		474		336		130	
5	216		0		678		427		339		216	
6	238		0		851		632		482		238	
7	177		0		723		516		243		177	
8	134		0		796		581		315		134	
9	212		0		690		517		243		212	
10	227		0		706		627		562		227	


Shipments from Vendor to Warehouse (V T):
0.9981714	0.9568647	0	0	0	

Shipments from Warehouse to Stores (S T):
1	1	0.411284
1	5	0.3790466
2	2	0.4047267
2	5	0.3776833
3	2	0.392726
3	5	0.4768967
4	1	0.365286
4	5	0.4166433
5	2	0.3810133
5	5	0.3912667


Required Putaway workers (Sol T):
3	3	3	2	0	

No of required pickers (T):
3	4	0	0	6	

No of part-time putaway workers (T):
1	1	1	0	0	

No of part-time pickers (T):
0	0	0	0	2	

Best Putaway Technology: 1200
Best Picking Technology: 1000

Required Fashion Putaway Hours:
0	3.545833	21.27917	14.78333	0	

Required Basic Putaway Hours:
22.95833	19.76	0	0	0	

Required Total Putaway Hours:
22.95833	23.30583	21.27917	14.78333	0	

No of required fashion pick hours:
0	0	0	0	47.53	

No of required basic pick hours:
20.216	31.046	0	0	0	

No of required total pick hours:
20.216	31.046	0	0	47.53	

List of all the costs: 
MHECost		351
PutawayTechCost		1060
PickingTechCost		9130
WhBasicInvCost		182.8401
BasicInbCost		5813.239
WhFashionInvCost		815.7499
FashionInbCost		7516.984
PutawayCost		3920
StoreBasicInvCost		4950.65
StoreFashionInvCost		2376.5
OutboundCost		17729.33
PickingCost		6880
Total		60726.3

List of Top5 Technologies: 
Tech1		2	5	$ 61690.68
Tech2		2	6	$ 69045.8
Tech3		2	4	$ 71481.39
Tech4		2	3	$ 79722.01
Tech5		2	1	$ 107017.2
The start time is 12/23/2014 6:52:07 PM
The End time is 12/23/2014 6:52:15 PM
