Printing New Fashion Solution:

Inbound Fashion Solution (V F T):
1	1	2	4780
1	2	4	5515
1	3	4	4540
1	4	4	5175
1	5	2	3695
1	6	2	4285
1	7	4	4255
1	8	4	5125
1	9	4	4380
1	10	4	5780


Outbound Fashion Solution(S F T):
1	1	5	1445
1	2	5	1350
1	3	5	530
1	4	5	430
1	5	5	710
1	6	5	725
1	7	5	880
1	8	5	1135
1	9	5	815
1	10	5	675
2	1	5	725
2	2	5	1030
2	3	5	460
2	4	5	1200
2	5	5	1030
2	6	5	1170
2	7	5	440
2	8	5	1060
2	9	5	1070
2	10	5	1025
3	1	5	815
3	2	5	1110
3	3	5	1320
3	4	5	1045
3	5	5	855
3	6	5	1140
3	7	5	1370
3	8	5	455
3	9	5	1290
3	10	5	1650
4	1	5	1150
4	2	5	1060
4	3	5	1215
4	4	5	1015
4	5	5	380
4	6	5	860
4	7	5	1365
4	8	5	845
4	9	5	495
4	10	5	1150
5	1	5	645
5	2	5	965
5	3	5	1015
5	4	5	1485
5	5	5	720
5	6	5	390
5	7	5	200
5	8	5	1630
5	9	5	710
5	10	5	1280


Warehouse Fashion Inventory (W F T):
1	0		4780		4780		4780		0	
2	0		0		0		5515		0	
3	0		0		0		4540		0	
4	0		0		0		5175		0	
5	0		3695		3695		3695		0	
6	0		4285		4285		4285		0	
7	0		0		0		4255		0	
8	0		0		0		5125		0	
9	0		0		0		4380		0	
10	0		0		0		5780		0	

Store Fashion Inventory (S F T):
Store1
1	0		0		0		1445	
2	0		0		0		1350	
3	0		0		0		530	
4	0		0		0		430	
5	0		0		0		710	
6	0		0		0		725	
7	0		0		0		880	
8	0		0		0		1135	
9	0		0		0		815	
10	0		0		0		675	
Store2
1	0		0		0		725	
2	0		0		0		1030	
3	0		0		0		460	
4	0		0		0		1200	
5	0		0		0		1030	
6	0		0		0		1170	
7	0		0		0		440	
8	0		0		0		1060	
9	0		0		0		1070	
10	0		0		0		1025	
Store3
1	0		0		0		815	
2	0		0		0		1110	
3	0		0		0		1320	
4	0		0		0		1045	
5	0		0		0		855	
6	0		0		0		1140	
7	0		0		0		1370	
8	0		0		0		455	
9	0		0		0		1290	
10	0		0		0		1650	
Store4
1	0		0		0		1150	
2	0		0		0		1060	
3	0		0		0		1215	
4	0		0		0		1015	
5	0		0		0		380	
6	0		0		0		860	
7	0		0		0		1365	
8	0		0		0		845	
9	0		0		0		495	
10	0		0		0		1150	
Store5
1	0		0		0		645	
2	0		0		0		965	
3	0		0		0		1015	
4	0		0		0		1485	
5	0		0		0		720	
6	0		0		0		390	
7	0		0		0		200	
8	0		0		0		1630	
9	0		0		0		710	
10	0		0		0		1280	


Fashion Shipments from Vendor to Warehouse (V T):
0	0.5357967	0	1.50574	

Printing New Basic Solution:

Inbound Solution (V P T):
1	1	1	1691
1	1	3	3945
1	2	1	2870
1	2	3	2757
1	3	1	1008
1	3	3	4031
1	4	1	2716
1	4	3	2266
1	5	1	3881
1	5	3	784
1	6	1	2164
1	6	3	2939
1	7	1	2003
1	7	3	3410
1	8	1	3431
1	8	3	1470
1	9	1	4479
1	10	1	3175
1	10	3	2242


Outbound Solution(S P T):
1	1	3	1188
1	2	3	1385
1	3	3	823
1	4	3	975
1	5	3	859
1	6	3	1106
1	7	3	1057
1	8	3	958
1	9	3	875
1	10	3	1198
2	1	1	1171
2	2	1	1068
2	3	1	1116
2	4	1	1096
2	5	1	994
2	6	1	971
2	7	1	974
2	8	1	1053
2	9	1	958
2	10	1	1233
3	1	3	963
3	2	3	1144
3	3	3	1280
3	4	3	975
3	5	3	1053
3	6	3	1033
3	7	3	1287
3	8	3	934
3	9	3	1014
3	10	3	938
4	1	1	1035
4	2	1	756
4	3	1	1045
4	4	1	1002
4	5	1	923
4	6	1	931
4	7	1	1152
4	8	1	1058
4	9	1	752
4	10	1	1138
5	1	3	1279
5	2	3	1274
5	3	3	775
5	4	3	934
5	5	3	836
5	6	3	1062
5	7	3	943
5	8	3	898
5	9	3	880
5	10	3	910


Warehouse Inventory (W P T):
1	515		0		0		515		515		515	
2	0		1046		1046		0		0		0	
3	1153		0		0		1153		1153		1153	
4	0		618		618		0		0		0	
5	0		1964		1964		0		0		0	
6	0		262		262		0		0		0	
7	123		0		0		123		123		123	
8	0		1320		1320		0		0		0	
9	0		2769		2769		0		0		0	
10	0		804		804		0		0		0	

Store Inventory (S P T):
Store1
1	453		185		0		860		661		453	
2	582		283		0		1164		867		582	
3	412		218		0		667		518		412	
4	403		236		0		660		532		403	
5	247		104		0		612		442		247	
6	269		104		0		809		498		269	
7	473		259		0		877		660		473	
8	389		251		0		689		484		389	
9	531		271		0		781		621		531	
10	496		172		0		1047		673		496	
Store2
1	0		999		644		406		200		0	
2	0		822		527		462		201		0	
3	0		939		631		466		228		0	
4	0		782		590		378		185		0	
5	0		766		578		285		105		0	
6	0		830		792		665		382		0	
7	0		745		549		318		98		0	
8	0		873		507		293		120		0	
9	0		740		547		394		233		0	
10	0		1122		812		543		241		0	
Store3
1	345		283		0		747		542		345	
2	552		265		0		989		829		552	
3	571		349		0		1102		781		571	
4	413		237		0		825		647		413	
5	240		50		0		827		543		240	
6	290		211		0		812		548		290	
7	553		425		0		983		865		553	
8	377		162		0		745		540		377	
9	452		145		0		831		621		452	
10	290		76		0		652		448		290	
Store4
1	0		923		617		435		297		0	
2	0		628		354		245		53		0	
3	0		912		680		479		293		0	
4	0		672		614		429		223		0	
5	0		547		397		221		116		0	
6	0		820		644		326		266		0	
7	0		822		579		359		203		0	
8	0		892		709		492		140		0	
9	0		492		310		167		0		0	
10	0		945		745		448		184		0	
Store5
1	462		236		0		1097		750		462	
2	639		363		0		1001		806		639	
3	237		204		0		619		526		237	
4	300		170		0		644		506		300	
5	374		158		0		585		497		374	
6	449		211		0		843		693		449	
7	397		220		0		736		463		397	
8	236		102		0		683		417		236	
9	402		190		0		707		433		402	
10	431		204		0		831		766		431	


Shipments from Vendor to Warehouse (V T):
0.9903513	0	0.9646847	0	0	

Shipments from Warehouse to Stores (S T):
1	3	0.411284
1	5	0.3790466
2	1	0.4047267
2	5	0.3776833
3	3	0.392726
3	5	0.4768967
4	1	0.365286
4	5	0.4166433
5	3	0.3810133
5	5	0.3912667


Required Putaway workers (Sol T):
3	2	3	4	0	

No of required pickers (T):
3	0	4	0	6	

No of part-time putaway workers (T):
0	0	0	1	0	

No of part-time pickers (T):
0	0	0	0	2	

Best Putaway Technology: 1200
Best Picking Technology: 1000

Required Fashion Putaway Hours:
0	10.63333	0	28.975	0	

Required Basic Putaway Hours:
22.84833	0	19.87	0	0	

Required Total Putaway Hours:
22.84833	10.63333	19.87	28.975	0	

No of required fashion pick hours:
0	0	0	0	47.53	

No of required basic pick hours:
20.426	0	30.836	0	0	

No of required total pick hours:
20.426	0	30.836	0	47.53	

List of all the costs: 
MHECost		432
PutawayTechCost		1060
PickingTechCost		9130
WhBasicInvCost		229.39
BasicInbCost		5813.239
WhFashionInvCost		730.4999
FashionInbCost		7516.984
PutawayCost		5040
StoreBasicInvCost		5044.35
StoreFashionInvCost		2376.5
OutboundCost		17729.33
PickingCost		6880
Total		61982.3

List of Top5 Technologies: 
Tech1		3	5	$ 63792.32
Tech2		2	5	$ 66397.44
Tech3		2	6	$ 77226.14
Tech4		2	3	$ 81679.34
Tech5		2	1	$ 115374.8
The start time is 12/23/2014 6:52:07 PM
The End time is 12/23/2014 6:52:14 PM
