Printing New Fashion Solution:

Inbound Fashion Solution (V F T):
1	1	4	4780
1	2	1	5515
1	3	4	4540
1	4	1	5175
1	5	4	3695
1	6	1	4285
1	7	4	4255
1	8	4	5125
1	9	1	4380
1	10	4	5780


Outbound Fashion Solution(S F T):
1	1	5	1445
1	2	3	1350
1	3	5	530
1	4	5	430
1	5	5	710
1	6	5	725
1	7	5	880
1	8	5	1135
1	9	5	815
1	10	5	675
2	1	5	725
2	2	5	1030
2	3	5	460
2	4	5	1200
2	5	5	1030
2	6	5	1170
2	7	5	440
2	8	5	1060
2	9	5	1070
2	10	5	1025
3	1	5	815
3	2	4	1110
3	3	5	1320
3	4	5	1045
3	5	5	855
3	6	5	1140
3	7	5	1370
3	8	5	455
3	9	4	1290
3	10	5	1650
4	1	5	1150
4	2	4	1060
4	3	5	1215
4	4	5	1015
4	5	5	380
4	6	5	860
4	7	5	1365
4	8	5	845
4	9	4	495
4	10	5	1150
5	1	5	645
5	2	3	965
5	3	5	1015
5	4	5	1485
5	5	5	720
5	6	5	390
5	7	5	200
5	8	5	1630
5	9	5	710
5	10	5	1280


Warehouse Fashion Inventory (W F T):
1	0		0		0		4780		0	
2	5515		5515		3200		1030		0	
3	0		0		0		4540		0	
4	5175		5175		5175		5175		0	
5	0		0		0		3695		0	
6	4285		4285		4285		4285		0	
7	0		0		0		4255		0	
8	0		0		0		5125		0	
9	4380		4380		4380		2595		0	
10	0		0		0		5780		0	

Store Fashion Inventory (S F T):
Store1
1	0		0		0		1445	
2	0		1350		1350		1350	
3	0		0		0		530	
4	0		0		0		430	
5	0		0		0		710	
6	0		0		0		725	
7	0		0		0		880	
8	0		0		0		1135	
9	0		0		0		815	
10	0		0		0		675	
Store2
1	0		0		0		725	
2	0		0		0		1030	
3	0		0		0		460	
4	0		0		0		1200	
5	0		0		0		1030	
6	0		0		0		1170	
7	0		0		0		440	
8	0		0		0		1060	
9	0		0		0		1070	
10	0		0		0		1025	
Store3
1	0		0		0		815	
2	0		0		1110		1110	
3	0		0		0		1320	
4	0		0		0		1045	
5	0		0		0		855	
6	0		0		0		1140	
7	0		0		0		1370	
8	0		0		0		455	
9	0		0		1290		1290	
10	0		0		0		1650	
Store4
1	0		0		0		1150	
2	0		0		1060		1060	
3	0		0		0		1215	
4	0		0		0		1015	
5	0		0		0		380	
6	0		0		0		860	
7	0		0		0		1365	
8	0		0		0		845	
9	0		0		495		495	
10	0		0		0		1150	
Store5
1	0		0		0		645	
2	0		965		965		965	
3	0		0		0		1015	
4	0		0		0		1485	
5	0		0		0		720	
6	0		0		0		390	
7	0		0		0		200	
8	0		0		0		1630	
9	0		0		0		710	
10	0		0		0		1280	


Fashion Shipments from Vendor to Warehouse (V T):
0.6124333	0	0	1.429103	

Printing New Basic Solution:

Inbound Solution (V P T):
1	1	2	1046
1	1	3	4590
1	2	2	1529
1	2	3	4098
1	3	2	1562
1	3	3	3477
1	4	2	4170
1	4	3	812
1	5	2	1445
1	5	3	3220
1	6	2	4273
1	6	3	830
1	7	2	404
1	7	3	5009
1	8	2	1581
1	8	3	3320
1	9	2	2594
1	9	3	1885
1	10	2	3792
1	10	3	1625


Outbound Solution(S P T):
1	1	3	393
1	1	5	795
1	2	3	568
1	2	5	817
1	3	3	324
1	3	5	499
1	4	3	365
1	4	5	610
1	5	3	299
1	5	5	560
1	6	3	333
1	6	5	773
1	7	3	446
1	7	5	611
1	8	3	346
1	8	5	612
1	9	3	361
1	9	5	514
1	10	3	349
1	10	5	849
2	1	2	1171
2	2	2	1068
2	3	2	1116
2	4	2	1096
2	5	2	994
2	6	2	971
2	7	2	974
2	8	2	1053
2	9	2	958
2	10	2	1233
3	1	4	963
3	2	4	1144
3	3	4	1280
3	4	4	975
3	5	4	1053
3	6	4	1033
3	7	4	1287
3	8	4	934
3	9	4	1014
3	10	4	938
4	1	4	1035
4	2	4	756
4	3	4	1045
4	4	4	1002
4	5	4	923
4	6	4	931
4	7	4	1152
4	8	4	1058
4	9	4	752
4	10	4	1138
5	1	3	1279
5	2	3	1274
5	3	3	775
5	4	3	934
5	5	3	836
5	6	3	1062
5	7	3	943
5	8	3	898
5	9	3	880
5	10	3	910


Warehouse Inventory (W P T):
1	125		125		0		2918		920		125	
2	0		0		461		2717		817		0	
3	0		0		446		2824		499		0	
4	0		0		3074		2587		610		0	
5	0		0		451		2536		560		0	
6	0		0		3302		2737		773		0	
7	570		570		0		3620		1181		570	
8	0		0		528		2604		612		0	
9	0		0		1636		2280		514		0	
10	0		0		2559		2925		849		0	

Store Inventory (S P T):
Store1
1	587		319		134		199		0		587	
2	582		283		0		347		50		582	
3	412		218		0		168		19		412	
4	481		314		78		128		0		481	
5	365		222		118		170		0		365	
6	544		379		275		311		0		544	
7	473		259		0		266		49		473	
8	517		379		128		205		0		517	
9	531		271		0		267		107		531	
10	672		348		176		374		0		672	
Store2
1	172		0		816		578		372		172	
2	246		0		773		708		447		246	
3	177		0		808		643		405		177	
4	314		0		904		692		499		314	
5	228		0		806		513		333		228	
6	141		0		933		806		523		141	
7	229		0		778		547		327		229	
8	180		0		687		473		300		180	
9	218		0		765		612		451		218	
10	111		0		923		654		352		111	
Store3
1	561		499		216		0		758		561	
2	707		420		155		0		984		707	
3	749		527		178		0		959		749	
4	563		387		150		0		797		563	
5	466		276		226		0		769		466	
6	511		432		221		0		769		511	
7	857		729		304		0		1169		857	
8	566		351		189		0		729		566	
9	635		328		183		0		804		635	
10	576		362		286		0		734		576	
Store4
1	600		488		182		0		897		600	
2	511		383		109		0		564		511	
3	566		433		201		0		859		566	
4	573		243		185		0		796		573	
5	702		326		176		0		818		702	
6	605		494		318		0		871		605	
7	793		463		220		0		996		793	
8	566		400		217		0		706		566	
9	585		325		143		0		585		585	
10	690		497		297		0		874		690	
Store5
1	462		236		0		1097		750		462	
2	639		363		0		1001		806		639	
3	237		204		0		619		526		237	
4	300		170		0		644		506		300	
5	374		158		0		585		497		374	
6	449		211		0		843		693		449	
7	397		220		0		736		463		397	
8	236		102		0		683		417		236	
9	402		190		0		707		433		402	
10	431		204		0		831		766		431	


Shipments from Vendor to Warehouse (V T):
0	0.9639153	0.9911206	0	0	

Shipments from Warehouse to Stores (S T):
1	3	0.159694
1	5	0.6306366
2	2	0.4047267
2	5	0.3776833
3	4	0.487246
3	5	0.3823767
4	4	0.407896
4	5	0.3740333
5	3	0.3906634
5	5	0.3816167


Required Putaway workers (Sol T):
3	3	4	3	0	

No of required pickers (T):
0	3	4	7	12	

No of part-time putaway workers (T):
0	0	1	0	0	

No of part-time pickers (T):
0	0	0	0	4	

Best Putaway Technology: 1200
Best Picking Technology: 500

Required Fashion Putaway Hours:
16.12917	0	0	23.47917	0	

Required Basic Putaway Hours:
0	18.66333	24.055	0	0	

Required Total Putaway Hours:
16.12917	18.66333	24.055	23.47917	0	

No of required fashion pick hours:
0	0	4.63	7.91	82.52	

No of required basic pick hours:
0	21.268	27.15	40.826	13.28	

No of required total pick hours:
0	21.268	31.78	48.736	95.8	

List of all the costs: 
MHECost		432
PutawayTechCost		1060
PickingTechCost		3195
WhBasicInvCost		489.3
BasicInbCost		5813.239
WhFashionInvCost		970.0999
FashionInbCost		7516.984
PutawayCost		5040
StoreBasicInvCost		4654.8
StoreFashionInvCost		2805.75
OutboundCost		17729.34
PickingCost		13760
Total		63466.51

List of Top5 Technologies: 
Tech1		2	5	$ 63466.51
Tech2		2	4	$ 67198.17
Tech3		3	4	$ 67449.75
Tech4		3	6	$ 78560.28
Tech5		3	3	$ 81304.88
The start time is 12/23/2014 6:52:06 PM
The End time is 12/23/2014 6:52:18 PM
