Printing New Fashion Solution:

Inbound Fashion Solution (V F T):
1	1	4	4780
1	2	4	5515
1	3	4	4540
1	4	4	5175
1	5	4	3695
1	6	4	4285
1	7	4	4255
1	8	2	5125
1	9	2	4380
1	10	4	5780


Outbound Fashion Solution(S F T):
1	1	5	1445
1	2	5	1350
1	3	5	530
1	4	5	430
1	5	5	710
1	6	5	725
1	7	5	880
1	8	5	1135
1	9	5	815
1	10	5	675
2	1	5	725
2	2	5	1030
2	3	5	460
2	4	5	1200
2	5	5	1030
2	6	5	1170
2	7	5	440
2	8	5	1060
2	9	5	1070
2	10	5	1025
3	1	5	815
3	2	5	1110
3	3	5	1320
3	4	5	1045
3	5	5	855
3	6	5	1140
3	7	5	1370
3	8	5	455
3	9	3	1290
3	10	5	1650
4	1	5	1150
4	2	5	1060
4	3	5	1215
4	4	5	1015
4	5	5	380
4	6	5	860
4	7	5	1365
4	8	5	845
4	9	5	495
4	10	5	1150
5	1	5	645
5	2	5	965
5	3	5	1015
5	4	5	1485
5	5	5	720
5	6	5	390
5	7	5	200
5	8	5	1630
5	9	3	710
5	10	5	1280


Warehouse Fashion Inventory (W F T):
1	0		0		0		4780		0	
2	0		0		0		5515		0	
3	0		0		0		4540		0	
4	0		0		0		5175		0	
5	0		0		0		3695		0	
6	0		0		0		4285		0	
7	0		0		0		4255		0	
8	0		5125		5125		5125		0	
9	0		4380		2380		2380		0	
10	0		0		0		5780		0	

Store Fashion Inventory (S F T):
Store1
1	0		0		0		1445	
2	0		0		0		1350	
3	0		0		0		530	
4	0		0		0		430	
5	0		0		0		710	
6	0		0		0		725	
7	0		0		0		880	
8	0		0		0		1135	
9	0		0		0		815	
10	0		0		0		675	
Store2
1	0		0		0		725	
2	0		0		0		1030	
3	0		0		0		460	
4	0		0		0		1200	
5	0		0		0		1030	
6	0		0		0		1170	
7	0		0		0		440	
8	0		0		0		1060	
9	0		0		0		1070	
10	0		0		0		1025	
Store3
1	0		0		0		815	
2	0		0		0		1110	
3	0		0		0		1320	
4	0		0		0		1045	
5	0		0		0		855	
6	0		0		0		1140	
7	0		0		0		1370	
8	0		0		0		455	
9	0		1290		1290		1290	
10	0		0		0		1650	
Store4
1	0		0		0		1150	
2	0		0		0		1060	
3	0		0		0		1215	
4	0		0		0		1015	
5	0		0		0		380	
6	0		0		0		860	
7	0		0		0		1365	
8	0		0		0		845	
9	0		0		0		495	
10	0		0		0		1150	
Store5
1	0		0		0		645	
2	0		0		0		965	
3	0		0		0		1015	
4	0		0		0		1485	
5	0		0		0		720	
6	0		0		0		390	
7	0		0		0		200	
8	0		0		0		1630	
9	0		710		710		710	
10	0		0		0		1280	


Fashion Shipments from Vendor to Warehouse (V T):
0	0.57024	0	1.471297	

Printing New Basic Solution:

Inbound Solution (V P T):
1	1	3	1712
1	1	5	3924
1	2	3	2644
1	2	5	2983
1	3	3	1512
1	3	5	3527
1	4	3	2293
1	4	5	2689
1	5	3	1371
1	5	5	3294
1	6	3	4336
1	6	5	767
1	7	3	4426
1	7	5	987
1	8	3	925
1	8	5	3976
1	9	3	3136
1	9	5	1343
1	10	3	2688
1	10	5	2729


Outbound Solution(S P T):
1	1	1	1188
1	2	1	1385
1	3	1	823
1	4	1	975
1	5	1	859
1	6	1	1106
1	7	1	1057
1	8	1	958
1	9	1	875
1	10	1	1198
2	1	1	1171
2	2	1	1068
2	3	1	1116
2	4	1	1096
2	5	1	994
2	6	1	971
2	7	1	974
2	8	1	1053
2	9	1	958
2	10	1	1233
3	1	3	963
3	2	3	1144
3	3	3	1280
3	4	3	975
3	5	3	1053
3	6	3	1033
3	7	3	1287
3	8	3	934
3	9	3	1014
3	10	3	938
4	1	5	1035
4	2	5	756
4	3	5	1045
4	4	5	1002
4	5	5	923
4	6	5	931
4	7	5	1152
4	8	5	1058
4	9	5	752
4	10	5	1138
5	1	3	1279
5	2	3	1274
5	3	3	775
5	4	3	934
5	5	3	836
5	6	3	1062
5	7	3	943
5	8	3	898
5	9	3	880
5	10	3	910


Warehouse Inventory (W P T):
1	2889		530		530		0		0		2889	
2	2453		0		0		226		226		2453	
3	2482		543		543		0		0		2482	
4	2071		0		0		384		384		2071	
5	2371		518		518		0		0		2371	
6	2077		0		0		2241		2241		2077	
7	2031		0		0		2196		2196		2031	
8	2918		907		907		0		0		2918	
9	1833		0		0		1242		1242		1833	
10	2431		0		0		840		840		2431	

Store Inventory (S P T):
Store1
1	0		920		735		407		208		0	
2	0		1086		803		582		285		0	
3	0		629		411		255		106		0	
4	0		808		572		257		129		0	
5	0		716		612		365		195		0	
6	0		941		837		540		229		0	
7	0		843		584		404		187		0	
8	0		820		569		300		95		0	
9	0		615		344		250		90		0	
10	0		874		702		551		177		0	
Store2
1	0		999		644		406		200		0	
2	0		822		527		462		201		0	
3	0		939		631		466		228		0	
4	0		782		590		378		185		0	
5	0		766		578		285		105		0	
6	0		830		792		665		382		0	
7	0		745		549		318		98		0	
8	0		873		507		293		120		0	
9	0		740		547		394		233		0	
10	0		1122		812		543		241		0	
Store3
1	345		283		0		747		542		345	
2	552		265		0		989		829		552	
3	571		349		0		1102		781		571	
4	413		237		0		825		647		413	
5	240		50		0		827		543		240	
6	290		211		0		812		548		290	
7	553		425		0		983		865		553	
8	377		162		0		745		540		377	
9	452		145		0		831		621		452	
10	290		76		0		652		448		290	
Store4
1	738		626		320		138		0		738	
2	703		575		301		192		0		703	
3	752		619		387		186		0		752	
4	779		449		391		206		0		779	
5	807		431		281		105		0		807	
6	665		554		378		60		0		665	
7	949		619		376		156		0		949	
8	918		752		569		352		0		918	
9	752		492		310		167		0		752	
10	954		761		561		264		0		954	
Store5
1	462		236		0		1097		750		462	
2	639		363		0		1001		806		639	
3	237		204		0		619		526		237	
4	300		170		0		644		506		300	
5	374		158		0		585		497		374	
6	449		211		0		843		693		449	
7	397		220		0		736		463		397	
8	236		102		0		683		417		236	
9	402		190		0		707		433		402	
10	431		204		0		831		766		431	


Shipments from Vendor to Warehouse (V T):
0	0	0.9603381	0	0.994698	

Shipments from Warehouse to Stores (S T):
1	1	0.411284
1	5	0.3790466
2	1	0.4047267
2	5	0.3776833
3	3	0.476146
3	5	0.3934767
4	5	0.7819293
5	3	0.4269267
5	5	0.3453534


Required Putaway workers (Sol T):
0	1	3	4	3	

No of required pickers (T):
3	0	3	0	7	

No of part-time putaway workers (T):
0	0	0	1	0	

No of part-time pickers (T):
0	0	0	0	2	

Best Putaway Technology: 1200
Best Picking Technology: 1000

Required Fashion Putaway Hours:
0	7.920833	0	31.6875	0	

Required Basic Putaway Hours:
0	0	20.86917	0	21.84917	

Required Total Putaway Hours:
0	7.920833	20.86917	31.6875	21.84917	

No of required fashion pick hours:
0	0	2	0	45.53	

No of required basic pick hours:
21.058	0	20.412	0	9.792	

No of required total pick hours:
21.058	0	22.412	0	55.322	

List of all the costs: 
MHECost		432
PutawayTechCost		1060
PickingTechCost		9130
WhBasicInvCost		428.0999
BasicInbCost		5813.239
WhFashionInvCost		625.4
FashionInbCost		7516.984
PutawayCost		5040
StoreBasicInvCost		5068.85
StoreFashionInvCost		2576.5
OutboundCost		15954.04
PickingCost		8480
Total		62125.12

List of Top5 Technologies: 
Tech1		2	6	$ 62125.12
Tech2		2	5	$ 63137.48
Tech3		4	5	$ 70216.31
Tech4		1	5	$ 70961.39
Tech5		1	2	$ 86395.65
The start time is 12/23/2014 6:52:06 PM
The End time is 12/23/2014 6:52:15 PM
