WarehouseVolume:[
(1)	[100000000]
]
StoreVolume:[
(1)	[10000000]
(2)	[10000000]
(3)	[10000000]
(4)	[10000000]
(5)	[10000000]
]
StoreDemand:[
(1	1	1)	[268]
(1	1	2)	[185]
(1	1	3)	[328]
(1	1	4)	[199]
(1	1	5)	[208]
(1	2	1)	[299]
(1	2	2)	[283]
(1	2	3)	[221]
(1	2	4)	[297]
(1	2	5)	[285]
(1	3	1)	[194]
(1	3	2)	[218]
(1	3	3)	[156]
(1	3	4)	[149]
(1	3	5)	[106]
(1	4	1)	[167]
(1	4	2)	[236]
(1	4	3)	[315]
(1	4	4)	[128]
(1	4	5)	[129]
(1	5	1)	[143]
(1	5	2)	[104]
(1	5	3)	[247]
(1	5	4)	[170]
(1	5	5)	[195]
(1	6	1)	[165]
(1	6	2)	[104]
(1	6	3)	[297]
(1	6	4)	[311]
(1	6	5)	[229]
(1	7	1)	[214]
(1	7	2)	[259]
(1	7	3)	[180]
(1	7	4)	[217]
(1	7	5)	[187]
(1	8	1)	[138]
(1	8	2)	[251]
(1	8	3)	[269]
(1	8	4)	[205]
(1	8	5)	[95]
(1	9	1)	[260]
(1	9	2)	[271]
(1	9	3)	[94]
(1	9	4)	[160]
(1	9	5)	[90]
(1	10	1)	[324]
(1	10	2)	[172]
(1	10	3)	[151]
(1	10	4)	[374]
(1	10	5)	[177]
(2	1	1)	[172]
(2	1	2)	[355]
(2	1	3)	[238]
(2	1	4)	[206]
(2	1	5)	[200]
(2	2	1)	[246]
(2	2	2)	[295]
(2	2	3)	[65]
(2	2	4)	[261]
(2	2	5)	[201]
(2	3	1)	[177]
(2	3	2)	[308]
(2	3	3)	[165]
(2	3	4)	[238]
(2	3	5)	[228]
(2	4	1)	[314]
(2	4	2)	[192]
(2	4	3)	[212]
(2	4	4)	[193]
(2	4	5)	[185]
(2	5	1)	[228]
(2	5	2)	[188]
(2	5	3)	[293]
(2	5	4)	[180]
(2	5	5)	[105]
(2	6	1)	[141]
(2	6	2)	[38]
(2	6	3)	[127]
(2	6	4)	[283]
(2	6	5)	[382]
(2	7	1)	[229]
(2	7	2)	[196]
(2	7	3)	[231]
(2	7	4)	[220]
(2	7	5)	[98]
(2	8	1)	[180]
(2	8	2)	[366]
(2	8	3)	[214]
(2	8	4)	[173]
(2	8	5)	[120]
(2	9	1)	[218]
(2	9	2)	[193]
(2	9	3)	[153]
(2	9	4)	[161]
(2	9	5)	[233]
(2	10	1)	[111]
(2	10	2)	[310]
(2	10	3)	[269]
(2	10	4)	[302]
(2	10	5)	[241]
(3	1	1)	[62]
(3	1	2)	[283]
(3	1	3)	[216]
(3	1	4)	[205]
(3	1	5)	[197]
(3	2	1)	[287]
(3	2	2)	[265]
(3	2	3)	[155]
(3	2	4)	[160]
(3	2	5)	[277]
(3	3	1)	[222]
(3	3	2)	[349]
(3	3	3)	[178]
(3	3	4)	[321]
(3	3	5)	[210]
(3	4	1)	[176]
(3	4	2)	[237]
(3	4	3)	[150]
(3	4	4)	[178]
(3	4	5)	[234]
(3	5	1)	[190]
(3	5	2)	[50]
(3	5	3)	[226]
(3	5	4)	[284]
(3	5	5)	[303]
(3	6	1)	[79]
(3	6	2)	[211]
(3	6	3)	[221]
(3	6	4)	[264]
(3	6	5)	[258]
(3	7	1)	[128]
(3	7	2)	[425]
(3	7	3)	[304]
(3	7	4)	[118]
(3	7	5)	[312]
(3	8	1)	[215]
(3	8	2)	[162]
(3	8	3)	[189]
(3	8	4)	[205]
(3	8	5)	[163]
(3	9	1)	[307]
(3	9	2)	[145]
(3	9	3)	[183]
(3	9	4)	[210]
(3	9	5)	[169]
(3	10	1)	[214]
(3	10	2)	[76]
(3	10	3)	[286]
(3	10	4)	[204]
(3	10	5)	[158]
(4	1	1)	[112]
(4	1	2)	[306]
(4	1	3)	[182]
(4	1	4)	[138]
(4	1	5)	[297]
(4	2	1)	[128]
(4	2	2)	[274]
(4	2	3)	[109]
(4	2	4)	[192]
(4	2	5)	[53]
(4	3	1)	[133]
(4	3	2)	[232]
(4	3	3)	[201]
(4	3	4)	[186]
(4	3	5)	[293]
(4	4	1)	[330]
(4	4	2)	[58]
(4	4	3)	[185]
(4	4	4)	[206]
(4	4	5)	[223]
(4	5	1)	[376]
(4	5	2)	[150]
(4	5	3)	[176]
(4	5	4)	[105]
(4	5	5)	[116]
(4	6	1)	[111]
(4	6	2)	[176]
(4	6	3)	[318]
(4	6	4)	[60]
(4	6	5)	[266]
(4	7	1)	[330]
(4	7	2)	[243]
(4	7	3)	[220]
(4	7	4)	[156]
(4	7	5)	[203]
(4	8	1)	[166]
(4	8	2)	[183]
(4	8	3)	[217]
(4	8	4)	[352]
(4	8	5)	[140]
(4	9	1)	[260]
(4	9	2)	[182]
(4	9	3)	[143]
(4	9	4)	[167]
(4	9	5)	[0]
(4	10	1)	[193]
(4	10	2)	[200]
(4	10	3)	[297]
(4	10	4)	[264]
(4	10	5)	[184]
(5	1	1)	[226]
(5	1	2)	[236]
(5	1	3)	[182]
(5	1	4)	[347]
(5	1	5)	[288]
(5	2	1)	[276]
(5	2	2)	[363]
(5	2	3)	[273]
(5	2	4)	[195]
(5	2	5)	[167]
(5	3	1)	[33]
(5	3	2)	[204]
(5	3	3)	[156]
(5	3	4)	[93]
(5	3	5)	[289]
(5	4	1)	[130]
(5	4	2)	[170]
(5	4	3)	[290]
(5	4	4)	[138]
(5	4	5)	[206]
(5	5	1)	[216]
(5	5	2)	[158]
(5	5	3)	[251]
(5	5	4)	[88]
(5	5	5)	[123]
(5	6	1)	[238]
(5	6	2)	[211]
(5	6	3)	[219]
(5	6	4)	[150]
(5	6	5)	[244]
(5	7	1)	[177]
(5	7	2)	[220]
(5	7	3)	[207]
(5	7	4)	[273]
(5	7	5)	[66]
(5	8	1)	[134]
(5	8	2)	[102]
(5	8	3)	[215]
(5	8	4)	[266]
(5	8	5)	[181]
(5	9	1)	[212]
(5	9	2)	[190]
(5	9	3)	[173]
(5	9	4)	[274]
(5	9	5)	[31]
(5	10	1)	[227]
(5	10	2)	[204]
(5	10	3)	[79]
(5	10	4)	[65]
(5	10	5)	[335]
]
FixedCostVendorToWarehouse:[
(1	1)	[401.77]
]
FixedCostWarehouseToStore:[
(1	1)	[297.11]
(1	2)	[253.17]
(1	3)	[401.77]
(1	4)	[468.61]
(1	5)	[143.71]
]
Variable_FixedCostVendorToWarehouse:[
(1	1)	[1185.2]
]
VariableCostVendorToWarehouse:[
(1	1)	[0.09]
]
Variable_FixedCostWarehouseToStore:[
(1	1)	[975.07]
(1	2)	[884.41]
(1	3)	[1185.2]
(1	4)	[1306.68]
(1	5)	[659.96]
]
VariableCostWarehouseToStore:[
(1	1)	[0.074]
(1	2)	[0.067]
(1	3)	[0.09]
(1	4)	[0.099]
(1	5)	[0.05]
]
ProductVolume:[
(1)	[0.63]
(2)	[0.28]
(3)	[0.37]
(4)	[0.33]
(5)	[0.04]
(6)	[0.93]
(7)	[0.33]
(8)	[0.12]
(9)	[0.8]
(10)	[0.69]
]
ProductWeight:[
(1)	[0.5]
(2)	[0.97]
(3)	[0.45]
(4)	[0.76]
(5)	[0.33]
(6)	[0.87]
(7)	[0.27]
(8)	[0.5]
(9)	[0.16]
(10)	[0.81]
]
MapVendorToProduct:[
(1	1)	[1]
(1	2)	[1]
(1	3)	[1]
(1	4)	[1]
(1	5)	[1]
(1	6)	[1]
(1	7)	[1]
(1	8)	[1]
(1	9)	[1]
(1	10)	[1]
]
LeadTimeWarehouseToStores:[
(1	1)	[0]
(1	2)	[0]
(1	3)	[0]
(1	4)	[0]
(1	5)	[0]
]
StoreDemandForFashionProducts:[
(1	1)	[1445]
(1	2)	[1350]
(1	3)	[530]
(1	4)	[430]
(1	5)	[710]
(1	6)	[725]
(1	7)	[880]
(1	8)	[1135]
(1	9)	[815]
(1	10)	[675]
(2	1)	[725]
(2	2)	[1030]
(2	3)	[460]
(2	4)	[1200]
(2	5)	[1030]
(2	6)	[1170]
(2	7)	[440]
(2	8)	[1060]
(2	9)	[1070]
(2	10)	[1025]
(3	1)	[815]
(3	2)	[1110]
(3	3)	[1320]
(3	4)	[1045]
(3	5)	[855]
(3	6)	[1140]
(3	7)	[1370]
(3	8)	[455]
(3	9)	[1290]
(3	10)	[1650]
(4	1)	[1150]
(4	2)	[1060]
(4	3)	[1215]
(4	4)	[1015]
(4	5)	[380]
(4	6)	[860]
(4	7)	[1365]
(4	8)	[845]
(4	9)	[495]
(4	10)	[1150]
(5	1)	[645]
(5	2)	[965]
(5	3)	[1015]
(5	4)	[1485]
(5	5)	[720]
(5	6)	[390]
(5	7)	[200]
(5	8)	[1630]
(5	9)	[710]
(5	10)	[1280]
]
FixedCostFashionVendorToWarehouse:[
(1	1)	[401.77]
]
Variable_FixedCostFashionVendorToWarehouse:[
(1	1)	[1185.2]
]
VariableCostFashionVendorToWarehouse:[
(1	1)	[0.09]
]
FashionProductVolume:[
(1)	[0.85]
(2)	[0.19]
(3)	[0.35]
(4)	[0.01]
(5)	[0.77]
(6)	[0.51]
(7)	[0.65]
(8)	[0.15]
(9)	[0.35]
(10)	[0.87]
]
FashionProductWeight:[
(1)	[0.97]
(2)	[0.15]
(3)	[0.89]
(4)	[0.43]
(5)	[0.41]
(6)	[0.44]
(7)	[0.68]
(8)	[0.84]
(9)	[0.97]
(10)	[0.7]
]
MapFashionVendorToProduct:[
(1	1)	[1]
(1	2)	[1]
(1	3)	[1]
(1	4)	[1]
(1	5)	[1]
(1	6)	[1]
(1	7)	[1]
(1	8)	[1]
(1	9)	[1]
(1	10)	[1]
]
