Results from Tech10
Putaway Technology: 1200.0
Picking Technology: 500.0

Full-Time Putaway workers: 2.0
Full-Time Picking workers: 4.0

Cost Breakdown:
	MHECost              $378.00
	PutawayTechCost      $1,060.00
	PickingTechCost      $3,195.00
	WhBasicInvCost       $481.33
	BasicInbCost         $3,801.53
	WhFashionInvCost     $1,208.45
	FashionInbCost       $7,100.08
	PutawayCost          $4,160.00
	StoreBasicInvCost    $2,684.55
	StoreFashionInvCost  $6,092.75
	OutboundCost         $7,912.48
	PickingCost          $8,080.00
	Total                $46,154.17


Printing New Fashion Solution:

Inbound Fashion Solution
1 	1 	1 	4075
1 	10 	2 	6160
1 	2 	2 	5315
1 	3 	1 	7165
1 	4 	1 	4800
1 	5 	2 	5135
1 	6 	1 	4765
1 	7 	2 	5470
1 	8 	1 	4855
1 	9 	2 	6520

Outbound Solution
1 	1 	5 	255
1 	10 	5 	1410
1 	2 	5 	1370
1 	3 	5 	1620
1 	4 	5 	1240
1 	5 	5 	1375
1 	6 	5 	635
1 	7 	5 	1070
1 	8 	5 	780
1 	9 	5 	1470
2 	1 	3 	1100
2 	10 	3 	1740
2 	2 	3 	1305
2 	3 	3 	1565
2 	4 	3 	750
2 	5 	3 	1750
2 	6 	3 	1455
2 	7 	3 	1170
2 	8 	3 	965
2 	9 	3 	1445
3 	1 	5 	1365
3 	10 	5 	895
3 	2 	5 	790
3 	3 	2 	1235
3 	4 	2 	260
3 	5 	5 	870
3 	6 	2 	1100
3 	7 	5 	1365
3 	8 	2 	1015
3 	9 	5 	1420
4 	1 	4 	540
4 	10 	4 	1440
4 	2 	4 	930
4 	3 	2 	1900
4 	4 	2 	1170
4 	5 	4 	615
4 	6 	2 	1300
4 	7 	4 	545
4 	8 	2 	1030
4 	9 	4 	1175
5 	1 	4 	815
5 	10 	4 	675
5 	2 	4 	920
5 	3 	4 	845
5 	4 	4 	1380
5 	5 	4 	525
5 	6 	4 	275
5 	7 	4 	1320
5 	8 	4 	1065
5 	9 	4 	1010

Store Inventory
Store1
1 0          0          0          0          255       
1 0          0          0          0          1410      
1 0          0          0          0          1370      
1 0          0          0          0          1620      
1 0          0          0          0          1240      
1 0          0          0          0          1375      
1 0          0          0          0          635       
1 0          0          0          0          1070      
1 0          0          0          0          780       
1 0          0          0          0          1470      
Store2
1 0          0          1100       1100       1100      
1 0          0          1740       1740       1740      
1 0          0          1305       1305       1305      
1 0          0          1565       1565       1565      
1 0          0          750        750        750       
1 0          0          1750       1750       1750      
1 0          0          1455       1455       1455      
1 0          0          1170       1170       1170      
1 0          0          965        965        965       
1 0          0          1445       1445       1445      
Store3
1 0          0          0          0          1365      
1 0          0          0          0          895       
1 0          0          0          0          790       
1 0          1235       1235       1235       1235      
1 0          260        260        260        260       
1 0          0          0          0          870       
1 0          1100       1100       1100       1100      
1 0          0          0          0          1365      
1 0          1015       1015       1015       1015      
1 0          0          0          0          1420      
Store4
1 0          0          0          540        540       
1 0          0          0          1440       1440      
1 0          0          0          930        930       
1 0          1900       1900       1900       1900      
1 0          1170       1170       1170       1170      
1 0          0          0          615        615       
1 0          1300       1300       1300       1300      
1 0          0          0          545        545       
1 0          1030       1030       1030       1030      
1 0          0          0          1175       1175      
Store5
1 0          0          0          815        815       
1 0          0          0          675        675       
1 0          0          0          920        920       
1 0          0          0          845        845       
1 0          0          0          1380       1380      
1 0          0          0          525        525       
1 0          0          0          275        275       
1 0          0          0          1320       1320      
1 0          0          0          1065       1065      
1 0          0          0          1010       1010      

Shipments from (Basic) Vendor to Warehouse
1          2          0          0          0         

Printing New Basic Solution:


Inbound Solution
1 	1 	1 	0
1 	1 	2 	0
1 	1 	3 	1827
1 	1 	4 	0
1 	1 	5 	3277
1 	10 	1 	0
1 	10 	2 	0
1 	10 	3 	2274
1 	10 	4 	0
1 	10 	5 	2613
1 	2 	1 	0
1 	2 	2 	0
1 	2 	3 	2007
1 	2 	4 	0
1 	2 	5 	3109
1 	3 	1 	0
1 	3 	2 	0
1 	3 	3 	4777
1 	3 	4 	0
1 	3 	5 	285
1 	4 	1 	0
1 	4 	2 	0
1 	4 	3 	1684
1 	4 	4 	0
1 	4 	5 	3639
1 	5 	1 	0
1 	5 	2 	0
1 	5 	3 	2131
1 	5 	4 	0
1 	5 	5 	2365
1 	6 	1 	0
1 	6 	2 	0
1 	6 	3 	2185
1 	6 	4 	0
1 	6 	5 	3092
1 	7 	1 	0
1 	7 	2 	0
1 	7 	3 	1590
1 	7 	4 	0
1 	7 	5 	2351
1 	8 	1 	0
1 	8 	2 	0
1 	8 	3 	1635
1 	8 	4 	0
1 	8 	5 	3098
1 	9 	1 	0
1 	9 	2 	0
1 	9 	3 	2207
1 	9 	4 	0
1 	9 	5 	3122

Outbound Solution
Store1
1 742        0          0          0          253       
10 900        0          0          0          217       
2 981        0          0          0          96        
3 828        0          0          0          332       
4 892        0          0          0          332       
5 707        0          0          0          141       
6 979        0          0          0          109       
7 567        0          0          0          220       
8 993        0          0          0          323       
9 1092       0          0          0          208       
Store2
1 0          0          1001       0          0         
10 0          0          1104       0          0         
2 0          0          930        0          0         
3 0          0          1253       0          0         
4 0          0          782        0          0         
5 0          0          1057       0          0         
6 0          0          1096       0          0         
7 0          0          704        0          0         
8 0          0          777        0          0         
9 0          0          995        0          0         
Store3
1 0          764        0          0          259       
10 0          454        0          0          194       
2 0          404        0          0          421       
3 0          326        0          0          405       
4 0          706        0          0          604       
5 0          497        0          0          192       
6 0          743        0          0          417       
7 0          433        0          0          375       
8 0          588        0          0          393       
9 0          388        0          0          579       
Store4
1 0          554        0          678        0         
10 0          376        0          731        0         
2 0          584        0          761        0         
3 0          300        0          347        0         
4 0          276        0          600        0         
5 0          445        0          575        0         
6 0          316        0          622        0         
7 0          482        0          652        0         
8 0          359        0          433        0         
9 0          247        0          669        0         
Store5
1 705        0          0          148        0         
10 472        0          0          439        0         
2 623        0          0          316        0         
3 790        0          0          481        0         
4 829        0          0          302        0         
5 383        0          0          499        0         
6 528        0          0          467        0         
7 274        0          0          234        0         
8 442        0          0          425        0         
9 608        0          0          543        0         

Warehouse Inventory
1 1318       0          826        0          2765      
10 830        0          1170       0          2202      
2 988        0          1077       0          2592      
3 626        0          3524       2696       2244      
4 982        0          902        0          2703      
5 942        0          1074       0          2032      
6 1059       0          1089       0          2566      
7 915        0          886        0          1756      
8 947        0          858        0          2382      
9 635        0          1212       0          2335      

Store Inventory
Store1
1 623        347        216        0          0         
10 525        418        213        0          0         
2 800        573        189        0          0         
3 572        351        99         0          0         
4 684        460        164        0          0         
5 458        332        173        0          0         
6 706        488        108        0          0         
7 501        421        326        0          0         
8 612        445        189        0          0         
9 795        636        293        0          0         
Store2
1 140        0          786        554        395       
10 288        0          878        718        546       
2 47         0          725        574        261       
3 334        0          880        647        416       
4 38         0          530        261        130       
5 309        0          855        649        505       
6 157        0          870        585        311       
7 71         0          522        222        85        
8 151        0          630        532        340       
9 153        0          790        608        437       
Store3
1 0          308        89         0          0         
10 0          413        154        0          146       
2 0          349        252        0          210       
3 0          215        74         0          128       
4 0          424        249        0          342       
5 0          443        194        0          21        
6 0          502        219        0          293       
7 0          290        131        0          270       
8 0          435        323        18         108       
9 0          316        209        0          335       
Store4
1 0          238        0          564        250       
10 0          203        0          463        217       
2 0          352        0          491        234       
3 0          74         0          193        78        
4 0          76         0          410        210       
5 0          377        0          249        199       
6 0          173        0          330        163       
7 0          262        0          559        312       
8 0          247        0          321        106       
9 0          190        0          376        212       
Store5
1 455        256        0          0          0         
10 244        118        0          183        0         
2 365        145        0          125        0         
3 491        214        0          262        0         
4 506        313        0          117        0         
5 308        162        0          284        0         
6 394        135        0          166        0         
7 225        98         0          125        0         
8 334        104        0          293        0         
9 399        286        0          348        0         

Shipments from (Basic) Vendor to Warehouse
0          0          1          0          1         

Shipments from (Fashion) Vendor to Warehouse
1          2          0          0          0         

Shipments from Warehouse to Stores
1 1          0          0          0          1         
2 0          0          1          0          0         
3 0          1          0          0          1         
4 0          1          0          1          0         
5 1          0          0          1          0         

No of part-time putaway workers:
1          1          1          0          1         

No of part-time picking workers:
0          1          2          2          2         
