Results from Tech10
Putaway Technology: 1200.0
Picking Technology: 500.0

Full-Time Putaway workers: 2.0
Full-Time Picking workers: 4.0

Cost Breakdown:
	MHECost              $324.00
	PutawayTechCost      $1,060.00
	PickingTechCost      $3,195.00
	WhBasicInvCost       $492.43
	BasicInbCost         $8,449.55
	WhFashionInvCost     $1,223.20
	FashionInbCost       $2,663.38
	PutawayCost          $3,680.00
	StoreBasicInvCost    $3,015.20
	StoreFashionInvCost  $6,054.75
	OutboundCost         $11,988.49
	PickingCost          $8,080.00
	Total                $50,225.99


Printing New Fashion Solution:

Inbound Fashion Solution
1 	1 	1 	3240
1 	10 	1 	7015
1 	2 	1 	5995
1 	3 	1 	5415
1 	4 	2 	7025
1 	5 	2 	5515
1 	6 	2 	4405
1 	7 	2 	5015
1 	8 	2 	6150
1 	9 	1 	4530

Outbound Solution
1 	1 	3 	1105
1 	10 	3 	1075
1 	2 	3 	1115
1 	3 	3 	1835
1 	4 	3 	1530
1 	5 	3 	1310
1 	6 	3 	1370
1 	7 	3 	530
1 	8 	3 	880
1 	9 	3 	690
2 	1 	2 	530
2 	10 	2 	1325
2 	2 	4 	835
2 	3 	2 	1305
2 	4 	4 	860
2 	5 	4 	1285
2 	6 	4 	650
2 	7 	4 	315
2 	8 	4 	825
2 	9 	2 	1415
3 	1 	2 	205
3 	10 	2 	1980
3 	2 	2 	1480
3 	3 	2 	480
3 	4 	5 	2045
3 	5 	5 	1650
3 	6 	5 	695
3 	7 	5 	990
3 	8 	5 	945
3 	9 	2 	1110
4 	1 	5 	675
4 	10 	5 	1165
4 	2 	5 	2115
4 	3 	5 	1115
4 	4 	5 	1375
4 	5 	5 	745
4 	6 	5 	1160
4 	7 	5 	1890
4 	8 	5 	1500
4 	9 	5 	550
5 	1 	4 	725
5 	10 	4 	1470
5 	2 	4 	450
5 	3 	4 	680
5 	4 	4 	1215
5 	5 	4 	525
5 	6 	4 	530
5 	7 	4 	1290
5 	8 	4 	2000
5 	9 	4 	765

Store Inventory
Store1
1 0          0          1105       1105       1105      
1 0          0          1075       1075       1075      
1 0          0          1115       1115       1115      
1 0          0          1835       1835       1835      
1 0          0          1530       1530       1530      
1 0          0          1310       1310       1310      
1 0          0          1370       1370       1370      
1 0          0          530        530        530       
1 0          0          880        880        880       
1 0          0          690        690        690       
Store2
1 0          530        530        530        530       
1 0          1325       1325       1325       1325      
1 0          0          0          835        835       
1 0          1305       1305       1305       1305      
1 0          0          0          860        860       
1 0          0          0          1285       1285      
1 0          0          0          650        650       
1 0          0          0          315        315       
1 0          0          0          825        825       
1 0          1415       1415       1415       1415      
Store3
1 0          205        205        205        205       
1 0          1980       1980       1980       1980      
1 0          1480       1480       1480       1480      
1 0          480        480        480        480       
1 0          0          0          0          2045      
1 0          0          0          0          1650      
1 0          0          0          0          695       
1 0          0          0          0          990       
1 0          0          0          0          945       
1 0          1110       1110       1110       1110      
Store4
1 0          0          0          0          675       
1 0          0          0          0          1165      
1 0          0          0          0          2115      
1 0          0          0          0          1115      
1 0          0          0          0          1375      
1 0          0          0          0          745       
1 0          0          0          0          1160      
1 0          0          0          0          1890      
1 0          0          0          0          1500      
1 0          0          0          0          550       
Store5
1 0          0          0          725        725       
1 0          0          0          1470       1470      
1 0          0          0          450        450       
1 0          0          0          680        680       
1 0          0          0          1215       1215      
1 0          0          0          525        525       
1 0          0          0          530        530       
1 0          0          0          1290       1290      
1 0          0          0          2000       2000      
1 0          0          0          765        765       

Shipments from (Basic) Vendor to Warehouse
1          1          0          0          0         

Printing New Basic Solution:


Inbound Solution
1 	1 	1 	0
1 	1 	2 	0
1 	1 	3 	1052
1 	1 	4 	1022
1 	1 	5 	3052
1 	10 	1 	0
1 	10 	2 	0
1 	10 	3 	992
1 	10 	4 	1271
1 	10 	5 	3162
1 	2 	1 	0
1 	2 	2 	0
1 	2 	3 	1169
1 	2 	4 	2544
1 	2 	5 	1216
1 	3 	1 	0
1 	3 	2 	0
1 	3 	3 	1133
1 	3 	4 	4198
1 	3 	5 	0
1 	4 	1 	0
1 	4 	2 	0
1 	4 	3 	1119
1 	4 	4 	3832
1 	4 	5 	0
1 	5 	1 	0
1 	5 	2 	0
1 	5 	3 	1015
1 	5 	4 	4353
1 	5 	5 	0
1 	6 	1 	0
1 	6 	2 	0
1 	6 	3 	811
1 	6 	4 	828
1 	6 	5 	2713
1 	7 	1 	0
1 	7 	2 	0
1 	7 	3 	1890
1 	7 	4 	0
1 	7 	5 	3546
1 	8 	1 	0
1 	8 	2 	0
1 	8 	3 	1890
1 	8 	4 	66
1 	8 	5 	2642
1 	9 	1 	0
1 	9 	2 	0
1 	9 	3 	1408
1 	9 	4 	1086
1 	9 	5 	2869

Outbound Solution
Store1
1 0          0          1052       0          0         
10 0          0          992        0          0         
2 0          0          1169       0          0         
3 0          0          1133       0          0         
4 0          0          1119       0          0         
5 0          0          1015       0          0         
6 0          0          811        0          0         
7 0          0          736        0          0         
8 0          0          1038       0          0         
9 0          0          1408       0          0         
Store2
1 0          320        0          621        0         
10 0          541        0          1028       0         
2 0          382        0          775        0         
3 0          446        0          613        0         
4 0          358        0          466        0         
5 0          631        0          635        0         
6 0          242        0          607        0         
7 0          412        0          587        0         
8 0          294        0          477        0         
9 0          471        0          684        0         
Store3
1 0          655        0          0          519       
10 0          630        0          0          342       
2 0          466        0          0          229       
3 0          626        0          0          421       
4 0          525        0          0          376       
5 0          654        0          0          405       
6 0          596        0          0          369       
7 0          800        0          0          450       
8 0          477        0          0          382       
9 0          644        0          0          225       
Store4
1 751        0          0          0          206       
10 847        0          0          0          107       
2 823        0          0          0          155       
3 817        0          0          0          241       
4 1020       0          0          0          193       
5 873        0          0          0          108       
6 702        0          0          0          128       
7 887        0          0          0          217       
8 714        0          0          0          98        
9 591        0          0          0          214       
Store5
1 601        0          0          401        0         
10 695        0          0          243        0         
2 930        0          0          0          0         
3 786        0          0          248        0         
4 653        0          0          241        0         
5 724        0          0          323        0         
6 676        0          0          221        0         
7 780        0          0          567        0         
8 677        0          0          441        0         
9 724        0          0          402        0         

Warehouse Inventory
1 975        0          0          0          2327      
10 1171       0          0          0          2713      
2 848        0          0          1769       2601      
3 1072       0          0          3337       2675      
4 883        0          0          3125       2556      
5 1285       0          0          3395       2882      
6 838        0          0          0          2216      
7 1212       0          1154       0          2879      
8 771        0          852        0          2162      
9 1115       0          0          0          2430      

Store Inventory
Store1
1 199        0          950        712        386       
10 313        0          778        497        313       
2 253        0          901        692        610       
3 213        0          894        654        393       
4 204        0          942        734        533       
5 194        0          806        586        339       
6 122        0          622        482        278       
7 237        0          454        312        293       
8 322        0          842        767        594       
9 304        0          1095       694        385       
Store2
1 0          69         0          418        279       
10 0          343        0          623        325       
2 0          110        0          485        250       
3 0          188        0          536        244       
4 0          226        0          300        190       
5 0          428        0          356        191       
6 0          170        0          497        222       
7 0          131        0          396        265       
8 0          294        17         406        299       
9 0          258        0          552        157       
Store3
1 0          513        292        0          259       
10 0          503        385        0          138       
2 0          365        170        0          229       
3 0          473        254        0          142       
4 0          393        236        0          239       
5 0          380        207        0          267       
6 0          381        200        0          202       
7 0          653        297        0          123       
8 0          435        161        0          57        
9 0          344        152        0          73        
Store4
1 502        305        108        0          0         
10 688        417        191        88         0         
2 544        277        107        0          0         
3 572        381        227        0          0         
4 891        550        293        0          0         
5 635        428        170        0          0         
6 550        463        216        0          0         
7 550        396        257        0          0         
8 423        269        168        0          0         
9 541        427        96         0          0         
Store5
1 395        185        0          197        0         
10 418        147        0          136        0         
2 593        506        313        120        0         
3 496        298        0          104        0         
4 467        305        0          152        0         
5 502        291        0          101        0         
6 517        417        145        278        0         
7 582        316        0          294        0         
8 471        268        0          222        0         
9 409        153        0          129        0         

Shipments from (Basic) Vendor to Warehouse
0          0          1          1          1         

Shipments from (Fashion) Vendor to Warehouse
1          1          0          0          0         

Shipments from Warehouse to Stores
1 0          0          1          0          0         
2 0          1          0          1          0         
3 0          1          0          0          1         
4 1          0          0          0          1         
5 1          0          0          1          0         

No of part-time putaway workers:
1          1          0          0          0         

No of part-time picking workers:
0          1          2          2          2         
