Results from Tech10
Putaway Technology: 1200.0
Picking Technology: 500.0

Full-Time Putaway workers: 2.0
Full-Time Picking workers: 4.0

Cost Breakdown:
	MHECost              $351.00
	PutawayTechCost      $1,060.00
	PickingTechCost      $3,195.00
	WhBasicInvCost       $496.29
	BasicInbCost         $3,940.23
	WhFashionInvCost     $1,135.70
	FashionInbCost       $6,927.60
	PutawayCost          $3,920.00
	StoreBasicInvCost    $2,771.70
	StoreFashionInvCost  $4,789.75
	OutboundCost         $8,923.90
	PickingCost          $7,840.00
	Total                $45,351.17


Printing New Fashion Solution:

Inbound Fashion Solution
1 	1 	2 	5075
1 	10 	2 	5655
1 	2 	2 	4460
1 	3 	1 	4915
1 	4 	1 	5430
1 	5 	2 	2545
1 	6 	2 	6485
1 	7 	1 	4700
1 	8 	1 	3860
1 	9 	2 	4490

Outbound Solution
1 	1 	5 	540
1 	10 	5 	1330
1 	2 	5 	1420
1 	3 	5 	1025
1 	4 	5 	980
1 	5 	5 	790
1 	6 	5 	815
1 	7 	2 	415
1 	8 	5 	920
1 	9 	5 	850
2 	1 	4 	1115
2 	10 	4 	1325
2 	2 	4 	1290
2 	3 	2 	830
2 	4 	2 	1675
2 	5 	4 	475
2 	6 	4 	1320
2 	7 	2 	1690
2 	8 	4 	820
2 	9 	4 	85
3 	1 	5 	610
3 	10 	5 	1755
3 	2 	5 	740
3 	3 	5 	905
3 	4 	5 	790
3 	5 	5 	445
3 	6 	5 	1630
3 	7 	5 	1090
3 	8 	5 	1300
3 	9 	5 	750
4 	1 	4 	1475
4 	10 	5 	0
4 	2 	4 	425
4 	3 	4 	1030
4 	4 	4 	740
4 	5 	4 	295
4 	6 	4 	930
4 	7 	4 	1265
4 	8 	4 	470
4 	9 	4 	1230
5 	1 	3 	1335
5 	10 	3 	1245
5 	2 	3 	585
5 	3 	3 	1125
5 	4 	3 	1245
5 	5 	3 	540
5 	6 	3 	1790
5 	7 	3 	240
5 	8 	3 	350
5 	9 	3 	1575

Store Inventory
Store1
1 0          0          0          0          540       
1 0          0          0          0          1330      
1 0          0          0          0          1420      
1 0          0          0          0          1025      
1 0          0          0          0          980       
1 0          0          0          0          790       
1 0          0          0          0          815       
1 0          415        415        415        415       
1 0          0          0          0          920       
1 0          0          0          0          850       
Store2
1 0          0          0          1115       1115      
1 0          0          0          1325       1325      
1 0          0          0          1290       1290      
1 0          830        830        830        830       
1 0          1675       1675       1675       1675      
1 0          0          0          475        475       
1 0          0          0          1320       1320      
1 0          1690       1690       1690       1690      
1 0          0          0          820        820       
1 0          0          0          85         85        
Store3
1 0          0          0          0          610       
1 0          0          0          0          1755      
1 0          0          0          0          740       
1 0          0          0          0          905       
1 0          0          0          0          790       
1 0          0          0          0          445       
1 0          0          0          0          1630      
1 0          0          0          0          1090      
1 0          0          0          0          1300      
1 0          0          0          0          750       
Store4
1 0          0          0          1475       1475      
1 0          0          0          0          0         
1 0          0          0          425        425       
1 0          0          0          1030       1030      
1 0          0          0          740        740       
1 0          0          0          295        295       
1 0          0          0          930        930       
1 0          0          0          1265       1265      
1 0          0          0          470        470       
1 0          0          0          1230       1230      
Store5
1 0          0          1335       1335       1335      
1 0          0          1245       1245       1245      
1 0          0          585        585        585       
1 0          0          1125       1125       1125      
1 0          0          1245       1245       1245      
1 0          0          540        540        540       
1 0          0          1790       1790       1790      
1 0          0          240        240        240       
1 0          0          350        350        350       
1 0          0          1575       1575       1575      

Shipments from (Basic) Vendor to Warehouse
1          2          0          0          0         

Printing New Basic Solution:


Inbound Solution
1 	1 	1 	0
1 	1 	2 	0
1 	1 	3 	1662
1 	1 	4 	0
1 	1 	5 	2963
1 	10 	1 	0
1 	10 	2 	0
1 	10 	3 	2014
1 	10 	4 	0
1 	10 	5 	2485
1 	2 	1 	0
1 	2 	2 	0
1 	2 	3 	1995
1 	2 	4 	0
1 	2 	5 	2700
1 	3 	1 	0
1 	3 	2 	0
1 	3 	3 	3785
1 	3 	4 	0
1 	3 	5 	1101
1 	4 	1 	0
1 	4 	2 	0
1 	4 	3 	2115
1 	4 	4 	0
1 	4 	5 	3448
1 	5 	1 	0
1 	5 	2 	0
1 	5 	3 	1979
1 	5 	4 	0
1 	5 	5 	3042
1 	6 	1 	0
1 	6 	2 	0
1 	6 	3 	2259
1 	6 	4 	0
1 	6 	5 	3442
1 	7 	1 	0
1 	7 	2 	0
1 	7 	3 	2198
1 	7 	4 	0
1 	7 	5 	2823
1 	8 	1 	0
1 	8 	2 	0
1 	8 	3 	1907
1 	8 	4 	0
1 	8 	5 	3473
1 	9 	1 	0
1 	9 	2 	0
1 	9 	3 	1802
1 	9 	4 	0
1 	9 	5 	3323

Outbound Solution
Store1
1 0          480        0          0          171       
10 0          528        0          0          412       
2 0          397        0          0          144       
3 0          737        0          0          312       
4 0          881        0          0          407       
5 0          525        0          0          345       
6 0          680        0          0          432       
7 0          601        0          0          311       
8 0          811        0          0          358       
9 0          672        0          0          452       
Store2
1 0          396        0          454        0         
10 0          465        0          708        0         
2 0          405        0          523        0         
3 0          320        0          564        0         
4 0          372        0          607        0         
5 0          462        0          524        0         
6 0          310        0          593        0         
7 0          344        0          504        0         
8 0          651        0          579        0         
9 0          498        0          391        0         
Store3
1 891        0          0          0          229       
10 469        0          0          0          49        
2 819        0          0          0          192       
3 907        0          0          0          190       
4 1040       0          0          0          157       
5 985        0          0          0          62        
6 962        0          0          0          344       
7 745        0          0          0          248       
8 903        0          0          0          103       
9 742        0          0          0          348       
Store4
1 796        0          0          183        0         
10 562        0          0          421        0         
2 743        0          0          468        0         
3 585        0          0          495        0         
4 591        0          0          370        0         
5 663        0          0          497        0         
6 714        0          0          383        0         
7 574        0          0          432        0         
8 647        0          0          554        0         
9 611        0          0          460        0         
Store5
1 0          0          1025       0          0         
10 0          0          885        0          0         
2 0          0          1004       0          0         
3 0          0          776        0          0         
4 0          0          1138       0          0         
5 0          0          958        0          0         
6 0          0          1283       0          0         
7 0          0          1262       0          0         
8 0          0          774        0          0         
9 0          0          951        0          0         

Warehouse Inventory
1 876        0          637        0          2563      
10 993        0          1129       0          2024      
2 802        0          991        0          2364      
3 1057       0          3009       1950       2549      
4 1253       0          977        0          2884      
5 987        0          1021       0          2635      
6 990        0          976        0          2666      
7 945        0          936        0          2264      
8 1462       0          1133       0          3012      
9 1170       0          851        0          2523      

Store Inventory
Store1
1 0          395        190        0          107       
10 0          244        189        0          252       
2 0          315        92         0          33        
3 0          405        154        0          269       
4 0          577        327        0          196       
5 0          342        154        0          164       
6 0          450        286        0          284       
7 0          373        202        0          180       
8 0          526        283        0          124       
9 0          381        123        0          164       
Store2
1 0          212        0          265        201       
10 0          185        0          463        295       
2 0          233        0          237        119       
3 0          72         0          307        151       
4 0          135        0          417        129       
5 0          241        0          296        137       
6 0          209        0          428        222       
7 0          160        0          318        79        
8 0          373        32         400        125       
9 0          197        0          305        186       
Store3
1 671        351        187        0          0         
10 348        239        144        0          0         
2 645        441        220        0          0         
3 731        494        210        0          0         
4 842        495        214        0          0         
5 891        534        210        0          0         
6 638        422        196        0          0         
7 573        331        111        0          0         
8 682        376        221        0          0         
9 548        433        160        0          0         
Store4
1 436        296        0          22         0         
10 434        140        0          163        0         
2 544        195        0          307        0         
3 425        208        0          272        0         
4 401        244        0          157        0         
5 391        168        0          223        0         
6 363        103        0          85         0         
7 244        87         0          264        0         
8 491        258        0          333        0         
9 355        281        0          314        0         
Store5
1 246        0          911        729        472       
10 26         0          722        489        277       
2 139        0          767        435        362       
3 193        0          645        514        275       
4 148        0          811        720        476       
5 105        0          726        703        395       
6 130        0          1041       724        338       
7 162        0          940        826        502       
8 250        0          741        707        454       
9 279        0          682        421        279       

Shipments from (Basic) Vendor to Warehouse
0          0          1          0          1         

Shipments from (Fashion) Vendor to Warehouse
1          2          0          0          0         

Shipments from Warehouse to Stores
1 0          1          0          0          1         
2 0          1          0          1          0         
3 1          0          0          0          1         
4 1          0          0          1          0         
5 0          0          1          0          0         

No of part-time putaway workers:
0          1          1          0          1         

No of part-time picking workers:
0          0          2          2          2         
