Results from Tech10
Putaway Technology: 1200.0
Picking Technology: 500.0

Full-Time Putaway workers: 2.0
Full-Time Picking workers: 4.0

Cost Breakdown:
	MHECost              $351.00
	PutawayTechCost      $1,060.00
	PickingTechCost      $3,195.00
	WhBasicInvCost       $410.98
	BasicInbCost         $2,456.28
	WhFashionInvCost     $1,098.40
	FashionInbCost       $5,335.35
	PutawayCost          $3,920.00
	StoreBasicInvCost    $3,888.05
	StoreFashionInvCost  $4,667.00
	OutboundCost         $9,577.85
	PickingCost          $7,840.00
	Total                $43,799.91


Printing New Fashion Solution:

Inbound Fashion Solution
1 	1 	2 	4900
1 	10 	2 	6190
1 	2 	1 	4620
1 	3 	2 	3150
1 	4 	2 	5160
1 	5 	2 	2860
1 	6 	1 	4945
1 	7 	2 	6010
1 	8 	1 	4380
1 	9 	1 	4075

Outbound Solution
1 	1 	3 	1595
1 	10 	3 	2020
1 	2 	3 	500
1 	3 	3 	100
1 	4 	3 	865
1 	5 	3 	1320
1 	6 	3 	1105
1 	7 	3 	1340
1 	8 	3 	1320
1 	9 	3 	1080
2 	1 	4 	370
2 	10 	4 	1070
2 	2 	2 	570
2 	3 	5 	0
2 	4 	4 	385
2 	5 	4 	90
2 	6 	2 	1155
2 	7 	4 	705
2 	8 	2 	1620
2 	9 	2 	895
3 	1 	4 	1330
3 	10 	4 	1665
3 	2 	4 	845
3 	3 	4 	1085
3 	4 	4 	1560
3 	5 	4 	455
3 	6 	4 	315
3 	7 	4 	1195
3 	8 	5 	0
3 	9 	4 	770
4 	1 	5 	0
4 	10 	5 	835
4 	2 	5 	865
4 	3 	5 	430
4 	4 	5 	1315
4 	5 	5 	815
4 	6 	5 	1355
4 	7 	5 	1255
4 	8 	5 	630
4 	9 	5 	660
5 	1 	5 	1605
5 	10 	5 	600
5 	2 	5 	1840
5 	3 	5 	1535
5 	4 	5 	1035
5 	5 	5 	180
5 	6 	5 	1015
5 	7 	5 	1515
5 	8 	5 	810
5 	9 	5 	670

Store Inventory
Store1
1 0          0          1595       1595       1595      
1 0          0          2020       2020       2020      
1 0          0          500        500        500       
1 0          0          100        100        100       
1 0          0          865        865        865       
1 0          0          1320       1320       1320      
1 0          0          1105       1105       1105      
1 0          0          1340       1340       1340      
1 0          0          1320       1320       1320      
1 0          0          1080       1080       1080      
Store2
1 0          0          0          370        370       
1 0          0          0          1070       1070      
1 0          570        570        570        570       
1 0          0          0          0          0         
1 0          0          0          385        385       
1 0          0          0          90         90        
1 0          1155       1155       1155       1155      
1 0          0          0          705        705       
1 0          1620       1620       1620       1620      
1 0          895        895        895        895       
Store3
1 0          0          0          1330       1330      
1 0          0          0          1665       1665      
1 0          0          0          845        845       
1 0          0          0          1085       1085      
1 0          0          0          1560       1560      
1 0          0          0          455        455       
1 0          0          0          315        315       
1 0          0          0          1195       1195      
1 0          0          0          0          0         
1 0          0          0          770        770       
Store4
1 0          0          0          0          0         
1 0          0          0          0          835       
1 0          0          0          0          865       
1 0          0          0          0          430       
1 0          0          0          0          1315      
1 0          0          0          0          815       
1 0          0          0          0          1355      
1 0          0          0          0          1255      
1 0          0          0          0          630       
1 0          0          0          0          660       
Store5
1 0          0          0          0          1605      
1 0          0          0          0          600       
1 0          0          0          0          1840      
1 0          0          0          0          1535      
1 0          0          0          0          1035      
1 0          0          0          0          180       
1 0          0          0          0          1015      
1 0          0          0          0          1515      
1 0          0          0          0          810       
1 0          0          0          0          670       

Shipments from (Basic) Vendor to Warehouse
1          1          0          0          0         

Printing New Basic Solution:


Inbound Solution
1 	1 	1 	0
1 	1 	2 	0
1 	1 	3 	2054
1 	1 	4 	0
1 	1 	5 	2054
1 	10 	1 	0
1 	10 	2 	0
1 	10 	3 	2359
1 	10 	4 	0
1 	10 	5 	3100
1 	2 	1 	0
1 	2 	2 	0
1 	2 	3 	2065
1 	2 	4 	0
1 	2 	5 	2927
1 	3 	1 	0
1 	3 	2 	0
1 	3 	3 	1933
1 	3 	4 	0
1 	3 	5 	2666
1 	4 	1 	0
1 	4 	2 	0
1 	4 	3 	2653
1 	4 	4 	0
1 	4 	5 	2087
1 	5 	1 	0
1 	5 	2 	0
1 	5 	3 	2061
1 	5 	4 	0
1 	5 	5 	3010
1 	6 	1 	0
1 	6 	2 	0
1 	6 	3 	2792
1 	6 	4 	0
1 	6 	5 	2335
1 	7 	1 	0
1 	7 	2 	0
1 	7 	3 	2474
1 	7 	4 	0
1 	7 	5 	2502
1 	8 	1 	0
1 	8 	2 	0
1 	8 	3 	1868
1 	8 	4 	0
1 	8 	5 	3344
1 	9 	1 	0
1 	9 	2 	0
1 	9 	3 	2445
1 	9 	4 	0
1 	9 	5 	2194

Outbound Solution
Store1
1 0          0          982        0          0         
10 0          0          1367       0          0         
2 0          0          997        0          0         
3 0          0          1056       0          0         
4 0          0          827        0          0         
5 0          0          1102       0          0         
6 0          0          1055       0          0         
7 0          0          996        0          0         
8 0          0          1018       0          0         
9 0          0          1144       0          0         
Store2
1 0          419        0          408        0         
10 0          1124       0          0          0         
2 0          807        0          0          0         
3 0          980        0          0          0         
4 0          268        0          479        0         
5 0          1051       0          0          0         
6 0          510        0          818        0         
7 0          392        0          624        0         
8 0          945        0          0          0         
9 0          390        0          315        0         
Store3
1 0          0          0          664        0         
10 0          0          0          992        0         
2 0          0          0          1068       0         
3 0          0          0          877        0         
4 0          0          0          1347       0         
5 0          0          0          959        0         
6 0          0          0          919        0         
7 0          0          0          854        0         
8 0          0          0          850        0         
9 0          0          0          986        0         
Store4
1 642        0          0          0          229       
10 854        0          0          0          189       
2 959        0          0          0          146       
3 625        0          0          0          109       
4 649        0          0          0          184       
5 875        0          0          0          204       
6 715        0          0          0          248       
7 847        0          0          0          186       
8 955        0          0          0          298       
9 878        0          0          0          206       
Store5
1 569        0          0          0          195       
10 699        0          0          0          234       
2 757        0          0          0          258       
3 778        0          0          0          174       
4 745        0          0          0          241       
5 577        0          0          0          303       
6 657        0          0          0          205       
7 868        0          0          0          209       
8 972        0          0          0          174       
9 545        0          0          0          175       

Warehouse Inventory
1 419        0          1072       0          1630      
10 1124       0          992        0          2677      
2 807        0          1068       0          2523      
3 980        0          877        0          2383      
4 268        0          1826       0          1662      
5 1051       0          959        0          2503      
6 510        0          1737       0          1882      
7 392        0          1478       0          2107      
8 945        0          850        0          2872      
9 390        0          1301       0          1813      

Store Inventory
Store1
1 233        0          813        521        308       
10 198        0          1118       828        570       
2 228        0          876        635        387       
3 292        0          748        609        514       
4 239        0          721        550        385       
5 203        0          895        743        431       
6 207        0          929        794        435       
7 328        0          874        874        473       
8 158        0          753        472        336       
9 270        0          974        704        454       
Store2
1 0          320        186        449        205       
10 0          947        810        604        330       
2 0          645        582        407        217       
3 0          814        552        341        90        
4 0          205        0          187        18        
5 0          778        738        541        305       
6 0          327        0          499        228       
7 0          283        0          501        231       
8 0          735        608        480        182       
9 0          267        0          251        194       
Store3
1 195        54         0          464        364       
10 499        300        0          860        740       
2 333        192        0          841        602       
3 367        83         0          675        526       
4 580        305        0          1078       839       
5 322        35         0          793        591       
6 372        250        0          692        602       
7 276        47         0          670        468       
8 473        230        0          755        573       
9 294        97         0          775        522       
Store4
1 552        223        148        0          0         
10 665        536        287        0          0         
2 715        497        280        0          0         
3 480        357        148        0          0         
4 520        315        106        0          0         
5 659        331        112        0          0         
6 365        196        127        0          0         
7 559        443        220        0          0         
8 723        438        236        0          0         
9 639        561        309        0          0         
Store5
1 358        147        13         0          0         
10 440        337        104        0          0         
2 461        329        141        0          0         
3 445        274        157        0          0         
4 548        447        231        0          0         
5 498        373        239        0          0         
6 480        356        249        0          0         
7 530        398        198        0          0         
8 737        555        289        0          0         
9 494        235        80         0          0         

Shipments from (Basic) Vendor to Warehouse
0          0          1          0          1         

Shipments from (Fashion) Vendor to Warehouse
1          1          0          0          0         

Shipments from Warehouse to Stores
1 0          0          1          0          0         
2 0          1          0          1          0         
3 0          0          0          1          0         
4 1          0          0          0          1         
5 1          0          0          0          1         

No of part-time putaway workers:
0          1          1          0          1         

No of part-time picking workers:
0          0          2          2          2         
