Printing New Fashion Solution:

Inbound Fashion Solution (V F T):
1	1	2	5955
1	2	4	4405
1	3	2	3880
1	4	1	4845
1	5	2	5905
1	6	2	5695
1	7	4	5900
1	8	1	5050
1	9	2	5580
1	10	1	4225


Outbound Fashion Solution(S F T):
1	1	4	1130
1	2	5	730
1	3	4	670
1	4	4	505
1	5	4	470
1	6	3	975
1	7	5	1815
1	8	3	985
1	9	4	1490
1	10	3	835
2	1	4	1280
2	2	5	775
2	3	4	965
2	4	2	1215
2	5	4	1220
2	6	4	1110
2	7	5	1275
2	8	4	1105
2	9	4	1145
2	10	4	580
3	1	4	1355
3	2	5	990
3	3	4	1150
3	4	3	1080
3	5	4	1865
3	6	4	1435
3	7	5	900
3	8	3	995
3	9	3	720
3	10	3	1300
4	1	3	1375
4	2	5	675
4	3	4	820
4	4	3	990
4	5	4	1180
4	6	4	1015
4	7	5	1085
4	8	3	850
4	9	4	1000
4	10	4	900
5	1	3	815
5	2	5	1235
5	3	4	275
5	4	4	1055
5	5	4	1170
5	6	3	1160
5	7	5	825
5	8	2	1115
5	9	4	1225
5	10	2	610


Warehouse Fashion Inventory (W F T):
1	0		5955		3765		0		0	
2	0		0		0		4405		0	
3	0		3880		3880		0		0	
4	4845		3630		1560		0		0	
5	0		5905		5905		0		0	
6	0		5695		3560		0		0	
7	0		0		0		5900		0	
8	5050		3935		1105		0		0	
9	0		5580		4860		0		0	
10	4225		3615		1480		0		0	

Store Fashion Inventory (S F T):
Store1
1	0		0		1130		1130	
2	0		0		0		730	
3	0		0		670		670	
4	0		0		505		505	
5	0		0		470		470	
6	0		975		975		975	
7	0		0		0		1815	
8	0		985		985		985	
9	0		0		1490		1490	
10	0		835		835		835	
Store2
1	0		0		1280		1280	
2	0		0		0		775	
3	0		0		965		965	
4	1215		1215		1215		1215	
5	0		0		1220		1220	
6	0		0		1110		1110	
7	0		0		0		1275	
8	0		0		1105		1105	
9	0		0		1145		1145	
10	0		0		580		580	
Store3
1	0		0		1355		1355	
2	0		0		0		990	
3	0		0		1150		1150	
4	0		1080		1080		1080	
5	0		0		1865		1865	
6	0		0		1435		1435	
7	0		0		0		900	
8	0		995		995		995	
9	0		720		720		720	
10	0		1300		1300		1300	
Store4
1	0		1375		1375		1375	
2	0		0		0		675	
3	0		0		820		820	
4	0		990		990		990	
5	0		0		1180		1180	
6	0		0		1015		1015	
7	0		0		0		1085	
8	0		850		850		850	
9	0		0		1000		1000	
10	0		0		900		900	
Store5
1	0		815		815		815	
2	0		0		0		1235	
3	0		0		275		275	
4	0		0		1055		1055	
5	0		0		1170		1170	
6	0		1160		1160		1160	
7	0		0		0		825	
8	1115		1115		1115		1115	
9	0		0		1225		1225	
10	610		610		610		610	


Fashion Shipments from Vendor to Warehouse (V T):
0.7751833	0.7483066	0	0.2630533	

Printing New Basic Solution:

Inbound Solution (V P T):
1	1	3	457
1	1	5	4112
1	2	3	1985
1	2	5	2976
1	3	3	3702
1	3	5	925
1	4	3	3414
1	4	5	1463
1	5	3	1518
1	5	5	3540
1	6	3	1652
1	6	5	2478
1	7	3	2721
1	7	5	2720
1	8	3	1470
1	8	5	3428
1	9	3	1862
1	9	5	2791
1	10	3	1448
1	10	5	3378


Outbound Solution(S P T):
1	1	3	580
1	1	5	92
1	2	3	684
1	2	5	165
1	3	3	572
1	3	5	138
1	4	3	900
1	4	5	187
1	5	3	568
1	5	5	64
1	6	3	1010
1	6	5	139
1	7	3	1078
1	7	5	153
1	8	3	637
1	9	3	700
1	9	5	152
1	10	3	731
1	10	5	178
2	1	2	552
2	1	5	286
2	2	2	834
2	2	5	271
2	3	2	728
2	3	5	283
2	4	2	634
2	4	5	447
2	5	2	678
2	5	5	546
2	6	2	340
2	6	5	232
2	7	2	706
2	7	5	211
2	8	2	297
2	8	5	547
2	9	2	347
2	9	5	405
2	10	2	490
2	10	5	339
3	1	1	1155
3	2	1	820
3	3	1	1078
3	4	1	1205
3	5	1	1027
3	6	1	660
3	7	1	1227
3	8	1	1157
3	9	1	1141
3	10	1	911
4	1	3	363
4	1	5	559
4	2	3	559
4	2	5	451
4	3	3	242
4	3	5	495
4	4	3	347
4	4	5	461
4	5	3	599
4	5	5	636
4	6	3	332
4	6	5	425
4	7	3	323
4	7	5	774
4	8	3	501
4	8	5	782
4	9	3	467
4	9	5	515
4	10	3	570
4	10	5	659
5	1	2	679
5	1	5	303
5	2	2	947
5	2	5	230
5	3	2	879
5	3	5	212
5	4	2	542
5	4	5	154
5	5	2	638
5	5	5	302
5	6	2	711
5	6	5	281
5	7	2	695
5	7	5	274
5	8	2	734
5	8	5	243
5	9	2	686
5	9	5	240
5	10	2	759
5	10	5	189


Warehouse Inventory (W P T):
1	2872		1717		486		0		0		2872	
2	2601		1781		0		742		742		2601	
3	2685		1607		0		2888		2888		2685	
4	2381		1176		0		2167		2167		2381	
5	2343		1316		0		351		351		2343	
6	1711		1051		0		310		310		1711	
7	2628		1401		0		1320		1320		2628	
8	2188		1031		0		332		332		2188	
9	2174		1033		0		695		695		2174	
10	2160		1249		0		147		147		2160	

Store Inventory (S P T):
Store1
1	331		52		0		516		331		331	
2	371		227		0		593		371		371	
3	307		195		0		513		307		307	
4	524		326		0		679		524		524	
5	306		198		0		482		306		306	
6	396		175		0		737		396		396	
7	512		266		0		851		512		512	
8	346		164		0		487		346		346	
9	317		104		0		469		317		317	
10	452		300		0		480		452		452	
Store2
1	229		0		411		229		119		229	
2	411		0		559		411		254		411	
3	281		0		435		281		28		281	
4	207		0		383		207		71		207	
5	269		0		470		269		135		269	
6	123		0		304		123		1		123	
7	227		0		444		227		135		227	
8	290		159		313		290		0		290	
9	160		0		318		160		37		160	
10	185		0		355		185		54		185	
Store3
1	0		1036		669		412		226		0	
2	0		607		547		433		219		0	
3	0		852		442		351		205		0	
4	0		1017		589		494		287		0	
5	0		862		756		563		206		0	
6	0		480		340		213		114		0	
7	0		970		645		513		257		0	
8	0		916		755		479		255		0	
9	0		975		717		665		376		0	
10	0		809		506		347		177		0	
Store4
1	419		160		0		237		34		419	
2	433		241		0		493		175		433	
3	299		188		73		127		0		299	
4	305		293		168		222		0		305	
5	557		306		0		350		57		557	
6	348		188		33		177		0		348	
7	488		316		121		128		0		488	
8	443		266		0		236		1		443	
9	319		180		0		308		21		319	
10	514		302		0		305		37		514	
Store5
1	134		0		512		199		134		134	
2	262		0		710		411		262		262	
3	208		0		644		488		208		208	
4	155		0		324		187		155		155	
5	197		0		410		367		197		197	
6	123		0		533		373		123		123	
7	218		0		441		268		218		218	
8	40		0		475		391		40		40	
9	175		0		529		347		175		175	
10	259		0		590		485		259		259	


Shipments from Vendor to Warehouse (V T):
0	0	0.6290113	0	0.7442319	

Shipments from Warehouse to Stores (S T):
1	3	0.3870473
1	4	0.10418
1	5	0.107804
2	2	0.220698
2	4	0.2564267
2	5	0.1445213
3	1	0.2878874
3	3	0.20289
3	4	0.1622533
3	5	0.04776
4	3	0.2375
4	4	0.17265
4	5	0.2068467
5	2	0.3130953
5	3	0.06732
5	4	0.1222167
5	5	0.11869


Required Putaway workers (Sol T):
2	3	3	2	3	

No of required pickers (T):
3	4	6	7	6	

No of part-time putaway workers (T):
0	1	1	0	1	

No of part-time pickers (T):
0	0	1	2	1	

Best Putaway Technology: 1200
Best Picking Technology: 500

Required Fashion Putaway Hours:
11.76667	22.5125	0	8.5875	0	

Required Basic Putaway Hours:
0	0	16.8575	0	23.17583	

Required Total Putaway Hours:
11.76667	22.5125	16.8575	8.5875	23.17583	

No of required fashion pick hours:
0	5.88	24.16	52.23	20.61	

No of required basic pick hours:
20.762	25.752	23.526	0	26.04	

No of required total pick hours:
20.762	31.632	47.686	52.23	46.65	

List of all the costs: 
MHECost		351
PutawayTechCost		1060
PickingTechCost		3195
WhBasicInvCost		554.95
BasicInbCost		2637.273
WhFashionInvCost		887.3499
FashionInbCost		3332.887
PutawayCost		3920
StoreBasicInvCost		3433.15
StoreFashionInvCost		5526.75
OutboundCost		15036.57
PickingCost		8960
Total		48894.93

List of Top5 Technologies: 
Tech1		2	5	$ 48894.93
Tech2		2	4	$ 53891.93
Tech3		2	3	$ 56630.52
Tech4		2	1	$ 85110.53
Tech5		1	1	$ 98769.81
The start time is 12/23/2014 9:55:21 PM
The End time is 12/23/2014 9:55:28 PM
