Printing New Fashion Solution:

Inbound Fashion Solution (V F T):
1	1	3	5955
1	2	1	4405
1	3	1	3880
1	4	3	4845
1	5	1	5905
1	6	3	5695
1	7	1	5900
1	8	1	5050
1	9	3	5580
1	10	3	4225


Outbound Fashion Solution(S F T):
1	1	4	1130
1	2	4	730
1	3	5	670
1	4	5	505
1	5	5	470
1	6	5	975
1	7	4	1815
1	8	4	985
1	9	5	1490
1	10	5	835
2	1	5	1280
2	2	5	775
2	3	5	965
2	4	4	1215
2	5	5	1220
2	6	5	1110
2	7	5	1275
2	8	4	1105
2	9	5	1145
2	10	5	580
3	1	5	1355
3	2	4	990
3	3	5	1150
3	4	4	1080
3	5	5	1865
3	6	4	1435
3	7	4	900
3	8	5	995
3	9	5	720
3	10	4	1300
4	1	4	1375
4	2	5	675
4	3	5	820
4	4	5	990
4	5	5	1180
4	6	4	1015
4	7	5	1085
4	8	5	850
4	9	5	1000
4	10	4	900
5	1	4	815
5	2	4	1235
5	3	5	275
5	4	4	1055
5	5	5	1170
5	6	4	1160
5	7	4	825
5	8	4	1115
5	9	5	1225
5	10	4	610


Warehouse Fashion Inventory (W F T):
1	0		0		5955		2635		0	
2	4405		4405		4405		1450		0	
3	3880		3880		3880		3880		0	
4	0		0		4845		1495		0	
5	5905		5905		5905		5905		0	
6	0		0		5695		2085		0	
7	5900		5900		5900		2360		0	
8	5050		5050		5050		1845		0	
9	0		0		5580		5580		0	
10	0		0		4225		1415		0	

Store Fashion Inventory (S F T):
Store1
1	0		0		1130		1130	
2	0		0		730		730	
3	0		0		0		670	
4	0		0		0		505	
5	0		0		0		470	
6	0		0		0		975	
7	0		0		1815		1815	
8	0		0		985		985	
9	0		0		0		1490	
10	0		0		0		835	
Store2
1	0		0		0		1280	
2	0		0		0		775	
3	0		0		0		965	
4	0		0		1215		1215	
5	0		0		0		1220	
6	0		0		0		1110	
7	0		0		0		1275	
8	0		0		1105		1105	
9	0		0		0		1145	
10	0		0		0		580	
Store3
1	0		0		0		1355	
2	0		0		990		990	
3	0		0		0		1150	
4	0		0		1080		1080	
5	0		0		0		1865	
6	0		0		1435		1435	
7	0		0		900		900	
8	0		0		0		995	
9	0		0		0		720	
10	0		0		1300		1300	
Store4
1	0		0		1375		1375	
2	0		0		0		675	
3	0		0		0		820	
4	0		0		0		990	
5	0		0		0		1180	
6	0		0		1015		1015	
7	0		0		0		1085	
8	0		0		0		850	
9	0		0		0		1000	
10	0		0		900		900	
Store5
1	0		0		815		815	
2	0		0		1235		1235	
3	0		0		0		275	
4	0		0		1055		1055	
5	0		0		0		1170	
6	0		0		1160		1160	
7	0		0		825		825	
8	0		0		1115		1115	
9	0		0		0		1225	
10	0		0		610		610	


Fashion Shipments from Vendor to Warehouse (V T):
0.82885	0	0.9576933	0	

Printing New Basic Solution:

Inbound Solution (V P T):
1	1	2	913
1	1	4	3656
1	2	2	1984
1	2	4	2977
1	3	2	925
1	3	4	3702
1	4	2	4877
1	5	2	4046
1	5	4	1012
1	6	2	3304
1	6	4	826
1	7	2	3264
1	7	4	2177
1	8	2	1959
1	8	4	2939
1	9	2	465
1	9	4	4188
1	10	2	2895
1	10	4	1931


Outbound Solution(S P T):
1	1	2	672
1	2	2	849
1	3	2	710
1	4	2	1087
1	5	2	632
1	6	2	1149
1	7	2	1231
1	8	2	637
1	9	2	852
1	10	2	909
2	1	4	838
2	2	4	1105
2	3	4	1011
2	4	4	1081
2	5	4	1224
2	6	4	572
2	7	4	917
2	8	4	844
2	9	4	752
2	10	4	829
3	1	2	1155
3	2	2	820
3	3	2	1078
3	4	2	1205
3	5	2	1027
3	6	2	660
3	7	2	1227
3	8	2	1157
3	9	2	1141
3	10	2	911
4	1	4	433
4	1	5	489
4	2	4	385
4	2	5	625
4	3	4	307
4	3	5	430
4	4	4	168
4	4	5	640
4	5	4	387
4	5	5	848
4	6	4	237
4	6	5	520
4	7	4	458
4	7	5	639
4	8	4	517
4	8	5	766
4	9	4	356
4	9	5	626
4	10	4	394
4	10	5	835
5	1	3	982
5	2	3	1177
5	3	3	1091
5	4	3	696
5	5	3	940
5	6	3	992
5	7	3	969
5	8	3	977
5	9	3	926
5	10	3	948


Warehouse Inventory (W P T):
1	1896		1896		982		0		2385		1896	
2	862		862		1177		0		1487		862	
3	1954		1954		1091		0		2384		1954	
4	0		0		2585		1889		640		0	
5	0		0		2387		1447		848		0	
6	0		0		1495		503		520		0	
7	163		163		969		0		802		163	
8	812		812		977		0		1578		812	
9	2454		2454		926		0		3080		2454	
10	0		0		1075		127		835		0	

Store Inventory (S P T):
Store1
1	279		0		620		556		371		279	
2	144		0		622		531		309		144	
3	112		0		515		456		250		112	
4	198		0		761		540		385		198	
5	108		0		434		348		172		108	
6	221		0		974		701		360		221	
7	246		0		965		738		399		246	
8	182		0		473		323		182		182	
9	213		0		748		517		365		213	
10	152		0		609		358		330		152	
Store2
1	552		323		182		0		728		552	
2	834		423		148		0		948		834	
3	728		447		154		0		758		728	
4	634		427		176		0		945		634	
5	678		409		201		0		1090		678	
6	340		217		181		0		450		340	
7	706		479		217		0		825		706	
8	297		166		23		0		554		297	
9	347		187		158		0		629		347	
10	490		305		170		0		698		490	
Store3
1	119		0		788		531		345		119	
2	213		0		760		646		432		213	
3	226		0		668		577		431		226	
4	188		0		777		682		475		188	
5	165		0		921		728		371		165	
6	180		0		520		393		294		180	
7	257		0		902		770		514		257	
8	241		0		996		720		496		241	
9	166		0		883		831		542		166	
10	102		0		608		449		279		102	
Store4
1	545		286		126		0		230		545	
2	499		307		66		0		67		499	
3	414		303		188		0		180		414	
4	484		472		347		54		0		484	
5	806		555		249		0		94		806	
6	503		343		188		0		60		503	
7	683		511		316		0		330		683	
8	708		531		265		0		282		708	
9	478		339		159		0		69		478	
10	779		567		265		0		126		779	
Store5
1	301		167		0		669		604		301	
2	499		237		0		878		729		499	
3	443		235		0		935		655		443	
4	373		218		0		559		527		373	
5	425		228		0		897		727		425	
6	301		178		0		832		582		301	
7	472		254		0		796		746		472	
8	299		259		0		893		542		299	
9	332		157		0		744		572		332	
10	428		169		0		843		617		428	


Shipments from Vendor to Warehouse (V T):
0	0.7855247	0	0.5877186	0	

Shipments from Warehouse to Stores (S T):
1	2	0.273808
1	4	0.1446833
1	5	0.18054
2	4	0.384076
2	5	0.23757
3	2	0.2878874
3	4	0.2364633
3	5	0.17644
4	4	0.213444
4	5	0.4035527
5	3	0.2759153
5	4	0.2724233
5	5	0.07298333


Required Putaway workers (Sol T):
3	3	3	3	0	

No of required pickers (T):
0	5	3	9	9	

No of part-time putaway workers (T):
1	1	1	1	0	

No of part-time pickers (T):
0	0	0	3	3	

Best Putaway Technology: 1200
Best Picking Technology: 500

Required Fashion Putaway Hours:
20.95	0	21.91667	0	0	

Required Basic Putaway Hours:
0	20.52667	0	19.50667	0	

Required Total Putaway Hours:
20.95	20.52667	21.91667	19.50667	0	

No of required fashion pick hours:
0	0	0	45.58	57.3	

No of required basic pick hours:
0	38.218	19.396	25.63	12.836	

No of required total pick hours:
0	38.218	19.396	71.21	70.136	

List of all the costs: 
MHECost		378
PutawayTechCost		1060
PickingTechCost		3195
WhBasicInvCost		484.71
BasicInbCost		2637.272
WhFashionInvCost		1303.7
FashionInbCost		2623.897
PutawayCost		4160
StoreBasicInvCost		4463.65
StoreFashionInvCost		3711.5
OutboundCost		11718.88
PickingCost		11040
Total		46776.61

List of Top5 Technologies: 
Tech1		3	5	$ 47904.02
Tech2		2	5	$ 49093.15
Tech3		4	6	$ 57196.87
Tech4		4	5	$ 58126.67
Tech5		4	1	$ 102379.3
The start time is 12/23/2014 9:55:21 PM
The End time is 12/23/2014 9:55:30 PM
