Printing New Fashion Solution:

Inbound Fashion Solution (V F T):
1	1	3	5955
1	2	4	4405
1	3	4	3880
1	4	3	4845
1	5	3	5905
1	6	3	5695
1	7	3	5900
1	8	4	5050
1	9	4	5580
1	10	4	4225


Outbound Fashion Solution(S F T):
1	1	4	1130
1	2	5	730
1	3	5	670
1	4	5	505
1	5	4	470
1	6	5	975
1	7	5	1815
1	8	5	985
1	9	5	1490
1	10	5	835
2	1	5	1280
2	2	5	775
2	3	5	965
2	4	5	1215
2	5	5	1220
2	6	5	1110
2	7	5	1275
2	8	5	1105
2	9	5	1145
2	10	5	580
3	1	4	1355
3	2	5	990
3	3	5	1150
3	4	4	1080
3	5	4	1865
3	6	4	1435
3	7	4	900
3	8	5	995
3	9	5	720
3	10	5	1300
4	1	4	1375
4	2	5	675
4	3	5	820
4	4	4	990
4	5	4	1180
4	6	5	1015
4	7	4	1085
4	8	5	850
4	9	5	1000
4	10	5	900
5	1	4	815
5	2	5	1235
5	3	5	275
5	4	5	1055
5	5	4	1170
5	6	5	1160
5	7	4	825
5	8	5	1115
5	9	5	1225
5	10	5	610


Warehouse Fashion Inventory (W F T):
1	0		0		5955		1280		0	
2	0		0		0		4405		0	
3	0		0		0		3880		0	
4	0		0		4845		2775		0	
5	0		0		5905		1220		0	
6	0		0		5695		4260		0	
7	0		0		5900		3090		0	
8	0		0		0		5050		0	
9	0		0		0		5580		0	
10	0		0		0		4225		0	

Store Fashion Inventory (S F T):
Store1
1	0		0		1130		1130	
2	0		0		0		730	
3	0		0		0		670	
4	0		0		0		505	
5	0		0		470		470	
6	0		0		0		975	
7	0		0		0		1815	
8	0		0		0		985	
9	0		0		0		1490	
10	0		0		0		835	
Store2
1	0		0		0		1280	
2	0		0		0		775	
3	0		0		0		965	
4	0		0		0		1215	
5	0		0		0		1220	
6	0		0		0		1110	
7	0		0		0		1275	
8	0		0		0		1105	
9	0		0		0		1145	
10	0		0		0		580	
Store3
1	0		0		1355		1355	
2	0		0		0		990	
3	0		0		0		1150	
4	0		0		1080		1080	
5	0		0		1865		1865	
6	0		0		1435		1435	
7	0		0		900		900	
8	0		0		0		995	
9	0		0		0		720	
10	0		0		0		1300	
Store4
1	0		0		1375		1375	
2	0		0		0		675	
3	0		0		0		820	
4	0		0		990		990	
5	0		0		1180		1180	
6	0		0		0		1015	
7	0		0		1085		1085	
8	0		0		0		850	
9	0		0		0		1000	
10	0		0		0		900	
Store5
1	0		0		815		815	
2	0		0		0		1235	
3	0		0		0		275	
4	0		0		0		1055	
5	0		0		1170		1170	
6	0		0		0		1160	
7	0		0		825		825	
8	0		0		0		1115	
9	0		0		0		1225	
10	0		0		0		610	


Fashion Shipments from Vendor to Warehouse (V T):
0	0	0.9171401	0.8694033	

Printing New Basic Solution:

Inbound Solution (V P T):
1	1	1	456
1	1	2	4113
1	2	1	1984
1	2	2	2977
1	3	1	462
1	3	2	4165
1	4	1	4389
1	4	2	488
1	5	1	1517
1	5	2	3541
1	6	1	1652
1	6	2	2478
1	7	1	1632
1	7	2	3809
1	8	1	979
1	8	2	3919
1	9	1	1861
1	9	2	2792
1	10	1	4826


Outbound Solution(S P T):
1	1	1	672
1	2	1	849
1	3	1	710
1	4	1	1087
1	5	1	632
1	6	1	1149
1	7	1	1231
1	8	1	637
1	9	1	852
1	10	1	909
2	1	1	838
2	2	1	1105
2	3	1	1011
2	4	1	1081
2	5	1	1224
2	6	1	572
2	7	1	917
2	8	1	844
2	9	1	752
2	10	1	829
3	1	2	1155
3	2	2	820
3	3	2	1078
3	4	2	1205
3	5	2	1027
3	6	2	660
3	7	2	1227
3	8	2	1157
3	9	2	1141
3	10	2	911
4	1	4	922
4	2	4	1010
4	3	4	737
4	4	4	808
4	5	4	1235
4	6	4	757
4	7	4	1097
4	8	4	1283
4	9	4	982
4	10	4	1229
5	1	2	982
5	2	2	1177
5	3	2	1091
5	4	2	696
5	5	2	940
5	6	2	992
5	7	2	969
5	8	2	977
5	9	2	926
5	10	2	948


Warehouse Inventory (W P T):
1	1054		0		1976		1976		1054		1054	
2	0		30		1010		1010		0		0	
3	1259		0		1996		1996		1259		1259	
4	0		2221		808		808		0		0	
5	339		0		1574		1574		339		339	
6	69		0		826		826		69		69	
7	516		0		1613		1613		516		516	
8	502		0		1785		1785		502		502	
9	0		257		982		982		0		0	
10	0		3088		1229		1229		0		0	

Store Inventory (S P T):
Store1
1	0		393		341		277		92		0	
2	0		705		478		387		165		0	
3	0		598		403		344		138		0	
4	0		889		563		342		187		0	
5	0		524		326		240		64		0	
6	0		928		753		480		139		0	
7	0		985		719		492		153		0	
8	0		455		291		141		0		0	
9	0		639		535		304		152		0	
10	0		757		457		206		178		0	
Store2
1	0		609		468		286		176		0	
2	0		694		419		271		114		0	
3	0		730		437		283		30		0	
4	0		874		623		447		311		0	
5	0		955		747		546		412		0	
6	0		449		413		232		110		0	
7	0		690		428		211		119		0	
8	0		713		570		547		257		0	
9	0		592		563		405		282		0	
10	0		644		509		339		208		0	
Store3
1	119		0		788		531		345		119	
2	213		0		760		646		432		213	
3	226		0		668		577		431		226	
4	188		0		777		682		475		188	
5	165		0		921		728		371		165	
6	180		0		520		393		294		180	
7	257		0		902		770		514		257	
8	241		0		996		720		496		241	
9	166		0		883		831		542		166	
10	102		0		608		449		279		102	
Store4
1	545		286		126		0		719		545	
2	499		307		66		0		692		499	
3	414		303		188		0		610		414	
4	430		418		293		0		586		430	
5	806		555		249		0		942		806	
6	503		343		188		0		580		503	
7	683		511		316		0		969		683	
8	708		531		265		0		1048		708	
9	478		339		159		0		695		478	
10	779		567		265		0		961		779	
Store5
1	134		0		815		502		437		134	
2	262		0		940		641		492		262	
3	208		0		856		700		420		208	
4	155		0		478		341		309		155	
5	197		0		712		669		499		197	
6	123		0		814		654		404		123	
7	218		0		715		542		492		218	
8	40		0		718		634		283		40	
9	175		0		769		587		415		175	
10	259		0		779		674		448		259	


Shipments from Vendor to Warehouse (V T):
0.671714	0.7015293	0	0	0	

Shipments from Warehouse to Stores (S T):
1	1	0.273808
1	4	0.02916667
1	5	0.2960567
2	1	0.2559194
2	5	0.3657267
3	2	0.2878874
3	4	0.2182533
3	5	0.19465
4	4	0.40858
4	5	0.2084167
5	2	0.2759153
5	4	0.06796667
5	5	0.27744


Required Putaway workers (Sol T):
3	3	3	3	0	

No of required pickers (T):
5	6	0	7	9	

No of part-time putaway workers (T):
1	1	1	1	0	

No of part-time pickers (T):
0	0	0	1	3	

Best Putaway Technology: 1200
Best Picking Technology: 500

Required Fashion Putaway Hours:
0	0	23.58333	19.28333	0	

Required Basic Putaway Hours:
16.465	23.56833	0	0	0	

Required Total Putaway Hours:
16.465	23.56833	23.58333	19.28333	0	

No of required fashion pick hours:
0	0	0	31.35	71.53	

No of required basic pick hours:
35.802	40.158	0	20.12	0	

No of required total pick hours:
35.802	40.158	0	51.47	71.53	

List of all the costs: 
MHECost		378
PutawayTechCost		1060
PickingTechCost		3195
WhBasicInvCost		406.7201
BasicInbCost		2637.272
WhFashionInvCost		640.65
FashionInbCost		2623.897
PutawayCost		4160
StoreBasicInvCost		4677.55
StoreFashionInvCost		3355.75
OutboundCost		11718.88
PickingCost		10560
Total		45413.72

List of Top5 Technologies: 
Tech1		2	6	$ 46932.93
Tech2		2	5	$ 47546.31
Tech3		4	5	$ 49211.55
Tech4		4	1	$ 85206.5
Tech5		1	1	$ 129547.5
The start time is 12/23/2014 9:55:21 PM
The End time is 12/23/2014 9:55:29 PM
