Printing New Fashion Solution:

Inbound Fashion Solution (V F T):
1	1	3	5955
1	2	3	4405
1	3	2	3880
1	4	2	4845
1	5	2	5905
1	6	2	5695
1	7	3	5900
1	8	3	5050
1	9	2	5580
1	10	2	4225


Outbound Fashion Solution(S F T):
1	1	5	1130
1	2	5	730
1	3	4	670
1	4	3	505
1	5	4	470
1	6	4	975
1	7	5	1815
1	8	5	985
1	9	3	1490
1	10	4	835
2	1	5	1280
2	2	4	775
2	3	3	965
2	4	4	1215
2	5	3	1220
2	6	3	1110
2	7	5	1275
2	8	5	1105
2	9	4	1145
2	10	4	580
3	1	5	1355
3	2	5	990
3	3	4	1150
3	4	3	1080
3	5	3	1865
3	6	4	1435
3	7	5	900
3	8	5	995
3	9	4	720
3	10	4	1300
4	1	4	1375
4	2	4	675
4	3	4	820
4	4	4	990
4	5	4	1180
4	6	3	1015
4	7	4	1085
4	8	4	850
4	9	3	1000
4	10	3	900
5	1	5	815
5	2	5	1235
5	3	4	275
5	4	3	1055
5	5	4	1170
5	6	4	1160
5	7	4	825
5	8	5	1115
5	9	3	1225
5	10	4	610


Warehouse Fashion Inventory (W F T):
1	0		0		5955		4580		0	
2	0		0		4405		2955		0	
3	0		3880		2915		0		0	
4	0		4845		2205		0		0	
5	0		5905		2820		0		0	
6	0		5695		3570		0		0	
7	0		0		5900		3990		0	
8	0		0		5050		4200		0	
9	0		5580		1865		0		0	
10	0		4225		3325		0		0	

Store Fashion Inventory (S F T):
Store1
1	0		0		0		1130	
2	0		0		0		730	
3	0		0		670		670	
4	0		505		505		505	
5	0		0		470		470	
6	0		0		975		975	
7	0		0		0		1815	
8	0		0		0		985	
9	0		1490		1490		1490	
10	0		0		835		835	
Store2
1	0		0		0		1280	
2	0		0		775		775	
3	0		965		965		965	
4	0		0		1215		1215	
5	0		1220		1220		1220	
6	0		1110		1110		1110	
7	0		0		0		1275	
8	0		0		0		1105	
9	0		0		1145		1145	
10	0		0		580		580	
Store3
1	0		0		0		1355	
2	0		0		0		990	
3	0		0		1150		1150	
4	0		1080		1080		1080	
5	0		1865		1865		1865	
6	0		0		1435		1435	
7	0		0		0		900	
8	0		0		0		995	
9	0		0		720		720	
10	0		0		1300		1300	
Store4
1	0		0		1375		1375	
2	0		0		675		675	
3	0		0		820		820	
4	0		0		990		990	
5	0		0		1180		1180	
6	0		1015		1015		1015	
7	0		0		1085		1085	
8	0		0		850		850	
9	0		1000		1000		1000	
10	0		900		900		900	
Store5
1	0		0		0		815	
2	0		0		0		1235	
3	0		0		275		275	
4	0		1055		1055		1055	
5	0		0		1170		1170	
6	0		0		1160		1160	
7	0		0		825		825	
8	0		0		0		1115	
9	0		1225		1225		1225	
10	0		0		610		610	


Fashion Shipments from Vendor to Warehouse (V T):
0	1.117523	0.6690201	0	

Printing New Basic Solution:

Inbound Solution (V P T):
1	1	4	3655
1	1	5	914
1	2	4	4961
1	3	4	3238
1	3	5	1389
1	4	5	4877
1	5	4	1011
1	5	5	4047
1	6	4	3304
1	6	5	826
1	7	4	4896
1	7	5	545
1	8	4	1959
1	8	5	2939
1	9	4	2326
1	9	5	2327
1	10	4	3378
1	10	5	1448


Outbound Solution(S P T):
1	1	3	395
1	1	5	277
1	2	3	462
1	2	5	387
1	3	3	366
1	3	5	344
1	4	3	745
1	4	5	342
1	5	3	392
1	5	5	240
1	6	3	669
1	6	5	480
1	7	3	739
1	7	5	492
1	8	3	496
1	8	5	141
1	9	3	548
1	9	5	304
1	10	3	703
1	10	5	206
2	1	3	182
2	1	4	110
2	1	5	546
2	2	3	148
2	2	4	157
2	2	5	800
2	3	3	154
2	3	4	253
2	3	5	604
2	4	3	176
2	4	4	136
2	4	5	769
2	5	3	201
2	5	4	134
2	5	5	889
2	6	3	181
2	6	4	122
2	6	5	269
2	7	3	217
2	7	4	92
2	7	5	608
2	8	3	23
2	8	4	290
2	8	5	531
2	9	3	158
2	9	4	123
2	9	5	471
2	10	3	170
2	10	4	131
2	10	5	528
3	1	4	186
3	1	5	969
3	2	4	214
3	2	5	606
3	3	4	146
3	3	5	932
3	4	4	207
3	4	5	998
3	5	4	357
3	5	5	670
3	6	4	99
3	6	5	561
3	7	4	256
3	7	5	971
3	8	4	224
3	8	5	933
3	9	4	289
3	9	5	852
3	10	4	170
3	10	5	741
4	1	3	126
4	1	4	796
4	2	3	66
4	2	4	944
4	3	3	188
4	3	4	549
4	4	3	293
4	4	4	515
4	5	3	249
4	5	4	986
4	6	3	188
4	6	4	569
4	7	3	316
4	7	4	781
4	8	3	265
4	8	4	1018
4	9	3	159
4	9	4	823
4	10	3	265
4	10	4	964
5	1	1	614
5	1	4	65
5	1	5	303
5	2	1	798
5	2	4	149
5	2	5	230
5	3	1	599
5	3	4	280
5	3	5	212
5	4	1	510
5	4	4	32
5	4	5	154
5	5	1	468
5	5	4	170
5	5	5	302
5	6	1	461
5	6	4	250
5	6	5	281
5	7	1	645
5	7	4	50
5	7	5	274
5	8	1	383
5	8	4	351
5	8	5	243
5	9	1	514
5	9	4	172
5	9	5	240
5	10	1	533
5	10	4	226
5	10	5	189


Warehouse Inventory (W P T):
1	1317		703		703		0		2498		1317	
2	1474		676		676		0		3497		1474	
3	1307		708		708		0		2010		1307	
4	2614		2104		2104		890		0		2614	
5	1946		1478		1478		636		0		1946	
6	1499		1038		1038		0		2264		1499	
7	1917		1272		1272		0		3717		1917	
8	1167		784		784		0		76		1167	
9	1379		865		865		0		919		1379	
10	1671		1138		1138		0		1887		1671	

Store Inventory (S P T):
Store1
1	331		52		0		331		146		331	
2	371		227		0		371		149		371	
3	307		195		0		307		101		307	
4	524		326		0		524		369		524	
5	306		198		0		306		130		306	
6	396		175		0		396		55		396	
7	512		266		0		512		173		512	
8	346		164		0		346		205		346	
9	317		104		0		317		165		317	
10	452		300		0		452		424		452	
Store2
1	370		141		0		0		0		370	
2	686		275		0		0		0		686	
3	574		293		0		0		0		574	
4	458		251		0		0		0		458	
5	477		208		0		0		0		477	
6	159		36		0		0		0		159	
7	489		262		0		0		0		489	
8	274		143		0		0		0		274	
9	189		29		0		0		0		189	
10	320		135		0		0		0		320	
Store3
1	743		624		257		0		0		743	
2	387		174		114		0		0		387	
3	727		501		91		0		0		727	
4	711		523		95		0		0		711	
5	464		299		193		0		0		464	
6	447		267		127		0		0		447	
7	714		457		132		0		0		714	
8	678		437		276		0		0		678	
9	476		310		52		0		0		476	
10	564		462		159		0		0		564	
Store4
1	419		160		0		0		593		419	
2	433		241		0		0		626		433	
3	226		115		0		0		422		226	
4	137		125		0		0		293		137	
5	557		306		0		0		693		557	
6	315		155		0		0		392		315	
7	367		195		0		0		653		367	
8	443		266		0		0		783		443	
9	319		180		0		0		536		319	
10	514		302		0		0		696		514	
Store5
1	0		480		313		0		0		0	
2	0		536		299		0		0		0	
3	0		391		156		0		0		0	
4	0		355		137		0		0		0	
5	0		271		43		0		0		0	
6	0		338		160		0		0		0	
7	0		427		173		0		0		0	
8	0		343		84		0		0		0	
9	0		339		182		0		0		0	
10	0		274		105		0		0		0	


Shipments from Vendor to Warehouse (V T):
0	0	0	0.8893241	0.4839193	

Shipments from Warehouse to Stores (S T):
1	3	0.2370533
1	4	0.1162467
1	5	0.2457313
2	3	0.1551393
2	4	0.1782173
2	5	0.2882893
3	3	0.10635
3	4	0.2328253
3	5	0.3616154
4	3	0.1875293
4	4	0.4294673
5	1	0.161572
5	3	0.08271667
5	4	0.1973733
5	5	0.17966


Required Putaway workers (Sol T):
0	4	3	3	3	

No of required pickers (T):
2	0	6	9	9	

No of part-time putaway workers (T):
0	1	0	0	0	

No of part-time pickers (T):
0	0	0	3	3	

Best Putaway Technology: 1200
Best Picking Technology: 500

Required Fashion Putaway Hours:
0	25.10833	17.75833	0	0	

Required Basic Putaway Hours:
0	0	0	23.94	16.09333	

Required Total Putaway Hours:
0	25.10833	17.75833	23.94	16.09333	

No of required fashion pick hours:
0	0	26.86	44.57	31.45	

No of required basic pick hours:
11.05	0	18.48	26.772	39.778	

No of required total pick hours:
11.05	0	45.34	71.342	71.228	

List of all the costs: 
MHECost		432
PutawayTechCost		1060
PickingTechCost		3195
WhBasicInvCost		562.17
BasicInbCost		2637.273
WhFashionInvCost		838.65
FashionInbCost		3332.887
PutawayCost		5040
StoreBasicInvCost		2287.3
StoreFashionInvCost		5029.25
OutboundCost		13229.29
PickingCost		11040
Total		48683.82

List of Top5 Technologies: 
Tech1		2	5	$ 48683.82
Tech2		2	4	$ 55319.28
Tech3		2	1	$ 89840.48
Tech4		3	1	$ 97481.5
Tech5		1	1	$ 99351.55
The start time is 12/23/2014 9:55:21 PM
The End time is 12/23/2014 9:55:29 PM
