Printing New Fashion Solution:

Inbound Fashion Solution (V F T):
1	1	4	2085
1	2	4	2105
1	3	3	1905
1	4	3	2060
1	5	3	2230
1	6	3	2585
1	7	3	2235
1	8	3	1960
1	9	3	2010
1	10	3	1905
1	11	4	2505
1	12	3	1850
1	13	4	2055
1	14	4	2450
1	15	4	2035
1	16	4	2100
1	17	4	2030
1	18	4	2365
1	19	4	1865
1	20	4	1960
1	21	3	1625
1	22	4	2150
1	23	3	2085
1	24	3	2135
1	25	3	1785
2	26	1	1940
2	27	1	2185
2	28	1	1950
2	29	1	1865
2	30	1	1845
2	31	1	2205
2	32	1	2410
2	33	1	1460
2	34	1	1740
2	35	1	1955
2	36	1	1915
2	37	1	2525
2	38	1	2040
2	39	1	1600
2	40	1	2020
2	41	1	1720
2	42	1	2025
2	43	1	1870
2	44	1	1765
2	45	1	1690
2	46	1	2090
2	47	1	2140
2	48	1	2065
2	49	1	1640
2	50	1	2380


Outbound Fashion Solution(S F T):
1	1	5	205
1	2	5	190
1	3	5	205
1	4	5	160
1	5	4	245
1	6	5	340
1	7	5	245
1	8	5	275
1	9	5	365
1	10	4	160
1	11	5	225
1	12	5	195
1	13	5	225
1	14	5	260
1	15	5	170
1	16	5	215
1	17	5	320
1	18	5	265
1	19	5	225
1	20	5	225
1	21	5	145
1	22	5	105
1	23	5	115
1	24	5	300
1	25	5	225
1	26	2	130
1	27	4	150
1	28	2	195
1	29	2	275
1	30	2	35
1	31	3	210
1	32	4	325
1	33	3	140
1	34	4	205
1	35	2	295
1	36	4	80
1	37	2	295
1	38	2	150
1	39	2	125
1	40	2	250
1	41	4	305
1	42	2	195
1	43	2	210
1	44	4	135
1	45	4	110
1	46	2	255
1	47	2	195
1	48	2	270
1	49	3	215
1	50	3	320
2	1	5	210
2	2	5	185
2	3	5	310
2	4	5	225
2	5	5	250
2	6	5	395
2	7	5	245
2	8	4	230
2	9	4	115
2	10	5	120
2	11	5	200
2	12	5	220
2	13	5	235
2	14	5	145
2	15	5	150
2	16	5	190
2	17	5	70
2	18	5	170
2	19	5	80
2	20	5	145
2	21	5	110
2	22	5	255
2	23	4	145
2	24	5	110
2	25	5	65
2	26	4	220
2	27	3	120
2	28	4	230
2	29	3	175
2	30	2	130
2	31	4	210
2	32	3	145
2	33	4	140
2	34	2	180
2	35	2	245
2	36	4	240
2	37	4	235
2	38	2	120
2	39	2	210
2	40	4	320
2	41	3	105
2	42	4	270
2	43	3	335
2	44	4	175
2	45	3	145
2	46	4	210
2	47	4	240
2	48	4	245
2	49	4	140
2	50	3	225
3	1	5	90
3	2	5	165
3	3	5	115
3	4	5	290
3	5	5	350
3	6	5	315
3	7	5	115
3	8	5	105
3	9	5	215
3	10	4	200
3	11	5	380
3	12	4	170
3	13	5	240
3	14	5	170
3	15	5	290
3	16	5	160
3	17	5	285
3	18	5	290
3	19	5	165
3	20	5	355
3	21	4	320
3	22	5	310
3	23	5	75
3	24	5	205
3	25	5	185
3	26	4	195
3	27	4	330
3	28	2	140
3	29	4	180
3	30	4	210
3	31	3	165
3	32	4	245
3	33	3	10
3	34	4	205
3	35	3	125
3	36	4	190
3	37	3	230
3	38	4	225
3	39	2	225
3	40	4	300
3	41	3	170
3	42	3	180
3	43	4	320
3	44	3	190
3	45	3	155
3	46	3	130
3	47	4	280
3	48	2	150
3	49	3	75
3	50	4	260
4	1	5	190
4	2	5	215
4	3	5	270
4	4	5	215
4	5	5	175
4	6	5	200
4	7	5	195
4	8	4	150
4	9	4	205
4	10	4	240
4	11	5	265
4	12	4	230
4	13	5	310
4	14	5	210
4	15	5	215
4	16	5	145
4	17	5	300
4	18	5	380
4	19	5	295
4	20	5	100
4	21	4	50
4	22	5	225
4	23	5	105
4	24	4	225
4	25	5	140
4	26	4	120
4	27	3	295
4	28	3	250
4	29	3	150
4	30	4	45
4	31	2	125
4	32	3	305
4	33	4	230
4	34	3	215
4	35	4	235
4	36	3	160
4	37	4	365
4	38	3	295
4	39	4	195
4	40	3	230
4	41	3	170
4	42	2	315
4	43	3	210
4	44	2	95
4	45	2	130
4	46	2	155
4	47	2	280
4	48	2	215
4	49	3	60
4	50	4	275
5	1	5	295
5	2	5	240
5	3	5	180
5	4	5	145
5	5	5	260
5	6	4	315
5	7	4	265
5	8	5	265
5	9	5	280
5	10	5	260
5	11	5	315
5	12	5	220
5	14	5	240
5	15	5	140
5	16	5	170
5	17	5	295
5	18	5	175
5	19	5	230
5	20	5	255
5	21	5	220
5	22	5	200
5	23	5	345
5	24	5	115
5	25	5	140
5	26	4	135
5	27	4	180
5	28	3	205
5	29	4	190
5	30	2	300
5	31	4	140
5	32	4	315
5	33	4	210
5	34	3	225
5	35	2	220
5	36	2	55
5	37	3	315
5	38	4	270
5	39	4	80
5	40	4	90
5	41	4	140
5	42	3	265
5	43	3	115
5	44	2	205
5	45	4	195
5	46	4	215
5	47	2	195
5	48	2	95
5	49	2	325
5	50	2	130
6	1	5	140
6	2	5	200
6	3	5	195
6	4	5	205
6	5	5	205
6	6	5	265
6	7	4	385
6	8	4	240
6	9	5	155
6	10	4	205
6	11	5	255
6	12	5	165
6	13	5	230
6	14	5	270
6	15	5	165
6	16	5	180
6	17	5	160
6	18	5	275
6	19	5	305
6	20	5	150
6	21	5	185
6	22	5	220
6	23	5	270
6	24	5	265
6	25	4	405
6	26	3	335
6	27	3	100
6	28	3	300
6	29	4	305
6	30	3	280
6	31	4	190
6	32	2	155
6	33	2	210
6	34	3	105
6	35	3	95
6	36	3	240
6	37	3	375
6	38	3	270
6	39	2	235
6	40	3	160
6	41	3	220
6	42	2	90
6	43	3	110
6	44	3	235
6	45	3	180
6	46	3	330
6	47	3	135
6	48	3	220
6	49	4	105
6	50	3	215
7	1	5	350
7	2	5	240
7	3	5	30
7	4	4	185
7	5	4	135
7	6	5	125
7	7	4	295
7	8	5	185
7	9	4	195
7	10	5	285
7	11	5	230
7	12	5	105
7	13	5	160
7	14	5	300
7	15	5	285
7	16	5	175
7	18	5	255
7	19	5	155
7	20	5	95
7	21	4	120
7	22	5	160
7	23	5	290
7	24	5	240
7	25	4	115
7	26	4	325
7	27	2	300
7	28	4	260
7	29	4	160
7	30	2	250
7	31	4	295
7	32	3	115
7	33	3	225
7	34	2	180
7	35	4	275
7	36	4	250
7	37	3	180
7	38	3	205
7	39	2	85
7	40	4	260
7	41	3	200
7	42	3	250
7	43	3	70
7	44	2	130
7	45	2	195
7	46	2	235
7	47	3	220
7	48	2	325
7	49	3	185
7	50	3	155
8	1	5	225
8	2	5	205
8	3	5	180
8	4	5	220
8	5	5	220
8	6	5	275
8	7	5	155
8	8	5	150
8	9	5	200
8	10	5	50
8	11	5	240
8	12	5	180
8	13	5	215
8	14	5	340
8	15	5	245
8	16	5	350
8	17	5	120
8	18	5	185
8	19	5	55
8	20	5	235
8	21	5	45
8	22	5	255
8	23	5	265
8	24	5	140
8	25	5	185
8	26	4	135
8	27	3	65
8	28	4	265
8	29	3	110
8	30	2	185
8	31	4	385
8	32	2	215
8	34	4	100
8	35	3	180
8	36	3	210
8	37	4	5
8	38	3	230
8	39	4	155
8	40	4	130
8	41	3	115
8	42	4	50
8	43	3	135
8	44	4	195
8	45	3	125
8	46	2	265
8	47	4	180
8	48	4	225
8	49	4	110
8	50	2	210
9	1	5	255
9	2	5	275
9	3	5	345
9	4	4	145
9	5	5	95
9	6	5	70
9	7	4	205
9	8	5	105
9	9	5	125
9	10	5	290
9	11	5	210
9	12	4	205
9	13	5	250
9	14	5	275
9	15	5	135
9	16	5	235
9	17	5	145
9	18	5	280
9	19	5	130
9	20	5	175
9	21	5	185
9	22	5	190
9	23	5	205
9	24	5	265
9	25	4	110
9	26	3	45
9	27	4	315
9	28	4	85
9	29	3	90
9	30	4	185
9	31	4	195
9	32	2	385
9	33	2	150
9	34	3	85
9	35	2	150
9	36	3	175
9	37	2	275
9	38	4	50
9	39	3	100
9	40	2	90
9	41	3	160
9	42	4	260
9	43	4	80
9	44	4	180
9	45	4	315
9	46	2	200
9	47	4	300
9	48	3	40
9	49	4	185
9	50	2	170
10	1	5	125
10	2	5	190
10	3	5	75
10	4	5	270
10	5	5	295
10	6	4	285
10	7	5	130
10	8	5	255
10	9	5	155
10	10	5	95
10	11	5	185
10	12	4	160
10	13	5	190
10	14	5	240
10	15	5	240
10	16	5	280
10	17	5	335
10	18	5	90
10	19	5	225
10	20	5	225
10	21	5	245
10	22	5	230
10	23	5	270
10	24	5	270
10	25	4	215
10	26	4	300
10	27	4	330
10	28	4	20
10	29	2	230
10	30	2	225
10	31	2	290
10	32	2	205
10	33	3	145
10	34	4	240
10	35	3	135
10	36	4	315
10	37	3	250
10	38	4	225
10	39	2	190
10	40	2	190
10	41	3	135
10	42	3	150
10	43	3	285
10	44	2	225
10	45	4	140
10	46	4	95
10	47	2	115
10	48	3	280
10	49	3	240
10	50	3	420


Warehouse Fashion Inventory (W F T):
1	0		0		0		2085		0	
2	0		0		0		2105		0	
3	0		0		1905		1905		0	
4	0		0		2060		1730		0	
5	0		0		2230		1850		0	
6	0		0		2585		1985		0	
7	0		0		2235		1085		0	
8	0		0		1960		1340		0	
9	0		0		2010		1495		0	
10	0		0		1905		1100		0	
11	0		0		0		2505		0	
12	0		0		1850		1085		0	
13	0		0		0		2055		0	
14	0		0		0		2450		0	
15	0		0		0		2035		0	
16	0		0		0		2100		0	
17	0		0		0		2030		0	
18	0		0		0		2365		0	
19	0		0		0		1865		0	
20	0		0		0		1960		0	
21	0		0		1625		1135		0	
22	0		0		0		2150		0	
23	0		0		2085		1940		0	
24	0		0		2135		1910		0	
25	0		0		1785		940		0	
26	1940		1810		1430		0		0	
27	2185		1885		1305		0		0	
28	1950		1615		860		0		0	
29	1865		1360		835		0		0	
30	1845		720		440		0		0	
31	2205		1790		1415		0		0	
32	2410		1450		885		0		0	
33	1460		1100		580		0		0	
34	1740		1380		750		0		0	
35	1955		1045		510		0		0	
36	1915		1860		1075		0		0	
37	2525		1955		605		0		0	
38	2040		1770		770		0		0	
39	1600		530		430		0		0	
40	2020		1490		1100		0		0	
41	1720		1720		445		0		0	
42	2025		1425		580		0		0	
43	1870		1660		400		0		0	
44	1765		1110		685		0		0	
45	1690		1365		760		0		0	
46	2090		980		520		0		0	
47	2140		1355		1000		0		0	
48	2065		1010		470		0		0	
49	1640		1315		540		0		0	
50	2380		1870		535		0		0	

Store Fashion Inventory (S F T):
Store1
1	0		0		0		205	
2	0		0		0		190	
3	0		0		0		205	
4	0		0		0		160	
5	0		0		245		245	
6	0		0		0		340	
7	0		0		0		245	
8	0		0		0		275	
9	0		0		0		365	
10	0		0		160		160	
11	0		0		0		225	
12	0		0		0		195	
13	0		0		0		225	
14	0		0		0		260	
15	0		0		0		170	
16	0		0		0		215	
17	0		0		0		320	
18	0		0		0		265	
19	0		0		0		225	
20	0		0		0		225	
21	0		0		0		145	
22	0		0		0		105	
23	0		0		0		115	
24	0		0		0		300	
25	0		0		0		225	
26	130		130		130		130	
27	0		0		150		150	
28	195		195		195		195	
29	275		275		275		275	
30	35		35		35		35	
31	0		210		210		210	
32	0		0		325		325	
33	0		140		140		140	
34	0		0		205		205	
35	295		295		295		295	
36	0		0		80		80	
37	295		295		295		295	
38	150		150		150		150	
39	125		125		125		125	
40	250		250		250		250	
41	0		0		305		305	
42	195		195		195		195	
43	210		210		210		210	
44	0		0		135		135	
45	0		0		110		110	
46	255		255		255		255	
47	195		195		195		195	
48	270		270		270		270	
49	0		215		215		215	
50	0		320		320		320	
Store2
1	0		0		0		210	
2	0		0		0		185	
3	0		0		0		310	
4	0		0		0		225	
5	0		0		0		250	
6	0		0		0		395	
7	0		0		0		245	
8	0		0		230		230	
9	0		0		115		115	
10	0		0		0		120	
11	0		0		0		200	
12	0		0		0		220	
13	0		0		0		235	
14	0		0		0		145	
15	0		0		0		150	
16	0		0		0		190	
17	0		0		0		70	
18	0		0		0		170	
19	0		0		0		80	
20	0		0		0		145	
21	0		0		0		110	
22	0		0		0		255	
23	0		0		145		145	
24	0		0		0		110	
25	0		0		0		65	
26	0		0		220		220	
27	0		120		120		120	
28	0		0		230		230	
29	0		175		175		175	
30	130		130		130		130	
31	0		0		210		210	
32	0		145		145		145	
33	0		0		140		140	
34	180		180		180		180	
35	245		245		245		245	
36	0		0		240		240	
37	0		0		235		235	
38	120		120		120		120	
39	210		210		210		210	
40	0		0		320		320	
41	0		105		105		105	
42	0		0		270		270	
43	0		335		335		335	
44	0		0		175		175	
45	0		145		145		145	
46	0		0		210		210	
47	0		0		240		240	
48	0		0		245		245	
49	0		0		140		140	
50	0		225		225		225	
Store3
1	0		0		0		90	
2	0		0		0		165	
3	0		0		0		115	
4	0		0		0		290	
5	0		0		0		350	
6	0		0		0		315	
7	0		0		0		115	
8	0		0		0		105	
9	0		0		0		215	
10	0		0		200		200	
11	0		0		0		380	
12	0		0		170		170	
13	0		0		0		240	
14	0		0		0		170	
15	0		0		0		290	
16	0		0		0		160	
17	0		0		0		285	
18	0		0		0		290	
19	0		0		0		165	
20	0		0		0		355	
21	0		0		320		320	
22	0		0		0		310	
23	0		0		0		75	
24	0		0		0		205	
25	0		0		0		185	
26	0		0		195		195	
27	0		0		330		330	
28	140		140		140		140	
29	0		0		180		180	
30	0		0		210		210	
31	0		165		165		165	
32	0		0		245		245	
33	0		10		10		10	
34	0		0		205		205	
35	0		125		125		125	
36	0		0		190		190	
37	0		230		230		230	
38	0		0		225		225	
39	225		225		225		225	
40	0		0		300		300	
41	0		170		170		170	
42	0		180		180		180	
43	0		0		320		320	
44	0		190		190		190	
45	0		155		155		155	
46	0		130		130		130	
47	0		0		280		280	
48	150		150		150		150	
49	0		75		75		75	
50	0		0		260		260	
Store4
1	0		0		0		190	
2	0		0		0		215	
3	0		0		0		270	
4	0		0		0		215	
5	0		0		0		175	
6	0		0		0		200	
7	0		0		0		195	
8	0		0		150		150	
9	0		0		205		205	
10	0		0		240		240	
11	0		0		0		265	
12	0		0		230		230	
13	0		0		0		310	
14	0		0		0		210	
15	0		0		0		215	
16	0		0		0		145	
17	0		0		0		300	
18	0		0		0		380	
19	0		0		0		295	
20	0		0		0		100	
21	0		0		50		50	
22	0		0		0		225	
23	0		0		0		105	
24	0		0		225		225	
25	0		0		0		140	
26	0		0		120		120	
27	0		295		295		295	
28	0		250		250		250	
29	0		150		150		150	
30	0		0		45		45	
31	125		125		125		125	
32	0		305		305		305	
33	0		0		230		230	
34	0		215		215		215	
35	0		0		235		235	
36	0		160		160		160	
37	0		0		365		365	
38	0		295		295		295	
39	0		0		195		195	
40	0		230		230		230	
41	0		170		170		170	
42	315		315		315		315	
43	0		210		210		210	
44	95		95		95		95	
45	130		130		130		130	
46	155		155		155		155	
47	280		280		280		280	
48	215		215		215		215	
49	0		60		60		60	
50	0		0		275		275	
Store5
1	0		0		0		295	
2	0		0		0		240	
3	0		0		0		180	
4	0		0		0		145	
5	0		0		0		260	
6	0		0		315		315	
7	0		0		265		265	
8	0		0		0		265	
9	0		0		0		280	
10	0		0		0		260	
11	0		0		0		315	
12	0		0		0		220	
13	0		0		0		0	
14	0		0		0		240	
15	0		0		0		140	
16	0		0		0		170	
17	0		0		0		295	
18	0		0		0		175	
19	0		0		0		230	
20	0		0		0		255	
21	0		0		0		220	
22	0		0		0		200	
23	0		0		0		345	
24	0		0		0		115	
25	0		0		0		140	
26	0		0		135		135	
27	0		0		180		180	
28	0		205		205		205	
29	0		0		190		190	
30	300		300		300		300	
31	0		0		140		140	
32	0		0		315		315	
33	0		0		210		210	
34	0		225		225		225	
35	220		220		220		220	
36	55		55		55		55	
37	0		315		315		315	
38	0		0		270		270	
39	0		0		80		80	
40	0		0		90		90	
41	0		0		140		140	
42	0		265		265		265	
43	0		115		115		115	
44	205		205		205		205	
45	0		0		195		195	
46	0		0		215		215	
47	195		195		195		195	
48	95		95		95		95	
49	325		325		325		325	
50	130		130		130		130	
Store6
1	0		0		0		140	
2	0		0		0		200	
3	0		0		0		195	
4	0		0		0		205	
5	0		0		0		205	
6	0		0		0		265	
7	0		0		385		385	
8	0		0		240		240	
9	0		0		0		155	
10	0		0		205		205	
11	0		0		0		255	
12	0		0		0		165	
13	0		0		0		230	
14	0		0		0		270	
15	0		0		0		165	
16	0		0		0		180	
17	0		0		0		160	
18	0		0		0		275	
19	0		0		0		305	
20	0		0		0		150	
21	0		0		0		185	
22	0		0		0		220	
23	0		0		0		270	
24	0		0		0		265	
25	0		0		405		405	
26	0		335		335		335	
27	0		100		100		100	
28	0		300		300		300	
29	0		0		305		305	
30	0		280		280		280	
31	0		0		190		190	
32	155		155		155		155	
33	210		210		210		210	
34	0		105		105		105	
35	0		95		95		95	
36	0		240		240		240	
37	0		375		375		375	
38	0		270		270		270	
39	235		235		235		235	
40	0		160		160		160	
41	0		220		220		220	
42	90		90		90		90	
43	0		110		110		110	
44	0		235		235		235	
45	0		180		180		180	
46	0		330		330		330	
47	0		135		135		135	
48	0		220		220		220	
49	0		0		105		105	
50	0		215		215		215	
Store7
1	0		0		0		350	
2	0		0		0		240	
3	0		0		0		30	
4	0		0		185		185	
5	0		0		135		135	
6	0		0		0		125	
7	0		0		295		295	
8	0		0		0		185	
9	0		0		195		195	
10	0		0		0		285	
11	0		0		0		230	
12	0		0		0		105	
13	0		0		0		160	
14	0		0		0		300	
15	0		0		0		285	
16	0		0		0		175	
17	0		0		0		0	
18	0		0		0		255	
19	0		0		0		155	
20	0		0		0		95	
21	0		0		120		120	
22	0		0		0		160	
23	0		0		0		290	
24	0		0		0		240	
25	0		0		115		115	
26	0		0		325		325	
27	300		300		300		300	
28	0		0		260		260	
29	0		0		160		160	
30	250		250		250		250	
31	0		0		295		295	
32	0		115		115		115	
33	0		225		225		225	
34	180		180		180		180	
35	0		0		275		275	
36	0		0		250		250	
37	0		180		180		180	
38	0		205		205		205	
39	85		85		85		85	
40	0		0		260		260	
41	0		200		200		200	
42	0		250		250		250	
43	0		70		70		70	
44	130		130		130		130	
45	195		195		195		195	
46	235		235		235		235	
47	0		220		220		220	
48	325		325		325		325	
49	0		185		185		185	
50	0		155		155		155	
Store8
1	0		0		0		225	
2	0		0		0		205	
3	0		0		0		180	
4	0		0		0		220	
5	0		0		0		220	
6	0		0		0		275	
7	0		0		0		155	
8	0		0		0		150	
9	0		0		0		200	
10	0		0		0		50	
11	0		0		0		240	
12	0		0		0		180	
13	0		0		0		215	
14	0		0		0		340	
15	0		0		0		245	
16	0		0		0		350	
17	0		0		0		120	
18	0		0		0		185	
19	0		0		0		55	
20	0		0		0		235	
21	0		0		0		45	
22	0		0		0		255	
23	0		0		0		265	
24	0		0		0		140	
25	0		0		0		185	
26	0		0		135		135	
27	0		65		65		65	
28	0		0		265		265	
29	0		110		110		110	
30	185		185		185		185	
31	0		0		385		385	
32	215		215		215		215	
33	0		0		0		0	
34	0		0		100		100	
35	0		180		180		180	
36	0		210		210		210	
37	0		0		5		5	
38	0		230		230		230	
39	0		0		155		155	
40	0		0		130		130	
41	0		115		115		115	
42	0		0		50		50	
43	0		135		135		135	
44	0		0		195		195	
45	0		125		125		125	
46	265		265		265		265	
47	0		0		180		180	
48	0		0		225		225	
49	0		0		110		110	
50	210		210		210		210	
Store9
1	0		0		0		255	
2	0		0		0		275	
3	0		0		0		345	
4	0		0		145		145	
5	0		0		0		95	
6	0		0		0		70	
7	0		0		205		205	
8	0		0		0		105	
9	0		0		0		125	
10	0		0		0		290	
11	0		0		0		210	
12	0		0		205		205	
13	0		0		0		250	
14	0		0		0		275	
15	0		0		0		135	
16	0		0		0		235	
17	0		0		0		145	
18	0		0		0		280	
19	0		0		0		130	
20	0		0		0		175	
21	0		0		0		185	
22	0		0		0		190	
23	0		0		0		205	
24	0		0		0		265	
25	0		0		110		110	
26	0		45		45		45	
27	0		0		315		315	
28	0		0		85		85	
29	0		90		90		90	
30	0		0		185		185	
31	0		0		195		195	
32	385		385		385		385	
33	150		150		150		150	
34	0		85		85		85	
35	150		150		150		150	
36	0		175		175		175	
37	275		275		275		275	
38	0		0		50		50	
39	0		100		100		100	
40	90		90		90		90	
41	0		160		160		160	
42	0		0		260		260	
43	0		0		80		80	
44	0		0		180		180	
45	0		0		315		315	
46	200		200		200		200	
47	0		0		300		300	
48	0		40		40		40	
49	0		0		185		185	
50	170		170		170		170	
Store10
1	0		0		0		125	
2	0		0		0		190	
3	0		0		0		75	
4	0		0		0		270	
5	0		0		0		295	
6	0		0		285		285	
7	0		0		0		130	
8	0		0		0		255	
9	0		0		0		155	
10	0		0		0		95	
11	0		0		0		185	
12	0		0		160		160	
13	0		0		0		190	
14	0		0		0		240	
15	0		0		0		240	
16	0		0		0		280	
17	0		0		0		335	
18	0		0		0		90	
19	0		0		0		225	
20	0		0		0		225	
21	0		0		0		245	
22	0		0		0		230	
23	0		0		0		270	
24	0		0		0		270	
25	0		0		215		215	
26	0		0		300		300	
27	0		0		330		330	
28	0		0		20		20	
29	230		230		230		230	
30	225		225		225		225	
31	290		290		290		290	
32	205		205		205		205	
33	0		145		145		145	
34	0		0		240		240	
35	0		135		135		135	
36	0		0		315		315	
37	0		250		250		250	
38	0		0		225		225	
39	190		190		190		190	
40	190		190		190		190	
41	0		135		135		135	
42	0		150		150		150	
43	0		285		285		285	
44	225		225		225		225	
45	0		0		140		140	
46	0		0		95		95	
47	115		115		115		115	
48	0		280		280		280	
49	0		240		240		240	
50	0		420		420		420	


Fashion Shipments from Vendor to Warehouse (V T):
0	0	0.8977367	0.99949	
1.914137	0	0	0	

Printing New Basic Solution:

Inbound Solution (V P T):
1	1	2	1959
1	2	2	1289
1	2	4	859
1	3	4	1981
1	4	2	2064
1	5	2	1644
1	5	4	410
1	6	2	977
1	6	4	976
1	7	2	1969
1	8	2	1805
1	8	4	200
1	9	2	1261
1	9	4	840
1	10	2	1672
1	10	4	418
1	11	2	1124
1	11	4	749
1	12	2	1224
1	12	4	816
1	13	2	1250
1	13	4	833
1	14	2	1783
1	15	2	2029
1	16	2	404
1	16	4	1612
2	17	2	391
2	17	5	1562
2	18	2	1356
2	18	5	580
2	19	2	778
2	19	5	1166
2	20	2	1498
2	20	5	374
2	21	2	777
2	21	5	1165
2	22	2	1428
2	22	5	612
2	23	2	818
2	23	5	1226
2	24	2	797
2	24	5	1194
2	25	2	1465
2	25	5	627
2	26	2	958
2	26	5	957
2	27	2	214
2	27	5	1922
2	28	2	1321
2	28	5	565
2	29	2	1800
2	29	5	199
2	30	5	1913
2	31	2	380
2	31	5	1517
2	32	2	1794
3	33	3	578
3	33	5	1346
3	34	3	1176
3	34	5	783
3	35	3	623
3	35	5	1452
3	36	3	1728
3	36	5	191
3	37	3	1644
3	37	5	411
3	38	3	185
3	38	5	1663
3	39	3	586
3	39	5	1365
3	40	3	864
3	40	5	1296
3	41	3	1034
3	41	5	1033
3	42	3	1239
3	42	5	825
3	43	5	1968
3	44	3	920
3	44	5	919
3	45	3	1941
3	46	3	1625
3	46	5	406
3	47	3	1056
3	47	5	1055
3	48	3	1515
3	48	5	378
3	49	5	2004
3	50	3	1075
3	50	5	1074


Outbound Solution(S P T):
1	1	2	51
1	1	3	38
1	1	4	44
1	1	5	38
1	2	2	21
1	2	3	82
1	2	4	60
1	2	5	10
1	3	2	36
1	3	3	63
1	3	4	31
1	3	5	53
1	4	2	56
1	4	3	29
1	4	4	35
1	4	5	48
1	5	2	54
1	5	3	88
1	5	4	52
1	5	5	29
1	6	2	58
1	6	3	81
1	6	4	44
1	6	5	20
1	7	2	41
1	7	3	121
1	7	4	33
1	7	5	52
1	8	2	37
1	8	3	96
1	8	4	43
1	8	5	49
1	9	2	32
1	9	3	100
1	9	4	31
1	9	5	72
1	10	2	49
1	10	3	87
1	10	4	40
1	10	5	57
1	11	2	30
1	11	3	90
1	11	4	47
1	11	5	23
1	12	2	47
1	12	3	74
1	12	4	42
1	12	5	62
1	13	2	24
1	13	3	75
1	13	4	71
1	13	5	36
1	14	2	12
1	14	3	50
1	14	4	32
1	14	5	18
1	15	2	29
1	15	3	66
1	15	4	69
1	15	5	50
1	16	2	28
1	16	3	104
1	16	4	36
1	16	5	21
1	17	2	27
1	17	3	45
1	17	4	40
1	17	5	40
1	18	2	42
1	18	3	71
1	18	4	9
1	18	5	42
1	19	2	46
1	19	3	94
1	19	4	38
1	19	5	52
1	20	2	34
1	20	3	88
1	20	4	41
1	20	5	34
1	21	2	24
1	21	3	65
1	21	4	16
1	21	5	54
1	22	2	15
1	22	3	68
1	22	4	53
1	22	5	25
1	23	2	23
1	23	3	61
1	23	4	64
1	23	5	59
1	24	2	39
1	24	3	73
1	24	4	36
1	24	5	32
1	25	2	20
1	25	3	86
1	25	4	39
1	25	5	46
1	26	2	50
1	26	3	102
1	26	4	41
1	26	5	19
1	27	2	6
1	27	3	87
1	27	4	55
1	27	5	33
1	28	2	30
1	28	3	117
1	28	4	20
1	28	5	26
1	29	2	61
1	29	3	85
1	29	4	17
1	29	5	39
1	30	2	41
1	30	3	81
1	30	4	11
1	30	5	32
1	31	2	60
1	31	3	75
1	31	4	43
1	31	5	48
1	32	2	51
1	32	3	99
1	32	4	45
1	32	5	14
1	33	2	21
1	33	3	103
1	33	4	44
1	33	5	40
1	34	2	31
1	34	3	54
1	34	4	44
1	34	5	55
1	35	2	46
1	35	3	61
1	35	4	56
1	35	5	41
1	36	2	46
1	36	3	78
1	36	4	66
1	36	5	32
1	37	2	55
1	37	3	79
1	37	4	19
1	37	5	56
1	38	2	40
1	38	3	103
1	38	4	39
1	38	5	57
1	39	2	92
1	39	3	76
1	39	4	24
1	39	5	34
1	40	2	23
1	40	3	90
1	40	4	81
1	40	5	49
1	41	2	32
1	41	3	68
1	41	4	34
1	41	5	16
1	42	2	29
1	42	3	72
1	42	4	67
1	42	5	77
1	43	2	38
1	43	3	102
1	43	4	53
1	43	5	13
1	44	2	48
1	44	3	49
1	44	4	20
1	44	5	46
1	45	2	60
1	45	3	98
1	45	4	17
1	45	5	41
1	46	2	28
1	46	3	94
1	46	4	31
1	46	5	48
1	47	2	56
1	47	3	106
1	47	4	57
1	47	5	48
1	48	2	36
1	48	3	96
1	48	4	18
1	48	5	36
1	49	2	46
1	49	3	37
1	49	4	59
1	49	5	34
1	50	2	59
1	50	3	94
1	50	4	27
1	50	5	14
2	1	2	21
2	1	3	51
2	1	4	34
2	1	5	79
2	2	2	48
2	2	3	29
2	2	4	53
2	2	5	59
2	3	2	60
2	3	3	18
2	3	4	33
2	3	5	93
2	4	2	58
2	4	3	66
2	4	4	25
2	4	5	66
2	5	2	54
2	5	3	34
2	5	4	60
2	5	5	72
2	6	2	54
2	6	3	60
2	6	4	29
2	6	5	94
2	7	2	51
2	7	3	61
2	7	4	44
2	7	5	2
2	8	2	49
2	8	3	34
2	8	4	28
2	8	5	43
2	9	2	32
2	9	3	21
2	9	4	50
2	9	5	73
2	10	2	74
2	10	3	36
2	10	4	49
2	10	5	79
2	11	2	50
2	11	3	44
2	11	4	52
2	11	5	92
2	12	2	48
2	12	3	56
2	12	4	27
2	12	5	39
2	13	2	34
2	13	3	20
2	13	4	40
2	13	5	114
2	14	2	46
2	14	3	60
2	14	4	17
2	14	5	45
2	15	2	72
2	15	3	50
2	15	4	39
2	15	5	80
2	16	2	36
2	16	3	24
2	16	4	24
2	16	5	70
2	17	2	49
2	17	3	47
2	17	4	49
2	17	5	89
2	18	2	66
2	18	3	5
2	18	4	51
2	18	5	62
2	19	2	31
2	19	3	45
2	19	4	10
2	19	5	87
2	20	2	37
2	20	3	35
2	20	4	43
2	20	5	54
2	21	2	42
2	21	3	47
2	21	4	57
2	21	5	79
2	22	2	60
2	22	3	29
2	22	4	18
2	22	5	36
2	23	2	46
2	23	3	44
2	23	4	38
2	23	5	76
2	24	2	32
2	24	3	65
2	24	4	41
2	24	5	91
2	25	2	14
2	25	3	32
2	25	4	43
2	25	5	84
2	26	2	43
2	26	3	38
2	26	4	47
2	26	5	109
2	27	2	62
2	27	3	37
2	27	4	43
2	27	5	81
2	28	3	52
2	28	4	40
2	28	5	88
2	29	2	32
2	29	3	20
2	29	4	46
2	29	5	82
2	30	2	31
2	30	3	47
2	30	4	38
2	30	5	56
2	31	2	36
2	31	3	38
2	31	4	42
2	31	5	81
2	32	2	32
2	32	3	23
2	32	4	32
2	32	5	89
2	33	2	68
2	33	3	32
2	33	4	43
2	33	5	93
2	34	2	64
2	34	3	42
2	34	4	54
2	34	5	89
2	35	2	38
2	35	3	59
2	35	4	25
2	35	5	81
2	36	2	53
2	36	3	49
2	36	4	23
2	36	5	106
2	37	2	56
2	37	3	64
2	37	4	31
2	37	5	79
2	38	2	47
2	38	3	42
2	38	4	11
2	38	5	64
2	39	2	21
2	39	3	38
2	39	4	26
2	39	5	52
2	40	2	64
2	40	3	33
2	40	4	40
2	40	5	70
2	41	2	35
2	41	3	67
2	41	4	63
2	41	5	117
2	42	2	44
2	42	3	26
2	42	4	56
2	42	5	105
2	43	2	66
2	43	3	30
2	43	4	16
2	43	5	63
2	44	2	28
2	44	3	43
2	44	4	29
2	44	5	88
2	45	2	15
2	45	3	55
2	45	4	38
2	45	5	21
2	46	2	44
2	46	3	57
2	46	4	40
2	46	5	96
2	47	2	16
2	47	3	33
2	47	4	60
2	47	5	82
2	48	2	47
2	48	3	15
2	48	4	50
2	48	5	76
2	49	2	26
2	49	3	67
2	49	4	57
2	49	5	76
2	50	2	60
2	50	3	41
2	50	4	21
2	50	5	95
3	1	2	51
3	1	3	79
3	1	4	45
3	1	5	38
3	2	2	31
3	2	3	103
3	2	4	44
3	2	5	31
3	3	2	43
3	3	3	108
3	3	4	48
3	3	5	57
3	4	2	45
3	4	3	107
3	4	4	31
3	4	5	29
3	5	2	25
3	5	3	116
3	5	4	38
3	5	5	12
3	6	2	35
3	6	3	53
3	6	4	25
3	6	5	47
3	7	2	39
3	7	3	57
3	7	4	56
3	7	5	32
3	8	2	36
3	8	3	76
3	8	4	52
3	8	5	38
3	9	2	30
3	9	3	120
3	9	4	75
3	9	5	31
3	10	2	41
3	10	3	89
3	10	4	46
3	10	5	42
3	11	2	50
3	11	3	54
3	11	4	38
3	11	5	21
3	12	2	6
3	12	3	104
3	12	4	25
3	12	5	21
3	13	2	48
3	13	3	82
3	13	4	34
3	13	5	46
3	14	2	7
3	14	3	119
3	14	4	40
3	14	5	60
3	15	2	30
3	15	3	95
3	15	4	26
3	15	5	59
3	16	2	79
3	16	3	98
3	16	4	61
3	16	5	29
3	17	2	24
3	17	3	85
3	17	4	43
3	17	5	63
3	18	2	47
3	18	3	99
3	18	4	24
3	18	5	75
3	19	2	25
3	19	3	25
3	19	4	42
3	19	5	33
3	20	2	32
3	20	3	51
3	20	4	53
3	20	5	41
3	21	2	52
3	21	3	47
3	21	4	35
3	21	5	25
3	22	2	29
3	22	3	73
3	22	4	38
3	22	5	49
3	23	2	54
3	23	3	107
3	23	4	6
3	23	5	34
3	24	2	55
3	24	3	110
3	24	4	25
3	24	5	58
3	25	2	24
3	25	3	106
3	25	4	31
3	25	5	59
3	26	2	32
3	26	3	94
3	26	4	42
3	26	5	27
3	27	2	56
3	27	3	66
3	27	4	65
3	27	5	36
3	28	2	23
3	28	3	70
3	28	4	13
3	28	5	27
3	29	2	12
3	29	3	73
3	29	4	53
3	29	5	49
3	30	2	72
3	30	3	69
3	30	4	33
3	30	5	3
3	31	2	15
3	31	3	88
3	31	4	45
3	31	5	44
3	32	2	23
3	32	3	71
3	32	4	57
3	32	5	34
3	33	2	60
3	33	3	82
3	33	4	30
3	33	5	28
3	34	2	46
3	34	3	76
3	34	4	45
3	34	5	33
3	35	2	43
3	35	3	65
3	35	4	24
3	35	5	25
3	36	2	38
3	36	3	51
3	36	4	37
3	36	5	43
3	37	2	35
3	37	3	82
3	37	4	49
3	37	5	44
3	38	2	63
3	38	3	75
3	38	4	12
3	38	5	30
3	39	2	30
3	39	3	61
3	39	4	25
3	39	5	67
3	40	2	57
3	40	3	70
3	40	4	32
3	40	5	51
3	41	2	22
3	41	3	62
3	41	4	77
3	41	5	37
3	42	2	35
3	42	3	63
3	42	4	29
3	42	5	18
3	43	2	43
3	43	3	83
3	43	4	42
3	43	5	40
3	44	2	25
3	44	3	68
3	44	4	29
3	44	5	38
3	45	2	23
3	45	3	105
3	45	4	38
3	45	5	32
3	46	2	63
3	46	3	74
3	46	4	62
3	46	5	53
3	47	2	28
3	47	3	75
3	47	4	66
3	47	5	34
3	48	2	36
3	48	3	69
3	48	4	58
3	48	5	32
3	49	2	47
3	49	3	66
3	49	4	29
3	49	5	59
3	50	2	64
3	50	3	65
3	50	4	39
3	50	5	53
4	1	2	46
4	1	3	26
4	1	4	43
4	1	5	102
4	2	2	46
4	2	3	35
4	2	4	42
4	2	5	91
4	3	2	44
4	3	3	52
4	3	4	48
4	3	5	103
4	4	2	22
4	4	3	42
4	4	4	45
4	4	5	86
4	5	2	33
4	5	3	75
4	5	4	50
4	5	5	70
4	6	2	67
4	6	3	36
4	6	4	35
4	6	5	51
4	7	2	52
4	7	3	21
4	7	4	41
4	7	5	111
4	8	2	37
4	8	3	53
4	8	4	58
4	8	5	109
4	9	2	27
4	9	3	47
4	9	4	44
4	9	5	87
4	10	2	45
4	10	3	46
4	10	4	65
4	10	5	55
4	11	2	18
4	11	3	5
4	11	4	51
4	11	5	66
4	12	2	46
4	12	3	35
4	12	4	30
4	12	5	106
4	13	2	42
4	13	3	69
4	13	4	37
4	13	5	100
4	14	2	30
4	14	3	35
4	14	4	41
4	14	5	59
4	15	2	45
4	15	3	68
4	15	4	44
4	15	5	102
4	16	2	54
4	16	4	50
4	16	5	96
4	17	2	35
4	17	3	39
4	17	4	54
4	17	5	105
4	18	2	54
4	18	3	40
4	18	4	41
4	18	5	50
4	19	2	33
4	19	3	24
4	19	4	30
4	19	5	70
4	20	2	27
4	20	3	37
4	20	4	29
4	20	5	101
4	21	2	37
4	21	3	56
4	21	4	39
4	21	5	54
4	22	2	50
4	22	3	66
4	22	4	57
4	22	5	78
4	23	2	40
4	23	3	56
4	23	4	13
4	23	5	83
4	24	2	25
4	24	3	25
4	24	4	34
4	24	5	85
4	25	2	19
4	25	3	51
4	25	4	33
4	25	5	36
4	26	2	39
4	26	3	18
4	26	4	32
4	26	5	101
4	27	2	61
4	27	3	36
4	27	4	20
4	27	5	89
4	28	2	55
4	28	3	67
4	28	4	13
4	28	5	77
4	29	2	58
4	29	3	70
4	29	4	55
4	29	5	72
4	30	2	24
4	30	3	43
4	30	4	13
4	30	5	101
4	31	2	33
4	31	3	51
4	31	4	35
4	31	5	65
4	32	2	28
4	32	3	22
4	32	4	13
4	32	5	38
4	33	2	42
4	33	3	19
4	33	4	59
4	33	5	82
4	34	2	24
4	34	3	29
4	34	4	32
4	34	5	80
4	35	2	37
4	35	3	33
4	35	4	50
4	35	5	88
4	36	2	36
4	36	3	34
4	36	4	56
4	36	5	71
4	37	2	21
4	37	3	22
4	37	4	60
4	37	5	37
4	38	2	39
4	38	3	24
4	38	4	27
4	38	5	78
4	39	2	91
4	39	3	34
4	39	4	57
4	39	5	74
4	40	2	41
4	40	3	18
4	40	4	48
4	40	5	78
4	41	2	47
4	41	3	72
4	41	4	46
4	41	5	108
4	42	2	26
4	42	3	42
4	42	4	29
4	42	5	93
4	43	2	20
4	43	3	59
4	43	4	30
4	43	5	83
4	44	2	51
4	44	3	54
4	44	4	13
4	44	5	92
4	45	2	28
4	45	3	33
4	45	4	10
4	45	5	97
4	46	2	38
4	46	3	39
4	46	4	56
4	46	5	63
4	47	2	19
4	47	3	40
4	47	4	42
4	47	5	50
4	48	2	27
4	48	3	33
4	48	4	64
4	48	5	74
4	49	2	45
4	49	3	54
4	49	4	55
4	49	5	115
4	50	2	23
4	50	3	43
4	50	4	16
4	50	5	51
5	1	2	41
5	1	3	76
5	1	4	45
5	1	5	19
5	2	2	62
5	2	3	89
5	2	4	70
5	2	5	54
5	3	2	29
5	3	3	42
5	3	4	36
5	3	5	34
5	4	2	39
5	4	3	108
5	4	4	70
5	4	5	48
5	5	2	40
5	5	3	101
5	5	4	50
5	5	5	44
5	6	2	67
5	6	3	76
5	6	4	63
5	6	5	41
5	7	2	56
5	7	3	86
5	7	4	18
5	7	5	49
5	8	2	22
5	8	3	54
5	8	4	67
5	8	5	48
5	9	2	45
5	9	3	63
5	9	4	63
5	9	5	46
5	10	2	22
5	10	3	78
5	10	4	39
5	10	5	36
5	11	2	36
5	11	3	86
5	11	4	45
5	11	5	22
5	12	2	54
5	12	3	96
5	12	4	34
5	12	5	33
5	13	2	32
5	13	3	93
5	13	4	66
5	13	5	40
5	14	2	34
5	14	3	42
5	14	4	66
5	14	5	29
5	15	2	38
5	15	3	74
5	15	4	3
5	15	5	3
5	16	2	33
5	16	3	45
5	16	4	46
5	16	5	51
5	17	2	49
5	17	3	109
5	17	4	30
5	17	5	50
5	18	2	52
5	18	3	78
5	18	4	10
5	18	5	42
5	19	3	113
5	19	4	40
5	19	5	58
5	20	2	28
5	20	3	76
5	20	4	58
5	20	5	47
5	21	2	56
5	21	3	68
5	21	4	23
5	21	5	38
5	22	2	41
5	22	3	26
5	22	4	69
5	22	5	29
5	23	2	28
5	23	3	115
5	23	4	25
5	23	5	54
5	24	2	61
5	24	3	81
5	24	4	21
5	24	5	48
5	25	2	34
5	25	3	83
5	25	4	34
5	25	5	16
5	26	2	40
5	26	3	83
5	26	4	45
5	26	5	20
5	27	2	49
5	27	3	120
5	27	4	52
5	27	5	38
5	28	2	33
5	28	3	73
5	28	4	51
5	28	5	41
5	29	2	36
5	29	3	78
5	29	4	33
5	29	5	70
5	30	2	54
5	30	3	63
5	30	4	30
5	30	5	33
5	31	2	46
5	31	3	59
5	31	4	42
5	31	5	49
5	32	2	17
5	32	3	88
5	32	4	48
5	32	5	33
5	33	2	20
5	33	3	70
5	33	4	68
5	33	5	6
5	34	2	38
5	34	3	57
5	34	4	64
5	34	5	56
5	35	2	44
5	35	3	111
5	35	4	55
5	35	5	46
5	36	2	54
5	36	3	79
5	36	4	32
5	36	5	22
5	37	2	56
5	37	3	78
5	37	4	24
5	37	5	53
5	38	2	10
5	38	3	56
5	38	4	68
5	38	5	71
5	39	2	48
5	39	3	73
5	39	4	29
5	39	5	37
5	40	2	58
5	40	3	91
5	40	4	45
5	40	5	68
5	41	2	55
5	41	3	112
5	41	4	22
5	41	5	1
5	42	2	25
5	42	3	84
5	42	4	33
5	42	5	31
5	43	2	42
5	43	3	76
5	43	4	31
5	43	5	51
5	44	2	18
5	44	3	62
5	44	4	29
5	44	5	50
5	45	2	47
5	45	3	76
5	45	4	67
5	45	5	25
5	46	2	54
5	46	3	73
5	46	4	50
5	46	5	42
5	47	2	19
5	47	3	113
5	47	4	59
5	47	5	65
5	48	2	53
5	48	3	83
5	48	4	53
5	48	5	22
5	49	2	43
5	49	3	67
5	49	4	54
5	49	5	23
5	50	2	56
5	50	3	102
5	50	4	57
5	50	5	25
6	1	2	93
6	1	3	58
6	1	4	41
6	1	5	24
6	2	2	93
6	2	3	52
6	2	4	63
6	2	5	56
6	3	2	70
6	3	3	9
6	3	4	25
6	3	5	21
6	4	2	117
6	4	3	63
6	4	4	18
6	4	5	45
6	5	2	102
6	5	3	35
6	5	4	21
6	5	5	39
6	6	2	68
6	6	3	38
6	6	4	53
6	6	5	63
6	7	2	116
6	7	3	41
6	7	4	43
6	7	5	46
6	8	2	90
6	8	3	46
6	8	4	37
6	8	5	50
6	9	2	81
6	9	3	50
6	9	4	47
6	9	5	30
6	10	2	130
6	10	3	28
6	10	4	37
6	10	5	50
6	11	2	65
6	11	3	18
6	11	4	50
6	11	5	10
6	12	2	96
6	12	3	33
6	12	4	67
6	12	5	60
6	13	2	68
6	13	3	38
6	13	4	45
6	13	5	60
6	14	2	78
6	14	3	54
6	14	4	20
6	14	5	39
6	15	2	99
6	15	3	57
6	15	4	48
6	15	5	20
6	16	2	55
6	16	3	38
6	16	4	44
6	16	5	30
6	17	2	80
6	17	3	60
6	17	4	57
6	17	5	67
6	18	2	66
6	18	3	55
6	18	4	34
6	18	5	35
6	19	2	91
6	19	3	53
6	19	4	39
6	19	5	47
6	20	2	57
6	20	3	37
6	20	4	33
6	20	5	39
6	21	2	100
6	21	3	33
6	21	4	40
6	21	5	31
6	22	2	106
6	22	3	66
6	22	4	35
6	22	5	30
6	23	2	72
6	23	3	35
6	23	4	45
6	23	5	37
6	24	2	101
6	24	3	18
6	24	4	27
6	24	5	51
6	25	2	73
6	25	3	52
6	25	4	53
6	25	5	42
6	26	2	89
6	26	3	13
6	26	5	49
6	27	2	76
6	27	3	54
6	27	4	38
6	27	5	63
6	28	2	103
6	28	3	45
6	28	4	49
6	28	5	62
6	29	2	62
6	29	3	26
6	29	4	56
6	29	5	34
6	30	2	94
6	30	3	13
6	30	4	46
6	30	5	51
6	31	2	51
6	31	3	9
6	31	4	11
6	31	5	40
6	32	2	58
6	32	3	47
6	32	4	67
6	32	5	47
6	33	2	95
6	33	3	17
6	33	4	29
6	33	5	66
6	34	2	71
6	34	3	16
6	34	4	48
6	34	5	48
6	35	2	85
6	35	3	41
6	35	4	51
6	35	5	63
6	36	2	58
6	36	3	11
6	36	4	56
6	36	5	30
6	37	2	36
6	37	3	37
6	37	4	50
6	37	5	60
6	38	2	112
6	38	3	38
6	38	4	5
6	38	5	13
6	39	2	74
6	39	3	64
6	39	4	49
6	39	5	40
6	40	2	66
6	40	3	38
6	40	4	93
6	40	5	55
6	41	2	91
6	41	3	30
6	41	4	28
6	41	5	30
6	42	2	123
6	42	3	78
6	42	4	49
6	42	5	60
6	43	2	122
6	43	3	28
6	43	4	83
6	43	5	20
6	44	2	77
6	44	3	35
6	44	4	20
6	44	5	31
6	45	2	92
6	45	3	50
6	45	4	35
6	45	5	57
6	46	2	61
6	46	3	25
6	46	4	31
6	46	5	52
6	47	2	91
6	47	3	51
6	47	4	64
6	47	5	32
6	48	2	84
6	48	3	48
6	48	4	35
6	48	5	18
6	49	2	77
6	49	3	24
6	49	4	29
6	49	5	39
6	50	2	121
6	50	3	48
6	50	4	20
6	50	5	24
7	1	2	41
7	1	3	52
7	1	4	59
7	1	5	48
7	2	2	43
7	2	3	72
7	2	4	50
7	2	5	17
7	3	2	49
7	3	3	61
7	3	4	33
7	3	5	65
7	4	2	58
7	4	3	62
7	4	4	3
7	4	5	22
7	5	2	57
7	5	3	37
7	5	4	45
7	5	5	45
7	6	2	50
7	6	3	68
7	6	4	32
7	6	5	30
7	7	2	10
7	7	3	88
7	7	4	41
7	7	5	16
7	8	2	23
7	8	3	69
7	8	4	44
7	8	5	44
7	9	2	55
7	9	3	50
7	9	4	30
7	9	5	27
7	10	2	25
7	10	3	85
7	10	4	48
7	10	5	42
7	11	2	19
7	11	3	59
7	11	4	45
7	11	5	26
7	12	2	31
7	12	3	96
7	12	4	11
7	12	5	31
7	13	2	23
7	13	3	101
7	13	4	41
7	13	5	39
7	14	2	24
7	14	3	57
7	14	4	15
7	14	5	37
7	15	2	29
7	15	3	83
7	15	4	23
7	15	5	52
7	16	2	65
7	16	3	103
7	16	4	49
7	16	5	43
7	17	2	26
7	17	3	19
7	17	4	26
7	17	5	41
7	18	2	25
7	18	3	67
7	18	4	28
7	18	5	46
7	19	2	58
7	19	3	117
7	19	4	40
7	19	5	42
7	20	2	23
7	20	3	59
7	20	4	18
7	20	5	33
7	21	2	36
7	21	3	48
7	21	4	53
7	21	5	38
7	22	2	25
7	22	3	100
7	22	4	41
7	22	5	43
7	23	2	51
7	23	3	83
7	23	4	57
7	23	5	15
7	24	2	44
7	24	3	87
7	24	4	33
7	24	5	48
7	25	2	39
7	25	3	107
7	25	4	33
7	25	5	68
7	26	2	29
7	26	3	33
7	26	4	44
7	26	5	22
7	27	2	67
7	27	3	47
7	27	4	31
7	27	5	33
7	28	2	8
7	28	3	100
7	28	4	40
7	28	5	56
7	29	2	34
7	29	3	51
7	29	4	49
7	29	5	35
7	30	2	69
7	30	3	63
7	30	4	39
7	30	5	55
7	31	2	3
7	31	3	89
7	31	4	38
7	31	5	53
7	32	2	12
7	32	3	68
7	32	4	45
7	32	5	33
7	33	2	24
7	33	3	73
7	33	4	41
7	33	5	21
7	34	2	35
7	34	3	55
7	34	4	48
7	34	5	24
7	35	2	27
7	35	3	83
7	35	4	66
7	35	5	46
7	36	2	74
7	36	3	89
7	36	4	33
7	36	5	49
7	37	2	21
7	37	3	75
7	37	4	32
7	37	5	55
7	38	2	43
7	38	3	69
7	38	4	56
7	38	5	66
7	39	2	67
7	39	3	52
7	39	4	57
7	39	5	29
7	40	2	39
7	40	3	89
7	40	4	44
7	40	5	22
7	41	2	24
7	41	3	91
7	41	4	13
7	41	5	38
7	42	2	51
7	42	3	133
7	42	4	45
7	42	5	23
7	43	2	45
7	43	3	50
7	43	4	29
7	43	5	42
7	44	2	19
7	44	3	61
7	44	4	41
7	44	5	35
7	45	2	19
7	45	3	78
7	45	4	58
7	45	5	21
7	46	2	52
7	46	3	106
7	46	4	39
7	46	5	38
7	47	2	3
7	47	3	63
7	47	4	36
7	47	5	65
7	48	2	72
7	48	3	62
7	48	4	35
7	48	5	52
7	49	2	31
7	49	3	82
7	49	4	30
7	49	5	40
7	50	2	46
7	50	3	111
7	50	4	18
7	50	5	89
8	1	2	40
8	1	3	39
8	1	4	97
8	1	5	51
8	2	2	47
8	2	3	64
8	2	4	86
8	2	5	26
8	3	2	40
8	3	3	44
8	3	4	70
8	3	5	46
8	4	2	48
8	4	3	46
8	4	4	69
8	4	5	27
8	5	2	12
8	5	3	61
8	5	4	81
8	5	5	45
8	6	2	69
8	6	3	39
8	6	4	42
8	6	5	25
8	7	2	27
8	7	3	33
8	7	4	75
8	7	5	49
8	8	2	77
8	8	3	36
8	8	4	50
8	8	5	34
8	9	2	56
8	9	3	63
8	9	4	40
8	9	5	32
8	10	2	40
8	10	3	49
8	10	4	75
8	10	5	11
8	11	2	31
8	11	3	48
8	11	4	101
8	11	5	28
8	12	2	51
8	12	3	50
8	12	4	101
8	12	5	31
8	13	2	13
8	13	3	24
8	13	4	75
8	13	5	17
8	14	2	52
8	14	3	38
8	14	4	87
8	14	5	34
8	15	2	37
8	15	3	38
8	15	4	103
8	15	5	55
8	16	2	44
8	16	3	11
8	16	4	69
8	16	5	43
8	17	2	38
8	17	3	22
8	17	4	90
8	17	5	40
8	18	2	24
8	18	3	12
8	18	4	85
8	18	5	52
8	19	2	22
8	19	3	25
8	19	4	102
8	19	5	52
8	20	2	43
8	20	3	46
8	20	4	85
8	20	5	54
8	21	2	21
8	21	3	19
8	21	4	70
8	21	5	55
8	22	2	47
8	22	3	59
8	22	4	86
8	22	5	55
8	23	2	35
8	23	3	60
8	23	4	83
8	23	5	42
8	24	2	34
8	24	3	31
8	24	4	59
8	24	5	29
8	25	2	88
8	25	3	38
8	25	4	99
8	25	5	43
8	26	2	44
8	26	3	54
8	26	4	73
8	26	5	19
8	27	2	48
8	27	3	61
8	27	4	115
8	27	5	24
8	28	2	20
8	28	3	56
8	28	4	68
8	28	5	28
8	29	2	60
8	29	3	45
8	29	4	98
8	29	5	47
8	30	2	52
8	30	3	57
8	30	4	55
8	30	5	33
8	31	2	25
8	31	3	43
8	31	4	78
8	31	5	35
8	32	2	45
8	32	3	34
8	32	4	68
8	32	5	68
8	33	2	40
8	33	3	52
8	33	4	64
8	33	5	44
8	34	2	34
8	34	3	59
8	34	4	74
8	34	5	48
8	35	2	22
8	35	3	51
8	35	4	50
8	35	5	62
8	36	2	13
8	36	3	23
8	36	4	65
8	36	5	58
8	37	2	46
8	37	3	57
8	37	4	91
8	37	5	48
8	38	2	40
8	38	3	48
8	38	4	48
8	38	5	32
8	39	2	64
8	39	3	53
8	39	4	95
8	39	5	15
8	40	2	44
8	40	3	33
8	40	4	92
8	40	5	53
8	41	2	19
8	41	3	24
8	41	4	121
8	41	5	52
8	42	2	40
8	42	3	44
8	42	4	60
8	42	5	36
8	43	2	50
8	43	3	21
8	43	4	71
8	43	5	38
8	44	2	53
8	44	3	43
8	44	4	74
8	44	5	47
8	45	2	38
8	45	3	44
8	45	4	74
8	45	5	31
8	46	2	32
8	46	3	54
8	46	4	90
8	46	5	10
8	47	2	42
8	47	3	55
8	47	4	130
8	47	5	37
8	48	2	23
8	48	3	42
8	48	4	51
8	48	5	38
8	49	2	31
8	49	3	41
8	49	4	83
8	49	5	63
8	50	2	59
8	50	3	61
8	50	4	95
8	50	5	51
9	1	2	31
9	1	3	41
9	1	4	42
9	1	5	94
9	2	2	24
9	2	3	63
9	2	4	42
9	2	5	76
9	3	2	44
9	3	3	16
9	3	4	55
9	3	5	97
9	4	2	19
9	4	3	27
9	4	4	31
9	4	5	88
9	5	2	41
9	5	3	56
9	5	4	46
9	5	5	67
9	6	2	35
9	6	3	33
9	6	4	43
9	6	5	37
9	7	2	28
9	7	3	42
9	7	4	63
9	7	5	51
9	8	2	19
9	8	3	53
9	8	4	27
9	8	5	68
9	9	2	42
9	9	3	69
9	9	4	36
9	9	5	99
9	10	2	12
9	10	3	35
9	10	4	52
9	10	5	95
9	11	2	42
9	11	3	36
9	11	4	45
9	11	5	97
9	12	2	33
9	12	3	30
9	12	4	51
9	12	5	58
9	13	2	24
9	13	3	69
9	13	4	14
9	13	5	96
9	14	2	32
9	14	3	46
9	14	4	44
9	14	5	81
9	15	2	22
9	15	3	40
9	15	4	40
9	15	5	51
9	16	2	41
9	16	3	40
9	16	4	2
9	16	5	71
9	17	2	33
9	17	3	35
9	17	4	56
9	17	5	85
9	18	2	42
9	18	3	44
9	18	4	40
9	18	5	121
9	19	2	39
9	19	4	32
9	19	5	74
9	20	2	1
9	20	3	35
9	20	4	51
9	20	5	80
9	21	2	38
9	21	3	41
9	21	4	46
9	21	5	98
9	22	3	45
9	22	4	29
9	22	5	102
9	23	2	44
9	23	3	65
9	23	4	27
9	23	5	49
9	24	2	40
9	24	3	35
9	24	4	67
9	24	5	13
9	25	2	68
9	25	3	42
9	25	4	54
9	25	5	109
9	26	2	39
9	26	3	64
9	26	5	90
9	27	2	36
9	27	3	32
9	27	4	27
9	27	5	102
9	28	2	19
9	28	3	38
9	28	4	22
9	28	5	97
9	29	2	50
9	29	3	35
9	29	4	44
9	29	5	79
9	30	2	37
9	30	3	40
9	30	4	33
9	30	5	114
9	31	2	77
9	31	3	8
9	31	4	53
9	31	5	81
9	32	2	48
9	32	3	18
9	32	4	50
9	32	5	66
9	33	2	68
9	33	3	2
9	33	4	30
9	33	5	83
9	34	2	44
9	34	3	48
9	34	4	70
9	34	5	41
9	35	2	35
9	35	3	70
9	35	4	40
9	35	5	76
9	36	2	47
9	36	3	15
9	36	4	41
9	36	5	53
9	37	2	41
9	37	3	58
9	37	4	58
9	37	5	103
9	38	2	33
9	38	3	36
9	38	4	35
9	38	5	63
9	39	2	31
9	39	3	33
9	39	4	18
9	39	5	59
9	40	2	66
9	40	3	31
9	40	4	64
9	40	5	54
9	41	2	32
9	41	3	66
9	41	4	18
9	41	5	69
9	42	2	22
9	42	3	26
9	42	4	34
9	42	5	43
9	43	2	46
9	43	3	36
9	43	4	60
9	43	5	92
9	44	2	47
9	44	3	46
9	44	4	48
9	44	5	64
9	45	2	69
9	45	3	48
9	45	4	46
9	45	5	72
9	46	2	41
9	46	3	57
9	46	4	32
9	46	5	57
9	47	3	4
9	47	4	55
9	47	5	84
9	48	2	22
9	48	3	29
9	48	4	28
9	48	5	74
9	49	2	49
9	49	3	50
9	49	4	33
9	49	5	55
9	50	2	51
9	50	3	54
9	50	4	39
9	50	5	70
10	1	2	35
10	1	3	34
10	1	4	41
10	1	5	31
10	2	2	23
10	2	3	97
10	2	4	53
10	2	5	41
10	3	2	64
10	3	3	89
10	3	4	27
10	3	5	25
10	4	2	37
10	4	3	120
10	4	4	41
10	4	5	68
10	5	2	37
10	5	3	92
10	5	5	38
10	6	2	25
10	6	3	82
10	6	4	39
10	6	5	46
10	7	2	40
10	7	3	52
10	7	4	50
10	7	5	35
10	8	2	38
10	8	3	89
10	8	4	41
10	8	5	41
10	9	2	20
10	9	3	106
10	9	4	39
10	9	5	40
10	10	2	21
10	10	3	78
10	10	4	46
10	10	5	56
10	11	2	62
10	11	3	92
10	11	4	40
10	11	5	39
10	12	2	40
10	12	3	105
10	12	4	65
10	12	5	15
10	13	2	25
10	13	3	102
10	13	4	51
10	13	5	55
10	14	2	42
10	14	3	84
10	14	4	46
10	14	5	31
10	15	2	31
10	15	3	65
10	15	4	33
10	15	5	61
10	16	2	73
10	16	3	82
10	16	4	56
10	16	5	72
10	17	3	60
10	17	4	46
10	18	2	34
10	18	3	77
10	18	4	36
10	18	5	53
10	19	2	41
10	19	3	125
10	19	4	46
10	19	5	3
10	20	2	42
10	20	3	86
10	20	4	45
10	20	5	59
10	21	2	52
10	21	3	118
10	21	4	55
10	21	5	36
10	22	2	42
10	22	3	116
10	22	4	28
10	22	5	76
10	23	2	33
10	23	3	68
10	23	4	46
10	23	5	71
10	24	2	48
10	24	3	110
10	24	4	31
10	24	5	48
10	25	2	43
10	25	3	80
10	25	4	25
10	25	5	46
10	26	2	26
10	26	3	86
10	26	4	69
10	26	5	50
10	27	2	51
10	27	3	94
10	27	4	21
10	27	5	24
10	28	2	50
10	28	3	66
10	28	4	13
10	28	5	30
10	29	2	29
10	29	3	106
10	29	4	6
10	29	5	12
10	30	2	19
10	30	3	91
10	30	4	41
10	30	5	36
10	31	2	45
10	31	3	95
10	31	4	16
10	31	5	52
10	32	2	56
10	32	3	47
10	32	4	37
10	32	5	23
10	33	2	30
10	33	3	61
10	33	4	26
10	33	5	48
10	34	2	40
10	34	3	65
10	34	4	34
10	34	5	44
10	35	2	19
10	35	3	89
10	35	4	47
10	35	5	24
10	36	2	64
10	36	3	97
10	36	4	11
10	36	5	26
10	37	2	31
10	37	3	62
10	37	4	38
10	37	5	56
10	38	2	36
10	38	3	49
10	38	4	37
10	38	5	33
10	39	2	20
10	39	3	76
10	39	4	43
10	39	5	23
10	40	2	24
10	40	3	80
10	40	4	26
10	40	5	40
10	41	2	49
10	41	3	94
10	41	4	32
10	41	5	53
10	42	2	67
10	42	3	31
10	42	4	61
10	42	5	54
10	43	2	28
10	43	3	55
10	43	4	26
10	43	5	45
10	44	2	72
10	44	3	60
10	44	4	25
10	44	5	61
10	45	2	19
10	45	3	82
10	45	4	28
10	45	5	54
10	46	2	33
10	46	3	49
10	46	4	47
10	46	5	20
10	47	2	45
10	47	3	59
10	47	4	79
10	47	5	48
10	48	2	32
10	48	3	91
10	48	4	30
10	48	5	49
10	49	2	43
10	49	3	94
10	49	4	48
10	49	5	3
10	50	2	15
10	50	3	99
10	50	4	26
10	50	5	47


Warehouse Inventory (W P T):
1	0		0		1509		1015		524		0	
2	0		0		851		165		461		0	
3	981		981		502		0		1575		981	
4	0		0		1565		895		527		0	
5	0		0		1189		494		461		0	
6	117		117		566		0		571		117	
7	0		0		1509		907		443		0	
8	0		0		1377		771		524		0	
9	0		0		841		152		537		0	
10	0		0		1213		602		523		0	
11	0		0		721		189		424		0	
12	0		0		772		93		456		0	
13	0		0		917		244		603		0	
14	0		0		1426		841		433		0	
15	0		0		1597		961		533		0	
16	649		649		545		0		1175		649	
17	982		982		1012		491		0		982	
18	2		2		906		358		0		2	
19	648		648		1040		419		0		648	
20	0		0		1174		624		168		0	
21	657		657		976		434		0		657	
22	89		89		1102		454		0		89	
23	706		706		1098		404		0		706	
24	691		691		1009		374		0		691	
25	78		78		1121		444		0		78	
26	451		451		978		393		0		451	
27	1399		1399		1101		467		0		1399	
28	33		33		1013		329		0		33	
29	0		0		1366		777		320		0	
30	1399		1399		906		339		0		1399	
31	969		969		958		403		0		969	
32	0		0		1424		907		445		0	
33	835		835		367		434		0		835	
34	427		427		0		675		162		427	
35	900		900		504		464		0		900	
36	483		483		0		1202		782		483	
37	398		398		0		1030		578		398	
38	1156		1156		693		338		0		1156	
39	935		935		397		423		0		935	
40	756		756		274		565		0		756	
41	512		512		106		454		0		512	
42	462		462		0		640		177		462	
43	1481		1481		981		441		0		1481	
44	438		438		0		399		71		438	
45	410		410		0		1272		861		410	
46	446		446		0		997		519		446	
47	510		510		191		648		0		510	
48	432		432		0		947		525		432	
49	1497		1497		1059		477		0		1497	
50	555		555		1		358		0		555	

Store Inventory (S P T):
Store1
1	14		0		0		14		14		14	
2	29		0		0		29		29		29	
3	30		0		0		30		30		30	
4	14		0		0		14		14		14	
5	47		0		0		47		47		47	
6	48		0		0		48		48		48	
7	56		0		0		56		56		56	
8	49		0		0		49		49		49	
9	60		0		0		60		60		60	
10	39		0		0		39		39		39	
11	45		0		0		45		45		45	
12	22		0		0		22		22		22	
13	33		0		0		33		33		33	
14	36		0		0		36		36		36	
15	11		0		0		11		11		11	
16	65		0		0		65		65		65	
17	16		0		0		16		16		16	
18	41		0		0		41		41		41	
19	48		0		0		48		48		48	
20	54		0		0		54		54		54	
21	40		0		0		40		40		40	
22	30		0		0		30		30		30	
23	24		0		0		24		24		24	
24	49		0		0		49		49		49	
25	42		0		0		42		42		42	
26	35		0		0		35		35		35	
27	34		0		0		34		34		34	
28	52		0		0		52		52		52	
29	42		0		0		42		42		42	
30	49		0		0		49		49		49	
31	40		0		0		40		40		40	
32	55		0		0		55		55		55	
33	59		0		0		59		59		59	
34	10		0		0		10		10		10	
35	48		0		0		48		48		48	
36	48		0		0		48		48		48	
37	40		0		0		40		40		40	
38	58		0		0		58		58		58	
39	33		0		0		33		33		33	
40	42		0		0		42		42		42	
41	22		0		0		22		22		22	
42	36		0		0		36		36		36	
43	73		0		0		73		73		73	
44	20		0		0		20		20		20	
45	46		0		0		46		46		46	
46	60		0		0		60		60		60	
47	71		0		0		71		71		71	
48	43		0		0		43		43		43	
49	0		0		0		0		0		0	
50	36		0		0		36		36		36	
Store2
1	50		0		0		0		0		50	
2	24		0		0		0		0		24	
3	48		0		0		0		0		48	
4	22		0		0		0		0		22	
5	39		0		0		0		0		39	
6	56		0		0		0		0		56	
7	0		0		0		0		0		0	
8	14		0		0		0		0		14	
9	45		0		0		0		0		45	
10	22		0		0		0		0		22	
11	37		0		0		0		0		37	
12	16		0		0		0		0		16	
13	44		0		0		0		0		44	
14	16		0		0		0		0		16	
15	49		0		0		0		0		49	
16	18		0		0		0		0		18	
17	51		0		0		0		0		51	
18	8		0		0		0		0		8	
19	9		0		0		0		0		9	
20	19		0		0		0		0		19	
21	43		0		0		0		0		43	
22	17		0		0		0		0		17	
23	41		0		0		0		0		41	
24	26		0		0		0		0		26	
25	45		0		0		0		0		45	
26	82		0		0		0		0		82	
27	58		0		0		0		0		58	
28	43		0		0		0		0		43	
29	33		0		0		0		0		33	
30	5		0		0		0		0		5	
31	56		0		0		0		0		56	
32	59		0		0		0		0		59	
33	47		0		0		0		0		47	
34	39		0		0		0		0		39	
35	46		0		0		0		0		46	
36	44		0		0		0		0		44	
37	36		0		0		0		0		36	
38	38		0		0		0		0		38	
39	17		0		0		0		0		17	
40	23		0		0		0		0		23	
41	55		0		0		0		0		55	
42	59		0		0		0		0		59	
43	23		0		0		0		0		23	
44	40		0		0		0		0		40	
45	3		0		0		0		0		3	
46	44		0		0		0		0		44	
47	27		0		0		0		0		27	
48	31		0		0		0		0		31	
49	22		0		0		0		0		22	
50	61		0		0		0		0		61	
Store3
1	49		0		0		49		49		49	
2	44		0		0		44		44		44	
3	48		0		0		48		48		48	
4	62		0		0		62		62		62	
5	48		0		0		48		48		48	
6	37		0		0		37		37		37	
7	25		0		0		25		25		25	
8	51		0		0		51		51		51	
9	41		0		0		41		41		41	
10	18		0		0		18		18		18	
11	44		0		0		44		44		44	
12	43		0		0		43		43		43	
13	34		0		0		34		34		34	
14	74		0		0		74		74		74	
15	46		0		0		46		46		46	
16	42		0		0		42		42		42	
17	50		0		0		50		50		50	
18	65		0		0		65		65		65	
19	13		0		0		13		13		13	
20	19		0		0		19		19		19	
21	8		0		0		8		8		8	
22	53		0		0		53		53		53	
23	69		0		0		69		69		69	
24	56		0		0		56		56		56	
25	62		0		0		62		62		62	
26	36		0		0		36		36		36	
27	26		0		0		26		26		26	
28	28		0		0		28		28		28	
29	32		0		0		32		32		32	
30	14		0		0		14		14		14	
31	52		0		0		52		52		52	
32	23		0		0		23		23		23	
33	31		0		0		31		31		31	
34	35		0		0		35		35		35	
35	37		0		0		37		37		37	
36	39		0		0		39		39		39	
37	40		0		0		40		40		40	
38	43		0		0		43		43		43	
39	44		0		0		44		44		44	
40	26		0		0		26		26		26	
41	47		0		0		47		47		47	
42	28		0		0		28		28		28	
43	26		0		0		26		26		26	
44	28		0		0		28		28		28	
45	65		0		0		65		65		65	
46	65		0		0		65		65		65	
47	36		0		0		36		36		36	
48	58		0		0		58		58		58	
49	63		0		0		63		63		63	
50	29		0		0		29		29		29	
Store4
1	53		0		0		0		0		53	
2	48		0		0		0		0		48	
3	53		0		0		0		0		53	
4	45		0		0		0		0		45	
5	38		0		0		0		0		38	
6	38		0		0		0		0		38	
7	53		0		0		0		0		53	
8	48		0		0		0		0		48	
9	47		0		0		0		0		47	
10	38		0		0		0		0		38	
11	29		0		0		0		0		29	
12	54		0		0		0		0		54	
13	60		0		0		0		0		60	
14	26		0		0		0		0		26	
15	45		0		0		0		0		45	
16	41		0		0		0		0		41	
17	70		0		0		0		0		70	
18	15		0		0		0		0		15	
19	25		0		0		0		0		25	
20	62		0		0		0		0		62	
21	25		0		0		0		0		25	
22	54		0		0		0		0		54	
23	52		0		0		0		0		52	
24	35		0		0		0		0		35	
25	0		0		0		0		0		0	
26	33		0		0		0		0		33	
27	25		0		0		0		0		25	
28	29		0		0		0		0		29	
29	27		0		0		0		0		27	
30	40		0		0		0		0		40	
31	5		0		0		0		0		5	
32	25		0		0		0		0		25	
33	32		0		0		0		0		32	
34	53		0		0		0		0		53	
35	42		0		0		0		0		42	
36	38		0		0		0		0		38	
37	34		0		0		0		0		34	
38	44		0		0		0		0		44	
39	41		0		0		0		0		41	
40	51		0		0		0		0		51	
41	49		0		0		0		0		49	
42	47		0		0		0		0		47	
43	42		0		0		0		0		42	
44	34		0		0		0		0		34	
45	29		0		0		0		0		29	
46	47		0		0		0		0		47	
47	13		0		0		0		0		13	
48	47		0		0		0		0		47	
49	66		0		0		0		0		66	
50	12		0		0		0		0		12	
Store5
1	26		0		0		26		26		26	
2	36		0		0		36		36		36	
3	11		0		0		11		11		11	
4	48		0		0		48		48		48	
5	40		0		0		40		40		40	
6	46		0		0		46		46		46	
7	40		0		0		40		40		40	
8	20		0		0		20		20		20	
9	32		0		0		32		32		32	
10	29		0		0		29		29		29	
11	68		0		0		68		68		68	
12	33		0		0		33		33		33	
13	54		0		0		54		54		54	
14	31		0		0		31		31		31	
15	41		0		0		41		41		41	
16	18		0		0		18		18		18	
17	47		0		0		47		47		47	
18	28		0		0		28		28		28	
19	54		0		0		54		54		54	
20	49		0		0		49		49		49	
21	37		0		0		37		37		37	
22	20		0		0		20		20		20	
23	77		0		0		77		77		77	
24	38		0		0		38		38		38	
25	46		0		0		46		46		46	
26	41		0		0		41		41		41	
27	66		0		0		66		66		66	
28	47		0		0		47		47		47	
29	42		0		0		42		42		42	
30	18		0		0		18		18		18	
31	55		0		0		55		55		55	
32	31		0		0		31		31		31	
33	29		0		0		29		29		29	
34	10		0		0		10		10		10	
35	50		0		0		50		50		50	
36	41		0		0		41		41		41	
37	45		0		0		45		45		45	
38	26		0		0		26		26		26	
39	27		0		0		27		27		27	
40	49		0		0		49		49		49	
41	65		0		0		65		65		65	
42	52		0		0		52		52		52	
43	27		0		0		27		27		27	
44	37		0		0		37		37		37	
45	48		0		0		48		48		48	
46	37		0		0		37		37		37	
47	48		0		0		48		48		48	
48	39		0		0		39		39		39	
49	14		0		0		14		14		14	
50	53		0		0		53		53		53	
Store6
1	45		0		45		45		45		45	
2	60		0		60		60		60		60	
3	25		0		25		25		25		25	
4	63		0		63		63		63		63	
5	50		0		50		50		50		50	
6	35		0		35		35		35		35	
7	92		0		92		92		92		92	
8	31		0		31		31		31		31	
9	46		0		46		46		46		46	
10	79		0		79		79		79		79	
11	16		0		16		16		16		16	
12	50		0		50		50		50		50	
13	35		0		35		35		35		35	
14	26		0		26		26		26		26	
15	47		0		47		47		47		47	
16	23		0		23		23		23		23	
17	21		0		21		21		21		21	
18	37		0		37		37		37		37	
19	45		0		45		45		45		45	
20	26		0		26		26		26		26	
21	61		0		61		61		61		61	
22	62		0		62		62		62		62	
23	54		0		54		54		54		54	
24	54		0		54		54		54		54	
25	38		0		38		38		38		38	
26	53		0		53		53		53		53	
27	43		0		43		43		43		43	
28	48		0		48		48		48		48	
29	45		0		45		45		45		45	
30	33		0		33		33		33		33	
31	27		0		27		27		27		27	
32	40		0		40		40		40		40	
33	54		0		54		54		54		54	
34	54		0		54		54		54		54	
35	59		0		59		59		59		59	
36	20		0		20		20		20		20	
37	16		0		16		16		16		16	
38	51		0		51		51		51		51	
39	36		0		36		36		36		36	
40	13		0		13		13		13		13	
41	39		0		39		39		39		39	
42	40		0		40		40		40		40	
43	74		0		74		74		74		74	
44	10		0		10		10		10		10	
45	48		0		48		48		48		48	
46	32		0		32		32		32		32	
47	44		0		44		44		44		44	
48	44		0		44		44		44		44	
49	51		0		51		51		51		51	
50	58		0		58		58		58		58	
Store7
1	33		0		0		33		33		33	
2	25		0		0		25		25		25	
3	38		0		0		38		38		38	
4	28		0		0		28		28		28	
5	23		0		0		23		23		23	
6	40		0		0		40		40		40	
7	58		0		0		58		58		58	
8	34		0		0		34		34		34	
9	30		0		0		30		30		30	
10	39		0		0		39		39		39	
11	29		0		0		29		29		29	
12	50		0		0		50		50		50	
13	50		0		0		50		50		50	
14	32		0		0		32		32		32	
15	42		0		0		42		42		42	
16	82		0		0		82		82		82	
17	12		0		0		12		12		12	
18	50		0		0		50		50		50	
19	63		0		0		63		63		63	
20	16		0		0		16		16		16	
21	20		0		0		20		20		20	
22	50		0		0		50		50		50	
23	34		0		0		34		34		34	
24	50		0		0		50		50		50	
25	35		0		0		35		35		35	
26	1		0		0		1		1		1	
27	17		0		0		17		17		17	
28	51		0		0		51		51		51	
29	23		0		0		23		23		23	
30	26		0		0		26		26		26	
31	37		0		0		37		37		37	
32	43		0		0		43		43		43	
33	36		0		0		36		36		36	
34	36		0		0		36		36		36	
35	30		0		0		30		30		30	
36	39		0		0		39		39		39	
37	33		0		0		33		33		33	
38	42		0		0		42		42		42	
39	27		0		0		27		27		27	
40	54		0		0		54		54		54	
41	51		0		0		51		51		51	
42	80		0		0		80		80		80	
43	20		0		0		20		20		20	
44	27		0		0		27		27		27	
45	48		0		0		48		48		48	
46	57		0		0		57		57		57	
47	26		0		0		26		26		26	
48	36		0		0		36		36		36	
49	16		0		0		16		16		16	
50	81		0		0		81		81		81	
Store8
1	48		0		0		0		48		48	
2	39		0		0		0		39		39	
3	33		0		0		0		33		33	
4	37		0		0		0		37		37	
5	37		0		0		0		37		37	
6	36		0		0		0		36		36	
7	37		0		0		0		37		37	
8	32		0		0		0		32		32	
9	25		0		0		0		25		25	
10	33		0		0		0		33		33	
11	50		0		0		0		50		50	
12	52		0		0		0		52		52	
13	59		0		0		0		59		59	
14	41		0		0		0		41		41	
15	51		0		0		0		51		51	
16	53		0		0		0		53		53	
17	50		0		0		0		50		50	
18	47		0		0		0		47		47	
19	26		0		0		0		26		26	
20	44		0		0		0		44		44	
21	36		0		0		0		36		36	
22	52		0		0		0		52		52	
23	33		0		0		0		33		33	
24	32		0		0		0		32		32	
25	45		0		0		0		45		45	
26	30		0		0		0		30		30	
27	53		0		0		0		53		53	
28	20		0		0		0		20		20	
29	53		0		0		0		53		53	
30	53		0		0		0		53		53	
31	41		0		0		0		41		41	
32	40		0		0		0		40		40	
33	50		0		0		0		50		50	
34	45		0		0		0		45		45	
35	38		0		0		0		38		38	
36	27		0		0		0		27		27	
37	71		0		0		0		71		71	
38	17		0		0		0		17		17	
39	53		0		0		0		53		53	
40	43		0		0		0		43		43	
41	59		0		0		0		59		59	
42	20		0		0		0		20		20	
43	47		0		0		0		47		47	
44	22		0		0		0		22		22	
45	43		0		0		0		43		43	
46	52		0		0		0		52		52	
47	49		0		0		0		49		49	
48	35		0		0		0		35		35	
49	47		0		0		0		47		47	
50	39		0		0		0		39		39	
Store9
1	43		0		0		0		0		43	
2	38		0		0		0		0		38	
3	28		0		0		0		0		28	
4	35		0		0		0		0		35	
5	12		0		0		0		0		12	
6	16		0		0		0		0		16	
7	30		0		0		0		0		30	
8	36		0		0		0		0		36	
9	31		0		0		0		0		31	
10	37		0		0		0		0		37	
11	56		0		0		0		0		56	
12	33		0		0		0		0		33	
13	55		0		0		0		0		55	
14	48		0		0		0		0		48	
15	14		0		0		0		0		14	
16	50		0		0		0		0		50	
17	23		0		0		0		0		23	
18	58		0		0		0		0		58	
19	33		0		0		0		0		33	
20	49		0		0		0		0		49	
21	49		0		0		0		0		49	
22	43		0		0		0		0		43	
23	20		0		0		0		0		20	
24	12		0		0		0		0		12	
25	53		0		0		0		0		53	
26	35		0		0		0		0		35	
27	53		0		0		0		0		53	
28	54		0		0		0		0		54	
29	45		0		0		0		0		45	
30	41		0		0		0		0		41	
31	41		0		0		0		0		41	
32	36		0		0		0		0		36	
33	25		0		0		0		0		25	
34	22		0		0		0		0		22	
35	43		0		0		0		0		43	
36	7		0		0		0		0		7	
37	25		0		0		0		0		25	
38	45		0		0		0		0		45	
39	43		0		0		0		0		43	
40	20		0		0		0		0		20	
41	30		0		0		0		0		30	
42	26		0		0		0		0		26	
43	44		0		0		0		0		44	
44	40		0		0		0		0		40	
45	22		0		0		0		0		22	
46	29		0		0		0		0		29	
47	30		0		0		0		0		30	
48	30		0		0		0		0		30	
49	20		0		0		0		0		20	
50	19		0		0		0		0		19	
Store10
1	23		0		0		23		23		23	
2	35		0		0		35		35		35	
3	52		0		0		52		52		52	
4	58		0		0		58		58		58	
5	62		0		0		62		62		62	
6	40		0		0		40		40		40	
7	17		0		0		17		17		17	
8	56		0		0		56		56		56	
9	58		0		0		58		58		58	
10	46		0		0		46		46		46	
11	56		0		0		56		56		56	
12	57		0		0		57		57		57	
13	47		0		0		47		47		47	
14	28		0		0		28		28		28	
15	8		0		0		8		8		8	
16	54		0		0		54		54		54	
17	22		0		0		22		22		22	
18	48		0		0		48		48		48	
19	58		0		0		58		58		58	
20	52		0		0		52		52		52	
21	50		0		0		50		50		50	
22	42		0		0		42		42		42	
23	38		0		0		38		38		38	
24	52		0		0		52		52		52	
25	12		0		0		12		12		12	
26	39		0		0		39		39		39	
27	35		0		0		35		35		35	
28	37		0		0		37		37		37	
29	72		0		0		72		72		72	
30	56		0		0		56		56		56	
31	46		0		0		46		46		46	
32	5		0		0		5		5		5	
33	40		0		0		40		40		40	
34	38		0		0		38		38		38	
35	48		0		0		48		48		48	
36	51		0		0		51		51		51	
37	44		0		0		44		44		44	
38	15		0		0		15		15		15	
39	46		0		0		46		46		46	
40	24		0		0		24		24		24	
41	36		0		0		36		36		36	
42	15		0		0		15		15		15	
43	31		0		0		31		31		31	
44	42		0		0		42		42		42	
45	46		0		0		46		46		46	
46	25		0		0		25		25		25	
47	36		0		0		36		36		36	
48	36		0		0		36		36		36	
49	50		0		0		50		50		50	
50	52		0		0		52		52		52	


Shipments from Vendor to Warehouse (V T):
0	0.9803439	0	0.4861947	0	
0	0.537854	0	0	0.6121414	
0	0	0.7356313	0	0.7402713	

Shipments from Warehouse to Stores (S T):
1	2	0.205708
1	3	0.1918887
1	4	0.153934
1	5	0.2689933
2	2	0.1301593
2	3	0.1304113
2	4	0.1904593
2	5	0.309258
3	2	0.1011753
3	3	0.2243947
3	4	0.223024
3	5	0.2669633
4	2	0.1384327
4	3	0.1665193
4	4	0.1823273
4	5	0.3080387
5	2	0.1366674
5	3	0.2057527
5	4	0.2060327
5	5	0.2589993
6	2	0.20564
6	3	0.2233193
6	4	0.1401607
6	5	0.258942
7	2	0.1653847
7	3	0.214308
7	4	0.1785007
7	5	0.2207973
8	2	0.1336833
8	3	0.1232187
8	4	0.2326147
8	5	0.2534487
9	2	0.147858
9	3	0.1071034
9	4	0.1772033
9	5	0.308064
10	2	0.149778
10	3	0.2402167
10	4	0.160468
10	5	0.2639513


Required Putaway workers (Sol T):
3	2	3	2	2	

No of required pickers (T):
0	5	6	6	9	

No of part-time putaway workers (T):
1	0	1	0	0	

No of part-time pickers (T):
0	0	0	0	3	

Best Putaway Technology: 2400
Best Picking Technology: 1000

Required Fashion Putaway Hours:
20.43333	0	10.9875	10.71042	0	

Required Basic Putaway Hours:
0	15.92875	7.412083	4.039166	14.06167	

Required Total Putaway Hours:
20.43333	15.92875	18.39958	14.74958	14.06167	

No of required fashion pick hours:
0	13.47	16.645	25.795	45.205	

No of required basic pick hours:
0	21.856	29.936	22.026	25.642	

No of required total pick hours:
0	35.326	46.581	47.821	70.847	

List of all the costs: 
MHECost		444
PutawayTechCost		3540
PickingTechCost		9130
WhBasicInvCost		1249.13
BasicInbCost		10201.51
WhFashionInvCost		1751.1
FashionInbCost		8186.953
PutawayCost		3680
StoreBasicInvCost		2402.1
StoreFashionInvCost		10030.5
OutboundCost		36725.62
PickingCost		10320
Total		97660.91

List of Top5 Technologies: 
Tech1		3	6	$ 97660.91
Tech2		3	1	$ 168443.5
Tech3		1	1	$ 197446.8
Tech4		None	None	$ -
Tech5		None	None	$ -
The start time is 12/19/2014 8:24:06 PM
The End time is 12/19/2014 8:24:56 PM
