Printing New Fashion Solution:

Inbound Fashion Solution (V F T):
1	1	3	5000
1	2	3	4675
1	3	2	3790
1	4	2	5290
1	5	3	6325
1	6	2	4765
1	7	4	3780
1	8	2	6305
1	9	3	3895
1	10	3	5660


Outbound Fashion Solution(S F T):
1	1	4	1120
1	2	5	1275
1	3	5	1035
1	4	4	935
1	5	4	1095
1	6	3	975
1	7	5	280
1	8	4	1245
1	9	5	610
1	10	4	760
2	1	5	1590
2	2	5	1075
2	3	5	1455
2	4	4	970
2	5	5	1485
2	6	4	570
2	7	5	655
2	8	4	1365
2	9	5	965
2	10	5	1290
3	1	5	650
3	2	5	675
3	3	5	545
3	4	4	1575
3	5	4	1425
3	6	4	1615
3	7	5	1135
3	8	4	1260
3	9	5	200
3	10	5	1410
4	1	5	880
4	2	5	965
4	3	5	595
4	4	4	775
4	5	4	1250
4	6	4	705
4	7	5	1070
4	8	4	1130
4	9	5	1200
4	10	5	1315
5	1	5	760
5	2	4	685
5	3	5	160
5	4	4	1035
5	5	5	1070
5	6	4	900
5	7	5	640
5	8	4	1305
5	9	5	920
5	10	4	885


Warehouse Fashion Inventory (W F T):
1	0		0		5000		3880		0	
2	0		0		4675		3990		0	
3	0		3790		3790		3790		0	
4	0		5290		5290		0		0	
5	0		0		6325		2555		0	
6	0		4765		3790		0		0	
7	0		0		0		3780		0	
8	0		6305		6305		0		0	
9	0		0		3895		3895		0	
10	0		0		5660		4015		0	

Store Fashion Inventory (S F T):
Store1
1	0		0		1120		1120	
2	0		0		0		1275	
3	0		0		0		1035	
4	0		0		935		935	
5	0		0		1095		1095	
6	0		975		975		975	
7	0		0		0		280	
8	0		0		1245		1245	
9	0		0		0		610	
10	0		0		760		760	
Store2
1	0		0		0		1590	
2	0		0		0		1075	
3	0		0		0		1455	
4	0		0		970		970	
5	0		0		0		1485	
6	0		0		570		570	
7	0		0		0		655	
8	0		0		1365		1365	
9	0		0		0		965	
10	0		0		0		1290	
Store3
1	0		0		0		650	
2	0		0		0		675	
3	0		0		0		545	
4	0		0		1575		1575	
5	0		0		1425		1425	
6	0		0		1615		1615	
7	0		0		0		1135	
8	0		0		1260		1260	
9	0		0		0		200	
10	0		0		0		1410	
Store4
1	0		0		0		880	
2	0		0		0		965	
3	0		0		0		595	
4	0		0		775		775	
5	0		0		1250		1250	
6	0		0		705		705	
7	0		0		0		1070	
8	0		0		1130		1130	
9	0		0		0		1200	
10	0		0		0		1315	
Store5
1	0		0		0		760	
2	0		0		685		685	
3	0		0		0		160	
4	0		0		1035		1035	
5	0		0		0		1070	
6	0		0		900		900	
7	0		0		0		640	
8	0		0		1305		1305	
9	0		0		0		920	
10	0		0		885		885	


Fashion Shipments from Vendor to Warehouse (V T):
0	0.8775167	0.9971933	0.18648	

Printing New Basic Solution:

Inbound Solution (V P T):
1	1	1	2420
1	1	4	2941
1	2	1	1764
1	2	4	3065
1	3	1	3656
1	3	4	1387
1	4	1	3601
1	4	4	1719
1	5	1	2425
1	5	4	1829
1	6	1	3400
1	6	4	1890
1	7	1	3398
1	7	4	1512
1	8	1	1780
1	8	4	2622
1	9	4	5091
1	10	1	3580
1	10	4	1346


Outbound Solution(S P T):
1	1	3	1164
1	1	5	156
1	2	3	688
1	2	5	159
1	3	3	908
1	3	5	252
1	4	3	662
1	4	5	137
1	5	3	584
1	5	5	275
1	6	3	759
1	6	5	243
1	7	3	680
1	7	5	156
1	8	3	788
1	8	5	69
1	9	3	965
1	9	5	216
1	10	3	1006
1	10	5	186
2	1	1	673
2	1	5	218
2	2	1	810
2	2	5	85
2	3	1	631
2	3	5	195
2	4	1	813
2	4	5	269
2	5	1	735
2	5	5	141
2	6	1	907
2	6	5	340
2	7	1	556
2	7	5	222
2	8	1	763
2	8	5	188
2	9	1	633
2	9	5	33
2	10	1	693
2	10	5	46
3	1	1	873
3	1	5	338
3	2	1	820
3	2	5	195
3	3	1	1069
3	3	5	170
3	4	1	909
3	4	5	218
3	5	1	624
3	5	5	253
3	6	1	589
3	6	5	127
3	7	1	924
3	7	5	351
3	8	1	595
3	8	5	268
3	9	1	843
3	9	5	140
3	10	1	705
3	10	5	291
4	1	4	481
4	1	5	294
4	2	4	875
4	2	5	108
4	3	4	560
4	3	5	161
4	4	4	804
4	4	5	168
4	5	4	897
4	5	5	168
4	6	4	825
4	6	5	252
4	7	4	1005
4	7	5	130
4	8	4	726
4	8	5	140
4	9	4	909
4	9	5	198
4	10	4	717
4	10	5	314
5	1	1	1005
5	1	5	159
5	2	1	820
5	2	5	269
5	3	1	855
5	3	5	242
5	4	1	975
5	4	5	365
5	5	1	485
5	5	5	92
5	6	1	1087
5	6	5	161
5	7	1	689
5	7	5	197
5	8	1	656
5	8	5	209
5	9	1	841
5	9	5	313
5	10	1	775
5	10	5	193


Warehouse Inventory (W P T):
1	1295		1164		1164		0		2460		1295	
2	1374		688		688		0		2190		1374	
3	0		1101		1101		193		1020		0	
4	0		904		904		242		1157		0	
5	3		584		584		0		932		3	
6	0		817		817		58		1123		0	
7	0		1229		1229		549		1056		0	
8	1022		788		788		0		1896		1022	
9	3282		965		965		0		4182		3282	
10	0		1407		1407		401		1030		0	

Store Inventory (S P T):
Store1
1	564		262		0		911		564		564	
2	309		217		0		526		309		309	
3	440		139		0		680		440		440	
4	356		160		0		521		356		356	
5	383		186		0		548		383		383	
6	410		133		0		504		410		410	
7	496		240		0		547		496		496	
8	321		89		0		522		321		321	
9	455		241		0		677		455		455	
10	376		151		0		708		376		376	
Store2
1	0		634		444		182		0		0	
2	0		592		428		205		0		0	
3	0		431		358		0		0		0	
4	0		587		476		267		0		0	
5	0		475		333		164		0		0	
6	0		609		494		321		0		0	
7	0		494		333		68		0		0	
8	0		563		381		265		0		0	
9	0		486		285		142		0		0	
10	0		485		190		61		0		0	
Store3
1	0		665		434		222		0		0	
2	0		703		483		254		0		0	
3	0		821		535		274		0		0	
4	0		721		518		154		0		0	
5	0		455		175		19		0		0	
6	0		538		318		184		0		0	
7	0		758		499		239		0		0	
8	0		541		401		122		0		0	
9	0		695		466		323		0		0	
10	0		608		321		158		0		0	
Store4
1	346		232		81		0		346		346	
2	677		507		296		0		677		677	
3	391		323		247		0		391		391	
4	612		381		128		0		612		612	
5	653		458		206		0		653		653	
6	693		363		262		0		693		693	
7	874		591		285		0		874		874	
8	604		314		238		0		604		604	
9	771		479		327		0		771		771	
10	484		280		166		0		484		484	
Store5
1	0		747		446		242		0		0	
2	0		590		497		305		0		0	
3	0		644		368		124		0		0	
4	0		820		471		301		0		0	
5	0		233		147		111		0		0	
6	0		791		442		273		0		0	
7	0		489		282		35		0		0	
8	0		412		377		255		0		0	
9	0		727		566		232		0		0	
10	0		717		407		198		0		0	


Shipments from Vendor to Warehouse (V T):
0.9524153	0	0	0.9885333	0	

Shipments from Warehouse to Stores (S T):
1	3	0.349076
1	4	0.24042
1	5	0.186824
2	1	0.2763573
2	4	0.1546633
2	5	0.3609427
3	1	0.3239107
3	4	0.2832833
3	5	0.262572
4	4	0.5195706
4	5	0.2805867
5	1	0.310684
5	4	0.2296233
5	5	0.2236247


Required Putaway workers (Sol T):
3	3	3	3	0	

No of required pickers (T):
6	0	3	8	9	

No of part-time putaway workers (T):
1	1	1	1	0	

No of part-time pickers (T):
0	0	0	2	3	

Best Putaway Technology: 1200
Best Picking Technology: 500

Required Fashion Putaway Hours:
0	16.79167	21.29583	3.15	0	

Required Basic Putaway Hours:
21.68667	0	0	19.50167	0	

Required Total Putaway Hours:
21.68667	16.79167	21.29583	22.65167	0	

No of required fashion pick hours:
0	0	1.95	45.21	51.81	

No of required basic pick hours:
46.706	0	16.408	15.598	20.14	

No of required total pick hours:
46.706	0	18.358	60.808	71.95	

List of all the costs: 
MHECost		378
PutawayTechCost		1060
PickingTechCost		3195
WhBasicInvCost		447.59
BasicInbCost		3428.683
WhFashionInvCost		907.85
FashionInbCost		3698.819
PutawayCost		4160
StoreBasicInvCost		3508.1
StoreFashionInvCost		3702
OutboundCost		11900.52
PickingCost		10800
Total		47186.56

List of Top5 Technologies: 
Tech1		2	5	$ 47186.56
Tech2		4	5	$ 48605.22
Tech3		4	6	$ 50417.59
Tech4		3	6	$ 51154.75
Tech5		3	4	$ 54907.05
The start time is 12/23/2014 6:18:25 PM
The End time is 12/23/2014 6:18:34 PM
