Printing New Fashion Solution:

Inbound Fashion Solution (V F T):
1	1	3	5000
1	2	3	4675
1	3	3	3790
1	4	3	5290
1	5	2	6325
1	6	2	4765
1	7	3	3780
1	8	2	6305
1	9	2	3895
1	10	3	5660


Outbound Fashion Solution(S F T):
1	1	5	1120
1	2	5	1275
1	3	5	1035
1	4	5	935
1	5	4	1095
1	6	4	975
1	7	5	280
1	8	4	1245
1	9	3	610
1	10	5	760
2	1	5	1590
2	2	4	1075
2	3	5	1455
2	4	5	970
2	5	4	1485
2	6	4	570
2	7	5	655
2	8	4	1365
2	9	4	965
2	10	4	1290
3	1	5	650
3	2	4	675
3	3	5	545
3	4	5	1575
3	5	4	1425
3	6	4	1615
3	7	5	1135
3	8	4	1260
3	9	4	200
3	10	5	1410
4	1	5	880
4	2	5	965
4	3	5	595
4	4	5	775
4	5	3	1250
4	6	3	705
4	7	5	1070
4	8	3	1130
4	9	3	1200
4	10	5	1315
5	1	4	760
5	2	5	685
5	3	5	160
5	4	4	1035
5	5	4	1070
5	6	4	900
5	7	5	640
5	8	3	1305
5	9	4	920
5	10	5	885


Warehouse Fashion Inventory (W F T):
1	0		0		5000		4240		0	
2	0		0		4675		2925		0	
3	0		0		3790		3790		0	
4	0		0		5290		4255		0	
5	0		6325		5075		0		0	
6	0		4765		4060		0		0	
7	0		0		3780		3780		0	
8	0		6305		3870		0		0	
9	0		3895		2085		0		0	
10	0		0		5660		4370		0	

Store Fashion Inventory (S F T):
Store1
1	0		0		0		1120	
2	0		0		0		1275	
3	0		0		0		1035	
4	0		0		0		935	
5	0		0		1095		1095	
6	0		0		975		975	
7	0		0		0		280	
8	0		0		1245		1245	
9	0		610		610		610	
10	0		0		0		760	
Store2
1	0		0		0		1590	
2	0		0		1075		1075	
3	0		0		0		1455	
4	0		0		0		970	
5	0		0		1485		1485	
6	0		0		570		570	
7	0		0		0		655	
8	0		0		1365		1365	
9	0		0		965		965	
10	0		0		1290		1290	
Store3
1	0		0		0		650	
2	0		0		675		675	
3	0		0		0		545	
4	0		0		0		1575	
5	0		0		1425		1425	
6	0		0		1615		1615	
7	0		0		0		1135	
8	0		0		1260		1260	
9	0		0		200		200	
10	0		0		0		1410	
Store4
1	0		0		0		880	
2	0		0		0		965	
3	0		0		0		595	
4	0		0		0		775	
5	0		1250		1250		1250	
6	0		705		705		705	
7	0		0		0		1070	
8	0		1130		1130		1130	
9	0		1200		1200		1200	
10	0		0		0		1315	
Store5
1	0		0		760		760	
2	0		0		0		685	
3	0		0		0		160	
4	0		0		1035		1035	
5	0		0		1070		1070	
6	0		0		900		900	
7	0		0		0		640	
8	0		1305		1305		1305	
9	0		0		920		920	
10	0		0		0		885	


Fashion Shipments from Vendor to Warehouse (V T):
0	0.9850967	1.076093	0	

Printing New Basic Solution:

Inbound Solution (V P T):
1	1	1	1462
1	1	4	1463
1	1	5	2436
1	2	1	4829
1	3	1	1678
1	3	4	2517
1	3	5	848
1	4	1	3553
1	4	5	1767
1	5	1	1702
1	5	4	1136
1	5	5	1416
1	6	1	1337
1	6	4	2006
1	6	5	1947
1	7	1	1920
1	7	4	1281
1	7	5	1709
1	8	4	1338
1	8	5	3064
1	9	1	939
1	9	4	403
1	9	5	3749
1	10	4	4039
1	10	5	887


Outbound Solution(S P T):
1	1	1	1320
1	2	1	847
1	3	1	1160
1	4	1	799
1	5	1	859
1	6	1	1002
1	7	1	836
1	8	1	857
1	9	1	1181
1	10	1	1192
2	1	1	891
2	2	1	895
2	3	1	826
2	4	1	1082
2	5	1	876
2	6	1	1247
2	7	1	778
2	8	1	951
2	9	1	666
2	10	1	739
3	1	2	1211
3	2	2	1015
3	3	2	1239
3	4	2	1127
3	5	2	877
3	6	2	716
3	7	2	1275
3	8	2	863
3	9	2	983
3	10	2	996
4	1	3	775
4	2	3	983
4	3	3	721
4	4	3	972
4	5	3	1065
4	6	3	1077
4	7	3	1135
4	8	3	866
4	9	3	1107
4	10	3	1031
5	1	2	1164
5	2	2	1089
5	3	2	1097
5	4	2	1340
5	5	2	577
5	6	2	1248
5	7	2	886
5	8	2	865
5	9	2	1154
5	10	2	968


Warehouse Inventory (W P T):
1	3899		3150		775		0		1463		3899	
2	0		3087		983		0		0		0	
3	3365		3057		721		0		2517		3365	
4	1767		3439		972		0		0		1767	
5	2552		2519		1065		0		1136		2552	
6	3953		3041		1077		0		2006		3953	
7	2990		3296		1135		0		1281		2990	
8	4402		2594		866		0		1338		4402	
9	4152		3244		1107		0		403		4152	
10	4926		2995		1031		0		4039		4926	

Store Inventory (S P T):
Store1
1	0		1018		756		503		156		0	
2	0		755		538		376		159		0	
3	0		859		720		492		252		0	
4	0		603		443		302		137		0	
5	0		662		476		440		275		0	
6	0		725		592		337		243		0	
7	0		580		340		207		156		0	
8	0		625		536		270		69		0	
9	0		967		726		438		216		0	
10	0		967		816		518		186		0	
Store2
1	0		852		662		400		218		0	
2	0		677		513		290		85		0	
3	0		626		553		195		195		0	
4	0		856		745		536		269		0	
5	0		616		474		305		141		0	
6	0		949		834		661		340		0	
7	0		716		555		290		222		0	
8	0		751		569		453		188		0	
9	0		519		318		175		33		0	
10	0		531		236		107		46		0	
Store3
1	208		0		980		768		546		208	
2	117		0		795		566		312		117	
3	248		0		953		692		418		248	
4	188		0		924		560		406		188	
5	169		0		597		441		422		169	
6	51		0		496		362		178		51	
7	166		0		1016		756		517		166	
8	54		0		723		444		322		54	
9	148		0		754		611		288		148	
10	97		0		709		546		388		97	
Store4
1	265		151		0		694		559		265	
2	381		211		0		687		489		381	
3	144		76		0		474		305		144	
4	484		253		0		844		652		484	
5	447		252		0		859		615		447	
6	431		101		0		815		683		431	
7	589		306		0		850		719		589	
8	366		76		0		628		506		366	
9	444		152		0		780		642		444	
10	318		114		0		865		632		318	
Store5
1	258		0		863		659		417		258	
2	230		0		996		804		499		230	
3	211		0		821		577		453		211	
4	155		0		991		821		520		155	
5	252		0		491		455		344		252	
6	296		0		899		730		457		296	
7	200		0		679		432		397		200	
8	244		0		830		708		453		244	
9	114		0		993		659		427		114	
10	58		0		658		449		251		58	


Shipments from Vendor to Warehouse (V T):
0.6972814	0	0	0.5091193	0.734548	

Shipments from Warehouse to Stores (S T):
1	1	0.39388
1	3	0.01504667
1	4	0.16844
1	5	0.1989533
2	1	0.33802
2	4	0.3091567
2	5	0.1447867
3	2	0.416936
3	4	0.2465167
3	5	0.2063133
4	3	0.5814373
4	5	0.21872
5	2	0.4013686
5	3	0.08613001
5	4	0.1762667
5	5	0.1001667


Required Putaway workers (Sol T):
2	3	3	2	2	

No of required pickers (T):
5	6	4	5	6	

No of part-time putaway workers (T):
0	1	1	0	0	

No of part-time pickers (T):
1	2	0	1	2	

Best Putaway Technology: 1200
Best Picking Technology: 500

Required Fashion Putaway Hours:
0	17.74167	23.49583	0	0	

Required Basic Putaway Hours:
14.51667	0	0	11.81917	14.8525	

Required Total Putaway Hours:
14.51667	17.74167	23.49583	11.81917	14.8525	

No of required fashion pick hours:
0	0	12.4	39.85	46.72	

No of required basic pick hours:
38.008	41.38	19.464	0	0	

No of required total pick hours:
38.008	41.38	31.864	39.85	46.72	

List of all the costs: 
MHECost		324
PutawayTechCost		1060
PickingTechCost		3195
WhBasicInvCost		863.4301
BasicInbCost		4342.382
WhFashionInvCost		879.35
FashionInbCost		3698.819
PutawayCost		3680
StoreBasicInvCost		4784.15
StoreFashionInvCost		4090.5
OutboundCost		12945.83
PickingCost		7840
Total		47703.46

List of Top5 Technologies: 
Tech1		2	5	$ 47703.46
Tech2		2	1	$ 85347.17
Tech3		4	1	$ 103259.2
Tech4		1	1	$ 104487
Tech5		None	None	$ -
The start time is 12/23/2014 6:18:25 PM
The End time is 12/23/2014 6:18:34 PM
