WarehouseVolume:[
(1)	[100000000]
]
StoreVolume:[
(1)	[10000000]
(2)	[10000000]
(3)	[10000000]
(4)	[10000000]
(5)	[10000000]
]
StoreDemand:[
(1	1	1)	[302]
(1	1	2)	[262]
(1	1	3)	[253]
(1	1	4)	[347]
(1	1	5)	[156]
(1	2	1)	[92]
(1	2	2)	[217]
(1	2	3)	[162]
(1	2	4)	[217]
(1	2	5)	[159]
(1	3	1)	[301]
(1	3	2)	[139]
(1	3	3)	[228]
(1	3	4)	[240]
(1	3	5)	[252]
(1	4	1)	[196]
(1	4	2)	[160]
(1	4	3)	[141]
(1	4	4)	[165]
(1	4	5)	[137]
(1	5	1)	[197]
(1	5	2)	[186]
(1	5	3)	[36]
(1	5	4)	[165]
(1	5	5)	[275]
(1	6	1)	[277]
(1	6	2)	[133]
(1	6	3)	[255]
(1	6	4)	[94]
(1	6	5)	[243]
(1	7	1)	[256]
(1	7	2)	[240]
(1	7	3)	[133]
(1	7	4)	[51]
(1	7	5)	[156]
(1	8	1)	[232]
(1	8	2)	[89]
(1	8	3)	[266]
(1	8	4)	[201]
(1	8	5)	[69]
(1	9	1)	[214]
(1	9	2)	[241]
(1	9	3)	[288]
(1	9	4)	[222]
(1	9	5)	[216]
(1	10	1)	[225]
(1	10	2)	[151]
(1	10	3)	[298]
(1	10	4)	[332]
(1	10	5)	[186]
(2	1	1)	[39]
(2	1	2)	[190]
(2	1	3)	[262]
(2	1	4)	[182]
(2	1	5)	[218]
(2	2	1)	[218]
(2	2	2)	[164]
(2	2	3)	[223]
(2	2	4)	[205]
(2	2	5)	[85]
(2	3	1)	[200]
(2	3	2)	[73]
(2	3	3)	[358]
(2	3	4)	[0]
(2	3	5)	[195]
(2	4	1)	[226]
(2	4	2)	[111]
(2	4	3)	[209]
(2	4	4)	[267]
(2	4	5)	[269]
(2	5	1)	[260]
(2	5	2)	[142]
(2	5	3)	[169]
(2	5	4)	[164]
(2	5	5)	[141]
(2	6	1)	[298]
(2	6	2)	[115]
(2	6	3)	[173]
(2	6	4)	[321]
(2	6	5)	[340]
(2	7	1)	[62]
(2	7	2)	[161]
(2	7	3)	[265]
(2	7	4)	[68]
(2	7	5)	[222]
(2	8	1)	[200]
(2	8	2)	[182]
(2	8	3)	[116]
(2	8	4)	[265]
(2	8	5)	[188]
(2	9	1)	[147]
(2	9	2)	[201]
(2	9	3)	[143]
(2	9	4)	[142]
(2	9	5)	[33]
(2	10	1)	[208]
(2	10	2)	[295]
(2	10	3)	[129]
(2	10	4)	[61]
(2	10	5)	[46]
(3	1	1)	[208]
(3	1	2)	[231]
(3	1	3)	[212]
(3	1	4)	[222]
(3	1	5)	[338]
(3	2	1)	[117]
(3	2	2)	[220]
(3	2	3)	[229]
(3	2	4)	[254]
(3	2	5)	[195]
(3	3	1)	[248]
(3	3	2)	[286]
(3	3	3)	[261]
(3	3	4)	[274]
(3	3	5)	[170]
(3	4	1)	[188]
(3	4	2)	[203]
(3	4	3)	[364]
(3	4	4)	[154]
(3	4	5)	[218]
(3	5	1)	[169]
(3	5	2)	[280]
(3	5	3)	[156]
(3	5	4)	[19]
(3	5	5)	[253]
(3	6	1)	[51]
(3	6	2)	[220]
(3	6	3)	[134]
(3	6	4)	[184]
(3	6	5)	[127]
(3	7	1)	[166]
(3	7	2)	[259]
(3	7	3)	[260]
(3	7	4)	[239]
(3	7	5)	[351]
(3	8	1)	[54]
(3	8	2)	[140]
(3	8	3)	[279]
(3	8	4)	[122]
(3	8	5)	[268]
(3	9	1)	[148]
(3	9	2)	[229]
(3	9	3)	[143]
(3	9	4)	[323]
(3	9	5)	[140]
(3	10	1)	[97]
(3	10	2)	[287]
(3	10	3)	[163]
(3	10	4)	[158]
(3	10	5)	[291]
(4	1	1)	[114]
(4	1	2)	[151]
(4	1	3)	[81]
(4	1	4)	[135]
(4	1	5)	[294]
(4	2	1)	[170]
(4	2	2)	[211]
(4	2	3)	[296]
(4	2	4)	[198]
(4	2	5)	[108]
(4	3	1)	[68]
(4	3	2)	[76]
(4	3	3)	[247]
(4	3	4)	[169]
(4	3	5)	[161]
(4	4	1)	[231]
(4	4	2)	[253]
(4	4	3)	[128]
(4	4	4)	[192]
(4	4	5)	[168]
(4	5	1)	[195]
(4	5	2)	[252]
(4	5	3)	[206]
(4	5	4)	[244]
(4	5	5)	[168]
(4	6	1)	[330]
(4	6	2)	[101]
(4	6	3)	[262]
(4	6	4)	[132]
(4	6	5)	[252]
(4	7	1)	[283]
(4	7	2)	[306]
(4	7	3)	[285]
(4	7	4)	[131]
(4	7	5)	[130]
(4	8	1)	[290]
(4	8	2)	[76]
(4	8	3)	[238]
(4	8	4)	[122]
(4	8	5)	[140]
(4	9	1)	[292]
(4	9	2)	[152]
(4	9	3)	[327]
(4	9	4)	[138]
(4	9	5)	[198]
(4	10	1)	[204]
(4	10	2)	[114]
(4	10	3)	[166]
(4	10	4)	[233]
(4	10	5)	[314]
(5	1	1)	[258]
(5	1	2)	[301]
(5	1	3)	[204]
(5	1	4)	[242]
(5	1	5)	[159]
(5	2	1)	[230]
(5	2	2)	[93]
(5	2	3)	[192]
(5	2	4)	[305]
(5	2	5)	[269]
(5	3	1)	[211]
(5	3	2)	[276]
(5	3	3)	[244]
(5	3	4)	[124]
(5	3	5)	[242]
(5	4	1)	[155]
(5	4	2)	[349]
(5	4	3)	[170]
(5	4	4)	[301]
(5	4	5)	[365]
(5	5	1)	[252]
(5	5	2)	[86]
(5	5	3)	[36]
(5	5	4)	[111]
(5	5	5)	[92]
(5	6	1)	[296]
(5	6	2)	[349]
(5	6	3)	[169]
(5	6	4)	[273]
(5	6	5)	[161]
(5	7	1)	[200]
(5	7	2)	[207]
(5	7	3)	[247]
(5	7	4)	[35]
(5	7	5)	[197]
(5	8	1)	[244]
(5	8	2)	[35]
(5	8	3)	[122]
(5	8	4)	[255]
(5	8	5)	[209]
(5	9	1)	[114]
(5	9	2)	[161]
(5	9	3)	[334]
(5	9	4)	[232]
(5	9	5)	[313]
(5	10	1)	[58]
(5	10	2)	[310]
(5	10	3)	[209]
(5	10	4)	[198]
(5	10	5)	[193]
]
FixedCostVendorToWarehouse:[
(1	1)	[186.09]
]
FixedCostWarehouseToStore:[
(1	1)	[45.59]
(1	2)	[85.67]
(1	3)	[75.28]
(1	4)	[297.11]
(1	5)	[66.13]
]
Variable_FixedCostVendorToWarehouse:[
(1	1)	[727.61]
]
VariableCostVendorToWarehouse:[
(1	1)	[0.055]
]
Variable_FixedCostWarehouseToStore:[
(1	1)	[441.14]
(1	2)	[541.39]
(1	3)	[521.43]
(1	4)	[975.07]
(1	5)	[492.45]
]
VariableCostWarehouseToStore:[
(1	1)	[0.027]
(1	2)	[0.041]
(1	3)	[0.036]
(1	4)	[0.074]
(1	5)	[0.034]
]
ProductVolume:[
(1)	[0.54]
(2)	[0.68]
(3)	[0.81]
(4)	[0.53]
(5)	[0.61]
(6)	[0.6]
(7)	[0.18]
(8)	[0.43]
(9)	[0.34]
(10)	[0.85]
]
ProductWeight:[
(1)	[0.32]
(2)	[0.65]
(3)	[0.72]
(4)	[0.47]
(5)	[0.64]
(6)	[0.22]
(7)	[0.88]
(8)	[0.64]
(9)	[0.96]
(10)	[0.45]
]
MapVendorToProduct:[
(1	1)	[1]
(1	2)	[1]
(1	3)	[1]
(1	4)	[1]
(1	5)	[1]
(1	6)	[1]
(1	7)	[1]
(1	8)	[1]
(1	9)	[1]
(1	10)	[1]
]
LeadTimeWarehouseToStores:[
(1	1)	[0]
(1	2)	[0]
(1	3)	[0]
(1	4)	[0]
(1	5)	[0]
]
StoreDemandForFashionProducts:[
(1	1)	[1120]
(1	2)	[1275]
(1	3)	[1035]
(1	4)	[935]
(1	5)	[1095]
(1	6)	[975]
(1	7)	[280]
(1	8)	[1245]
(1	9)	[610]
(1	10)	[760]
(2	1)	[1590]
(2	2)	[1075]
(2	3)	[1455]
(2	4)	[970]
(2	5)	[1485]
(2	6)	[570]
(2	7)	[655]
(2	8)	[1365]
(2	9)	[965]
(2	10)	[1290]
(3	1)	[650]
(3	2)	[675]
(3	3)	[545]
(3	4)	[1575]
(3	5)	[1425]
(3	6)	[1615]
(3	7)	[1135]
(3	8)	[1260]
(3	9)	[200]
(3	10)	[1410]
(4	1)	[880]
(4	2)	[965]
(4	3)	[595]
(4	4)	[775]
(4	5)	[1250]
(4	6)	[705]
(4	7)	[1070]
(4	8)	[1130]
(4	9)	[1200]
(4	10)	[1315]
(5	1)	[760]
(5	2)	[685]
(5	3)	[160]
(5	4)	[1035]
(5	5)	[1070]
(5	6)	[900]
(5	7)	[640]
(5	8)	[1305]
(5	9)	[920]
(5	10)	[885]
]
FixedCostFashionVendorToWarehouse:[
(1	1)	[126.26]
]
Variable_FixedCostFashionVendorToWarehouse:[
(1	1)	[622.3]
]
VariableCostFashionVendorToWarehouse:[
(1	1)	[0.047]
]
FashionProductVolume:[
(1)	[0.47]
(2)	[0.64]
(3)	[0.92]
(4)	[0.87]
(5)	[0.06]
(6)	[0.35]
(7)	[0.39]
(8)	[0.58]
(9)	[0.87]
(10)	[0.45]
]
FashionProductWeight:[
(1)	[0.39]
(2)	[0.8]
(3)	[0.24]
(4)	[0.74]
(5)	[0.79]
(6)	[0.44]
(7)	[0.74]
(8)	[0.99]
(9)	[0.37]
(10)	[0.5]
]
MapFashionVendorToProduct:[
(1	1)	[1]
(1	2)	[1]
(1	3)	[1]
(1	4)	[1]
(1	5)	[1]
(1	6)	[1]
(1	7)	[1]
(1	8)	[1]
(1	9)	[1]
(1	10)	[1]
]
