WarehouseVolume:[
(1)	[100000000]
]
StoreVolume:[
(1)	[10000000]
(2)	[10000000]
(3)	[10000000]
(4)	[10000000]
(5)	[10000000]
]
StoreDemand:[
(1	1	1)	[187]
(1	1	2)	[199]
(1	1	3)	[102]
(1	1	4)	[238]
(1	1	5)	[326]
(1	2	1)	[357]
(1	2	2)	[253]
(1	2	3)	[268]
(1	2	4)	[209]
(1	2	5)	[82]
(1	3	1)	[180]
(1	3	2)	[213]
(1	3	3)	[239]
(1	3	4)	[240]
(1	3	5)	[261]
(1	4	1)	[329]
(1	4	2)	[204]
(1	4	3)	[177]
(1	4	4)	[208]
(1	4	5)	[201]
(1	5	1)	[145]
(1	5	2)	[194]
(1	5	3)	[209]
(1	5	4)	[220]
(1	5	5)	[247]
(1	6	1)	[156]
(1	6	2)	[122]
(1	6	3)	[189]
(1	6	4)	[140]
(1	6	5)	[204]
(1	7	1)	[56]
(1	7	2)	[237]
(1	7	3)	[282]
(1	7	4)	[142]
(1	7	5)	[19]
(1	8	1)	[272]
(1	8	2)	[322]
(1	8	3)	[196]
(1	8	4)	[75]
(1	8	5)	[173]
(1	9	1)	[81]
(1	9	2)	[304]
(1	9	3)	[313]
(1	9	4)	[401]
(1	9	5)	[309]
(1	10	1)	[0]
(1	10	2)	[313]
(1	10	3)	[214]
(1	10	4)	[281]
(1	10	5)	[184]
(2	1	1)	[279]
(2	1	2)	[251]
(2	1	3)	[69]
(2	1	4)	[203]
(2	1	5)	[139]
(2	2	1)	[250]
(2	2	2)	[272]
(2	2	3)	[110]
(2	2	4)	[290]
(2	2	5)	[235]
(2	3	1)	[244]
(2	3	2)	[258]
(2	3	3)	[188]
(2	3	4)	[77]
(2	3	5)	[292]
(2	4	1)	[190]
(2	4	2)	[132]
(2	4	3)	[226]
(2	4	4)	[166]
(2	4	5)	[110]
(2	5	1)	[191]
(2	5	2)	[203]
(2	5	3)	[428]
(2	5	4)	[279]
(2	5	5)	[165]
(2	6	1)	[222]
(2	6	2)	[72]
(2	6	3)	[170]
(2	6	4)	[110]
(2	6	5)	[275]
(2	7	1)	[265]
(2	7	2)	[281]
(2	7	3)	[131]
(2	7	4)	[191]
(2	7	5)	[131]
(2	8	1)	[299]
(2	8	2)	[0]
(2	8	3)	[277]
(2	8	4)	[88]
(2	8	5)	[107]
(2	9	1)	[157]
(2	9	2)	[213]
(2	9	3)	[258]
(2	9	4)	[132]
(2	9	5)	[395]
(2	10	1)	[325]
(2	10	2)	[198]
(2	10	3)	[343]
(2	10	4)	[405]
(2	10	5)	[298]
(3	1	1)	[259]
(3	1	2)	[142]
(3	1	3)	[221]
(3	1	4)	[292]
(3	1	5)	[260]
(3	2	1)	[229]
(3	2	2)	[101]
(3	2	3)	[195]
(3	2	4)	[170]
(3	2	5)	[0]
(3	3	1)	[142]
(3	3	2)	[153]
(3	3	3)	[219]
(3	3	4)	[254]
(3	3	5)	[279]
(3	4	1)	[239]
(3	4	2)	[132]
(3	4	3)	[157]
(3	4	4)	[236]
(3	4	5)	[137]
(3	5	1)	[267]
(3	5	2)	[274]
(3	5	3)	[173]
(3	5	4)	[207]
(3	5	5)	[138]
(3	6	1)	[202]
(3	6	2)	[215]
(3	6	3)	[181]
(3	6	4)	[200]
(3	6	5)	[167]
(3	7	1)	[123]
(3	7	2)	[147]
(3	7	3)	[356]
(3	7	4)	[297]
(3	7	5)	[327]
(3	8	1)	[57]
(3	8	2)	[42]
(3	8	3)	[274]
(3	8	4)	[161]
(3	8	5)	[325]
(3	9	1)	[73]
(3	9	2)	[300]
(3	9	3)	[192]
(3	9	4)	[152]
(3	9	5)	[152]
(3	10	1)	[138]
(3	10	2)	[127]
(3	10	3)	[118]
(3	10	4)	[385]
(3	10	5)	[204]
(4	1	1)	[249]
(4	1	2)	[197]
(4	1	3)	[197]
(4	1	4)	[108]
(4	1	5)	[206]
(4	2	1)	[279]
(4	2	2)	[267]
(4	2	3)	[170]
(4	2	4)	[107]
(4	2	5)	[155]
(4	3	1)	[245]
(4	3	2)	[191]
(4	3	3)	[154]
(4	3	4)	[227]
(4	3	5)	[241]
(4	4	1)	[129]
(4	4	2)	[341]
(4	4	3)	[257]
(4	4	4)	[293]
(4	4	5)	[193]
(4	5	1)	[238]
(4	5	2)	[207]
(4	5	3)	[258]
(4	5	4)	[170]
(4	5	5)	[108]
(4	6	1)	[152]
(4	6	2)	[87]
(4	6	3)	[247]
(4	6	4)	[216]
(4	6	5)	[128]
(4	7	1)	[337]
(4	7	2)	[154]
(4	7	3)	[139]
(4	7	4)	[257]
(4	7	5)	[217]
(4	8	1)	[291]
(4	8	2)	[154]
(4	8	3)	[101]
(4	8	4)	[168]
(4	8	5)	[98]
(4	9	1)	[50]
(4	9	2)	[114]
(4	9	3)	[331]
(4	9	4)	[96]
(4	9	5)	[214]
(4	10	1)	[159]
(4	10	2)	[271]
(4	10	3)	[226]
(4	10	4)	[103]
(4	10	5)	[195]
(5	1	1)	[206]
(5	1	2)	[210]
(5	1	3)	[185]
(5	1	4)	[204]
(5	1	5)	[197]
(5	2	1)	[337]
(5	2	2)	[87]
(5	2	3)	[193]
(5	2	4)	[193]
(5	2	5)	[120]
(5	3	1)	[290]
(5	3	2)	[198]
(5	3	3)	[298]
(5	3	4)	[144]
(5	3	5)	[104]
(5	4	1)	[186]
(5	4	2)	[162]
(5	4	3)	[305]
(5	4	4)	[89]
(5	4	5)	[152]
(5	5	1)	[222]
(5	5	2)	[211]
(5	5	3)	[291]
(5	5	4)	[222]
(5	5	5)	[101]
(5	6	1)	[159]
(5	6	2)	[100]
(5	6	3)	[272]
(5	6	4)	[88]
(5	6	5)	[278]
(5	7	1)	[198]
(5	7	2)	[266]
(5	7	3)	[316]
(5	7	4)	[273]
(5	7	5)	[294]
(5	8	1)	[206]
(5	8	2)	[203]
(5	8	3)	[268]
(5	8	4)	[219]
(5	8	5)	[222]
(5	9	1)	[315]
(5	9	2)	[256]
(5	9	3)	[153]
(5	9	4)	[273]
(5	9	5)	[129]
(5	10	1)	[277]
(5	10	2)	[271]
(5	10	3)	[147]
(5	10	4)	[107]
(5	10	5)	[136]
]
FixedCostVendorToWarehouse:[
(1	1)	[468.61]
]
FixedCostWarehouseToStore:[
(1	1)	[468.61]
(1	2)	[186.09]
(1	3)	[186.09]
(1	4)	[45.59]
(1	5)	[217.05]
]
Variable_FixedCostVendorToWarehouse:[
(1	1)	[1306.68]
]
VariableCostVendorToWarehouse:[
(1	1)	[0.099]
]
Variable_FixedCostWarehouseToStore:[
(1	1)	[1306.68]
(1	2)	[727.61]
(1	3)	[727.61]
(1	4)	[441.14]
(1	5)	[802.19]
]
VariableCostWarehouseToStore:[
(1	1)	[0.099]
(1	2)	[0.055]
(1	3)	[0.055]
(1	4)	[0.027]
(1	5)	[0.061]
]
ProductVolume:[
(1)	[0.42]
(2)	[0.48]
(3)	[0.14]
(4)	[0.2]
(5)	[0.3]
(6)	[0.08]
(7)	[0.65]
(8)	[0.19]
(9)	[0.39]
(10)	[0.53]
]
ProductWeight:[
(1)	[0.94]
(2)	[0.99]
(3)	[0.35]
(4)	[0.33]
(5)	[0.9]
(6)	[0.19]
(7)	[0.9]
(8)	[0.69]
(9)	[0.55]
(10)	[0.31]
]
MapVendorToProduct:[
(1	1)	[1]
(1	2)	[1]
(1	3)	[1]
(1	4)	[1]
(1	5)	[1]
(1	6)	[1]
(1	7)	[1]
(1	8)	[1]
(1	9)	[1]
(1	10)	[1]
]
LeadTimeWarehouseToStores:[
(1	1)	[0]
(1	2)	[0]
(1	3)	[0]
(1	4)	[0]
(1	5)	[0]
]
StoreDemandForFashionProducts:[
(1	1)	[1105]
(1	2)	[1115]
(1	3)	[1835]
(1	4)	[1530]
(1	5)	[1310]
(1	6)	[1370]
(1	7)	[530]
(1	8)	[880]
(1	9)	[690]
(1	10)	[1075]
(2	1)	[530]
(2	2)	[835]
(2	3)	[1305]
(2	4)	[860]
(2	5)	[1285]
(2	6)	[650]
(2	7)	[315]
(2	8)	[825]
(2	9)	[1415]
(2	10)	[1325]
(3	1)	[205]
(3	2)	[1480]
(3	3)	[480]
(3	4)	[2045]
(3	5)	[1650]
(3	6)	[695]
(3	7)	[990]
(3	8)	[945]
(3	9)	[1110]
(3	10)	[1980]
(4	1)	[675]
(4	2)	[2115]
(4	3)	[1115]
(4	4)	[1375]
(4	5)	[745]
(4	6)	[1160]
(4	7)	[1890]
(4	8)	[1500]
(4	9)	[550]
(4	10)	[1165]
(5	1)	[725]
(5	2)	[450]
(5	3)	[680]
(5	4)	[1215]
(5	5)	[525]
(5	6)	[530]
(5	7)	[1290]
(5	8)	[2000]
(5	9)	[765]
(5	10)	[1470]
]
FixedCostFashionVendorToWarehouse:[
(1	1)	[110.96]
]
Variable_FixedCostFashionVendorToWarehouse:[
(1	1)	[598.03]
]
VariableCostFashionVendorToWarehouse:[
(1	1)	[0.045]
]
FashionProductVolume:[
(1)	[0.88]
(2)	[0.48]
(3)	[0.86]
(4)	[0.08]
(5)	[0.35]
(6)	[0.55]
(7)	[0.55]
(8)	[0.41]
(9)	[0.47]
(10)	[0.7]
]
FashionProductWeight:[
(1)	[0.46]
(2)	[0.91]
(3)	[0.97]
(4)	[0.84]
(5)	[0.37]
(6)	[0.63]
(7)	[0.12]
(8)	[0.31]
(9)	[0.11]
(10)	[0.25]
]
MapFashionVendorToProduct:[
(1	1)	[1]
(1	2)	[1]
(1	3)	[1]
(1	4)	[1]
(1	5)	[1]
(1	6)	[1]
(1	7)	[1]
(1	8)	[1]
(1	9)	[1]
(1	10)	[1]
]
