Printing New Fashion Solution:

Inbound Fashion Solution (V F T):
1	1	3	5705
1	2	4	6275
1	3	4	5145
1	4	4	3830
1	5	4	5010
1	6	3	5190
1	7	4	4940
1	8	3	5535
1	9	3	4515
1	10	3	5275


Outbound Fashion Solution(S F T):
1	1	5	600
1	2	5	1865
1	3	5	640
1	4	5	195
1	5	5	1190
1	6	4	790
1	7	5	850
1	8	4	730
1	9	4	1090
1	10	4	1450
2	1	4	1415
2	2	5	1030
2	3	5	1145
2	4	5	530
2	5	5	930
2	6	5	1070
2	7	5	790
2	8	4	1510
2	9	5	65
2	10	4	1415
3	1	5	1335
3	2	5	1600
3	3	5	1190
3	4	5	745
3	5	5	730
3	6	4	1375
3	7	5	1470
3	8	4	885
3	9	5	810
3	10	5	1300
4	1	4	1275
4	2	5	745
4	3	5	1295
4	4	5	840
4	5	5	1120
4	6	4	930
4	7	5	515
4	8	4	1335
4	9	4	1445
4	10	5	535
5	1	5	1080
5	2	5	1035
5	3	5	875
5	4	5	1520
5	5	5	1040
5	6	5	1025
5	7	5	1315
5	8	5	1075
5	9	5	1105
5	10	5	575


Warehouse Fashion Inventory (W F T):
1	0		0		5705		3015		0	
2	0		0		0		6275		0	
3	0		0		0		5145		0	
4	0		0		0		3830		0	
5	0		0		0		5010		0	
6	0		0		5190		2095		0	
7	0		0		0		4940		0	
8	0		0		5535		1075		0	
9	0		0		4515		1980		0	
10	0		0		5275		2410		0	

Store Fashion Inventory (S F T):
Store1
1	0		0		0		600	
2	0		0		0		1865	
3	0		0		0		640	
4	0		0		0		195	
5	0		0		0		1190	
6	0		0		790		790	
7	0		0		0		850	
8	0		0		730		730	
9	0		0		1090		1090	
10	0		0		1450		1450	
Store2
1	0		0		1415		1415	
2	0		0		0		1030	
3	0		0		0		1145	
4	0		0		0		530	
5	0		0		0		930	
6	0		0		0		1070	
7	0		0		0		790	
8	0		0		1510		1510	
9	0		0		0		65	
10	0		0		1415		1415	
Store3
1	0		0		0		1335	
2	0		0		0		1600	
3	0		0		0		1190	
4	0		0		0		745	
5	0		0		0		730	
6	0		0		1375		1375	
7	0		0		0		1470	
8	0		0		885		885	
9	0		0		0		810	
10	0		0		0		1300	
Store4
1	0		0		1275		1275	
2	0		0		0		745	
3	0		0		0		1295	
4	0		0		0		840	
5	0		0		0		1120	
6	0		0		930		930	
7	0		0		0		515	
8	0		0		1335		1335	
9	0		0		1445		1445	
10	0		0		0		535	
Store5
1	0		0		0		1080	
2	0		0		0		1035	
3	0		0		0		875	
4	0		0		0		1520	
5	0		0		0		1040	
6	0		0		0		1025	
7	0		0		0		1315	
8	0		0		0		1075	
9	0		0		0		1105	
10	0		0		0		575	


Fashion Shipments from Vendor to Warehouse (V T):
0	0	1.122857	0.9650701	

Printing New Basic Solution:

Inbound Solution (V P T):
1	1	1	3733
1	1	2	1599
1	2	1	3381
1	2	2	1448
1	3	1	3088
1	3	2	1323
1	4	1	1094
1	4	2	4375
1	5	1	954
1	5	2	3815
1	6	1	2551
1	6	2	2551
1	7	1	3060
1	7	2	2039
1	8	1	504
1	8	2	4532
1	9	1	2822
1	9	2	1881
1	10	1	938
1	10	2	3750


Outbound Solution(S P T):
1	1	4	1151
1	2	4	896
1	3	4	679
1	4	4	1055
1	5	4	894
1	6	4	1052
1	7	4	1106
1	8	4	990
1	9	4	1022
1	10	4	715
2	1	4	768
2	2	4	1130
2	3	4	674
2	4	4	1352
2	5	4	1248
2	6	4	1079
2	7	4	992
2	8	4	1171
2	9	4	826
2	10	4	1002
3	1	1	1161
3	2	1	1190
3	3	1	1172
3	4	1	952
3	5	1	707
3	6	1	710
3	7	1	1090
3	8	1	564
3	9	1	1136
3	10	1	945
4	1	2	1170
4	2	2	917
4	3	2	990
4	4	2	1180
4	5	2	931
4	6	2	1027
4	7	2	1080
4	8	2	1016
4	9	2	1035
4	10	2	1078
5	1	3	1082
5	2	3	696
5	3	3	896
5	4	3	930
5	5	3	989
5	6	3	1234
5	7	3	831
5	8	3	1295
5	9	3	684
5	10	3	948


Warehouse Inventory (W P T):
1	0		2572		3001		1919		0		0	
2	0		2191		2722		2026		0		0	
3	0		1916		2249		1353		0		0	
4	0		142		3337		2407		0		0	
5	0		247		3131		2142		0		0	
6	0		1841		3365		2131		0		0	
7	0		1970		2929		2098		0		0	
8	60		0		3516		2221		60		60	
9	0		1686		2532		1848		0		0	
10	7		0		2672		1724		7		7	

Store Inventory (S P T):
Store1
1	660		503		295		0		947		660	
2	502		293		98		0		819		502	
3	335		234		145		0		480		335	
4	515		394		138		0		758		515	
5	577		347		174		0		744		577	
6	565		332		131		0		780		565	
7	555		460		182		0		801		555	
8	627		326		154		0		866		627	
9	517		281		134		0		789		517	
10	392		249		208		0		480		392	
Store2
1	552		325		152		0		637		552	
2	682		524		377		0		805		682	
3	414		339		158		0		612		414	
4	689		534		279		0		1052		689	
5	615		319		187		0		945		615	
6	791		415		221		0		954		791	
7	558		313		169		0		759		558	
8	725		531		288		0		996		725	
9	470		339		122		0		660		470	
10	781		523		306		0		856		781	
Store3
1	0		1024		675		455		258		0	
2	0		933		736		442		181		0	
3	0		919		679		679		246		0	
4	0		794		693		367		118		0	
5	0		578		474		317		133		0	
6	0		580		362		223		83		0	
7	0		850		721		588		304		0	
8	0		297		153		137		137		0	
9	0		850		614		334		127		0	
10	0		735		496		374		117		0	
Store4
1	268		0		996		826		404		268	
2	77		0		715		517		268		77	
3	154		0		855		584		385		154	
4	198		0		969		651		474		198	
5	260		0		749		521		435		260	
6	106		0		837		703		479		106	
7	212		0		733		574		451		212	
8	128		0		812		491		264		128	
9	124		0		961		748		487		124	
10	229		0		693		511		310		229	
Store5
1	290		125		0		804		677		290	
2	185		77		0		678		376		185	
3	380		120		0		700		601		380	
4	462		159		0		759		596		462	
5	396		143		0		771		576		396	
6	507		292		0		932		696		507	
7	423		186		0		704		650		423	
8	453		188		0		1039		773		453	
9	191		127		0		543		286		191	
10	246		106		0		679		455		246	


Shipments from Vendor to Warehouse (V T):
0.7663406	0.8884406	0	0	0	

Shipments from Warehouse to Stores (S T):
1	4	0.4776927
1	5	0.19049
2	4	0.4997973
2	5	0.2389767
3	1	0.329664
3	4	0.09895667
3	5	0.35987
4	2	0.3446907
4	4	0.2248367
4	5	0.2130767
5	3	0.31645
5	5	0.4482067


Required Putaway workers (Sol T):
3	3	3	3	0	

No of required pickers (T):
3	3	3	9	9	

No of part-time putaway workers (T):
1	1	1	1	0	

No of part-time pickers (T):
0	0	0	3	3	

Best Putaway Technology: 1200
Best Picking Technology: 500

Required Fashion Putaway Hours:
0	0	21.85	21	0	

Required Basic Putaway Hours:
18.4375	22.76083	0	0	0	

Required Total Putaway Hours:
18.4375	22.76083	21.85	21	0	

No of required fashion pick hours:
0	0	0	31.29	71.55	

No of required basic pick hours:
19.254	20.848	19.17	39.604	0	

No of required total pick hours:
19.254	20.848	19.17	70.894	71.55	

List of all the costs: 
MHECost		378
PutawayTechCost		1060
PickingTechCost		3195
WhBasicInvCost		620.22
BasicInbCost		3938.215
WhFashionInvCost		619.95
FashionInbCost		6134.139
PutawayCost		4160
StoreBasicInvCost		4802.7
StoreFashionInvCost		3353.25
OutboundCost		11478.83
PickingCost		11040
Total		50780.3

List of Top5 Technologies: 
Tech1		2	5	$ 50780.3
Tech2		3	5	$ 54279.92
Tech3		4	5	$ 58025.88
Tech4		4	1	$ 97374.6
Tech5		1	1	$ 108522.4
The start time is 12/17/2014 8:04:12 AM
The End time is 12/17/2014 8:04:18 AM
