Printing New Fashion Solution:

Inbound Fashion Solution (V F T):
1	1	4	5705
1	2	3	6275
1	3	4	5145
1	4	3	3830
1	5	4	5010
1	6	4	5190
1	7	4	4940
1	8	4	5535
1	9	3	4515
1	10	4	5275


Outbound Fashion Solution(S F T):
1	1	5	600
1	2	5	1865
1	3	5	640
1	4	5	195
1	5	5	1190
1	6	5	790
1	7	5	850
1	8	5	730
1	9	5	1090
1	10	5	1450
2	1	5	1415
2	2	5	1030
2	3	5	1145
2	4	5	530
2	5	5	930
2	6	5	1070
2	7	5	790
2	8	5	1510
2	9	5	65
2	10	5	1415
3	1	5	1335
3	2	5	1600
3	3	5	1190
3	4	4	745
3	5	5	730
3	6	5	1375
3	7	5	1470
3	8	5	885
3	9	4	810
3	10	5	1300
4	1	5	1275
4	2	5	745
4	3	5	1295
4	4	4	840
4	5	5	1120
4	6	5	930
4	7	5	515
4	8	5	1335
4	9	5	1445
4	10	5	535
5	1	5	1080
5	2	5	1035
5	3	5	875
5	4	5	1520
5	5	5	1040
5	6	5	1025
5	7	5	1315
5	8	5	1075
5	9	4	1105
5	10	5	575


Warehouse Fashion Inventory (W F T):
1	0		0		0		5705		0	
2	0		0		6275		6275		0	
3	0		0		0		5145		0	
4	0		0		3830		2245		0	
5	0		0		0		5010		0	
6	0		0		0		5190		0	
7	0		0		0		4940		0	
8	0		0		0		5535		0	
9	0		0		4515		2600		0	
10	0		0		0		5275		0	

Store Fashion Inventory (S F T):
Store1
1	0		0		0		600	
2	0		0		0		1865	
3	0		0		0		640	
4	0		0		0		195	
5	0		0		0		1190	
6	0		0		0		790	
7	0		0		0		850	
8	0		0		0		730	
9	0		0		0		1090	
10	0		0		0		1450	
Store2
1	0		0		0		1415	
2	0		0		0		1030	
3	0		0		0		1145	
4	0		0		0		530	
5	0		0		0		930	
6	0		0		0		1070	
7	0		0		0		790	
8	0		0		0		1510	
9	0		0		0		65	
10	0		0		0		1415	
Store3
1	0		0		0		1335	
2	0		0		0		1600	
3	0		0		0		1190	
4	0		0		745		745	
5	0		0		0		730	
6	0		0		0		1375	
7	0		0		0		1470	
8	0		0		0		885	
9	0		0		810		810	
10	0		0		0		1300	
Store4
1	0		0		0		1275	
2	0		0		0		745	
3	0		0		0		1295	
4	0		0		840		840	
5	0		0		0		1120	
6	0		0		0		930	
7	0		0		0		515	
8	0		0		0		1335	
9	0		0		0		1445	
10	0		0		0		535	
Store5
1	0		0		0		1080	
2	0		0		0		1035	
3	0		0		0		875	
4	0		0		0		1520	
5	0		0		0		1040	
6	0		0		0		1025	
7	0		0		0		1315	
8	0		0		0		1075	
9	0		0		1105		1105	
10	0		0		0		575	


Fashion Shipments from Vendor to Warehouse (V T):
0	0	0.5973267	1.4906	

Printing New Basic Solution:

Inbound Solution (V P T):
1	1	1	2132
1	1	2	3200
1	2	1	2414
1	2	2	2415
1	3	1	1323
1	3	2	3088
1	4	1	5469
1	5	1	1907
1	5	2	2862
1	6	1	1530
1	6	2	3572
1	7	1	1529
1	7	2	3570
1	8	1	2014
1	8	2	3022
1	9	1	470
1	9	2	4233
1	10	1	2812
1	10	2	1876


Outbound Solution(S P T):
1	1	2	1151
1	2	2	896
1	3	2	679
1	4	2	1055
1	5	2	894
1	6	2	1052
1	7	2	1106
1	8	2	990
1	9	2	1022
1	10	2	715
2	1	1	768
2	2	1	1130
2	3	1	674
2	4	1	1352
2	5	1	1248
2	6	1	1079
2	7	1	992
2	8	1	1171
2	9	1	826
2	10	1	1002
3	1	4	1161
3	2	4	1190
3	3	4	1172
3	4	4	952
3	5	4	707
3	6	4	710
3	7	4	1090
3	8	4	564
3	9	4	1136
3	10	4	945
4	1	4	1170
4	2	4	917
4	3	4	990
4	4	4	1180
4	5	4	931
4	6	4	1027
4	7	4	1080
4	8	4	1016
4	9	4	1035
4	10	4	1078
5	1	4	1082
5	2	4	696
5	3	4	896
5	4	4	930
5	5	4	989
5	6	4	1234
5	7	4	831
5	8	4	1295
5	9	4	684
5	10	4	948


Warehouse Inventory (W P T):
1	0		1364		3413		3413		0		0	
2	0		1284		2803		2803		0		0	
3	0		649		3058		3058		0		0	
4	0		4117		3062		3062		0		0	
5	0		659		2627		2627		0		0	
6	0		451		2971		2971		0		0	
7	0		537		3001		3001		0		0	
8	0		843		2875		2875		0		0	
9	356		0		3211		3211		356		356	
10	0		1810		2971		2971		0		0	

Store Inventory (S P T):
Store1
1	157		0		943		648		444		157	
2	209		0		701		603		526		209	
3	101		0		590		445		246		101	
4	121		0		799		661		364		121	
5	230		0		721		547		397		230	
6	233		0		851		720		448		233	
7	95		0		828		646		341		95	
8	301		0		818		664		540		301	
9	236		0		875		741		508		236	
10	143		0		674		466		231		143	
Store2
1	0		541		368		216		85		0	
2	0		972		825		448		123		0	
3	0		599		418		260		198		0	
4	0		1197		942		663		363		0	
5	0		952		820		633		330		0	
6	0		703		509		288		163		0	
7	0		747		603		434		201		0	
8	0		977		734		446		271		0	
9	0		695		478		356		190		0	
10	0		744		527		221		75		0	
Store3
1	706		569		220		0		964		706	
2	748		491		294		0		929		748	
3	493		240		0		0		739		493	
4	585		427		326		0		703		585	
5	390		261		157		0		523		390	
6	487		357		139		0		570		487	
7	502		262		133		0		806		502	
8	427		160		16		0		564		427	
9	802		516		280		0		929		802	
10	571		361		122		0		688		571	
Store4
1	612		344		170		0		748		612	
2	477		400		198		0		668		477	
3	560		406		271		0		791		560	
4	727		529		318		0		1003		727	
5	670		410		228		0		845		670	
6	430		324		134		0		803		430	
7	718		506		159		0		957		718	
8	653		525		321		0		789		653	
9	411		287		213		0		774		411	
10	796		567		182		0		877		796	
Store5
1	568		403		278		0		955		568	
2	203		95		18		0		394		203	
3	576		316		196		0		797		576	
4	633		330		171		0		767		633	
5	614		361		218		0		794		614	
6	809		594		302		0		998		809	
7	550		313		127		0		777		550	
8	709		444		256		0		1029		709	
9	332		268		141		0		427		332	
10	515		375		269		0		724		515	


Shipments from Vendor to Warehouse (V T):
0.6778407	0.9769406	0	0	0	

Shipments from Warehouse to Stores (S T):
1	2	0.3180193
1	5	0.3501633
2	1	0.3459574
2	5	0.3928167
3	4	0.4148206
3	5	0.37367
4	4	0.3956507
4	5	0.3869533
5	4	0.3709633
5	5	0.3936934


Required Putaway workers (Sol T):
3	3	2	4	0	

No of required pickers (T):
2	2	0	5	6	

No of part-time putaway workers (T):
0	0	0	1	0	

No of part-time pickers (T):
0	0	0	1	2	

Best Putaway Technology: 1200
Best Picking Technology: 1000

Required Fashion Putaway Hours:
0	0	12.18333	30.66667	0	

Required Basic Putaway Hours:
18	23.19833	0	0	0	

Required Total Putaway Hours:
18	23.19833	12.18333	30.66667	0	

No of required fashion pick hours:
0	0	0	3.5	47.92	

No of required basic pick hours:
10.242	9.56	0	29.636	0	

No of required total pick hours:
10.242	9.56	0	33.136	47.92	

List of all the costs: 
MHECost		432
PutawayTechCost		1060
PickingTechCost		9130
WhBasicInvCost		724.1
BasicInbCost		3938.215
WhFashionInvCost		625.4
FashionInbCost		6134.139
PutawayCost		5040
StoreBasicInvCost		4901.55
StoreFashionInvCost		2746
OutboundCost		10285.41
PickingCost		7120
Total		52136.81

List of Top5 Technologies: 
Tech1		2	6	$ 52136.81
Tech2		2	5	$ 52621.77
Tech3		1	5	$ 56904.31
Tech4		1	6	$ 63468.07
Tech5		1	4	$ 64202.47
The start time is 12/17/2014 8:04:00 AM
The End time is 12/17/2014 8:04:03 AM
