Results from Tech10
Putaway Technology: 1200.0
Picking Technology: 500.0

Full-Time Putaway workers: 2.0
Full-Time Picking workers: 4.0

Cost Breakdown:
	MHECost              $378.00
	PutawayTechCost      $1,060.00
	PickingTechCost      $3,195.00
	WhBasicInvCost       $492.89
	BasicInbCost         $5,688.96
	WhFashionInvCost     $1,181.05
	FashionInbCost       $3,382.95
	PutawayCost          $4,160.00
	StoreBasicInvCost    $2,891.50
	StoreFashionInvCost  $5,564.25
	OutboundCost         $8,025.28
	PickingCost          $7,840.00
	Total                $43,859.88


Printing New Fashion Solution:

Inbound Fashion Solution
1 	1 	2 	5550
1 	10 	1 	4710
1 	2 	2 	5975
1 	3 	2 	5255
1 	4 	2 	5380
1 	5 	1 	4095
1 	6 	1 	5055
1 	7 	1 	4055
1 	8 	1 	5095
1 	9 	2 	6425

Outbound Solution
1 	1 	5 	1410
1 	10 	5 	1920
1 	2 	5 	1805
1 	3 	5 	905
1 	4 	5 	1605
1 	5 	5 	225
1 	6 	5 	265
1 	7 	5 	810
1 	8 	5 	480
1 	9 	5 	1330
2 	1 	5 	990
2 	10 	2 	720
2 	2 	5 	1255
2 	3 	5 	1220
2 	4 	5 	1295
2 	5 	2 	715
2 	6 	2 	1650
2 	7 	5 	685
2 	8 	5 	1395
2 	9 	5 	1310
3 	1 	3 	1265
3 	10 	3 	445
3 	2 	3 	1075
3 	3 	3 	1170
3 	4 	3 	570
3 	5 	3 	1090
3 	6 	3 	425
3 	7 	3 	990
3 	8 	3 	1040
3 	9 	3 	1200
4 	1 	4 	935
4 	10 	4 	510
4 	2 	4 	1205
4 	3 	4 	780
4 	4 	4 	1285
4 	5 	4 	755
4 	6 	4 	1575
4 	7 	4 	635
4 	8 	4 	900
4 	9 	4 	1305
5 	1 	4 	950
5 	10 	2 	1115
5 	2 	4 	635
5 	3 	4 	1180
5 	4 	4 	625
5 	5 	2 	1310
5 	6 	2 	1140
5 	7 	2 	935
5 	8 	2 	1280
5 	9 	4 	1280

Store Inventory
Store1
1 0          0          0          0          1410      
1 0          0          0          0          1920      
1 0          0          0          0          1805      
1 0          0          0          0          905       
1 0          0          0          0          1605      
1 0          0          0          0          225       
1 0          0          0          0          265       
1 0          0          0          0          810       
1 0          0          0          0          480       
1 0          0          0          0          1330      
Store2
1 0          0          0          0          990       
1 0          720        720        720        720       
1 0          0          0          0          1255      
1 0          0          0          0          1220      
1 0          0          0          0          1295      
1 0          715        715        715        715       
1 0          1650       1650       1650       1650      
1 0          0          0          0          685       
1 0          0          0          0          1395      
1 0          0          0          0          1310      
Store3
1 0          0          1265       1265       1265      
1 0          0          445        445        445       
1 0          0          1075       1075       1075      
1 0          0          1170       1170       1170      
1 0          0          570        570        570       
1 0          0          1090       1090       1090      
1 0          0          425        425        425       
1 0          0          990        990        990       
1 0          0          1040       1040       1040      
1 0          0          1200       1200       1200      
Store4
1 0          0          0          935        935       
1 0          0          0          510        510       
1 0          0          0          1205       1205      
1 0          0          0          780        780       
1 0          0          0          1285       1285      
1 0          0          0          755        755       
1 0          0          0          1575       1575      
1 0          0          0          635        635       
1 0          0          0          900        900       
1 0          0          0          1305       1305      
Store5
1 0          0          0          950        950       
1 0          1115       1115       1115       1115      
1 0          0          0          635        635       
1 0          0          0          1180       1180      
1 0          0          0          625        625       
1 0          1310       1310       1310       1310      
1 0          1140       1140       1140       1140      
1 0          935        935        935        935       
1 0          1280       1280       1280       1280      
1 0          0          0          1280       1280      

Shipments from (Basic) Vendor to Warehouse
2          1          0          0          0         

Printing New Basic Solution:


Inbound Solution
1 	1 	1 	0
1 	1 	2 	0
1 	1 	3 	1653
1 	1 	4 	0
1 	1 	5 	2705
1 	10 	1 	0
1 	10 	2 	0
1 	10 	3 	3528
1 	10 	4 	0
1 	10 	5 	1463
1 	2 	1 	0
1 	2 	2 	0
1 	2 	3 	2290
1 	2 	4 	0
1 	2 	5 	3250
1 	3 	1 	0
1 	3 	2 	0
1 	3 	3 	2201
1 	3 	4 	0
1 	3 	5 	2750
1 	4 	1 	0
1 	4 	2 	0
1 	4 	3 	2549
1 	4 	4 	0
1 	4 	5 	2913
1 	5 	1 	0
1 	5 	2 	0
1 	5 	3 	1792
1 	5 	4 	0
1 	5 	5 	3564
1 	6 	1 	0
1 	6 	2 	0
1 	6 	3 	1855
1 	6 	4 	0
1 	6 	5 	2879
1 	7 	1 	0
1 	7 	2 	0
1 	7 	3 	1377
1 	7 	4 	0
1 	7 	5 	3249
1 	8 	1 	0
1 	8 	2 	0
1 	8 	3 	1450
1 	8 	4 	0
1 	8 	5 	3549
1 	9 	1 	0
1 	9 	2 	0
1 	9 	3 	2432
1 	9 	4 	0
1 	9 	5 	2478

Outbound Solution
Store1
1 451        0          0          0          241       
10 836        0          0          0          298       
2 861        0          0          0          168       
3 735        0          0          0          299       
4 950        0          0          0          145       
5 974        0          0          0          247       
6 986        0          0          0          0         
7 752        0          0          0          304       
8 1012       0          0          0          0         
9 674        0          0          0          149       
Store2
1 0          629        0          0          434       
10 0          710        0          0          260       
2 0          886        0          0          396       
3 0          577        0          0          254       
4 0          590        0          0          269       
5 0          620        0          0          383       
6 0          951        0          0          144       
7 0          628        0          0          380       
8 0          672        0          0          336       
9 0          580        0          0          388       
Store3
1 0          0          839        0          0         
10 0          0          975        0          0         
2 0          0          1088       0          0         
3 0          0          921        0          0         
4 0          0          1068       0          0         
5 0          0          1030       0          0         
6 0          0          1033       0          0         
7 0          0          844        0          0         
8 0          0          921        0          0         
9 0          0          1295       0          0         
Store4
1 653        0          0          364        0         
10 632        0          0          541        0         
2 478        0          0          594        0         
3 345        0          0          774        0         
4 649        0          0          689        0         
5 784        0          0          279        0         
6 505        0          0          422        0         
7 640        0          0          97         0         
8 925        0          0          0          0         
9 396        0          0          429        0         
Store5
1 0          297        0          450        0         
10 0          395        0          344        0         
2 0          461        0          608        0         
3 0          540        0          506        0         
4 0          310        0          792        0         
5 0          556        0          483        0         
6 0          293        0          400        0         
7 0          545        0          436        0         
8 0          604        0          529        0         
9 0          291        0          708        0         

Warehouse Inventory
1 926        0          814        0          2030      
10 1105       0          2553       1668       2573      
2 1347       0          1202       0          2686      
3 1117       0          1280       0          2197      
4 900        0          1481       0          2499      
5 1176       0          762        0          2934      
6 1244       0          822        0          2735      
7 1173       0          533        0          2565      
8 1276       0          529        0          3213      
9 871        0          1137       0          1941      

Store Inventory
Store1
1 296        115        73         0          0         
10 695        438        296        0          0         
2 640        503        362        0          0         
3 567        461        238        0          0         
4 743        553        156        0          0         
5 738        506        278        0          0         
6 887        750        466        236        0         
7 503        291        216        0          0         
8 699        434        170        126        0         
9 510        403        218        6          0         
Store2
1 0          326        170        0          250       
10 0          372        237        0          138       
2 0          618        322        0          224       
3 0          452        237        0          241       
4 0          352        96         0          64        
5 0          365        87         0          123       
6 0          724        457        137        156       
7 0          452        208        0          225       
8 0          488        223        0          134       
9 0          298        83         0          182       
Store3
1 180        0          736        528        404       
10 175        0          728        529        342       
2 108        0          773        432        226       
3 160        0          921        603        196       
4 77         0          729        596        327       
5 238        0          803        589        420       
6 107        0          836        602        487       
7 98         0          600        422        372       
8 300        0          739        611        413       
9 259        0          1042       865        566       
Store4
1 351        231        0          259        0         
10 317        185        0          237        0         
2 421        160        0          303        0         
3 284        133        0          447        0         
4 346        245        0          296        0         
5 728        470        283        264        0         
6 316        218        0          262        0         
7 400        149        0          74         0         
8 756        528        400        239        0         
9 189        114        0          209        0         
Store5
1 0          122        0          188        99        
10 0          294        0          241        103       
2 0          233        0          368        183       
3 0          264        0          212        151       
4 0          106        0          544        292       
5 0          171        0          351        91        
6 0          99         0          286        133       
7 0          200        0          294        157       
8 0          249        0          443        222       
9 0          116        0          433        218       

Shipments from (Basic) Vendor to Warehouse
0          0          1          0          1         

Shipments from (Fashion) Vendor to Warehouse
2          1          0          0          0         

Shipments from Warehouse to Stores
1 1          0          0          0          1         
2 0          1          0          0          1         
3 0          0          1          0          0         
4 1          0          0          1          0         
5 0          1          0          1          0         

No of part-time putaway workers:
1          1          1          0          1         

No of part-time picking workers:
0          1          1          2          2         
