Results from Tech10
Putaway Technology: 1200.0
Picking Technology: 500.0

Full-Time Putaway workers: 2.0
Full-Time Picking workers: 4.0

Cost Breakdown:
	MHECost              $378.00
	PutawayTechCost      $1,060.00
	PickingTechCost      $3,195.00
	WhBasicInvCost       $460.08
	BasicInbCost         $2,689.94
	WhFashionInvCost     $1,155.30
	FashionInbCost       $2,301.75
	PutawayCost          $4,160.00
	StoreBasicInvCost    $2,882.90
	StoreFashionInvCost  $5,224.00
	OutboundCost         $8,472.02
	PickingCost          $7,840.00
	Total                $39,818.99


Printing New Fashion Solution:

Inbound Fashion Solution
1 	1 	2 	3910
1 	10 	2 	4965
1 	2 	2 	5185
1 	3 	2 	4700
1 	4 	2 	4730
1 	5 	1 	4185
1 	6 	2 	4850
1 	7 	1 	7105
1 	8 	1 	4620
1 	9 	1 	5420

Outbound Solution
1 	1 	3 	450
1 	10 	3 	1505
1 	2 	3 	945
1 	3 	3 	1655
1 	4 	3 	1345
1 	5 	3 	475
1 	6 	3 	780
1 	7 	3 	1210
1 	8 	3 	960
1 	9 	3 	1295
2 	1 	5 	1070
2 	10 	5 	920
2 	2 	5 	735
2 	3 	5 	1360
2 	4 	5 	1265
2 	5 	2 	1100
2 	6 	5 	905
2 	7 	2 	1150
2 	8 	5 	700
2 	9 	5 	815
3 	1 	5 	1005
3 	10 	5 	490
3 	2 	5 	1300
3 	3 	5 	790
3 	4 	5 	885
3 	5 	5 	300
3 	6 	5 	1170
3 	7 	5 	2605
3 	8 	5 	720
3 	9 	5 	1015
4 	1 	4 	270
4 	10 	4 	1190
4 	2 	4 	965
4 	3 	4 	235
4 	4 	4 	725
4 	5 	2 	1095
4 	6 	4 	620
4 	7 	4 	1295
4 	8 	2 	1180
4 	9 	2 	1760
5 	1 	4 	1115
5 	10 	4 	860
5 	2 	4 	1240
5 	3 	4 	660
5 	4 	4 	510
5 	5 	4 	1215
5 	6 	4 	1375
5 	7 	4 	845
5 	8 	4 	1060
5 	9 	4 	535

Store Inventory
Store1
1 0          0          450        450        450       
1 0          0          1505       1505       1505      
1 0          0          945        945        945       
1 0          0          1655       1655       1655      
1 0          0          1345       1345       1345      
1 0          0          475        475        475       
1 0          0          780        780        780       
1 0          0          1210       1210       1210      
1 0          0          960        960        960       
1 0          0          1295       1295       1295      
Store2
1 0          0          0          0          1070      
1 0          0          0          0          920       
1 0          0          0          0          735       
1 0          0          0          0          1360      
1 0          0          0          0          1265      
1 0          1100       1100       1100       1100      
1 0          0          0          0          905       
1 0          1150       1150       1150       1150      
1 0          0          0          0          700       
1 0          0          0          0          815       
Store3
1 0          0          0          0          1005      
1 0          0          0          0          490       
1 0          0          0          0          1300      
1 0          0          0          0          790       
1 0          0          0          0          885       
1 0          0          0          0          300       
1 0          0          0          0          1170      
1 0          0          0          0          2605      
1 0          0          0          0          720       
1 0          0          0          0          1015      
Store4
1 0          0          0          270        270       
1 0          0          0          1190       1190      
1 0          0          0          965        965       
1 0          0          0          235        235       
1 0          0          0          725        725       
1 0          1095       1095       1095       1095      
1 0          0          0          620        620       
1 0          0          0          1295       1295      
1 0          1180       1180       1180       1180      
1 0          1760       1760       1760       1760      
Store5
1 0          0          0          1115       1115      
1 0          0          0          860        860       
1 0          0          0          1240       1240      
1 0          0          0          660        660       
1 0          0          0          510        510       
1 0          0          0          1215       1215      
1 0          0          0          1375       1375      
1 0          0          0          845        845       
1 0          0          0          1060       1060      
1 0          0          0          535        535       

Shipments from (Basic) Vendor to Warehouse
1          1          0          0          0         

Printing New Basic Solution:


Inbound Solution
1 	1 	1 	0
1 	1 	2 	0
1 	1 	3 	1851
1 	1 	4 	0
1 	1 	5 	2762
1 	10 	1 	0
1 	10 	2 	0
1 	10 	3 	1308
1 	10 	4 	0
1 	10 	5 	3207
1 	2 	1 	0
1 	2 	2 	0
1 	2 	3 	2209
1 	2 	4 	0
1 	2 	5 	3331
1 	3 	1 	0
1 	3 	2 	0
1 	3 	3 	1866
1 	3 	4 	0
1 	3 	5 	2896
1 	4 	1 	0
1 	4 	2 	0
1 	4 	3 	1847
1 	4 	4 	0
1 	4 	5 	2858
1 	5 	1 	0
1 	5 	2 	0
1 	5 	3 	2579
1 	5 	4 	0
1 	5 	5 	2979
1 	6 	1 	0
1 	6 	2 	0
1 	6 	3 	3388
1 	6 	4 	0
1 	6 	5 	1411
1 	7 	1 	0
1 	7 	2 	0
1 	7 	3 	2217
1 	7 	4 	0
1 	7 	5 	3060
1 	8 	1 	0
1 	8 	2 	0
1 	8 	3 	2437
1 	8 	4 	0
1 	8 	5 	3501
1 	9 	1 	0
1 	9 	2 	0
1 	9 	3 	2060
1 	9 	4 	0
1 	9 	5 	2795

Outbound Solution
Store1
1 0          0          947        0          0         
10 0          0          739        0          0         
2 0          0          1124       0          0         
3 0          0          932        0          0         
4 0          0          1069       0          0         
5 0          0          1435       0          0         
6 0          0          1058       0          0         
7 0          0          1326       0          0         
8 0          0          1183       0          0         
9 0          0          1278       0          0         
Store2
1 0          421        0          0          361       
10 0          505        0          0          482       
2 0          647        0          0          398       
3 0          669        0          0          397       
4 0          585        0          0          127       
5 0          496        0          0          311       
6 0          551        0          0          485       
7 0          637        0          0          604       
8 0          597        0          0          534       
9 0          745        0          0          171       
Store3
1 938        0          0          0          217       
10 639        0          0          0          216       
2 806        0          0          0          215       
3 600        0          0          0          330       
4 1094       0          0          0          237       
5 608        0          0          0          260       
6 695        0          0          0          113       
7 741        0          0          0          193       
8 1207       0          0          0          93        
9 843        0          0          0          206       
Store4
1 0          344        0          607        0         
10 0          312        0          558        0         
2 0          574        0          700        0         
3 0          409        0          748        0         
4 0          310        0          478        0         
5 0          525        0          720        0         
6 0          388        0          609        0         
7 0          267        0          618        0         
8 0          372        0          901        0         
9 0          361        0          420        0         
Store5
1 481        0          0          297        0         
10 1053       0          0          11         0         
2 691        0          0          385        0         
3 491        0          0          186        0         
4 505        0          0          300        0         
5 779        0          0          424        0         
6 565        0          0          335        0         
7 618        0          0          273        0         
8 698        0          0          353        0         
9 469        0          0          362        0         

Warehouse Inventory
1 765        0          904        0          2184      
10 817        0          569        0          2509      
2 1221       0          1085       0          2718      
3 1078       0          934        0          2169      
4 895        0          778        0          2494      
5 1021       0          1144       0          2408      
6 939        0          2330       1386       2199      
7 904        0          891        0          2263      
8 969        0          1254       0          2874      
9 1106       0          782        0          2418      

Store Inventory
Store1
1 270        0          794        630        521       
10 70         0          432        190        70        
2 239        0          885        668        348       
3 231        0          782        707        440       
4 293        0          803        658        516       
5 330        0          1258       911        633       
6 150        0          877        637        423       
7 191        0          994        837        435       
8 196        0          965        757        435       
9 195        0          986        679        379       
Store2
1 0          192        80         0          74        
10 0          261        119        0          259       
2 0          375        115        0          168       
3 0          421        394        0          154       
4 0          407        236        0          70        
5 0          452        292        0          187       
6 0          363        268        0          269       
7 0          558        192        0          299       
8 0          422        51         0          214       
9 0          557        356        0          95        
Store3
1 593        491        327        0          0         
10 417        176        0          0          0         
2 609        462        183        0          0         
3 449        185        0          0          0         
4 851        581        274        0          0         
5 531        361        283        0          0         
6 483        382        167        0          0         
7 566        324        192        0          0         
8 898        693        331        34         0         
9 512        366        123        0          0         
Store4
1 0          201        0          391        194       
10 0          159        0          465        179       
2 0          264        0          467        169       
3 0          0          0          459        177       
4 0          96         0          330        67        
5 0          377        7          475        154       
6 0          296        0          420        148       
7 0          225        0          367        227       
8 0          132        0          553        332       
9 0          110        0          279        177       
Store5
1 306        60         0          99         0         
10 931        697        433        135        0         
2 336        122        0          171        0         
3 444        159        0          165        0         
4 240        141        0          150        0         
5 471        285        0          222        0         
6 356        225        0          220        0         
7 301        36         0          114        0         
8 491        288        0          186        0         
9 180        90         0          148        0         

Shipments from (Basic) Vendor to Warehouse
0          0          1          0          1         

Shipments from (Fashion) Vendor to Warehouse
1          1          0          0          0         

Shipments from Warehouse to Stores
1 0          0          1          0          0         
2 0          1          0          0          1         
3 1          0          0          0          1         
4 0          1          0          1          0         
5 1          0          0          1          0         

No of part-time putaway workers:
1          1          1          0          1         

No of part-time picking workers:
0          0          2          2          2         
