Printing New Fashion Solution:

Inbound Fashion Solution (V F T):
1	1	4	3055
1	2	3	5475
1	3	4	5180
1	4	3	5345
1	5	3	4540
1	6	4	3710
1	7	3	4130
1	8	4	4200
1	9	3	4310
1	10	3	4410


Outbound Fashion Solution(S F T):
1	1	5	1360
1	2	5	635
1	3	5	1265
1	4	5	285
1	5	5	800
1	6	5	960
1	7	5	1070
1	8	5	875
1	9	5	595
1	10	5	685
2	1	5	265
2	2	4	1535
2	3	5	880
2	4	5	980
2	5	5	870
2	6	5	615
2	7	5	1215
2	8	5	435
2	9	4	1025
2	10	5	965
3	1	5	415
3	2	5	1540
3	3	5	600
3	4	5	1605
3	5	5	1380
3	6	5	900
3	7	5	210
3	8	5	980
3	9	5	550
3	10	5	850
4	1	5	315
4	2	4	1190
4	3	5	1160
4	4	5	1600
4	5	5	820
4	6	5	490
4	7	5	1055
4	8	5	1495
4	9	4	1085
4	10	4	975
5	1	5	700
5	2	5	575
5	3	5	1275
5	4	5	875
5	5	4	670
5	6	5	745
5	7	5	580
5	8	5	415
5	9	4	1055
5	10	4	935


Warehouse Fashion Inventory (W F T):
1	0		0		0		3055		0	
2	0		0		5475		2750		0	
3	0		0		0		5180		0	
4	0		0		5345		5345		0	
5	0		0		4540		3870		0	
6	0		0		0		3710		0	
7	0		0		4130		4130		0	
8	0		0		0		4200		0	
9	0		0		4310		1145		0	
10	0		0		4410		2500		0	

Store Fashion Inventory (S F T):
Store1
1	0		0		0		1360	
2	0		0		0		635	
3	0		0		0		1265	
4	0		0		0		285	
5	0		0		0		800	
6	0		0		0		960	
7	0		0		0		1070	
8	0		0		0		875	
9	0		0		0		595	
10	0		0		0		685	
Store2
1	0		0		0		265	
2	0		0		1535		1535	
3	0		0		0		880	
4	0		0		0		980	
5	0		0		0		870	
6	0		0		0		615	
7	0		0		0		1215	
8	0		0		0		435	
9	0		0		1025		1025	
10	0		0		0		965	
Store3
1	0		0		0		415	
2	0		0		0		1540	
3	0		0		0		600	
4	0		0		0		1605	
5	0		0		0		1380	
6	0		0		0		900	
7	0		0		0		210	
8	0		0		0		980	
9	0		0		0		550	
10	0		0		0		850	
Store4
1	0		0		0		315	
2	0		0		1190		1190	
3	0		0		0		1160	
4	0		0		0		1600	
5	0		0		0		820	
6	0		0		0		490	
7	0		0		0		1055	
8	0		0		0		1495	
9	0		0		1085		1085	
10	0		0		975		975	
Store5
1	0		0		0		700	
2	0		0		0		575	
3	0		0		0		1275	
4	0		0		0		875	
5	0		0		670		670	
6	0		0		0		745	
7	0		0		0		580	
8	0		0		0		415	
9	0		0		1055		1055	
10	0		0		935		935	


Fashion Shipments from Vendor to Warehouse (V T):
0	0	0.9325567	0.69771	

Printing New Basic Solution:

Inbound Solution (V P T):
1	1	1	2202
1	1	2	2202
1	2	1	2446
1	2	2	2446
1	3	1	2965
1	3	2	1271
1	4	1	3006
1	4	2	2005
1	5	1	1905
1	5	2	2859
1	6	1	3716
1	6	2	930
1	7	1	3180
1	7	2	2120
1	8	1	2047
1	8	2	3071
1	9	1	1032
1	9	2	4131
1	10	1	4636
1	10	2	516


Outbound Solution(S P T):
1	1	1	854
1	2	1	695
1	3	1	966
1	4	1	916
1	5	1	784
1	6	1	921
1	7	1	855
1	8	1	874
1	9	1	874
1	10	1	1000
2	1	2	985
2	2	2	1066
2	3	2	949
2	4	2	1228
2	5	2	1142
2	6	2	828
2	7	2	991
2	8	2	1133
2	9	2	1059
2	10	2	895
3	1	1	790
3	2	1	1049
3	3	1	894
3	4	1	879
3	5	1	969
3	6	1	878
3	7	1	1051
3	8	1	1042
3	9	1	1008
3	10	1	864
4	1	2	895
4	2	2	1099
4	3	2	606
4	4	2	764
4	5	2	1033
4	6	2	1053
4	7	2	1270
4	8	2	1020
4	9	2	1144
4	10	2	1180
5	1	4	880
5	2	4	983
5	3	4	821
5	4	4	1224
5	5	4	836
5	6	4	966
5	7	4	1133
5	8	4	1049
5	9	4	1078
5	10	4	1213


Warehouse Inventory (W P T):
1	0		558		880		880		0		0	
2	0		702		983		983		0		0	
3	0		1105		821		821		0		0	
4	0		1211		1224		1224		0		0	
5	0		152		836		836		0		0	
6	0		1917		966		966		0		0	
7	0		1274		1133		1133		0		0	
8	0		131		1049		1049		0		0	
9	850		0		1928		1928		850		850	
10	0		2772		1213		1213		0		0	

Store Inventory (S P T):
Store1
1	0		695		625		475		200		0	
2	0		524		329		268		220		0	
3	0		714		470		230		118		0	
4	0		701		566		396		160		0	
5	0		676		571		347		157		0	
6	0		690		481		303		175		0	
7	0		610		394		262		160		0	
8	0		711		579		515		311		0	
9	0		768		629		391		260		0	
10	0		743		530		435		202		0	
Store2
1	202		0		867		867		615		202	
2	334		0		922		732		560		334	
3	135		0		694		481		375		135	
4	194		0		947		754		496		194	
5	318		0		915		679		410		318	
6	63		0		686		546		332		63	
7	123		0		815		565		365		123	
8	302		0		937		734		366		302	
9	218		0		861		625		535		218	
10	227		0		685		417		362		227	
Store3
1	0		505		327		194		116		0	
2	0		943		686		392		104		0	
3	0		674		445		271		62		0	
4	0		620		477		292		75		0	
5	0		654		380		268		106		0	
6	0		814		653		374		190		0	
7	0		861		770		566		336		0	
8	0		764		701		455		236		0	
9	0		737		547		483		237		0	
10	0		778		642		444		234		0	
Store4
1	55		0		772		414		207		55	
2	100		0		812		647		310		100	
3	106		0		455		377		268		106	
4	167		0		564		312		312		167	
5	194		0		908		769		409		194	
6	312		0		872		721		522		312	
7	212		0		990		646		495		212	
8	111		0		837		589		238		111	
9	267		0		887		725		505		267	
10	237		0		847		668		423		237	
Store5
1	549		352		88		0		701		549	
2	558		358		168		0		779		558	
3	525		295		191		0		686		525	
4	856		514		364		0		966		856	
5	415		246		170		0		645		415	
6	547		216		161		0		810		547	
7	636		379		200		0		818		636	
8	431		289		245		0		788		431	
9	665		566		329		0		904		665	
10	750		534		264		0		1006		750	


Shipments from Vendor to Warehouse (V T):
0.9552875	0.7244887	0	0	0	

Shipments from Warehouse to Stores (S T):
1	1	0.3027333
1	5	0.33447
2	2	0.3467354
2	4	0.08394
2	5	0.2297967
3	1	0.326272
3	5	0.3230667
4	2	0.354934
4	4	0.12302
4	5	0.2576067
5	4	0.435408
5	5	0.19206


Required Putaway workers (Sol T):
3	3	3	2	0	

No of required pickers (T):
5	6	0	5	9	

No of part-time putaway workers (T):
1	1	1	0	0	

No of part-time pickers (T):
0	0	0	0	3	

Best Putaway Technology: 1200
Best Picking Technology: 500

Required Fashion Putaway Hours:
0	0	23.50833	13.45417	0	

Required Basic Putaway Hours:
22.6125	17.95917	0	0	0	

Required Total Putaway Hours:
22.6125	17.95917	23.50833	13.45417	0	

No of required fashion pick hours:
0	0	0	16.94	71.77	

No of required basic pick hours:
36.326	40.68	0	20.366	0	

No of required total pick hours:
36.326	40.68	0	37.306	71.77	

List of all the costs: 
MHECost		351
PutawayTechCost		1060
PickingTechCost		3195
WhBasicInvCost		335.88
BasicInbCost		5441.638
WhFashionInvCost		640.95
FashionInbCost		3913.578
PutawayCost		3920
StoreBasicInvCost		4824.55
StoreFashionInvCost		2641.25
OutboundCost		12826.79
PickingCost		10320
Total		49470.64

List of Top5 Technologies: 
Tech1		2	5	$ 49470.64
Tech2		3	5	$ 51643.61
Tech3		3	4	$ 61490.02
Tech4		3	1	$ 92220.02
Tech5		1	1	$ 100151.4
The start time is 12/17/2014 2:37:15 PM
The End time is 12/17/2014 2:37:19 PM
