Printing New Fashion Solution:

Inbound Fashion Solution (V F T):
1	1	2	3055
1	2	3	5475
1	3	2	5180
1	4	3	5345
1	5	3	4540
1	6	3	3710
1	7	3	4130
1	8	2	4200
1	9	2	4310
1	10	3	4410


Outbound Fashion Solution(S F T):
1	1	5	1360
1	2	5	635
1	3	5	1265
1	4	5	285
1	5	5	800
1	6	5	960
1	7	5	1070
1	8	5	875
1	9	5	595
1	10	5	685
2	1	5	265
2	2	5	1535
2	3	5	880
2	4	5	980
2	5	5	870
2	6	5	615
2	7	5	1215
2	8	5	435
2	9	5	1025
2	10	5	965
3	1	5	415
3	2	5	1540
3	3	5	600
3	4	5	1605
3	5	5	1380
3	6	5	900
3	7	5	210
3	8	5	980
3	9	5	550
3	10	5	850
4	1	5	315
4	2	5	1190
4	3	5	1160
4	4	5	1600
4	5	5	820
4	6	5	490
4	7	5	1055
4	8	5	1495
4	9	5	1085
4	10	5	975
5	1	5	700
5	2	5	575
5	3	5	1275
5	4	5	875
5	5	5	670
5	6	5	745
5	7	5	580
5	8	5	415
5	9	5	1055
5	10	5	935


Warehouse Fashion Inventory (W F T):
1	0		3055		3055		3055		0	
2	0		0		5475		5475		0	
3	0		5180		5180		5180		0	
4	0		0		5345		5345		0	
5	0		0		4540		4540		0	
6	0		0		3710		3710		0	
7	0		0		4130		4130		0	
8	0		4200		4200		4200		0	
9	0		4310		4310		4310		0	
10	0		0		4410		4410		0	

Store Fashion Inventory (S F T):
Store1
1	0		0		0		1360	
2	0		0		0		635	
3	0		0		0		1265	
4	0		0		0		285	
5	0		0		0		800	
6	0		0		0		960	
7	0		0		0		1070	
8	0		0		0		875	
9	0		0		0		595	
10	0		0		0		685	
Store2
1	0		0		0		265	
2	0		0		0		1535	
3	0		0		0		880	
4	0		0		0		980	
5	0		0		0		870	
6	0		0		0		615	
7	0		0		0		1215	
8	0		0		0		435	
9	0		0		0		1025	
10	0		0		0		965	
Store3
1	0		0		0		415	
2	0		0		0		1540	
3	0		0		0		600	
4	0		0		0		1605	
5	0		0		0		1380	
6	0		0		0		900	
7	0		0		0		210	
8	0		0		0		980	
9	0		0		0		550	
10	0		0		0		850	
Store4
1	0		0		0		315	
2	0		0		0		1190	
3	0		0		0		1160	
4	0		0		0		1600	
5	0		0		0		820	
6	0		0		0		490	
7	0		0		0		1055	
8	0		0		0		1495	
9	0		0		0		1085	
10	0		0		0		975	
Store5
1	0		0		0		700	
2	0		0		0		575	
3	0		0		0		1275	
4	0		0		0		875	
5	0		0		0		670	
6	0		0		0		745	
7	0		0		0		580	
8	0		0		0		415	
9	0		0		0		1055	
10	0		0		0		935	


Fashion Shipments from Vendor to Warehouse (V T):
0	0.6899967	0.9402701	0	

Printing New Basic Solution:

Inbound Solution (V P T):
1	1	1	880
1	1	4	3524
1	2	1	1467
1	2	4	3425
1	3	1	1270
1	3	4	2966
1	4	1	3006
1	4	4	2005
1	5	1	476
1	5	4	4288
1	6	1	3252
1	6	4	1394
1	7	1	2120
1	7	4	3180
1	8	1	3070
1	8	4	2048
1	9	1	2065
1	9	4	3098
1	10	1	5152


Outbound Solution(S P T):
1	1	4	854
1	2	4	695
1	3	4	966
1	4	4	916
1	5	4	784
1	6	4	921
1	7	4	855
1	8	4	874
1	9	4	874
1	10	4	1000
2	1	4	985
2	2	4	1066
2	3	4	949
2	4	4	1228
2	5	4	1142
2	6	4	828
2	7	4	991
2	8	4	1133
2	9	4	1059
2	10	4	895
3	1	1	790
3	2	1	1049
3	3	1	894
3	4	1	879
3	5	1	969
3	6	1	878
3	7	1	1051
3	8	1	1042
3	9	1	1008
3	10	1	864
4	1	1	895
4	2	1	1099
4	3	1	606
4	4	1	764
4	5	1	1033
4	6	1	1053
4	7	1	1270
4	8	1	1020
4	9	1	1144
4	10	1	1180
5	1	5	880
5	2	5	983
5	3	5	821
5	4	5	1224
5	5	5	836
5	6	5	966
5	7	5	1133
5	8	5	1049
5	9	5	1078
5	10	5	1213


Warehouse Inventory (W P T):
1	805		0		0		0		1685		805	
2	681		0		0		0		1664		681	
3	230		0		0		0		1051		230	
4	0		1363		1363		1363		1224		0	
5	1526		0		0		0		2362		1526	
6	0		1321		1321		1321		966		0	
7	201		0		0		0		1334		201	
8	0		1008		1008		1008		1049		0	
9	87		0		0		0		1165		87	
10	0		3108		3108		3108		1213		0	

Store Inventory (S P T):
Store1
1	379		220		150		0		579		379	
2	427		256		61		0		647		427	
3	736		484		240		0		854		736	
4	520		305		170		0		680		520	
5	437		329		224		0		594		437	
6	618		387		178		0		793		618	
7	593		348		132		0		753		593	
8	359		196		64		0		670		359	
9	483		377		238		0		743		483	
10	565		308		95		0		767		565	
Store2
1	320		118		0		0		733		320	
2	668		334		190		0		894		668	
3	603		468		213		0		843		603	
4	668		474		193		0		970		668	
5	781		463		236		0		873		781	
6	345		282		140		0		614		345	
7	549		426		250		0		791		549	
8	701		399		203		0		765		701	
9	652		434		236		0		969		652	
10	705		478		268		0		840		705	
Store3
1	0		505		327		194		116		0	
2	0		943		686		392		104		0	
3	0		674		445		271		62		0	
4	0		620		477		292		75		0	
5	0		654		380		268		106		0	
6	0		814		653		374		190		0	
7	0		861		770		566		336		0	
8	0		764		701		455		236		0	
9	0		737		547		483		237		0	
10	0		778		642		444		234		0	
Store4
1	0		840		717		359		152		0	
2	0		999		712		547		210		0	
3	0		500		349		271		162		0	
4	0		597		397		145		145		0	
5	0		839		714		575		215		0	
6	0		741		560		409		210		0	
7	0		1058		778		434		283		0	
8	0		909		726		478		127		0	
9	0		877		620		458		238		0	
10	0		943		610		431		186		0	
Store5
1	728		531		267		179		0		728	
2	762		562		372		204		0		762	
3	660		430		326		135		0		660	
4	1114		772		622		258		0		1114	
5	606		437		361		191		0		606	
6	703		372		317		156		0		703	
7	951		694		515		315		0		951	
8	692		550		506		261		0		692	
9	839		740		503		174		0		839	
10	957		741		471		207		0		957	


Shipments from Vendor to Warehouse (V T):
0.8124034	0	0	0.8673726	0	

Shipments from Warehouse to Stores (S T):
1	4	0.3027333
1	5	0.33447
2	4	0.3467354
2	5	0.3137366
3	1	0.326272
3	5	0.3230667
4	1	0.354934
4	5	0.3806266
5	5	0.627468


Required Putaway workers (Sol T):
3	2	3	3	0	

No of required pickers (T):
3	0	0	3	7	

No of part-time putaway workers (T):
1	0	1	1	0	

No of part-time pickers (T):
0	0	0	0	2	

Best Putaway Technology: 1200
Best Picking Technology: 1000

Required Fashion Putaway Hours:
0	13.95417	23.00833	0	0	

Required Basic Putaway Hours:
18.965	0	0	21.60667	0	

Required Total Putaway Hours:
18.965	13.95417	23.00833	21.60667	0	

No of required fashion pick hours:
0	0	0	0	44.355	

No of required basic pick hours:
19.488	0	0	19.015	10.183	

No of required total pick hours:
19.488	0	0	19.015	54.538	

List of all the costs: 
MHECost		351
PutawayTechCost		1060
PickingTechCost		9130
WhBasicInvCost		376.43
BasicInbCost		5441.638
WhFashionInvCost		1054.55
FashionInbCost		3913.578
PutawayCost		3920
StoreBasicInvCost		4808.15
StoreFashionInvCost		2217.75
OutboundCost		10006.19
PickingCost		8480
Total		50759.29

List of Top5 Technologies: 
Tech1		2	6	$ 50759.29
Tech2		2	5	$ 62319.3
Tech3		2	1	$ 112459.5
Tech4		3	1	$ 113009.9
Tech5		1	1	$ 118787.1
The start time is 12/17/2014 2:37:19 PM
The End time is 12/17/2014 2:37:23 PM
