Printing New Fashion Solution:

Inbound Fashion Solution (V F T):
1	1	4	3055
1	2	3	5475
1	3	3	5180
1	4	3	5345
1	5	3	4540
1	6	4	3710
1	7	4	4130
1	8	4	4200
1	9	4	4310
1	10	4	4410


Outbound Fashion Solution(S F T):
1	1	5	1360
1	2	4	635
1	3	4	1265
1	4	5	285
1	5	5	800
1	6	5	960
1	7	5	1070
1	8	5	875
1	9	5	595
1	10	5	685
2	1	5	265
2	2	4	1535
2	3	4	880
2	4	5	980
2	5	4	870
2	6	5	615
2	7	5	1215
2	8	5	435
2	9	5	1025
2	10	5	965
3	1	5	415
3	2	4	1540
3	3	4	600
3	4	4	1605
3	5	5	1380
3	6	5	900
3	7	5	210
3	8	5	980
3	9	5	550
3	10	5	850
4	1	5	315
4	2	5	1190
4	3	5	1160
4	4	5	1600
4	5	5	820
4	6	5	490
4	7	5	1055
4	8	5	1495
4	9	5	1085
4	10	5	975
5	1	5	700
5	2	5	575
5	3	5	1275
5	4	5	875
5	5	5	670
5	6	5	745
5	7	5	580
5	8	5	415
5	9	5	1055
5	10	5	935


Warehouse Fashion Inventory (W F T):
1	0		0		0		3055		0	
2	0		0		5475		1765		0	
3	0		0		5180		2435		0	
4	0		0		5345		3740		0	
5	0		0		4540		3670		0	
6	0		0		0		3710		0	
7	0		0		0		4130		0	
8	0		0		0		4200		0	
9	0		0		0		4310		0	
10	0		0		0		4410		0	

Store Fashion Inventory (S F T):
Store1
1	0		0		0		1360	
2	0		0		635		635	
3	0		0		1265		1265	
4	0		0		0		285	
5	0		0		0		800	
6	0		0		0		960	
7	0		0		0		1070	
8	0		0		0		875	
9	0		0		0		595	
10	0		0		0		685	
Store2
1	0		0		0		265	
2	0		0		1535		1535	
3	0		0		880		880	
4	0		0		0		980	
5	0		0		870		870	
6	0		0		0		615	
7	0		0		0		1215	
8	0		0		0		435	
9	0		0		0		1025	
10	0		0		0		965	
Store3
1	0		0		0		415	
2	0		0		1540		1540	
3	0		0		600		600	
4	0		0		1605		1605	
5	0		0		0		1380	
6	0		0		0		900	
7	0		0		0		210	
8	0		0		0		980	
9	0		0		0		550	
10	0		0		0		850	
Store4
1	0		0		0		315	
2	0		0		0		1190	
3	0		0		0		1160	
4	0		0		0		1600	
5	0		0		0		820	
6	0		0		0		490	
7	0		0		0		1055	
8	0		0		0		1495	
9	0		0		0		1085	
10	0		0		0		975	
Store5
1	0		0		0		700	
2	0		0		0		575	
3	0		0		0		1275	
4	0		0		0		875	
5	0		0		0		670	
6	0		0		0		745	
7	0		0		0		580	
8	0		0		0		415	
9	0		0		0		1055	
10	0		0		0		935	


Fashion Shipments from Vendor to Warehouse (V T):
0	0	0.68589	0.9443768	

Printing New Basic Solution:

Inbound Solution (V P T):
1	1	1	1322
1	1	2	3082
1	2	1	490
1	2	2	4402
1	3	1	2118
1	3	2	2118
1	4	1	1003
1	4	2	4008
1	5	1	3812
1	5	2	952
1	6	1	1394
1	6	2	3252
1	7	1	2120
1	7	2	3180
1	8	1	3071
1	8	2	2047
1	9	1	1033
1	9	2	4130
1	10	1	3607
1	10	2	1545


Outbound Solution(S P T):
1	1	4	854
1	2	4	695
1	3	4	966
1	4	4	916
1	5	4	784
1	6	4	921
1	7	4	855
1	8	4	874
1	9	4	874
1	10	4	1000
2	1	2	985
2	2	2	1066
2	3	2	949
2	4	2	1228
2	5	2	1142
2	6	2	828
2	7	2	991
2	8	2	1133
2	9	2	1059
2	10	2	895
3	1	4	790
3	2	4	1049
3	3	4	894
3	4	4	879
3	5	4	969
3	6	4	878
3	7	4	1051
3	8	4	1042
3	9	4	1008
3	10	4	864
4	1	2	895
4	2	2	1099
4	3	2	606
4	4	2	764
4	5	2	1033
4	6	2	1053
4	7	2	1270
4	8	2	1020
4	9	2	1144
4	10	2	1180
5	1	1	880
5	2	1	983
5	3	1	821
5	4	1	1224
5	5	1	836
5	6	1	966
5	7	1	1133
5	8	1	1049
5	9	1	1078
5	10	1	1213


Warehouse Inventory (W P T):
1	0		442		1644		1644		0		0	
2	493		0		2237		2237		493		493	
3	0		1297		1860		1860		0		0	
4	221		0		2016		2016		221		221	
5	0		2976		1753		1753		0		0	
6	0		428		1799		1799		0		0	
7	0		987		1906		1906		0		0	
8	0		2022		1916		1916		0		0	
9	45		0		1927		1927		45		45	
10	0		2394		1864		1864		0		0	

Store Inventory (S P T):
Store1
1	379		220		150		0		579		379	
2	427		256		61		0		647		427	
3	736		484		240		0		854		736	
4	520		305		170		0		680		520	
5	437		329		224		0		594		437	
6	618		387		178		0		793		618	
7	593		348		132		0		753		593	
8	359		196		64		0		670		359	
9	483		377		238		0		743		483	
10	565		308		95		0		767		565	
Store2
1	202		0		867		867		615		202	
2	334		0		922		732		560		334	
3	135		0		694		481		375		135	
4	194		0		947		754		496		194	
5	318		0		915		679		410		318	
6	63		0		686		546		332		63	
7	123		0		815		565		365		123	
8	302		0		937		734		366		302	
9	218		0		861		625		535		218	
10	227		0		685		417		362		227	
Store3
1	596		311		133		0		712		596	
2	657		551		294		0		761		657	
3	623		403		174		0		685		623	
4	587		328		185		0		662		587	
5	701		386		112		0		807		701	
6	504		440		279		0		694		504	
7	485		295		204		0		821		485	
8	587		309		246		0		823		587	
9	525		254		64		0		762		525	
10	420		334		198		0		654		420	
Store4
1	55		0		772		414		207		55	
2	100		0		812		647		310		100	
3	106		0		455		377		268		106	
4	167		0		564		312		312		167	
5	194		0		908		769		409		194	
6	312		0		872		721		522		312	
7	212		0		990		646		495		212	
8	111		0		837		589		238		111	
9	267		0		887		725		505		267	
10	237		0		847		668		423		237	
Store5
1	0		683		419		331		152		0	
2	0		783		593		425		221		0	
3	0		591		487		296		161		0	
4	0		882		732		368		110		0	
5	0		667		591		421		230		0	
6	0		635		580		419		263		0	
7	0		876		697		497		182		0	
8	0		907		863		618		357		0	
9	0		979		742		413		239		0	
10	0		997		727		463		256		0	


Shipments from Vendor to Warehouse (V T):
0.7242754	0.9555007	0	0	0	

Shipments from Warehouse to Stores (S T):
1	4	0.3838033
1	5	0.2534
2	2	0.3467354
2	4	0.12828
2	5	0.1854567
3	4	0.450262
3	5	0.1990767
4	2	0.354934
4	5	0.3806266
5	1	0.3491013
5	5	0.2783667


Required Putaway workers (Sol T):
3	3	3	3	0	

No of required pickers (T):
3	6	0	7	9	

No of part-time putaway workers (T):
1	1	1	1	0	

No of part-time pickers (T):
0	0	0	1	3	

Best Putaway Technology: 1200
Best Picking Technology: 500

Required Fashion Putaway Hours:
0	0	17.11667	19.84583	0	

Required Basic Putaway Hours:
16.64167	23.93	0	0	0	

Required Total Putaway Hours:
16.64167	23.93	17.11667	19.84583	0	

No of required fashion pick hours:
0	0	0	17.86	70.85	

No of required basic pick hours:
20.366	40.68	0	36.326	0	

No of required total pick hours:
20.366	40.68	0	54.186	70.85	

List of all the costs: 
MHECost		378
PutawayTechCost		1060
PickingTechCost		3195
WhBasicInvCost		499.08
BasicInbCost		5441.638
WhFashionInvCost		559.65
FashionInbCost		3913.578
PutawayCost		4160
StoreBasicInvCost		4845.051
StoreFashionInvCost		2664.25
OutboundCost		12340.06
PickingCost		10560
Total		49616.3

List of Top5 Technologies: 
Tech1		2	6	$ 51516.77
Tech2		2	5	$ 61268.38
Tech3		2	1	$ 109762.4
Tech4		3	1	$ 128936.6
Tech5		4	1	$ 130414.6
The start time is 12/17/2014 2:37:31 PM
The End time is 12/17/2014 2:37:35 PM
