WarehouseVolume:[
(1)	[100000000]
]
StoreVolume:[
(1)	[10000000]
(2)	[10000000]
(3)	[10000000]
(4)	[10000000]
(5)	[10000000]
]
StoreDemand:[
(1	1	1)	[159]
(1	1	2)	[70]
(1	1	3)	[150]
(1	1	4)	[275]
(1	1	5)	[200]
(1	2	1)	[171]
(1	2	2)	[195]
(1	2	3)	[61]
(1	2	4)	[48]
(1	2	5)	[220]
(1	3	1)	[252]
(1	3	2)	[244]
(1	3	3)	[240]
(1	3	4)	[112]
(1	3	5)	[118]
(1	4	1)	[215]
(1	4	2)	[135]
(1	4	3)	[170]
(1	4	4)	[236]
(1	4	5)	[160]
(1	5	1)	[108]
(1	5	2)	[105]
(1	5	3)	[224]
(1	5	4)	[190]
(1	5	5)	[157]
(1	6	1)	[231]
(1	6	2)	[209]
(1	6	3)	[178]
(1	6	4)	[128]
(1	6	5)	[175]
(1	7	1)	[245]
(1	7	2)	[216]
(1	7	3)	[132]
(1	7	4)	[102]
(1	7	5)	[160]
(1	8	1)	[163]
(1	8	2)	[132]
(1	8	3)	[64]
(1	8	4)	[204]
(1	8	5)	[311]
(1	9	1)	[106]
(1	9	2)	[139]
(1	9	3)	[238]
(1	9	4)	[131]
(1	9	5)	[260]
(1	10	1)	[257]
(1	10	2)	[213]
(1	10	3)	[95]
(1	10	4)	[233]
(1	10	5)	[202]
(2	1	1)	[202]
(2	1	2)	[118]
(2	1	3)	[0]
(2	1	4)	[252]
(2	1	5)	[413]
(2	2	1)	[334]
(2	2	2)	[144]
(2	2	3)	[190]
(2	2	4)	[172]
(2	2	5)	[226]
(2	3	1)	[135]
(2	3	2)	[255]
(2	3	3)	[213]
(2	3	4)	[106]
(2	3	5)	[240]
(2	4	1)	[194]
(2	4	2)	[281]
(2	4	3)	[193]
(2	4	4)	[258]
(2	4	5)	[302]
(2	5	1)	[318]
(2	5	2)	[227]
(2	5	3)	[236]
(2	5	4)	[269]
(2	5	5)	[92]
(2	6	1)	[63]
(2	6	2)	[142]
(2	6	3)	[140]
(2	6	4)	[214]
(2	6	5)	[269]
(2	7	1)	[123]
(2	7	2)	[176]
(2	7	3)	[250]
(2	7	4)	[200]
(2	7	5)	[242]
(2	8	1)	[302]
(2	8	2)	[196]
(2	8	3)	[203]
(2	8	4)	[368]
(2	8	5)	[64]
(2	9	1)	[218]
(2	9	2)	[198]
(2	9	3)	[236]
(2	9	4)	[90]
(2	9	5)	[317]
(2	10	1)	[227]
(2	10	2)	[210]
(2	10	3)	[268]
(2	10	4)	[55]
(2	10	5)	[135]
(3	1	1)	[285]
(3	1	2)	[178]
(3	1	3)	[133]
(3	1	4)	[78]
(3	1	5)	[116]
(3	2	1)	[106]
(3	2	2)	[257]
(3	2	3)	[294]
(3	2	4)	[288]
(3	2	5)	[104]
(3	3	1)	[220]
(3	3	2)	[229]
(3	3	3)	[174]
(3	3	4)	[209]
(3	3	5)	[62]
(3	4	1)	[259]
(3	4	2)	[143]
(3	4	3)	[185]
(3	4	4)	[217]
(3	4	5)	[75]
(3	5	1)	[315]
(3	5	2)	[274]
(3	5	3)	[112]
(3	5	4)	[162]
(3	5	5)	[106]
(3	6	1)	[64]
(3	6	2)	[161]
(3	6	3)	[279]
(3	6	4)	[184]
(3	6	5)	[190]
(3	7	1)	[190]
(3	7	2)	[91]
(3	7	3)	[204]
(3	7	4)	[230]
(3	7	5)	[336]
(3	8	1)	[278]
(3	8	2)	[63]
(3	8	3)	[246]
(3	8	4)	[219]
(3	8	5)	[236]
(3	9	1)	[271]
(3	9	2)	[190]
(3	9	3)	[64]
(3	9	4)	[246]
(3	9	5)	[237]
(3	10	1)	[86]
(3	10	2)	[136]
(3	10	3)	[198]
(3	10	4)	[210]
(3	10	5)	[234]
(4	1	1)	[55]
(4	1	2)	[123]
(4	1	3)	[358]
(4	1	4)	[207]
(4	1	5)	[152]
(4	2	1)	[100]
(4	2	2)	[287]
(4	2	3)	[165]
(4	2	4)	[337]
(4	2	5)	[210]
(4	3	1)	[106]
(4	3	2)	[151]
(4	3	3)	[78]
(4	3	4)	[109]
(4	3	5)	[162]
(4	4	1)	[167]
(4	4	2)	[200]
(4	4	3)	[252]
(4	4	4)	[0]
(4	4	5)	[145]
(4	5	1)	[194]
(4	5	2)	[125]
(4	5	3)	[139]
(4	5	4)	[360]
(4	5	5)	[215]
(4	6	1)	[312]
(4	6	2)	[181]
(4	6	3)	[151]
(4	6	4)	[199]
(4	6	5)	[210]
(4	7	1)	[212]
(4	7	2)	[280]
(4	7	3)	[344]
(4	7	4)	[151]
(4	7	5)	[283]
(4	8	1)	[111]
(4	8	2)	[183]
(4	8	3)	[248]
(4	8	4)	[351]
(4	8	5)	[127]
(4	9	1)	[267]
(4	9	2)	[257]
(4	9	3)	[162]
(4	9	4)	[220]
(4	9	5)	[238]
(4	10	1)	[237]
(4	10	2)	[333]
(4	10	3)	[179]
(4	10	4)	[245]
(4	10	5)	[186]
(5	1	1)	[197]
(5	1	2)	[264]
(5	1	3)	[88]
(5	1	4)	[179]
(5	1	5)	[152]
(5	2	1)	[200]
(5	2	2)	[190]
(5	2	3)	[168]
(5	2	4)	[204]
(5	2	5)	[221]
(5	3	1)	[230]
(5	3	2)	[104]
(5	3	3)	[191]
(5	3	4)	[135]
(5	3	5)	[161]
(5	4	1)	[342]
(5	4	2)	[150]
(5	4	3)	[364]
(5	4	4)	[258]
(5	4	5)	[110]
(5	5	1)	[169]
(5	5	2)	[76]
(5	5	3)	[170]
(5	5	4)	[191]
(5	5	5)	[230]
(5	6	1)	[331]
(5	6	2)	[55]
(5	6	3)	[161]
(5	6	4)	[156]
(5	6	5)	[263]
(5	7	1)	[257]
(5	7	2)	[179]
(5	7	3)	[200]
(5	7	4)	[315]
(5	7	5)	[182]
(5	8	1)	[142]
(5	8	2)	[44]
(5	8	3)	[245]
(5	8	4)	[261]
(5	8	5)	[357]
(5	9	1)	[99]
(5	9	2)	[237]
(5	9	3)	[329]
(5	9	4)	[174]
(5	9	5)	[239]
(5	10	1)	[216]
(5	10	2)	[270]
(5	10	3)	[264]
(5	10	4)	[207]
(5	10	5)	[256]
]
FixedCostVendorToWarehouse:[
(1	1)	[401.77]
]
FixedCostWarehouseToStore:[
(1	1)	[85.67]
(1	2)	[66.13]
(1	3)	[253.17]
(1	4)	[45.59]
(1	5)	[468.61]
]
Variable_FixedCostVendorToWarehouse:[
(1	1)	[1185.2]
]
VariableCostVendorToWarehouse:[
(1	1)	[0.09]
]
Variable_FixedCostWarehouseToStore:[
(1	1)	[541.39]
(1	2)	[492.45]
(1	3)	[884.41]
(1	4)	[441.14]
(1	5)	[1306.68]
]
VariableCostWarehouseToStore:[
(1	1)	[0.041]
(1	2)	[0.034]
(1	3)	[0.067]
(1	4)	[0.027]
(1	5)	[0.099]
]
ProductVolume:[
(1)	[0.36]
(2)	[0.29]
(3)	[0.61]
(4)	[0.53]
(5)	[0.86]
(6)	[0.48]
(7)	[0.9]
(8)	[0.4]
(9)	[0.42]
(10)	[0.59]
]
ProductWeight:[
(1)	[0.4]
(2)	[0.29]
(3)	[0.47]
(4)	[0.28]
(5)	[0.52]
(6)	[0.86]
(7)	[0.75]
(8)	[0.66]
(9)	[0.48]
(10)	[0.45]
]
MapVendorToProduct:[
(1	1)	[1]
(1	2)	[1]
(1	3)	[1]
(1	4)	[1]
(1	5)	[1]
(1	6)	[1]
(1	7)	[1]
(1	8)	[1]
(1	9)	[1]
(1	10)	[1]
]
LeadTimeWarehouseToStores:[
(1	1)	[0]
(1	2)	[0]
(1	3)	[0]
(1	4)	[0]
(1	5)	[0]
]
StoreDemandForFashionProducts:[
(1	1)	[1360]
(1	2)	[635]
(1	3)	[1265]
(1	4)	[285]
(1	5)	[800]
(1	6)	[960]
(1	7)	[1070]
(1	8)	[875]
(1	9)	[595]
(1	10)	[685]
(2	1)	[265]
(2	2)	[1535]
(2	3)	[880]
(2	4)	[980]
(2	5)	[870]
(2	6)	[615]
(2	7)	[1215]
(2	8)	[435]
(2	9)	[1025]
(2	10)	[965]
(3	1)	[415]
(3	2)	[1540]
(3	3)	[600]
(3	4)	[1605]
(3	5)	[1380]
(3	6)	[900]
(3	7)	[210]
(3	8)	[980]
(3	9)	[550]
(3	10)	[850]
(4	1)	[315]
(4	2)	[1190]
(4	3)	[1160]
(4	4)	[1600]
(4	5)	[820]
(4	6)	[490]
(4	7)	[1055]
(4	8)	[1495]
(4	9)	[1085]
(4	10)	[975]
(5	1)	[700]
(5	2)	[575]
(5	3)	[1275]
(5	4)	[875]
(5	5)	[670]
(5	6)	[745]
(5	7)	[580]
(5	8)	[415]
(5	9)	[1055]
(5	10)	[935]
]
FixedCostFashionVendorToWarehouse:[
(1	1)	[253.17]
]
Variable_FixedCostFashionVendorToWarehouse:[
(1	1)	[884.41]
]
VariableCostFashionVendorToWarehouse:[
(1	1)	[0.067]
]
FashionProductVolume:[
(1)	[0.53]
(2)	[0.94]
(3)	[0.23]
(4)	[0.09]
(5)	[0.44]
(6)	[0.42]
(7)	[0.83]
(8)	[0.75]
(9)	[0.72]
(10)	[0.01]
]
FashionProductWeight:[
(1)	[0.73]
(2)	[0.66]
(3)	[0.63]
(4)	[0.29]
(5)	[0.41]
(6)	[0.31]
(7)	[0.56]
(8)	[0.91]
(9)	[0.24]
(10)	[0.82]
]
MapFashionVendorToProduct:[
(1	1)	[1]
(1	2)	[1]
(1	3)	[1]
(1	4)	[1]
(1	5)	[1]
(1	6)	[1]
(1	7)	[1]
(1	8)	[1]
(1	9)	[1]
(1	10)	[1]
]
