Printing New Fashion Solution:

Inbound Fashion Solution (V F T):
1	1	2	4715
1	2	4	5075
1	3	4	4640
1	4	2	4475
1	5	2	5045
1	6	4	5590
1	7	2	4385
1	8	4	5110
1	9	2	4345
1	10	4	5095


Outbound Fashion Solution(S F T):
1	1	4	1420
1	2	5	1610
1	3	5	1040
1	4	4	910
1	5	4	895
1	6	5	855
1	7	4	1030
1	8	5	1355
1	9	4	680
1	10	5	1400
2	1	4	735
2	2	5	965
2	3	5	1110
2	4	5	935
2	5	4	1075
2	6	5	545
2	7	5	1475
2	8	5	805
2	9	3	1270
2	10	5	780
3	1	3	920
3	2	5	805
3	3	5	1245
3	4	5	840
3	5	4	850
3	6	5	1575
3	7	5	655
3	8	5	1410
3	9	4	930
3	10	5	530
4	1	3	835
4	2	5	895
4	4	5	1395
4	5	3	820
4	6	5	1090
4	7	5	660
4	8	5	805
4	9	3	635
4	10	5	1415
5	1	4	805
5	2	5	800
5	3	5	1245
5	4	5	395
5	5	4	1405
5	6	5	1525
5	7	5	565
5	8	5	735
5	9	4	830
5	10	5	970


Warehouse Fashion Inventory (W F T):
1	0		4715		2960		0		0	
2	0		0		0		5075		0	
3	0		0		0		4640		0	
4	0		4475		4475		3565		0	
5	0		5045		4225		0		0	
6	0		0		0		5590		0	
7	0		4385		4385		3355		0	
8	0		0		0		5110		0	
9	0		4345		2440		0		0	
10	0		0		0		5095		0	

Store Fashion Inventory (S F T):
Store1
1	0		0		1420		1420	
2	0		0		0		1610	
3	0		0		0		1040	
4	0		0		910		910	
5	0		0		895		895	
6	0		0		0		855	
7	0		0		1030		1030	
8	0		0		0		1355	
9	0		0		680		680	
10	0		0		0		1400	
Store2
1	0		0		735		735	
2	0		0		0		965	
3	0		0		0		1110	
4	0		0		0		935	
5	0		0		1075		1075	
6	0		0		0		545	
7	0		0		0		1475	
8	0		0		0		805	
9	0		1270		1270		1270	
10	0		0		0		780	
Store3
1	0		920		920		920	
2	0		0		0		805	
3	0		0		0		1245	
4	0		0		0		840	
5	0		0		850		850	
6	0		0		0		1575	
7	0		0		0		655	
8	0		0		0		1410	
9	0		0		930		930	
10	0		0		0		530	
Store4
1	0		835		835		835	
2	0		0		0		895	
3	0		0		0		0	
4	0		0		0		1395	
5	0		820		820		820	
6	0		0		0		1090	
7	0		0		0		660	
8	0		0		0		805	
9	0		635		635		635	
10	0		0		0		1415	
Store5
1	0		0		805		805	
2	0		0		0		800	
3	0		0		0		1245	
4	0		0		0		395	
5	0		0		1405		1405	
6	0		0		0		1525	
7	0		0		0		565	
8	0		0		0		735	
9	0		0		830		830	
10	0		0		0		970	


Fashion Shipments from Vendor to Warehouse (V T):
0	0.7448633	0	0.7914134	

Printing New Basic Solution:

Inbound Solution (V P T):
1	1	1	4894
1	2	1	2796
1	2	3	1865
1	3	1	1518
1	3	3	3545
1	4	1	2200
1	4	3	3302
1	5	1	3824
1	5	3	1640
1	6	1	1531
1	6	3	3573
1	7	1	1991
1	7	3	2987
1	8	1	3539
1	8	3	2360
1	9	1	3321
1	9	3	1424
1	10	1	1579
1	10	3	3685


Outbound Solution(S P T):
1	1	4	928
1	2	4	845
1	3	4	1199
1	4	4	1135
1	5	4	1416
1	6	4	741
1	7	4	837
1	8	4	1235
1	9	4	1153
1	10	4	1301
2	1	3	533
2	1	5	457
2	2	3	849
2	2	5	255
2	3	3	424
2	3	5	243
2	4	3	637
2	4	5	348
2	5	3	474
2	5	5	333
2	6	3	619
2	6	5	478
2	7	3	697
2	7	5	364
2	8	3	632
2	8	5	265
2	9	3	388
2	9	5	278
2	10	3	571
2	10	5	416
3	1	1	682
3	1	4	129
3	2	1	921
3	2	4	134
3	3	1	843
3	3	4	162
3	4	1	859
3	4	4	212
3	5	1	698
3	5	4	377
3	6	1	809
3	6	4	217
3	7	1	946
3	7	4	184
3	8	1	1105
3	8	4	222
3	9	1	733
3	9	4	251
3	10	1	555
3	10	4	292
4	1	3	1192
4	2	3	731
4	3	3	1277
4	4	3	1274
4	5	3	1055
4	6	3	1126
4	7	3	1070
4	8	3	1249
4	9	3	879
4	10	3	1236
5	1	1	803
5	1	4	170
5	2	1	783
5	2	4	143
5	3	1	915
5	4	1	831
5	4	4	206
5	5	1	914
5	5	4	197
5	6	1	820
5	6	4	294
5	7	1	726
5	7	4	154
5	8	1	1030
5	8	4	161
5	9	1	732
5	9	4	331
5	10	1	688
5	10	4	205


Warehouse Inventory (W P T):
1	0		3409		3409		1684		457		0	
2	0		1092		1092		1377		255		0	
3	240		0		0		1844		483		240	
4	0		510		510		1901		348		0	
5	0		2212		2212		2323		333		0	
6	98		0		0		1828		576		98	
7	0		319		319		1539		364		0	
8	0		1404		1404		1883		265		0	
9	0		1856		1856		2013		278		0	
10	0		336		336		2214		416		0	

Store Inventory (S P T):
Store1
1	497		338		204		0		667		497	
2	564		346		140		0		701		564	
3	848		580		285		0		1086		848	
4	676		402		108		0		794		676	
5	885		636		335		0		1214		885	
6	438		260		33		0		537		438	
7	470		225		161		0		728		470	
8	801		488		364		0		1006		801	
9	727		495		304		0		971		727	
10	844		579		308		0		1094		844	
Store2
1	397		245		0		357		76		397	
2	537		166		0		621		594		537	
3	368		99		0		331		181		368	
4	500		387		0		482		289		500	
5	343		77		0		414		141		343	
6	427		275		0		457		141		427	
7	483		303		0		511		333		483	
8	450		273		0		451		367		450	
9	273		60		0		223		110		273	
10	433		188		0		331		155		433	
Store3
1	0		519		318		208		208		0	
2	0		768		549		250		250		0	
3	0		815		527		199		199		0	
4	0		584		389		332		332		0	
5	0		511		463		238		238		0	
6	0		685		453		219		219		0	
7	0		608		303		79		79		0	
8	0		768		511		224		224		0	
9	0		576		385		385		385		0	
10	0		250		181		68		68		0	
Store4
1	441		256		0		964		672		441	
2	334		210		0		546		492		334	
3	272		117		0		861		589		272	
4	487		156		0		1198		925		487	
5	529		196		0		830		656		529	
6	593		248		0		932		832		593	
7	496		243		0		829		594		496	
8	421		226		0		1023		674		421	
9	551		249		0		711		551		551	
10	525		349		0		1009		811		525	
Store5
1	0		658		453		71		71		0	
2	0		697		387		227		227		0	
3	0		520		378		158		158		0	
4	0		624		452		263		263		0	
5	0		647		485		216		216		0	
6	0		614		370		177		177		0	
7	0		567		357		167		167		0	
8	0		607		337		233		233		0	
9	0		599		258		107		107		0	
10	0		475		385		280		280		0	


Shipments from Vendor to Warehouse (V T):
0.8177999	0	0.7543414	0	0	

Shipments from Warehouse to Stores (S T):
1	4	0.479776
1	5	0.1973667
2	3	0.259306
2	4	0.07564666
2	5	0.2645393
3	1	0.2392807
3	3	0.03189333
3	4	0.1626713
3	5	0.18511
4	3	0.4612293
4	5	0.14242
5	1	0.2445593
5	4	0.1979793
5	5	0.16664


Required Putaway workers (Sol T):
3	3	3	3	0	

No of required pickers (T):
5	0	6	7	9	

No of part-time putaway workers (T):
1	1	1	1	0	

No of part-time pickers (T):
0	0	0	1	3	

Best Putaway Technology: 1200
Best Picking Technology: 500

Required Fashion Putaway Hours:
0	19.1375	0	21.25833	0	

Required Basic Putaway Hours:
22.66083	0	20.3175	0	0	

Required Total Putaway Hours:
22.66083	19.1375	20.3175	21.25833	0	

No of required fashion pick hours:
0	0	8.96	23.13	64.86	

No of required basic pick hours:
32.786	0	33.826	29.662	6.874	

No of required total pick hours:
32.786	0	42.786	52.792	71.734	

List of all the costs: 
MHECost		378
PutawayTechCost		1060
PickingTechCost		3195
WhBasicInvCost		449.95
BasicInbCost		3124.417
WhFashionInvCost		738.8
FashionInbCost		2454.967
PutawayCost		4160
StoreBasicInvCost		4291.05
StoreFashionInvCost		3450
OutboundCost		12623.44
PickingCost		10560
Total		46485.63

List of Top5 Technologies: 
Tech1		2	5	$ 46485.63
Tech2		3	5	$ 49477.79
Tech3		3	4	$ 59045.99
Tech4		3	1	$ 94901
Tech5		1	1	$ 95661.25
The start time is 12/19/2014 4:18:37 PM
The End time is 12/19/2014 4:18:44 PM
