Printing New Fashion Solution:

Inbound Fashion Solution (V F T):
1	1	3	4715
1	2	2	5075
1	3	3	4640
1	4	3	4475
1	5	2	5045
1	6	3	5590
1	7	3	4385
1	8	2	5110
1	9	3	4345
1	10	2	5095


Outbound Fashion Solution(S F T):
1	1	5	1420
1	2	5	1610
1	3	4	1040
1	4	5	910
1	5	4	895
1	6	5	855
1	7	4	1030
1	8	5	1355
1	9	5	680
1	10	5	1400
2	1	5	735
2	2	5	965
2	3	5	1110
2	4	5	935
2	5	5	1075
2	6	5	545
2	7	5	1475
2	8	5	805
2	9	5	1270
2	10	5	780
3	1	5	920
3	2	4	805
3	3	5	1245
3	4	5	840
3	5	5	850
3	6	4	1575
3	7	4	655
3	8	5	1410
3	9	5	930
3	10	5	530
4	1	5	835
4	2	4	895
4	4	5	1395
4	5	4	820
4	6	5	1090
4	7	5	660
4	8	4	805
4	9	5	635
4	10	5	1415
5	1	5	805
5	2	5	800
5	3	4	1245
5	4	5	395
5	5	5	1405
5	6	5	1525
5	7	5	565
5	8	5	735
5	9	5	830
5	10	5	970


Warehouse Fashion Inventory (W F T):
1	0		0		4715		4715		0	
2	0		5075		5075		3375		0	
3	0		0		4640		2355		0	
4	0		0		4475		4475		0	
5	0		5045		5045		3330		0	
6	0		0		5590		4015		0	
7	0		0		4385		2700		0	
8	0		5110		5110		4305		0	
9	0		0		4345		4345		0	
10	0		5095		5095		5095		0	

Store Fashion Inventory (S F T):
Store1
1	0		0		0		1420	
2	0		0		0		1610	
3	0		0		1040		1040	
4	0		0		0		910	
5	0		0		895		895	
6	0		0		0		855	
7	0		0		1030		1030	
8	0		0		0		1355	
9	0		0		0		680	
10	0		0		0		1400	
Store2
1	0		0		0		735	
2	0		0		0		965	
3	0		0		0		1110	
4	0		0		0		935	
5	0		0		0		1075	
6	0		0		0		545	
7	0		0		0		1475	
8	0		0		0		805	
9	0		0		0		1270	
10	0		0		0		780	
Store3
1	0		0		0		920	
2	0		0		805		805	
3	0		0		0		1245	
4	0		0		0		840	
5	0		0		0		850	
6	0		0		1575		1575	
7	0		0		655		655	
8	0		0		0		1410	
9	0		0		0		930	
10	0		0		0		530	
Store4
1	0		0		0		835	
2	0		0		895		895	
3	0		0		0		0	
4	0		0		0		1395	
5	0		0		820		820	
6	0		0		0		1090	
7	0		0		0		660	
8	0		0		805		805	
9	0		0		0		635	
10	0		0		0		1415	
Store5
1	0		0		0		805	
2	0		0		0		800	
3	0		0		1245		1245	
4	0		0		0		395	
5	0		0		0		1405	
6	0		0		0		1525	
7	0		0		0		565	
8	0		0		0		735	
9	0		0		0		830	
10	0		0		0		970	


Fashion Shipments from Vendor to Warehouse (V T):
0	0.7486401	0.7876366	0	

Printing New Basic Solution:

Inbound Solution (V P T):
1	1	4	3916
1	1	5	978
1	2	4	1865
1	2	5	2796
1	3	4	3038
1	3	5	2025
1	4	4	3302
1	4	5	2200
1	5	4	3279
1	5	5	2185
1	6	4	4084
1	6	5	1020
1	7	4	996
1	7	5	3982
1	8	4	1180
1	8	5	4719
1	9	4	4271
1	9	5	474
1	10	4	2632
1	10	5	2632


Outbound Solution(S P T):
1	1	4	928
1	2	4	845
1	3	4	1199
1	4	4	1135
1	5	4	1416
1	6	4	741
1	7	4	837
1	8	4	1235
1	9	4	1153
1	10	4	1301
2	1	5	990
2	2	5	1104
2	3	5	667
2	4	5	985
2	5	5	807
2	6	5	1097
2	7	5	1061
2	8	5	897
2	9	5	666
2	10	5	987
3	1	1	682
3	1	4	129
3	2	1	921
3	2	4	134
3	3	1	843
3	3	4	162
3	4	1	859
3	4	4	212
3	5	1	698
3	5	4	377
3	6	1	809
3	6	4	217
3	7	1	946
3	7	4	184
3	8	1	1105
3	8	4	222
3	9	1	733
3	9	4	251
3	10	1	555
3	10	4	292
4	1	4	1192
4	2	4	731
4	3	4	1277
4	4	4	1274
4	5	4	1055
4	6	4	1126
4	7	4	1070
4	8	4	1249
4	9	4	879
4	10	4	1236
5	1	4	973
5	2	4	926
5	3	4	915
5	4	4	1037
5	5	4	1111
5	6	4	1114
5	7	4	880
5	8	4	1191
5	9	4	1063
5	10	4	893


Warehouse Inventory (W P T):
1	682		0		0		0		694		682	
2	1692		771		771		771		0		1692	
3	1358		515		515		515		0		1358	
4	1215		356		356		356		0		1215	
5	1378		680		680		680		0		1378	
6	809		0		0		0		886		809	
7	2921		1975		1975		1975		0		2921	
8	3822		2717		2717		2717		0		3822	
9	733		0		0		0		925		733	
10	1645		1090		1090		1090		0		1645	

Store Inventory (S P T):
Store1
1	497		338		204		0		667		497	
2	564		346		140		0		701		564	
3	848		580		285		0		1086		848	
4	676		402		108		0		794		676	
5	885		636		335		0		1214		885	
6	438		260		33		0		537		438	
7	470		225		161		0		728		470	
8	801		488		364		0		1006		801	
9	727		495		304		0		971		727	
10	844		579		308		0		1094		844	
Store2
1	854		702		457		281		0		854	
2	792		421		255		27		0		792	
3	611		342		243		150		0		611	
4	848		735		348		193		0		848	
5	676		410		333		273		0		676	
6	905		753		478		316		0		905	
7	847		667		364		178		0		847	
8	715		538		265		84		0		715	
9	551		338		278		113		0		551	
10	849		604		416		176		0		849	
Store3
1	0		519		318		208		208		0	
2	0		768		549		250		250		0	
3	0		815		527		199		199		0	
4	0		584		389		332		332		0	
5	0		511		463		238		238		0	
6	0		685		453		219		219		0	
7	0		608		303		79		79		0	
8	0		768		511		224		224		0	
9	0		576		385		385		385		0	
10	0		250		181		68		68		0	
Store4
1	669		484		228		0		900		669	
2	519		395		185		0		677		519	
3	688		533		416		0		1005		688	
4	563		232		76		0		1001		563	
5	754		421		225		0		881		754	
6	787		442		194		0		1026		787	
7	737		484		241		0		835		737	
8	647		452		226		0		900		647	
9	719		417		168		0		719		719	
10	752		576		227		0		1038		752	
Store5
1	732		587		382		0		803		732	
2	556		470		160		0		783		556	
3	757		362		220		0		915		757	
4	568		361		189		0		831		568	
5	698		431		269		0		914		698	
6	643		437		193		0		820		643	
7	559		400		190		0		726		559	
8	797		374		104		0		1030		797	
9	625		492		151		0		732		625	
10	408		195		105		0		688		408	


Shipments from Vendor to Warehouse (V T):
0	0	0	0.8594961	0.7126454	

Shipments from Warehouse to Stores (S T):
1	4	0.4184894
1	5	0.2586533
2	5	0.5994921
3	1	0.2392807
3	4	0.1136647
3	5	0.26601
4	4	0.4437093
4	5	0.15994
5	4	0.3415953
5	5	0.2675833


Required Putaway workers (Sol T):
0	3	3	3	3	

No of required pickers (T):
2	0	0	6	6	

No of part-time putaway workers (T):
0	1	1	1	1	

No of part-time pickers (T):
0	0	0	2	2	

Best Putaway Technology: 1200
Best Picking Technology: 1000

Required Fashion Putaway Hours:
0	16.9375	23.45833	0	0	

Required Basic Putaway Hours:
0	0	0	23.8025	19.17583	

Required Total Putaway Hours:
0	16.9375	23.45833	23.8025	19.17583	

No of required fashion pick hours:
0	0	0	9.765	38.71	

No of required basic pick hours:
8.151	0	0	34.162	9.261	

No of required total pick hours:
8.151	0	0	43.927	47.971	

List of all the costs: 
MHECost		378
PutawayTechCost		1060
PickingTechCost		9130
WhBasicInvCost		430.72
BasicInbCost		3124.417
WhFashionInvCost		1075.1
FashionInbCost		2454.967
PutawayCost		4160
StoreBasicInvCost		4909.4
StoreFashionInvCost		2912
OutboundCost		9799.522
PickingCost		7360
Total		46794.13

List of Top5 Technologies: 
Tech1		2	6	$ 46794.13
Tech2		4	6	$ 49751.99
Tech3		4	4	$ 52852.48
Tech4		4	1	$ 87021.98
Tech5		3	1	$ 124084.6
The start time is 12/19/2014 4:18:37 PM
The End time is 12/19/2014 4:18:50 PM
