Printing New Fashion Solution:

Inbound Fashion Solution (V F T):
1	1	4	4715
1	2	2	5075
1	3	4	4640
1	4	2	4475
1	5	2	5045
1	6	4	5590
1	7	2	4385
1	8	4	5110
1	9	2	4345
1	10	4	5095


Outbound Fashion Solution(S F T):
1	1	5	1420
1	2	4	1610
1	3	5	1040
1	4	4	910
1	5	3	895
1	6	5	855
1	7	3	1030
1	8	5	1355
1	9	4	680
1	10	5	1400
2	1	5	735
2	2	3	965
2	3	5	1110
2	4	3	935
2	5	4	1075
2	6	5	545
2	7	3	1475
2	8	5	805
2	9	3	1270
2	10	5	780
3	1	5	920
3	2	3	805
3	3	5	1245
3	4	4	840
3	5	3	850
3	6	5	1575
3	7	3	655
3	8	5	1410
3	9	3	930
3	10	5	530
4	1	5	835
4	2	4	895
4	4	4	1395
4	5	4	820
4	6	5	1090
4	7	4	660
4	8	5	805
4	9	4	635
4	10	5	1415
5	1	5	805
5	2	4	800
5	3	5	1245
5	4	4	395
5	5	4	1405
5	6	5	1525
5	7	4	565
5	8	5	735
5	9	4	830
5	10	5	970


Warehouse Fashion Inventory (W F T):
1	0		0		0		4715		0	
2	0		5075		3305		0		0	
3	0		0		0		4640		0	
4	0		4475		3540		0		0	
5	0		5045		3300		0		0	
6	0		0		0		5590		0	
7	0		4385		1225		0		0	
8	0		0		0		5110		0	
9	0		4345		2145		0		0	
10	0		0		0		5095		0	

Store Fashion Inventory (S F T):
Store1
1	0		0		0		1420	
2	0		0		1610		1610	
3	0		0		0		1040	
4	0		0		910		910	
5	0		895		895		895	
6	0		0		0		855	
7	0		1030		1030		1030	
8	0		0		0		1355	
9	0		0		680		680	
10	0		0		0		1400	
Store2
1	0		0		0		735	
2	0		965		965		965	
3	0		0		0		1110	
4	0		935		935		935	
5	0		0		1075		1075	
6	0		0		0		545	
7	0		1475		1475		1475	
8	0		0		0		805	
9	0		1270		1270		1270	
10	0		0		0		780	
Store3
1	0		0		0		920	
2	0		805		805		805	
3	0		0		0		1245	
4	0		0		840		840	
5	0		850		850		850	
6	0		0		0		1575	
7	0		655		655		655	
8	0		0		0		1410	
9	0		930		930		930	
10	0		0		0		530	
Store4
1	0		0		0		835	
2	0		0		895		895	
3	0		0		0		0	
4	0		0		1395		1395	
5	0		0		820		820	
6	0		0		0		1090	
7	0		0		660		660	
8	0		0		0		805	
9	0		0		635		635	
10	0		0		0		1415	
Store5
1	0		0		0		805	
2	0		0		800		800	
3	0		0		0		1245	
4	0		0		395		395	
5	0		0		1405		1405	
6	0		0		0		1525	
7	0		0		565		565	
8	0		0		0		735	
9	0		0		830		830	
10	0		0		0		970	


Fashion Shipments from Vendor to Warehouse (V T):
0	0.67276	0	0.8635167	

Printing New Basic Solution:

Inbound Solution (V P T):
1	1	1	1468
1	1	3	3426
1	2	1	4661
1	3	1	1518
1	3	3	3545
1	4	1	2751
1	4	3	2751
1	5	1	2732
1	5	3	2732
1	6	1	1020
1	6	3	4084
1	7	1	4480
1	7	3	498
1	8	1	4129
1	8	3	1770
1	9	1	949
1	9	3	3796
1	10	1	3158
1	10	3	2106


Outbound Solution(S P T):
1	1	3	928
1	2	3	845
1	3	3	1199
1	4	3	1135
1	5	3	1416
1	6	3	741
1	7	3	837
1	8	3	1235
1	9	3	1153
1	10	3	1301
2	1	3	464
2	1	4	526
2	2	3	911
2	2	4	193
2	3	3	418
2	3	4	249
2	4	3	405
2	4	4	580
2	5	3	457
2	5	4	350
2	6	3	506
2	6	4	591
2	7	3	580
2	7	4	481
2	8	3	540
2	8	4	357
2	9	3	493
2	9	4	173
2	10	3	623
2	10	4	364
3	1	2	811
3	2	2	1055
3	3	2	1005
3	4	2	1071
3	5	2	1075
3	6	2	1026
3	7	2	1130
3	8	2	1327
3	9	2	984
3	10	2	847
4	1	1	1192
4	2	1	731
4	3	1	1277
4	4	1	1274
4	5	1	1055
4	6	1	1126
4	7	1	1070
4	8	1	1249
4	9	1	879
4	10	1	1236
5	1	4	973
5	2	4	926
5	3	4	915
5	4	4	1037
5	5	4	1111
5	6	4	1114
5	7	4	880
5	8	4	1191
5	9	4	1063
5	10	4	893


Warehouse Inventory (W P T):
1	535		811		0		2034		535		535	
2	0		3930		2875		1119		0		0	
3	764		1005		0		1928		764		764	
4	0		1477		406		1617		0		0	
5	0		1677		602		1461		0		0	
6	1132		1026		0		2837		1132		1132	
7	0		3410		2280		1361		0		0	
8	0		2880		1553		1548		0		0	
9	914		984		0		2150		914		914	
10	0		1922		1075		1257		0		0	

Store Inventory (S P T):
Store1
1	293		134		0		724		463		293	
2	424		206		0		705		561		424	
3	563		295		0		914		801		563	
4	568		294		0		1027		686		568	
5	550		301		0		1081		879		550	
6	405		227		0		708		504		405	
7	309		64		0		676		567		309	
8	437		124		0		871		642		437	
9	423		191		0		849		667		423	
10	536		271		0		993		786		536	
Store2
1	397		245		0		288		533		397	
2	537		166		0		683		849		537	
3	368		99		0		325		424		368	
4	500		387		0		250		637		500	
5	343		77		0		397		474		343	
6	427		275		0		344		619		427	
7	483		303		0		394		697		483	
8	450		273		0		359		632		450	
9	273		60		0		328		388		273	
10	433		188		0		383		571		433	
Store3
1	163		0		610		500		371		163	
2	153		0		836		537		403		153	
3	28		0		717		389		227		28	
4	275		0		876		819		607		275	
5	187		0		1027		802		425		187	
6	124		0		794		560		343		124	
7	338		0		825		601		417		338	
8	337		0		1070		783		561		337	
9	157		0		793		793		542		157	
10	305		0		778		665		373		305	
Store4
1	0		1007		751		523		231		0	
2	0		607		397		212		158		0	
3	0		1122		1005		589		317		0	
4	0		943		787		711		438		0	
5	0		722		526		301		127		0	
6	0		781		533		339		239		0	
7	0		817		574		333		98		0	
8	0		1054		828		602		253		0	
9	0		577		328		160		0		0	
10	0		1060		711		484		286		0	
Store5
1	732		587		382		0		803		732	
2	556		470		160		0		783		556	
3	757		362		220		0		915		757	
4	568		361		189		0		831		568	
5	698		431		269		0		914		698	
6	643		437		193		0		820		643	
7	559		400		190		0		726		559	
8	797		374		104		0		1030		797	
9	625		492		151		0		732		625	
10	408		195		105		0		688		408	


Shipments from Vendor to Warehouse (V T):
0.837804	0	0.7343374	0	0	

Shipments from Warehouse to Stores (S T):
1	3	0.380356
1	4	0.07917333
1	5	0.2176133
2	3	0.2825047
2	4	0.174674
2	5	0.1423133
3	2	0.3027653
3	3	0.1189167
3	4	0.00616
3	5	0.1911134
4	1	0.353376
4	4	0.1105267
4	5	0.1397467
5	4	0.4364486
5	5	0.17273


Required Putaway workers (Sol T):
3	3	3	3	0	

No of required pickers (T):
3	3	7	7	7	

No of part-time putaway workers (T):
1	1	1	1	0	

No of part-time pickers (T):
0	0	2	2	2	

Best Putaway Technology: 1200
Best Picking Technology: 500

Required Fashion Putaway Hours:
0	19.4375	0	20.95833	0	

Required Basic Putaway Hours:
22.38833	0	20.59	0	0	

Required Total Putaway Hours:
22.38833	19.4375	20.59	20.95833	0	

No of required fashion pick hours:
0	0	19.62	27.03	50.3	

No of required basic pick hours:
22.178	20.662	32.374	27.934	0	

No of required total pick hours:
22.178	20.662	51.994	54.964	50.3	

List of all the costs: 
MHECost		378
PutawayTechCost		1060
PickingTechCost		3195
WhBasicInvCost		519.1501
BasicInbCost		3124.417
WhFashionInvCost		619.9
FashionInbCost		2454.967
PutawayCost		4160
StoreBasicInvCost		5043.85
StoreFashionInvCost		4080.5
OutboundCost		13814.58
PickingCost		9440
Total		47890.37

List of Top5 Technologies: 
Tech1		2	5	$ 47890.37
Tech2		2	3	$ 57243.92
Tech3		2	1	$ 90162.92
Tech4		3	1	$ 125680.4
Tech5		1	1	$ 128366
The start time is 12/19/2014 4:18:37 PM
The End time is 12/19/2014 4:18:44 PM
