WarehouseVolume:[
(1)	[100000000]
]
StoreVolume:[
(1)	[10000000]
(2)	[10000000]
(3)	[10000000]
(4)	[10000000]
(5)	[10000000]
]
StoreDemand:[
(1	1	1)	[159]
(1	1	2)	[134]
(1	1	3)	[204]
(1	1	4)	[261]
(1	1	5)	[170]
(1	2	1)	[218]
(1	2	2)	[206]
(1	2	3)	[140]
(1	2	4)	[144]
(1	2	5)	[137]
(1	3	1)	[268]
(1	3	2)	[295]
(1	3	3)	[285]
(1	3	4)	[113]
(1	3	5)	[238]
(1	4	1)	[274]
(1	4	2)	[294]
(1	4	3)	[108]
(1	4	4)	[341]
(1	4	5)	[118]
(1	5	1)	[249]
(1	5	2)	[301]
(1	5	3)	[335]
(1	5	4)	[202]
(1	5	5)	[329]
(1	6	1)	[178]
(1	6	2)	[227]
(1	6	3)	[33]
(1	6	4)	[204]
(1	6	5)	[99]
(1	7	1)	[245]
(1	7	2)	[64]
(1	7	3)	[161]
(1	7	4)	[109]
(1	7	5)	[258]
(1	8	1)	[313]
(1	8	2)	[124]
(1	8	3)	[364]
(1	8	4)	[229]
(1	8	5)	[205]
(1	9	1)	[232]
(1	9	2)	[191]
(1	9	3)	[304]
(1	9	4)	[182]
(1	9	5)	[244]
(1	10	1)	[265]
(1	10	2)	[271]
(1	10	3)	[308]
(1	10	4)	[207]
(1	10	5)	[250]
(2	1	1)	[152]
(2	1	2)	[245]
(2	1	3)	[176]
(2	1	4)	[281]
(2	1	5)	[136]
(2	2	1)	[371]
(2	2	2)	[166]
(2	2	3)	[228]
(2	2	4)	[27]
(2	2	5)	[312]
(2	3	1)	[269]
(2	3	2)	[99]
(2	3	3)	[93]
(2	3	4)	[150]
(2	3	5)	[56]
(2	4	1)	[113]
(2	4	2)	[387]
(2	4	3)	[155]
(2	4	4)	[193]
(2	4	5)	[137]
(2	5	1)	[266]
(2	5	2)	[77]
(2	5	3)	[60]
(2	5	4)	[273]
(2	5	5)	[131]
(2	6	1)	[152]
(2	6	2)	[275]
(2	6	3)	[162]
(2	6	4)	[316]
(2	6	5)	[192]
(2	7	1)	[180]
(2	7	2)	[303]
(2	7	3)	[186]
(2	7	4)	[178]
(2	7	5)	[214]
(2	8	1)	[177]
(2	8	2)	[273]
(2	8	3)	[181]
(2	8	4)	[84]
(2	8	5)	[182]
(2	9	1)	[213]
(2	9	2)	[60]
(2	9	3)	[165]
(2	9	4)	[113]
(2	9	5)	[115]
(2	10	1)	[245]
(2	10	2)	[188]
(2	10	3)	[240]
(2	10	4)	[176]
(2	10	5)	[138]
(3	1	1)	[163]
(3	1	2)	[201]
(3	1	3)	[110]
(3	1	4)	[129]
(3	1	5)	[208]
(3	2	1)	[153]
(3	2	2)	[219]
(3	2	3)	[299]
(3	2	4)	[134]
(3	2	5)	[250]
(3	3	1)	[28]
(3	3	2)	[288]
(3	3	3)	[328]
(3	3	4)	[162]
(3	3	5)	[199]
(3	4	1)	[275]
(3	4	2)	[195]
(3	4	3)	[57]
(3	4	4)	[212]
(3	4	5)	[332]
(3	5	1)	[187]
(3	5	2)	[48]
(3	5	3)	[225]
(3	5	4)	[377]
(3	5	5)	[238]
(3	6	1)	[124]
(3	6	2)	[232]
(3	6	3)	[234]
(3	6	4)	[217]
(3	6	5)	[219]
(3	7	1)	[338]
(3	7	2)	[305]
(3	7	3)	[224]
(3	7	4)	[184]
(3	7	5)	[79]
(3	8	1)	[337]
(3	8	2)	[257]
(3	8	3)	[287]
(3	8	4)	[222]
(3	8	5)	[224]
(3	9	1)	[157]
(3	9	2)	[191]
(3	9	3)	[0]
(3	9	4)	[251]
(3	9	5)	[385]
(3	10	1)	[305]
(3	10	2)	[69]
(3	10	3)	[113]
(3	10	4)	[292]
(3	10	5)	[68]
(4	1	1)	[185]
(4	1	2)	[256]
(4	1	3)	[228]
(4	1	4)	[292]
(4	1	5)	[231]
(4	2	1)	[124]
(4	2	2)	[210]
(4	2	3)	[185]
(4	2	4)	[54]
(4	2	5)	[158]
(4	3	1)	[155]
(4	3	2)	[117]
(4	3	3)	[416]
(4	3	4)	[272]
(4	3	5)	[317]
(4	4	1)	[331]
(4	4	2)	[156]
(4	4	3)	[76]
(4	4	4)	[273]
(4	4	5)	[438]
(4	5	1)	[333]
(4	5	2)	[196]
(4	5	3)	[225]
(4	5	4)	[174]
(4	5	5)	[127]
(4	6	1)	[345]
(4	6	2)	[248]
(4	6	3)	[194]
(4	6	4)	[100]
(4	6	5)	[239]
(4	7	1)	[253]
(4	7	2)	[243]
(4	7	3)	[241]
(4	7	4)	[235]
(4	7	5)	[98]
(4	8	1)	[195]
(4	8	2)	[226]
(4	8	3)	[226]
(4	8	4)	[349]
(4	8	5)	[253]
(4	9	1)	[302]
(4	9	2)	[249]
(4	9	3)	[168]
(4	9	4)	[160]
(4	9	5)	[0]
(4	10	1)	[176]
(4	10	2)	[349]
(4	10	3)	[227]
(4	10	4)	[198]
(4	10	5)	[286]
(5	1	1)	[145]
(5	1	2)	[205]
(5	1	3)	[382]
(5	1	4)	[170]
(5	1	5)	[71]
(5	2	1)	[86]
(5	2	2)	[310]
(5	2	3)	[160]
(5	2	4)	[143]
(5	2	5)	[227]
(5	3	1)	[395]
(5	3	2)	[142]
(5	3	3)	[220]
(5	3	4)	[0]
(5	3	5)	[158]
(5	4	1)	[207]
(5	4	2)	[172]
(5	4	3)	[189]
(5	4	4)	[206]
(5	4	5)	[263]
(5	5	1)	[267]
(5	5	2)	[162]
(5	5	3)	[269]
(5	5	4)	[197]
(5	5	5)	[216]
(5	6	1)	[206]
(5	6	2)	[244]
(5	6	3)	[193]
(5	6	4)	[294]
(5	6	5)	[177]
(5	7	1)	[159]
(5	7	2)	[210]
(5	7	3)	[190]
(5	7	4)	[154]
(5	7	5)	[167]
(5	8	1)	[423]
(5	8	2)	[270]
(5	8	3)	[104]
(5	8	4)	[161]
(5	8	5)	[233]
(5	9	1)	[133]
(5	9	2)	[341]
(5	9	3)	[151]
(5	9	4)	[331]
(5	9	5)	[107]
(5	10	1)	[213]
(5	10	2)	[90]
(5	10	3)	[105]
(5	10	4)	[205]
(5	10	5)	[280]
]
FixedCostVendorToWarehouse:[
(1	1)	[186.09]
]
FixedCostWarehouseToStore:[
(1	1)	[297.11]
(1	2)	[143.71]
(1	3)	[40.42]
(1	4)	[97.5]
(1	5)	[126.26]
]
Variable_FixedCostVendorToWarehouse:[
(1	1)	[727.61]
]
VariableCostVendorToWarehouse:[
(1	1)	[0.055]
]
Variable_FixedCostWarehouseToStore:[
(1	1)	[975.07]
(1	2)	[659.96]
(1	3)	[427.6]
(1	4)	[570.02]
(1	5)	[622.3]
]
VariableCostWarehouseToStore:[
(1	1)	[0.074]
(1	2)	[0.05]
(1	3)	[0.022]
(1	4)	[0.042]
(1	5)	[0.047]
]
ProductVolume:[
(1)	[0.38]
(2)	[0.94]
(3)	[0.15]
(4)	[0.45]
(5)	[0.12]
(6)	[0.42]
(7)	[0.6]
(8)	[0.28]
(9)	[0.45]
(10)	[0.64]
]
ProductWeight:[
(1)	[0.87]
(2)	[0.28]
(3)	[0.63]
(4)	[0.39]
(5)	[0.22]
(6)	[0.16]
(7)	[0.81]
(8)	[0.13]
(9)	[0.26]
(10)	[0.88]
]
MapVendorToProduct:[
(1	1)	[1]
(1	2)	[1]
(1	3)	[1]
(1	4)	[1]
(1	5)	[1]
(1	6)	[1]
(1	7)	[1]
(1	8)	[1]
(1	9)	[1]
(1	10)	[1]
]
LeadTimeWarehouseToStores:[
(1	1)	[0]
(1	2)	[0]
(1	3)	[0]
(1	4)	[0]
(1	5)	[0]
]
StoreDemandForFashionProducts:[
(1	1)	[1420]
(1	2)	[1610]
(1	3)	[1040]
(1	4)	[910]
(1	5)	[895]
(1	6)	[855]
(1	7)	[1030]
(1	8)	[1355]
(1	9)	[680]
(1	10)	[1400]
(2	1)	[735]
(2	2)	[965]
(2	3)	[1110]
(2	4)	[935]
(2	5)	[1075]
(2	6)	[545]
(2	7)	[1475]
(2	8)	[805]
(2	9)	[1270]
(2	10)	[780]
(3	1)	[920]
(3	2)	[805]
(3	3)	[1245]
(3	4)	[840]
(3	5)	[850]
(3	6)	[1575]
(3	7)	[655]
(3	8)	[1410]
(3	9)	[930]
(3	10)	[530]
(4	1)	[835]
(4	2)	[895]
(4	3)	[0]
(4	4)	[1395]
(4	5)	[820]
(4	6)	[1090]
(4	7)	[660]
(4	8)	[805]
(4	9)	[635]
(4	10)	[1415]
(5	1)	[805]
(5	2)	[800]
(5	3)	[1245]
(5	4)	[395]
(5	5)	[1405]
(5	6)	[1525]
(5	7)	[565]
(5	8)	[735]
(5	9)	[830]
(5	10)	[970]
]
FixedCostFashionVendorToWarehouse:[
(1	1)	[110.96]
]
Variable_FixedCostFashionVendorToWarehouse:[
(1	1)	[598.03]
]
VariableCostFashionVendorToWarehouse:[
(1	1)	[0.045]
]
FashionProductVolume:[
(1)	[0.01]
(2)	[0.11]
(3)	[0.67]
(4)	[0.78]
(5)	[0.81]
(6)	[0.24]
(7)	[0.43]
(8)	[0.88]
(9)	[0.11]
(10)	[0.94]
]
FashionProductWeight:[
(1)	[0.52]
(2)	[0.27]
(3)	[0.55]
(4)	[0.11]
(5)	[0.7]
(6)	[0.29]
(7)	[0.12]
(8)	[0.67]
(9)	[0.96]
(10)	[0.57]
]
MapFashionVendorToProduct:[
(1	1)	[1]
(1	2)	[1]
(1	3)	[1]
(1	4)	[1]
(1	5)	[1]
(1	6)	[1]
(1	7)	[1]
(1	8)	[1]
(1	9)	[1]
(1	10)	[1]
]
