Printing New Fashion Solution:

Inbound Fashion Solution (V F T):
1	1	4	5550
1	2	4	5295
1	3	4	4285
1	4	4	4420
1	5	2	5190
1	6	2	5205
1	7	2	4215
1	8	4	3805
1	9	2	4910
1	10	4	4250


Outbound Fashion Solution(S F T):
1	1	5	1250
1	2	5	1005
1	3	5	570
1	4	5	1360
1	5	4	1035
1	6	4	925
1	7	4	855
1	8	5	540
1	9	4	820
1	10	5	1160
2	1	5	1335
2	2	5	1740
2	3	5	1055
2	4	5	1455
2	5	4	1035
2	6	4	1350
2	7	4	1180
2	8	5	845
2	9	4	1230
2	10	5	1000
3	1	5	1215
3	2	5	745
3	3	5	930
3	4	5	560
3	5	4	615
3	6	3	520
3	7	4	745
3	8	5	1485
3	9	3	900
3	10	5	970
4	1	5	690
4	2	5	900
4	3	5	1100
4	4	5	995
4	5	3	1290
4	6	3	1255
4	7	3	505
4	8	5	460
4	9	3	1330
4	10	5	255
5	1	5	1060
5	2	5	905
5	3	5	630
5	4	5	50
5	5	3	1215
5	6	3	1155
5	7	4	930
5	8	5	475
5	9	3	630
5	10	5	865


Warehouse Fashion Inventory (W F T):
1	0		0		0		5550		0	
2	0		0		0		5295		0	
3	0		0		0		4285		0	
4	0		0		0		4420		0	
5	0		5190		2685		0		0	
6	0		5205		2275		0		0	
7	0		4215		3710		0		0	
8	0		0		0		3805		0	
9	0		4910		2050		0		0	
10	0		0		0		4250		0	

Store Fashion Inventory (S F T):
Store1
1	0		0		0		1250	
2	0		0		0		1005	
3	0		0		0		570	
4	0		0		0		1360	
5	0		0		1035		1035	
6	0		0		925		925	
7	0		0		855		855	
8	0		0		0		540	
9	0		0		820		820	
10	0		0		0		1160	
Store2
1	0		0		0		1335	
2	0		0		0		1740	
3	0		0		0		1055	
4	0		0		0		1455	
5	0		0		1035		1035	
6	0		0		1350		1350	
7	0		0		1180		1180	
8	0		0		0		845	
9	0		0		1230		1230	
10	0		0		0		1000	
Store3
1	0		0		0		1215	
2	0		0		0		745	
3	0		0		0		930	
4	0		0		0		560	
5	0		0		615		615	
6	0		520		520		520	
7	0		0		745		745	
8	0		0		0		1485	
9	0		900		900		900	
10	0		0		0		970	
Store4
1	0		0		0		690	
2	0		0		0		900	
3	0		0		0		1100	
4	0		0		0		995	
5	0		1290		1290		1290	
6	0		1255		1255		1255	
7	0		505		505		505	
8	0		0		0		460	
9	0		1330		1330		1330	
10	0		0		0		255	
Store5
1	0		0		0		1060	
2	0		0		0		905	
3	0		0		0		630	
4	0		0		0		50	
5	0		1215		1215		1215	
6	0		1155		1155		1155	
7	0		0		930		930	
8	0		0		0		475	
9	0		630		630		630	
10	0		0		0		865	


Fashion Shipments from Vendor to Warehouse (V T):
0	0.7801267	0	0.91637	

Printing New Basic Solution:

Inbound Solution (V P T):
1	1	1	3074
1	1	3	2048
1	2	1	2566
1	2	3	2566
1	3	1	1964
1	3	3	2946
1	4	1	2496
1	4	3	2495
1	5	3	5157
1	6	1	2922
1	6	3	1947
1	7	1	3699
1	7	3	1585
1	8	1	2220
1	8	3	2220
1	9	1	2681
1	9	3	1786
1	10	1	3759
1	10	3	939


Outbound Solution(S P T):
1	1	1	1086
1	2	1	667
1	3	1	784
1	4	1	1103
1	5	1	761
1	6	1	715
1	7	1	1166
1	8	1	567
1	9	1	1002
1	10	1	987
2	1	2	960
2	2	2	1177
2	3	2	959
2	4	2	955
2	5	2	991
2	6	2	1251
2	7	2	809
2	8	2	1082
2	9	2	787
2	10	2	813
3	1	1	837
3	1	4	295
3	2	1	762
3	2	4	362
3	3	1	930
3	3	4	335
3	4	1	404
3	4	4	237
3	5	1	972
3	5	4	216
3	6	1	721
3	6	4	170
3	7	1	810
3	7	4	194
3	8	1	471
3	8	4	129
3	9	1	620
3	9	4	246
3	10	1	792
3	10	4	186
4	1	3	909
4	2	3	1179
4	3	3	857
4	4	3	1126
4	5	3	1061
4	6	3	1148
4	7	3	966
4	8	3	1194
4	9	3	1095
4	10	3	826
5	1	3	326
5	1	4	709
5	2	3	283
5	2	4	702
5	3	3	329
5	3	4	716
5	4	3	485
5	4	4	681
5	5	3	437
5	5	4	719
5	6	3	289
5	6	4	575
5	7	3	511
5	7	4	828
5	8	3	358
5	8	4	639
5	9	3	288
5	9	4	429
5	10	3	498
5	10	4	596


Warehouse Inventory (W P T):
1	0		1151		191		1004		0		0	
2	40		1177		0		1104		40		40	
3	709		959		0		1760		709		709	
4	0		989		34		918		0		0	
5	2724		991		0		3659		2724		2724	
6	0		1486		235		745		0		0	
7	0		1723		914		1022		0		0	
8	0		1182		100		768		0		0	
9	0		1059		272		675		0		0	
10	0		1980		1167		782		0		0	

Store Inventory (S P T):
Store1
1	0		886		752		476		255		0	
2	0		508		424		299		162		0	
3	0		755		628		296		48		0	
4	0		836		694		519		174		0	
5	0		670		549		411		287		0	
6	0		596		370		306		212		0	
7	0		740		662		434		230		0	
8	0		436		299		295		185		0	
9	0		865		671		421		197		0	
10	0		635		465		233		180		0	
Store2
1	226		0		837		616		460		226	
2	34		0		962		585		256		34	
3	169		0		838		605		300		169	
4	161		0		816		552		346		161	
5	212		0		768		688		462		212	
6	389		0		1004		833		571		389	
7	111		0		796		633		361		111	
8	179		0		881		685		477		179	
9	114		0		660		455		315		114	
10	157		0		654		479		206		157	
Store3
1	0		494		212		93		93		0	
2	0		518		415		111		111		0	
3	0		681		447		158		158		0	
4	0		345		271		40		40		0	
5	0		726		637		293		293		0	
6	0		590		439		191		191		0	
7	0		639		499		315		315		0	
8	0		395		228		191		191		0	
9	0		500		314		249		249		0	
10	0		651		366		224		224		0	
Store4
1	223		113		0		786		426		223	
2	451		220		0		1002		669		451	
3	185		144		0		820		468		185	
4	468		119		0		765		605		468	
5	462		278		0		804		696		462	
6	555		279		0		968		737		555	
7	340		123		0		694		670		340	
8	367		15		0		925		644		367	
9	587		304		0		933		793		587	
10	392		193		0		597		473		392	
Store5
1	599		152		0		216		827		599	
2	496		147		0		77		606		496	
3	427		188		0		40		522		427	
4	545		296		0		349		750		545	
5	543		313		0		261		737		543	
6	352		92		0		66		523		352	
7	582		306		0		265		900		582	
8	437		175		0		156		532		437	
9	280		111		0		139		526		280	
10	377		182		0		279		712		377	


Shipments from Vendor to Warehouse (V T):
0.8861767	0	0.67404	0	0	

Shipments from Warehouse to Stores (S T):
1	1	0.2842114
1	4	0.1433633
1	5	0.18895
2	2	0.310734
2	4	0.1827833
2	5	0.23755
3	1	0.2329753
3	3	0.06816
3	4	0.1199747
3	5	0.2004867
4	3	0.517664
4	5	0.15906
5	3	0.256802
5	4	0.2236753
5	5	0.1303233


Required Putaway workers (Sol T):
1	1	1	1	0	

No of required pickers (T):
5	3	6	5	7	

No of part-time putaway workers (T):
0	0	0	0	0	

No of part-time pickers (T):
0	0	1	0	2	

Best Putaway Technology: 3600
Best Picking Technology: 500

Required Fashion Putaway Hours:
0	5.422222	0	7.668056	0	

Required Basic Putaway Hours:
7.050278	0	6.580278	0	0	

Required Total Putaway Hours:
7.050278	5.422222	6.580278	7.668056	0	

No of required fashion pick hours:
0	0	17.6	21.44	55.21	

No of required basic pick hours:
32.314	19.568	28.33	17.928	0	

No of required total pick hours:
32.314	19.568	45.93	39.368	55.21	

List of all the costs: 
MHECost		435
PutawayTechCost		4795
PickingTechCost		3195
WhBasicInvCost		349.9299
BasicInbCost		5280.232
WhFashionInvCost		578.45
FashionInbCost		2879.713
PutawayCost		1600
StoreBasicInvCost		4319.35
StoreFashionInvCost		3772.25
OutboundCost		12210.91
PickingCost		8720
Total		48135.83

List of Top5 Technologies: 
Tech1		4	5	$ 48135.83
Tech2		3	5	$ 48349.22
Tech3		3	6	$ 56034.13
Tech4		3	1	$ 95220.72
Tech5		1	1	$ 128262.3
The start time is 12/19/2014 11:15:18 AM
The End time is 12/19/2014 11:15:22 AM
