Printing New Fashion Solution:

Inbound Fashion Solution (V F T):
1	1	4	5550
1	2	4	5295
1	3	4	4285
1	4	2	4420
1	5	2	5190
1	6	4	5205
1	7	4	4215
1	8	2	3805
1	9	2	4910
1	10	4	4250


Outbound Fashion Solution(S F T):
1	1	5	1250
1	2	5	1005
1	3	5	570
1	4	5	1360
1	5	5	1035
1	6	5	925
1	7	5	855
1	8	5	540
1	9	5	820
1	10	5	1160
2	1	5	1335
2	2	5	1740
2	3	5	1055
2	4	5	1455
2	5	5	1035
2	6	5	1350
2	7	5	1180
2	8	5	845
2	9	5	1230
2	10	5	1000
3	1	5	1215
3	2	5	745
3	3	5	930
3	4	5	560
3	5	5	615
3	6	5	520
3	7	5	745
3	8	5	1485
3	9	5	900
3	10	5	970
4	1	5	690
4	2	5	900
4	3	5	1100
4	4	5	995
4	5	5	1290
4	6	5	1255
4	7	5	505
4	8	5	460
4	9	5	1330
4	10	5	255
5	1	5	1060
5	2	5	905
5	3	5	630
5	4	5	50
5	5	5	1215
5	6	5	1155
5	7	5	930
5	8	5	475
5	9	5	630
5	10	5	865


Warehouse Fashion Inventory (W F T):
1	0		0		0		5550		0	
2	0		0		0		5295		0	
3	0		0		0		4285		0	
4	0		4420		4420		4420		0	
5	0		5190		5190		5190		0	
6	0		0		0		5205		0	
7	0		0		0		4215		0	
8	0		3805		3805		3805		0	
9	0		4910		4910		4910		0	
10	0		0		0		4250		0	

Store Fashion Inventory (S F T):
Store1
1	0		0		0		1250	
2	0		0		0		1005	
3	0		0		0		570	
4	0		0		0		1360	
5	0		0		0		1035	
6	0		0		0		925	
7	0		0		0		855	
8	0		0		0		540	
9	0		0		0		820	
10	0		0		0		1160	
Store2
1	0		0		0		1335	
2	0		0		0		1740	
3	0		0		0		1055	
4	0		0		0		1455	
5	0		0		0		1035	
6	0		0		0		1350	
7	0		0		0		1180	
8	0		0		0		845	
9	0		0		0		1230	
10	0		0		0		1000	
Store3
1	0		0		0		1215	
2	0		0		0		745	
3	0		0		0		930	
4	0		0		0		560	
5	0		0		0		615	
6	0		0		0		520	
7	0		0		0		745	
8	0		0		0		1485	
9	0		0		0		900	
10	0		0		0		970	
Store4
1	0		0		0		690	
2	0		0		0		900	
3	0		0		0		1100	
4	0		0		0		995	
5	0		0		0		1290	
6	0		0		0		1255	
7	0		0		0		505	
8	0		0		0		460	
9	0		0		0		1330	
10	0		0		0		255	
Store5
1	0		0		0		1060	
2	0		0		0		905	
3	0		0		0		630	
4	0		0		0		50	
5	0		0		0		1215	
6	0		0		0		1155	
7	0		0		0		930	
8	0		0		0		475	
9	0		0		0		630	
10	0		0		0		865	


Fashion Shipments from Vendor to Warehouse (V T):
0	0.87609	0	0.8204066	

Printing New Basic Solution:

Inbound Solution (V P T):
1	1	1	4609
1	1	3	513
1	2	1	5132
1	3	1	491
1	3	3	4419
1	4	1	3493
1	4	3	1498
1	5	1	2062
1	5	3	3095
1	6	1	3408
1	6	3	1461
1	7	1	2642
1	7	3	2642
1	8	1	2220
1	8	3	2220
1	9	1	2680
1	9	3	1787
1	10	1	1879
1	10	3	2819


Outbound Solution(S P T):
1	1	3	1086
1	2	3	667
1	3	3	784
1	4	3	1103
1	5	3	761
1	6	3	715
1	7	3	1166
1	8	3	567
1	9	3	1002
1	10	3	987
2	1	3	960
2	2	3	1177
2	3	3	959
2	4	3	955
2	5	3	991
2	6	3	1251
2	7	3	809
2	8	3	1082
2	9	3	787
2	10	3	813
3	1	3	1132
3	2	3	1124
3	3	3	1265
3	4	3	641
3	5	3	1188
3	6	3	891
3	7	3	1004
3	8	3	600
3	9	3	866
3	10	3	978
4	1	1	909
4	2	1	1179
4	3	1	857
4	4	1	1126
4	5	1	1061
4	6	1	1148
4	7	1	966
4	8	1	1194
4	9	1	1095
4	10	1	826
5	1	1	1035
5	2	1	985
5	3	1	1045
5	4	1	1166
5	5	1	1156
5	6	1	864
5	7	1	1339
5	8	1	997
5	9	1	717
5	10	1	1094


Warehouse Inventory (W P T):
1	0		2665		2665		0		0		0	
2	0		2968		2968		0		0		0	
3	1411		0		0		1411		1411		1411	
4	0		1201		1201		0		0		0	
5	155		0		0		155		155		155	
6	0		1396		1396		0		0		0	
7	0		337		337		0		0		0	
8	0		29		29		0		0		0	
9	0		868		868		0		0		0	
10	41		0		0		41		41		41	

Store Inventory (S P T):
Store1
1	334		134		0		810		589		334	
2	243		84		0		542		405		243	
3	156		127		0		452		204		156	
4	409		142		0		928		583		409	
5	212		121		0		623		499		212	
6	345		226		0		651		557		345	
7	504		78		0		938		734		504	
8	268		137		0		563		453		268	
9	331		194		0		752		528		331	
10	522		170		0		755		702		522	
Store2
1	349		123		0		739		583		349	
2	249		215		0		800		471		249	
3	290		121		0		726		421		290	
4	300		139		0		691		485		300	
5	435		223		0		911		685		435	
6	636		247		0		1080		818		636	
7	124		13		0		646		374		124	
8	380		201		0		886		678		380	
9	241		127		0		582		442		241	
10	316		159		0		638		365		316	
Store3
1	625		282		0		1013		718		625	
2	347		103		0		820		458		347	
3	483		234		0		976		641		483	
4	133		74		0		410		173		133	
5	335		89		0		844		628		335	
6	282		151		0		643		473		282	
7	311		140		0		820		626		311	
8	243		167		0		563		434		243	
9	306		186		0		801		555		306	
10	426		285		0		836		650		426	
Store4
1	0		799		686		563		203		0	
2	0		948		728		551		218		0	
3	0		816		672		635		283		0	
4	0		777		658		297		137		0	
5	0		877		599		342		234		0	
6	0		872		593		413		182		0	
7	0		749		626		354		330		0	
8	0		842		827		558		277		0	
9	0		812		508		346		206		0	
10	0		627		434		205		81		0	
Store5
1	0		588		436		326		228		0	
2	0		636		489		283		110		0	
3	0		806		618		329		95		0	
4	0		917		621		485		205		0	
5	0		926		613		437		194		0	
6	0		604		512		289		171		0	
7	0		1063		757		511		318		0	
8	0		735		560		358		95		0	
9	0		548		437		288		246		0	
10	0		899		717		498		335		0	


Shipments from Vendor to Warehouse (V T):
0.8305833	0	0.7296333	0	0	

Shipments from Warehouse to Stores (S T):
1	3	0.2842114
1	5	0.3323133
2	3	0.310734
2	5	0.4203333
3	3	0.3058567
3	5	0.31574
4	1	0.3256173
4	5	0.3511067
5	1	0.3337973
5	5	0.2770033


Required Putaway workers (Sol T):
3	2	3	3	0	

No of required pickers (T):
6	0	8	0	12	

No of part-time putaway workers (T):
1	0	1	1	0	

No of part-time pickers (T):
0	0	0	0	4	

Best Putaway Technology: 1200
Best Picking Technology: 500

Required Fashion Putaway Hours:
0	15.27083	0	24	0	

Required Basic Putaway Hours:
23.84667	0	17.045	0	0	

Required Total Putaway Hours:
23.84667	15.27083	17.045	24	0	

No of required fashion pick hours:
0	0	0	0	94.25	

No of required basic pick hours:
41.518	0	56.622	0	0	

No of required total pick hours:
41.518	0	56.622	0	94.25	

List of all the costs: 
MHECost		351
PutawayTechCost		1060
PickingTechCost		3195
WhBasicInvCost		237.49
BasicInbCost		5280.232
WhFashionInvCost		837.75
FashionInbCost		2879.713
PutawayCost		3920
StoreBasicInvCost		4667.3
StoreFashionInvCost		2356.25
OutboundCost		9310.438
PickingCost		13760
Total		47855.17

List of Top5 Technologies: 
Tech1		2	5	$ 47855.17
Tech2		2	6	$ 49189.38
Tech3		4	6	$ 52905.8
Tech4		4	3	$ 58650.88
Tech5		4	1	$ 84031.07
The start time is 12/19/2014 11:15:07 AM
The End time is 12/19/2014 11:15:11 AM
