Printing New Fashion Solution:

Inbound Fashion Solution (V F T):
1	1	3	5550
1	2	4	5295
1	3	3	4285
1	4	3	4420
1	5	4	5190
1	6	4	5205
1	7	3	4215
1	8	4	3805
1	9	4	4910
1	10	3	4250


Outbound Fashion Solution(S F T):
1	1	4	1250
1	2	5	1005
1	3	5	570
1	4	4	1360
1	5	5	1035
1	6	5	925
1	7	5	855
1	8	5	540
1	9	5	820
1	10	4	1160
2	1	5	1335
2	2	5	1740
2	3	5	1055
2	4	4	1455
2	5	5	1035
2	6	5	1350
2	7	4	1180
2	8	5	845
2	9	5	1230
2	10	4	1000
3	1	4	1215
3	2	5	745
3	3	5	930
3	4	4	560
3	5	5	615
3	6	5	520
3	7	5	745
3	8	5	1485
3	9	5	900
3	10	4	970
4	1	4	690
4	2	5	900
4	3	5	1100
4	4	5	995
4	5	5	1290
4	6	5	1255
4	7	4	505
4	8	5	460
4	9	5	1330
4	10	5	255
5	1	5	1060
5	2	5	905
5	3	5	630
5	4	5	50
5	5	5	1215
5	6	5	1155
5	7	5	930
5	8	5	475
5	9	5	630
5	10	5	865


Warehouse Fashion Inventory (W F T):
1	0		0		5550		2395		0	
2	0		0		0		5295		0	
3	0		0		4285		4285		0	
4	0		0		4420		1045		0	
5	0		0		0		5190		0	
6	0		0		0		5205		0	
7	0		0		4215		2530		0	
8	0		0		0		3805		0	
9	0		0		0		4910		0	
10	0		0		4250		1120		0	

Store Fashion Inventory (S F T):
Store1
1	0		0		1250		1250	
2	0		0		0		1005	
3	0		0		0		570	
4	0		0		1360		1360	
5	0		0		0		1035	
6	0		0		0		925	
7	0		0		0		855	
8	0		0		0		540	
9	0		0		0		820	
10	0		0		1160		1160	
Store2
1	0		0		0		1335	
2	0		0		0		1740	
3	0		0		0		1055	
4	0		0		1455		1455	
5	0		0		0		1035	
6	0		0		0		1350	
7	0		0		1180		1180	
8	0		0		0		845	
9	0		0		0		1230	
10	0		0		1000		1000	
Store3
1	0		0		1215		1215	
2	0		0		0		745	
3	0		0		0		930	
4	0		0		560		560	
5	0		0		0		615	
6	0		0		0		520	
7	0		0		0		745	
8	0		0		0		1485	
9	0		0		0		900	
10	0		0		970		970	
Store4
1	0		0		690		690	
2	0		0		0		900	
3	0		0		0		1100	
4	0		0		0		995	
5	0		0		0		1290	
6	0		0		0		1255	
7	0		0		505		505	
8	0		0		0		460	
9	0		0		0		1330	
10	0		0		0		255	
Store5
1	0		0		0		1060	
2	0		0		0		905	
3	0		0		0		630	
4	0		0		0		50	
5	0		0		0		1215	
6	0		0		0		1155	
7	0		0		0		930	
8	0		0		0		475	
9	0		0		0		630	
10	0		0		0		865	


Fashion Shipments from Vendor to Warehouse (V T):
0	0	0.8240467	0.87245	

Printing New Basic Solution:

Inbound Solution (V P T):
1	1	1	2561
1	1	2	2561
1	2	1	2052
1	2	2	3080
1	3	1	982
1	3	2	3928
1	4	1	4491
1	4	2	500
1	5	1	2062
1	5	2	3095
1	6	1	4869
1	7	1	528
1	7	2	4756
1	8	1	2664
1	8	2	1776
1	9	1	2680
1	9	2	1787
1	10	1	2818
1	10	2	1880


Outbound Solution(S P T):
1	1	1	1086
1	2	1	667
1	3	1	784
1	4	1	1103
1	5	1	761
1	6	1	715
1	7	1	1166
1	8	1	567
1	9	1	1002
1	10	1	987
2	1	2	960
2	2	2	1177
2	3	2	959
2	4	2	955
2	5	2	991
2	6	2	1251
2	7	2	809
2	8	2	1082
2	9	2	787
2	10	2	813
3	1	2	1132
3	2	2	1124
3	3	2	1265
3	4	2	641
3	5	2	1188
3	6	2	891
3	7	2	1004
3	8	2	600
3	9	2	866
3	10	2	978
4	1	4	909
4	2	4	1179
4	3	4	857
4	4	4	1126
4	5	4	1061
4	6	4	1148
4	7	4	966
4	8	4	1194
4	9	4	1095
4	10	4	826
5	1	1	1035
5	2	1	985
5	3	1	1045
5	4	1	1166
5	5	1	1156
5	6	1	864
5	7	1	1339
5	8	1	997
5	9	1	717
5	10	1	1094


Warehouse Inventory (W P T):
1	0		440		909		909		0		0	
2	0		400		1179		1179		0		0	
3	847		0		1704		1704		847		847	
4	0		2222		1126		1126		0		0	
5	0		145		1061		1061		0		0	
6	0		3290		1148		1148		0		0	
7	1977		0		2943		2943		1977		1977	
8	0		1100		1194		1194		0		0	
9	0		961		1095		1095		0		0	
10	0		737		826		826		0		0	

Store Inventory (S P T):
Store1
1	0		886		752		476		255		0	
2	0		508		424		299		162		0	
3	0		755		628		296		48		0	
4	0		836		694		519		174		0	
5	0		670		549		411		287		0	
6	0		596		370		306		212		0	
7	0		740		662		434		230		0	
8	0		436		299		295		185		0	
9	0		865		671		421		197		0	
10	0		635		465		233		180		0	
Store2
1	226		0		837		616		460		226	
2	34		0		962		585		256		34	
3	169		0		838		605		300		169	
4	161		0		816		552		346		161	
5	212		0		768		688		462		212	
6	389		0		1004		833		571		389	
7	111		0		796		633		361		111	
8	179		0		881		685		477		179	
9	114		0		660		455		315		114	
10	157		0		654		479		206		157	
Store3
1	343		0		850		731		436		343	
2	244		0		1021		717		355		244	
3	249		0		1031		742		407		249	
4	59		0		567		336		99		59	
5	246		0		1099		755		539		246	
6	131		0		740		492		322		131	
7	171		0		864		680		486		171	
8	76		0		433		396		267		76	
9	120		0		680		615		369		120	
10	141		0		693		551		365		141	
Store4
1	346		236		123		0		549		346	
2	628		397		177		0		846		628	
3	222		181		37		0		505		222	
4	829		480		361		0		966		829	
5	719		535		257		0		953		719	
6	735		459		180		0		917		735	
7	612		395		272		0		942		612	
8	636		284		269		0		913		636	
9	749		466		162		0		955		749	
10	621		422		229		0		702		621	
Store5
1	0		588		436		326		228		0	
2	0		636		489		283		110		0	
3	0		806		618		329		95		0	
4	0		917		621		485		205		0	
5	0		926		613		437		194		0	
6	0		604		512		289		171		0	
7	0		1063		757		511		318		0	
8	0		735		560		358		95		0	
9	0		548		437		288		246		0	
10	0		899		717		498		335		0	


Shipments from Vendor to Warehouse (V T):
0.8303967	0.7298201	0	0	0	

Shipments from Warehouse to Stores (S T):
1	1	0.2842114
1	4	0.1326
1	5	0.1997133
2	2	0.310734
2	4	0.08023
2	5	0.3401033
3	2	0.3058567
3	4	0.1009867
3	5	0.2147533
4	4	0.3729206
4	5	0.3038034
5	1	0.3337973
5	5	0.2770033


Required Putaway workers (Sol T):
3	3	3	3	0	

No of required pickers (T):
5	5	0	6	9	

No of part-time putaway workers (T):
1	1	1	1	0	

No of part-time pickers (T):
0	0	0	0	3	

Best Putaway Technology: 1200
Best Picking Technology: 500

Required Fashion Putaway Hours:
0	0	18.93333	20.3375	0	

Required Basic Putaway Hours:
21.4225	19.46917	0	0	0	

Required Total Putaway Hours:
21.4225	19.46917	18.93333	20.3375	0	

No of required fashion pick hours:
0	0	0	22.69	71.56	

No of required basic pick hours:
38.472	38.946	0	20.722	0	

No of required total pick hours:
38.472	38.946	0	43.412	71.56	

List of all the costs: 
MHECost		378
PutawayTechCost		1060
PickingTechCost		3195
WhBasicInvCost		413.13
BasicInbCost		5280.232
WhFashionInvCost		585
FashionInbCost		2879.713
PutawayCost		4160
StoreBasicInvCost		4844.101
StoreFashionInvCost		2923.5
OutboundCost		10872.14
PickingCost		10320
Total		46910.81

List of Top5 Technologies: 
Tech1		2	5	$ 46910.81
Tech2		3	5	$ 50398.26
Tech3		3	4	$ 52838.07
Tech4		3	3	$ 62778.84
Tech5		3	1	$ 97329.43
The start time is 12/19/2014 11:15:18 AM
The End time is 12/19/2014 11:15:22 AM
