WarehouseVolume:[
(1)	[100000000]
]
StoreVolume:[
(1)	[10000000]
(2)	[10000000]
(3)	[10000000]
(4)	[10000000]
(5)	[10000000]
]
StoreDemand:[
(1	1	1)	[200]
(1	1	2)	[134]
(1	1	3)	[276]
(1	1	4)	[221]
(1	1	5)	[255]
(1	2	1)	[159]
(1	2	2)	[84]
(1	2	3)	[125]
(1	2	4)	[137]
(1	2	5)	[162]
(1	3	1)	[29]
(1	3	2)	[127]
(1	3	3)	[332]
(1	3	4)	[248]
(1	3	5)	[48]
(1	4	1)	[267]
(1	4	2)	[142]
(1	4	3)	[175]
(1	4	4)	[345]
(1	4	5)	[174]
(1	5	1)	[91]
(1	5	2)	[121]
(1	5	3)	[138]
(1	5	4)	[124]
(1	5	5)	[287]
(1	6	1)	[119]
(1	6	2)	[226]
(1	6	3)	[64]
(1	6	4)	[94]
(1	6	5)	[212]
(1	7	1)	[426]
(1	7	2)	[78]
(1	7	3)	[228]
(1	7	4)	[204]
(1	7	5)	[230]
(1	8	1)	[131]
(1	8	2)	[137]
(1	8	3)	[4]
(1	8	4)	[110]
(1	8	5)	[185]
(1	9	1)	[137]
(1	9	2)	[194]
(1	9	3)	[250]
(1	9	4)	[224]
(1	9	5)	[197]
(1	10	1)	[352]
(1	10	2)	[170]
(1	10	3)	[232]
(1	10	4)	[53]
(1	10	5)	[180]
(2	1	1)	[226]
(2	1	2)	[123]
(2	1	3)	[221]
(2	1	4)	[156]
(2	1	5)	[234]
(2	2	1)	[34]
(2	2	2)	[215]
(2	2	3)	[377]
(2	2	4)	[329]
(2	2	5)	[222]
(2	3	1)	[169]
(2	3	2)	[121]
(2	3	3)	[233]
(2	3	4)	[305]
(2	3	5)	[131]
(2	4	1)	[161]
(2	4	2)	[139]
(2	4	3)	[264]
(2	4	4)	[206]
(2	4	5)	[185]
(2	5	1)	[212]
(2	5	2)	[223]
(2	5	3)	[80]
(2	5	4)	[226]
(2	5	5)	[250]
(2	6	1)	[389]
(2	6	2)	[247]
(2	6	3)	[171]
(2	6	4)	[262]
(2	6	5)	[182]
(2	7	1)	[111]
(2	7	2)	[13]
(2	7	3)	[163]
(2	7	4)	[272]
(2	7	5)	[250]
(2	8	1)	[179]
(2	8	2)	[201]
(2	8	3)	[196]
(2	8	4)	[208]
(2	8	5)	[298]
(2	9	1)	[114]
(2	9	2)	[127]
(2	9	3)	[205]
(2	9	4)	[140]
(2	9	5)	[201]
(2	10	1)	[157]
(2	10	2)	[159]
(2	10	3)	[175]
(2	10	4)	[273]
(2	10	5)	[49]
(3	1	1)	[343]
(3	1	2)	[282]
(3	1	3)	[119]
(3	1	4)	[295]
(3	1	5)	[93]
(3	2	1)	[244]
(3	2	2)	[103]
(3	2	3)	[304]
(3	2	4)	[362]
(3	2	5)	[111]
(3	3	1)	[249]
(3	3	2)	[234]
(3	3	3)	[289]
(3	3	4)	[335]
(3	3	5)	[158]
(3	4	1)	[59]
(3	4	2)	[74]
(3	4	3)	[231]
(3	4	4)	[237]
(3	4	5)	[40]
(3	5	1)	[246]
(3	5	2)	[89]
(3	5	3)	[344]
(3	5	4)	[216]
(3	5	5)	[293]
(3	6	1)	[131]
(3	6	2)	[151]
(3	6	3)	[248]
(3	6	4)	[170]
(3	6	5)	[191]
(3	7	1)	[171]
(3	7	2)	[140]
(3	7	3)	[184]
(3	7	4)	[194]
(3	7	5)	[315]
(3	8	1)	[76]
(3	8	2)	[167]
(3	8	3)	[37]
(3	8	4)	[129]
(3	8	5)	[191]
(3	9	1)	[120]
(3	9	2)	[186]
(3	9	3)	[65]
(3	9	4)	[246]
(3	9	5)	[249]
(3	10	1)	[141]
(3	10	2)	[285]
(3	10	3)	[142]
(3	10	4)	[186]
(3	10	5)	[224]
(4	1	1)	[110]
(4	1	2)	[113]
(4	1	3)	[123]
(4	1	4)	[360]
(4	1	5)	[203]
(4	2	1)	[231]
(4	2	2)	[220]
(4	2	3)	[177]
(4	2	4)	[333]
(4	2	5)	[218]
(4	3	1)	[41]
(4	3	2)	[144]
(4	3	3)	[37]
(4	3	4)	[352]
(4	3	5)	[283]
(4	4	1)	[349]
(4	4	2)	[119]
(4	4	3)	[361]
(4	4	4)	[160]
(4	4	5)	[137]
(4	5	1)	[184]
(4	5	2)	[278]
(4	5	3)	[257]
(4	5	4)	[108]
(4	5	5)	[234]
(4	6	1)	[276]
(4	6	2)	[279]
(4	6	3)	[180]
(4	6	4)	[231]
(4	6	5)	[182]
(4	7	1)	[217]
(4	7	2)	[123]
(4	7	3)	[272]
(4	7	4)	[24]
(4	7	5)	[330]
(4	8	1)	[352]
(4	8	2)	[15]
(4	8	3)	[269]
(4	8	4)	[281]
(4	8	5)	[277]
(4	9	1)	[283]
(4	9	2)	[304]
(4	9	3)	[162]
(4	9	4)	[140]
(4	9	5)	[206]
(4	10	1)	[199]
(4	10	2)	[193]
(4	10	3)	[229]
(4	10	4)	[124]
(4	10	5)	[81]
(5	1	1)	[447]
(5	1	2)	[152]
(5	1	3)	[110]
(5	1	4)	[98]
(5	1	5)	[228]
(5	2	1)	[349]
(5	2	2)	[147]
(5	2	3)	[206]
(5	2	4)	[173]
(5	2	5)	[110]
(5	3	1)	[239]
(5	3	2)	[188]
(5	3	3)	[289]
(5	3	4)	[234]
(5	3	5)	[95]
(5	4	1)	[249]
(5	4	2)	[296]
(5	4	3)	[136]
(5	4	4)	[280]
(5	4	5)	[205]
(5	5	1)	[230]
(5	5	2)	[313]
(5	5	3)	[176]
(5	5	4)	[243]
(5	5	5)	[194]
(5	6	1)	[260]
(5	6	2)	[92]
(5	6	3)	[223]
(5	6	4)	[118]
(5	6	5)	[171]
(5	7	1)	[276]
(5	7	2)	[306]
(5	7	3)	[246]
(5	7	4)	[193]
(5	7	5)	[318]
(5	8	1)	[262]
(5	8	2)	[175]
(5	8	3)	[202]
(5	8	4)	[263]
(5	8	5)	[95]
(5	9	1)	[169]
(5	9	2)	[111]
(5	9	3)	[149]
(5	9	4)	[42]
(5	9	5)	[246]
(5	10	1)	[195]
(5	10	2)	[182]
(5	10	3)	[219]
(5	10	4)	[163]
(5	10	5)	[335]
]
FixedCostVendorToWarehouse:[
(1	1)	[401.77]
]
FixedCostWarehouseToStore:[
(1	1)	[66.13]
(1	2)	[40.42]
(1	3)	[52.27]
(1	4)	[297.11]
(1	5)	[143.71]
]
Variable_FixedCostVendorToWarehouse:[
(1	1)	[1185.2]
]
VariableCostVendorToWarehouse:[
(1	1)	[0.09]
]
Variable_FixedCostWarehouseToStore:[
(1	1)	[492.45]
(1	2)	[427.6]
(1	3)	[482.83]
(1	4)	[975.07]
(1	5)	[659.96]
]
VariableCostWarehouseToStore:[
(1	1)	[0.034]
(1	2)	[0.022]
(1	3)	[0.029]
(1	4)	[0.074]
(1	5)	[0.05]
]
ProductVolume:[
(1)	[0.92]
(2)	[0.45]
(3)	[0.99]
(4)	[0.99]
(5)	[0.86]
(6)	[0.02]
(7)	[0.85]
(8)	[0.25]
(9)	[0.42]
(10)	[0.76]
]
ProductWeight:[
(1)	[0.54]
(2)	[0.2]
(3)	[0.66]
(4)	[0.34]
(5)	[0.17]
(6)	[0.43]
(7)	[0.37]
(8)	[0.8]
(9)	[0.43]
(10)	[0.91]
]
MapVendorToProduct:[
(1	1)	[1]
(1	2)	[1]
(1	3)	[1]
(1	4)	[1]
(1	5)	[1]
(1	6)	[1]
(1	7)	[1]
(1	8)	[1]
(1	9)	[1]
(1	10)	[1]
]
LeadTimeWarehouseToStores:[
(1	1)	[0]
(1	2)	[0]
(1	3)	[0]
(1	4)	[0]
(1	5)	[0]
]
StoreDemandForFashionProducts:[
(1	1)	[1250]
(1	2)	[1005]
(1	3)	[570]
(1	4)	[1360]
(1	5)	[1035]
(1	6)	[925]
(1	7)	[855]
(1	8)	[540]
(1	9)	[820]
(1	10)	[1160]
(2	1)	[1335]
(2	2)	[1740]
(2	3)	[1055]
(2	4)	[1455]
(2	5)	[1035]
(2	6)	[1350]
(2	7)	[1180]
(2	8)	[845]
(2	9)	[1230]
(2	10)	[1000]
(3	1)	[1215]
(3	2)	[745]
(3	3)	[930]
(3	4)	[560]
(3	5)	[615]
(3	6)	[520]
(3	7)	[745]
(3	8)	[1485]
(3	9)	[900]
(3	10)	[970]
(4	1)	[690]
(4	2)	[900]
(4	3)	[1100]
(4	4)	[995]
(4	5)	[1290]
(4	6)	[1255]
(4	7)	[505]
(4	8)	[460]
(4	9)	[1330]
(4	10)	[255]
(5	1)	[1060]
(5	2)	[905]
(5	3)	[630]
(5	4)	[50]
(5	5)	[1215]
(5	6)	[1155]
(5	7)	[930]
(5	8)	[475]
(5	9)	[630]
(5	10)	[865]
]
FixedCostFashionVendorToWarehouse:[
(1	1)	[143.71]
]
Variable_FixedCostFashionVendorToWarehouse:[
(1	1)	[659.96]
]
VariableCostFashionVendorToWarehouse:[
(1	1)	[0.05]
]
FashionProductVolume:[
(1)	[0.31]
(2)	[0.72]
(3)	[0.22]
(4)	[0.24]
(5)	[0.45]
(6)	[0.22]
(7)	[0.1]
(8)	[0.57]
(9)	[0.83]
(10)	[0.37]
]
FashionProductWeight:[
(1)	[0.86]
(2)	[0.15]
(3)	[0.83]
(4)	[0.51]
(5)	[0.87]
(6)	[0.27]
(7)	[0.23]
(8)	[0.41]
(9)	[0.98]
(10)	[0.19]
]
MapFashionVendorToProduct:[
(1	1)	[1]
(1	2)	[1]
(1	3)	[1]
(1	4)	[1]
(1	5)	[1]
(1	6)	[1]
(1	7)	[1]
(1	8)	[1]
(1	9)	[1]
(1	10)	[1]
]
