Printing New Fashion Solution:

Inbound Fashion Solution (V F T):
1	1	2	4075
1	2	2	5315
1	3	2	7165
1	4	2	4800
1	5	3	5135
1	6	3	4765
1	7	2	5470
1	8	3	4855
1	9	3	6520
1	10	3	6160


Outbound Fashion Solution(S F T):
1	1	5	255
1	2	4	1370
1	3	4	1620
1	4	4	1240
1	5	5	1375
1	6	5	635
1	7	5	1070
1	8	4	780
1	9	4	1470
1	10	5	1410
2	1	5	1100
2	2	4	1305
2	3	4	1565
2	4	5	750
2	5	5	1750
2	6	5	1455
2	7	5	1170
2	8	4	965
2	9	4	1445
2	10	5	1740
3	1	5	1365
3	2	4	790
3	3	3	1235
3	4	5	260
3	5	4	870
3	6	5	1100
3	7	4	1365
3	8	4	1015
3	9	4	1420
3	10	5	895
4	1	5	540
4	2	4	930
4	3	3	1900
4	4	4	1170
4	5	5	615
4	6	5	1300
4	7	4	545
4	8	4	1030
4	9	4	1175
4	10	5	1440
5	1	5	815
5	2	4	920
5	3	4	845
5	4	4	1380
5	5	5	525
5	6	5	275
5	7	5	1320
5	8	4	1065
5	9	4	1010
5	10	5	675


Warehouse Fashion Inventory (W F T):
1	0		4075		4075		4075		0	
2	0		5315		5315		0		0	
3	0		7165		4030		0		0	
4	0		4800		4800		1010		0	
5	0		0		5135		4265		0	
6	0		0		4765		4765		0	
7	0		5470		5470		3560		0	
8	0		0		4855		0		0	
9	0		0		6520		0		0	
10	0		0		6160		6160		0	

Store Fashion Inventory (S F T):
Store1
1	0		0		0		255	
2	0		0		1370		1370	
3	0		0		1620		1620	
4	0		0		1240		1240	
5	0		0		0		1375	
6	0		0		0		635	
7	0		0		0		1070	
8	0		0		780		780	
9	0		0		1470		1470	
10	0		0		0		1410	
Store2
1	0		0		0		1100	
2	0		0		1305		1305	
3	0		0		1565		1565	
4	0		0		0		750	
5	0		0		0		1750	
6	0		0		0		1455	
7	0		0		0		1170	
8	0		0		965		965	
9	0		0		1445		1445	
10	0		0		0		1740	
Store3
1	0		0		0		1365	
2	0		0		790		790	
3	0		1235		1235		1235	
4	0		0		0		260	
5	0		0		870		870	
6	0		0		0		1100	
7	0		0		1365		1365	
8	0		0		1015		1015	
9	0		0		1420		1420	
10	0		0		0		895	
Store4
1	0		0		0		540	
2	0		0		930		930	
3	0		1900		1900		1900	
4	0		0		1170		1170	
5	0		0		0		615	
6	0		0		0		1300	
7	0		0		545		545	
8	0		0		1030		1030	
9	0		0		1175		1175	
10	0		0		0		1440	
Store5
1	0		0		0		815	
2	0		0		920		920	
3	0		0		845		845	
4	0		0		1380		1380	
5	0		0		0		525	
6	0		0		0		275	
7	0		0		0		1320	
8	0		0		1065		1065	
9	0		0		1010		1010	
10	0		0		0		675	


Fashion Shipments from Vendor to Warehouse (V T):
0	1.411397	0.9275	0	

Printing New Basic Solution:

Inbound Solution (V P T):
1	1	1	2102
1	1	4	2476
1	1	5	526
1	2	1	239
1	2	4	2721
1	2	5	2156
1	3	1	1764
1	3	4	2857
1	3	5	441
1	4	1	3250
1	4	4	1260
1	4	5	813
1	5	1	3058
1	5	4	1098
1	5	5	340
1	6	1	415
1	6	4	1127
1	6	5	3735
1	7	1	1015
1	7	4	557
1	7	5	2369
1	8	1	1200
1	8	4	732
1	8	5	2801
1	9	1	4796
1	9	5	533
1	10	1	426
1	10	4	2754
1	10	5	1707


Outbound Solution(S P T):
1	1	1	779
1	1	5	216
1	2	1	888
1	2	5	189
1	3	1	1061
1	3	5	99
1	4	1	1060
1	4	5	164
1	5	1	675
1	5	5	173
1	6	1	980
1	6	5	108
1	7	1	461
1	7	5	326
1	8	1	1127
1	8	5	189
1	9	1	1007
1	9	5	293
1	10	1	904
1	10	5	213
2	1	4	391
2	1	5	610
2	2	4	464
2	2	5	466
2	3	4	464
2	3	5	789
2	4	4	400
2	4	5	382
2	5	4	350
2	5	5	707
2	6	4	559
2	6	5	537
2	7	4	437
2	7	5	267
2	8	4	290
2	8	5	487
2	9	4	353
2	9	5	642
2	10	4	332
2	10	5	772
3	1	3	1023
3	2	3	825
3	3	3	731
3	4	3	1310
3	5	3	689
3	6	3	1160
3	7	3	808
3	8	3	981
3	9	3	967
3	10	3	648
4	1	3	804
4	1	5	428
4	2	3	818
4	2	5	527
4	3	3	378
4	3	5	269
4	4	3	486
4	4	5	390
4	5	3	644
4	5	5	376
4	6	3	479
4	6	5	459
4	7	3	794
4	7	5	340
4	8	3	465
4	8	5	327
4	9	3	459
4	9	5	457
4	10	3	593
4	10	5	514
5	1	1	705
5	1	4	148
5	2	1	623
5	2	4	316
5	3	1	790
5	3	4	481
5	4	1	829
5	4	4	302
5	5	1	383
5	5	4	499
5	6	1	528
5	6	4	467
5	7	1	274
5	7	4	234
5	8	1	442
5	8	4	425
5	9	1	608
5	9	4	543
5	10	1	472
5	10	4	439


Warehouse Inventory (W P T):
1	1209		1827		1827		0		1937		1209	
2	2915		1643		1643		0		1941		2915	
3	1196		1109		1109		0		1912		1196	
4	435		1796		1796		0		558		435	
5	0		2000		2000		667		916		0	
6	2732		1639		1639		0		101		2732	
7	1436		1716		1716		114		0		1436	
8	1815		1446		1446		0		17		1815	
9	0		3181		3181		1755		859		0	
10	2191		1241		1241		0		1983		2191	

Store Inventory (S P T):
Store1
1	0		660		384		253		37		0	
2	93		800		573		189		0		93	
3	0		805		584		332		233		0	
4	0		852		628		332		168		0	
5	32		458		332		173		0		32	
6	0		707		489		109		1		0	
7	106		501		421		326		0		106	
8	0		746		579		323		134		0	
9	85		795		636		293		0		85	
10	0		529		422		217		4		0	
Store2
1	610		355		215		0		159		610	
2	466		252		205		0		313		466	
3	789		707		373		0		231		789	
4	382		290		252		0		131		382	
5	707		511		202		0		144		707	
6	537		383		226		0		274		537	
7	267		253		182		0		137		267	
8	487		298		147		0		192		487	
9	642		358		205		0		171		642	
10	772		514		226		0		172		772	
Store3
1	456		456		0		804		715		456	
2	265		55		0		728		476		265	
3	239		111		0		590		516		239	
4	624		282		0		1135		886		624	
5	75		54		0		440		246		75	
6	534		241		0		877		658		534	
7	413		143		0		649		518		413	
8	261		153		0		869		564		261	
9	407		72		0		860		651		407	
10	187		41		0		389		235		187	
Store4
1	566		316		0		566		452		566	
2	466		232		0		466		196		466	
3	304		226		0		304		150		304	
4	410		200		0		410		220		410	
5	326		127		59		326		0		326	
6	306		143		0		306		14		306	
7	532		220		0		532		439		532	
8	218		112		0		218		106		218	
9	293		81		24		293		0		293	
10	390		173		0		390		122		390	
Store5
1	0		455		256		0		0		0	
2	0		365		145		0		125		0	
3	0		491		214		0		262		0	
4	0		506		313		0		117		0	
5	0		308		162		0		284		0	
6	0		394		135		0		166		0	
7	0		225		98		0		125		0	
8	0		334		104		0		293		0	
9	0		399		286		0		348		0	
10	0		244		118		0		183		0	


Shipments from Vendor to Warehouse (V T):
0.6388107	0	0	0.6492079	0.6388166	

Shipments from Warehouse to Stores (S T):
1	1	0.348566
1	4	0.2958667
1	5	0.270542
2	4	0.37625
2	5	0.563
3	3	0.3923993
3	4	0.2184233
3	5	0.1748167
4	3	0.2999073
4	4	0.2317733
4	5	0.3157627
5	1	0.2197367
5	4	0.3840547
5	5	0.1746333


Required Putaway workers (Sol T):
2	3	3	2	2	

No of required pickers (T):
4	0	5	9	9	

No of part-time putaway workers (T):
0	1	1	0	0	

No of part-time pickers (T):
0	0	0	3	3	

Best Putaway Technology: 1200
Best Picking Technology: 500

Required Fashion Putaway Hours:
0	22.35417	22.8625	0	0	

Required Basic Putaway Hours:
15.22083	0	0	12.985	12.85083	

Required Total Putaway Hours:
15.22083	22.35417	22.8625	12.985	12.85083	

No of required fashion pick hours:
0	0	6.27	54.58	47.67	

No of required basic pick hours:
29.192	0	30.124	15.788	23.432	

No of required total pick hours:
29.192	0	36.394	70.368	71.102	

List of all the costs: 
MHECost		324
PutawayTechCost		1060
PickingTechCost		3195
WhBasicInvCost		618.85
BasicInbCost		4820.774
WhFashionInvCost		1017.85
FashionInbCost		7100.079
PutawayCost		3680
StoreBasicInvCost		3282.1
StoreFashionInvCost		4391
OutboundCost		11158.61
PickingCost		11040
Total		51688.27

List of Top5 Technologies: 
Tech1		2	5	$ 51688.27
Tech2		3	5	$ 52788.13
Tech3		3	4	$ 57046.79
Tech4		1	4	$ 59701.54
Tech5		1	1	$ 95722.82
The start time is 12/19/2014 2:30:27 PM
The End time is 12/19/2014 2:30:41 PM
