Printing New Fashion Solution:

Inbound Fashion Solution (V F T):
1	1	4	4075
1	2	4	5315
1	3	3	7165
1	4	4	4800
1	5	4	5135
1	6	4	4765
1	7	4	5470
1	8	4	4855
1	9	3	6520
1	10	3	6160


Outbound Fashion Solution(S F T):
1	1	5	255
1	2	5	1370
1	3	4	1620
1	4	5	1240
1	5	5	1375
1	6	5	635
1	7	5	1070
1	8	5	780
1	9	4	1470
1	10	5	1410
2	1	5	1100
2	2	5	1305
2	3	5	1565
2	4	5	750
2	5	5	1750
2	6	5	1455
2	7	5	1170
2	8	5	965
2	9	5	1445
2	10	5	1740
3	1	5	1365
3	2	5	790
3	3	4	1235
3	4	5	260
3	5	5	870
3	6	5	1100
3	7	5	1365
3	8	5	1015
3	9	4	1420
3	10	5	895
4	1	5	540
4	2	5	930
4	3	4	1900
4	4	5	1170
4	5	5	615
4	6	5	1300
4	7	5	545
4	8	5	1030
4	9	4	1175
4	10	5	1440
5	1	5	815
5	2	5	920
5	3	4	845
5	4	5	1380
5	5	5	525
5	6	5	275
5	7	5	1320
5	8	5	1065
5	9	4	1010
5	10	5	675


Warehouse Fashion Inventory (W F T):
1	0		0		0		4075		0	
2	0		0		0		5315		0	
3	0		0		7165		1565		0	
4	0		0		0		4800		0	
5	0		0		0		5135		0	
6	0		0		0		4765		0	
7	0		0		0		5470		0	
8	0		0		0		4855		0	
9	0		0		6520		1445		0	
10	0		0		6160		6160		0	

Store Fashion Inventory (S F T):
Store1
1	0		0		0		255	
2	0		0		0		1370	
3	0		0		1620		1620	
4	0		0		0		1240	
5	0		0		0		1375	
6	0		0		0		635	
7	0		0		0		1070	
8	0		0		0		780	
9	0		0		1470		1470	
10	0		0		0		1410	
Store2
1	0		0		0		1100	
2	0		0		0		1305	
3	0		0		0		1565	
4	0		0		0		750	
5	0		0		0		1750	
6	0		0		0		1455	
7	0		0		0		1170	
8	0		0		0		965	
9	0		0		0		1445	
10	0		0		0		1740	
Store3
1	0		0		0		1365	
2	0		0		0		790	
3	0		0		1235		1235	
4	0		0		0		260	
5	0		0		0		870	
6	0		0		0		1100	
7	0		0		0		1365	
8	0		0		0		1015	
9	0		0		1420		1420	
10	0		0		0		895	
Store4
1	0		0		0		540	
2	0		0		0		930	
3	0		0		1900		1900	
4	0		0		0		1170	
5	0		0		0		615	
6	0		0		0		1300	
7	0		0		0		545	
8	0		0		0		1030	
9	0		0		1175		1175	
10	0		0		0		1440	
Store5
1	0		0		0		815	
2	0		0		0		920	
3	0		0		845		845	
4	0		0		0		1380	
5	0		0		0		525	
6	0		0		0		275	
7	0		0		0		1320	
8	0		0		0		1065	
9	0		0		1010		1010	
10	0		0		0		675	


Fashion Shipments from Vendor to Warehouse (V T):
0	0	0.8951234	1.443773	

Printing New Basic Solution:

Inbound Solution (V P T):
1	1	1	2032
1	1	2	3072
1	2	1	2737
1	2	2	2379
1	3	1	2263
1	3	2	2799
1	4	1	1251
1	4	2	4072
1	5	1	4330
1	5	2	166
1	6	1	2249
1	6	2	3028
1	7	1	789
1	7	2	3152
1	8	1	2575
1	8	2	2158
1	9	1	3826
1	9	2	1503
1	10	1	3421
1	10	2	1466


Outbound Solution(S P T):
1	1	1	995
1	2	1	1077
1	3	1	1160
1	4	1	1224
1	5	1	848
1	6	1	1088
1	7	1	787
1	8	1	1316
1	9	1	1300
1	10	1	1117
2	1	2	646
2	1	5	355
2	2	2	678
2	2	5	252
2	3	2	546
2	3	5	707
2	4	2	492
2	4	5	290
2	5	2	546
2	5	5	511
2	6	2	713
2	6	5	383
2	7	2	451
2	7	5	253
2	8	2	479
2	8	5	298
2	9	2	637
2	9	5	358
2	10	2	590
2	10	5	514
3	1	4	1023
3	2	4	825
3	3	4	731
3	4	4	1310
3	5	4	689
3	6	4	1160
3	7	4	808
3	8	4	981
3	9	4	967
3	10	4	648
4	1	4	1232
4	2	4	1345
4	3	4	647
4	4	4	876
4	5	4	1020
4	6	4	938
4	7	4	1134
4	8	4	792
4	9	4	916
4	10	4	1107
5	1	4	853
5	2	4	939
5	3	4	1271
5	4	4	1131
5	5	4	882
5	6	4	995
5	7	4	508
5	8	4	867
5	9	4	1151
5	10	4	911


Warehouse Inventory (W P T):
1	0		1037		3463		3463		355		0	
2	0		1660		3361		3361		252		0	
3	0		1103		3356		3356		707		0	
4	0		27		3607		3607		290		0	
5	0		3482		3102		3102		511		0	
6	0		1161		3476		3476		383		0	
7	0		2		2703		2703		253		0	
8	0		1259		2938		2938		298		0	
9	0		2526		3392		3392		358		0	
10	0		2304		3180		3180		514		0	

Store Inventory (S P T):
Store1
1	0		876		600		469		253		0	
2	0		896		669		285		96		0	
3	0		904		683		431		332		0	
4	0		1016		792		496		332		0	
5	0		599		473		314		141		0	
6	0		815		597		217		109		0	
7	0		721		641		546		220		0	
8	0		935		768		512		323		0	
9	0		1003		844		501		208		0	
10	0		742		635		430		217		0	
Store2
1	255		0		506		291		59		255	
2	214		0		631		426		275		214	
3	476		394		606		233		0		476	
4	159		67		521		269		0		159	
5	367		171		408		206		0		367	
6	154		0		556		330		45		154	
7	116		102		482		300		0		116	
8	189		0		328		181		83		189	
9	284		0		484		279		97		284	
10	342		84		386		160		0		342	
Store3
1	675		675		219		0		934		675	
2	362		152		97		0		573		362	
3	380		252		141		0		657		380	
4	799		457		175		0		1061		799	
5	324		303		249		0		495		324	
6	817		524		283		0		941		817	
7	572		302		159		0		677		572	
8	373		265		112		0		676		373	
9	514		179		107		0		758		514	
10	446		300		259		0		494		446	
Store4
1	804		554		238		0		1118		804	
2	818		584		352		0		1075		818	
3	378		300		74		0		493		378	
4	486		276		76		0		686		486	
5	644		445		377		0		694		644	
6	479		316		173		0		646		479	
7	794		482		262		0		1041		794	
8	465		359		247		0		680		465	
9	459		247		190		0		623		459	
10	593		376		203		0		839		593	
Store5
1	705		455		256		0		705		705	
2	623		365		145		0		748		623	
3	790		491		214		0		1052		790	
4	829		506		313		0		946		829	
5	383		308		162		0		667		383	
6	528		394		135		0		694		528	
7	274		225		98		0		399		274	
8	442		334		104		0		735		442	
9	608		399		286		0		956		608	
10	472		244		118		0		655		472	


Shipments from Vendor to Warehouse (V T):
0.9744513	0.9523839	0	0	0	

Shipments from Warehouse to Stores (S T):
1	1	0.4249647
1	4	0.11956
1	5	0.37045
2	2	0.226568
2	5	0.7126819
3	4	0.4567727
3	5	0.3288667
4	4	0.5097867
4	5	0.3376567
5	4	0.4435213
5	5	0.3349033


Required Putaway workers (Sol T):
3	3	3	4	0	

No of required pickers (T):
2	1	0	5	6	

No of part-time putaway workers (T):
0	0	0	1	0	

No of part-time pickers (T):
0	0	0	1	2	

Best Putaway Technology: 1200
Best Picking Technology: 1000

Required Fashion Putaway Hours:
0	0	16.5375	28.67917	0	

Required Basic Putaway Hours:
21.2275	19.82917	0	0	0	

Required Total Putaway Hours:
21.2275	19.82917	16.5375	28.67917	0	

No of required fashion pick hours:
0	0	0	10.675	43.585	

No of required basic pick hours:
10.912	5.778	0	28.657	3.921	

No of required total pick hours:
10.912	5.778	0	39.332	47.506	

List of all the costs: 
MHECost		432
PutawayTechCost		1060
PickingTechCost		9130
WhBasicInvCost		836.3801
BasicInbCost		3801.534
WhFashionInvCost		634.3
FashionInbCost		7100.079
PutawayCost		5040
StoreBasicInvCost		4480.2
StoreFashionInvCost		3246.75
OutboundCost		9399.739
PickingCost		7120
Total		52280.98

List of Top5 Technologies: 
Tech1		2	6	$ 52280.98
Tech2		2	2	$ 69008.06
Tech3		2	1	$ 89231.86
Tech4		1	1	$ 107042.9
Tech5		None	None	$ -
The start time is 12/19/2014 2:30:27 PM
The End time is 12/19/2014 2:30:38 PM
