Printing New Fashion Solution:

Inbound Fashion Solution (V F T):
1	1	2	4075
1	2	2	5315
1	3	3	7165
1	4	3	4800
1	5	2	5135
1	6	2	4765
1	7	3	5470
1	8	3	4855
1	9	3	6520
1	10	3	6160


Outbound Fashion Solution(S F T):
1	1	3	255
1	2	3	1370
1	3	5	1620
1	4	4	1240
1	5	3	1375
1	6	4	635
1	7	5	1070
1	8	5	780
1	9	5	1470
1	10	4	1410
2	1	4	1100
2	2	4	1305
2	3	5	1565
2	4	5	750
2	5	4	1750
2	6	4	1455
2	7	5	1170
2	8	5	965
2	9	5	1445
2	10	5	1740
3	1	4	1365
3	2	4	790
3	3	5	1235
3	4	5	260
3	5	4	870
3	6	4	1100
3	7	5	1365
3	8	5	1015
3	9	5	1420
3	10	4	895
4	1	4	540
4	2	3	930
4	3	4	1900
4	4	5	1170
4	5	4	615
4	6	3	1300
4	7	4	545
4	8	4	1030
4	9	5	1175
4	10	5	1440
5	1	4	815
5	2	4	920
5	3	5	845
5	4	4	1380
5	5	4	525
5	6	4	275
5	7	5	1320
5	8	5	1065
5	9	4	1010
5	10	5	675


Warehouse Fashion Inventory (W F T):
1	0		4075		3820		0		0	
2	0		5315		3015		0		0	
3	0		0		7165		5265		0	
4	0		0		4800		2180		0	
5	0		5135		3760		0		0	
6	0		4765		3465		0		0	
7	0		0		5470		4925		0	
8	0		0		4855		3825		0	
9	0		0		6520		5510		0	
10	0		0		6160		3855		0	

Store Fashion Inventory (S F T):
Store1
1	0		255		255		255	
2	0		1370		1370		1370	
3	0		0		0		1620	
4	0		0		1240		1240	
5	0		1375		1375		1375	
6	0		0		635		635	
7	0		0		0		1070	
8	0		0		0		780	
9	0		0		0		1470	
10	0		0		1410		1410	
Store2
1	0		0		1100		1100	
2	0		0		1305		1305	
3	0		0		0		1565	
4	0		0		0		750	
5	0		0		1750		1750	
6	0		0		1455		1455	
7	0		0		0		1170	
8	0		0		0		965	
9	0		0		0		1445	
10	0		0		0		1740	
Store3
1	0		0		1365		1365	
2	0		0		790		790	
3	0		0		0		1235	
4	0		0		0		260	
5	0		0		870		870	
6	0		0		1100		1100	
7	0		0		0		1365	
8	0		0		0		1015	
9	0		0		0		1420	
10	0		0		895		895	
Store4
1	0		0		540		540	
2	0		930		930		930	
3	0		0		1900		1900	
4	0		0		0		1170	
5	0		0		615		615	
6	0		1300		1300		1300	
7	0		0		545		545	
8	0		0		1030		1030	
9	0		0		0		1175	
10	0		0		0		1440	
Store5
1	0		0		815		815	
2	0		0		920		920	
3	0		0		0		845	
4	0		0		1380		1380	
5	0		0		525		525	
6	0		0		275		275	
7	0		0		0		1320	
8	0		0		0		1065	
9	0		0		1010		1010	
10	0		0		0		675	


Fashion Shipments from Vendor to Warehouse (V T):
0	0.76139	1.577507	0	

Printing New Basic Solution:

Inbound Solution (V P T):
1	1	1	4083
1	1	5	1021
1	2	1	2046
1	2	5	3070
1	3	1	506
1	3	5	4556
1	4	1	3193
1	4	5	2130
1	5	1	4046
1	5	5	450
1	6	1	1055
1	6	5	4222
1	7	1	788
1	7	5	3153
1	8	1	4733
1	9	1	3730
1	9	5	1599
1	10	1	2443
1	10	5	2444


Outbound Solution(S P T):
1	1	3	995
1	2	3	1077
1	3	3	1160
1	4	3	1224
1	5	3	848
1	6	3	1088
1	7	3	787
1	8	3	1316
1	9	3	1300
1	10	3	1117
2	1	2	1001
2	2	2	930
2	3	2	1253
2	4	2	782
2	5	2	1057
2	6	2	1096
2	7	2	704
2	8	2	777
2	9	2	995
2	10	2	1104
3	1	1	1023
3	2	1	825
3	3	1	731
3	4	1	1310
3	5	1	689
3	6	1	1160
3	7	1	808
3	8	1	981
3	9	1	967
3	10	1	648
4	1	1	554
4	1	3	678
4	2	1	584
4	2	3	761
4	3	1	300
4	3	3	347
4	4	1	276
4	4	3	600
4	5	1	445
4	5	3	575
4	6	1	316
4	6	3	622
4	7	1	482
4	7	3	652
4	8	1	359
4	8	3	433
4	9	1	247
4	9	3	669
4	10	1	376
4	10	3	731
5	1	2	705
5	1	5	148
5	2	2	748
5	2	5	191
5	3	2	1052
5	3	5	219
5	4	2	946
5	4	5	185
5	5	2	667
5	5	5	215
5	6	2	694
5	6	5	301
5	7	2	399
5	7	5	109
5	8	2	735
5	8	5	132
5	9	2	956
5	9	5	195
5	10	2	655
5	10	5	256


Warehouse Inventory (W P T):
1	873		3379		1673		0		0		873	
2	2879		3516		1838		0		0		2879	
3	4337		3812		1507		0		0		4337	
4	1945		3552		1824		0		0		1945	
5	235		3147		1423		0		0		235	
6	3921		3500		1710		0		0		3921	
7	3044		2542		1439		0		0		3044	
8	0		3393		1881		132		132		0	
9	1404		3920		1969		0		0		1404	
10	2188		3607		1848		0		0		2188	

Store Inventory (S P T):
Store1
1	395		276		0		864		648		395	
2	408		227		0		693		504		408	
3	477		221		0		908		809		477	
4	432		224		0		928		764		432	
5	375		126		0		689		516		375	
6	491		218		0		708		600		491	
7	146		80		0		692		366		146	
8	548		167		0		1060		871		548	
9	456		159		0		957		664		456	
10	482		107		0		912		699		482	
Store2
1	255		0		861		646		414		255	
2	214		0		883		678		527		214	
3	82		0		919		546		313		82	
4	92		0		744		492		223		92	
5	196		0		748		546		340		196	
6	154		0		939		713		428		154	
7	14		0		633		451		151		14	
8	189		0		626		479		381		189	
9	284		0		842		637		455		284	
10	258		0		816		590		430		258	
Store3
1	0		1023		567		348		259		0	
2	0		615		560		463		211		0	
3	0		603		492		351		277		0	
4	0		968		686		511		262		0	
5	0		668		614		365		171		0	
6	0		867		626		343		124		0	
7	0		538		395		236		105		0	
8	0		873		720		608		303		0	
9	0		632		560		453		244		0	
10	0		502		461		202		48		0	
Store4
1	12		316		0		440		326		12	
2	0		350		118		527		257		0	
3	4		226		0		273		119		4	
4	134		200		0		524		334		134	
5	0		246		178		376		50		0	
6	0		153		10		459		167		0	
7	50		220		0		390		297		50	
8	0		253		141		327		215		0	
9	22		57		0		479		186		22	
10	14		173		0		528		260		14	
Store5
1	250		0		506		250		102		250	
2	258		0		528		383		192		258	
3	299		0		775		561		342		299	
4	323		0		753		440		255		323	
5	75		0		521		359		144		75	
6	135		1		436		301		0		135	
7	49		0		272		174		65		49	
8	108		0		505		401		269		108	
9	209		0		843		557		362		209	
10	228		0		529		411		155		228	


Shipments from Vendor to Warehouse (V T):
0.9811246	0	0	0	0.9457106	

Shipments from Warehouse to Stores (S T):
1	3	0.5440013
1	4	0.1791467
1	5	0.1918267
2	2	0.38523
2	4	0.20656
2	5	0.34746
3	1	0.352056
3	4	0.2201033
3	5	0.21348
4	1	0.1614013
4	3	0.328972
4	4	0.1450433
4	5	0.2120267
5	2	0.2947553
5	4	0.25005
5	5	0.2336193


Required Putaway workers (Sol T):
3	3	4	0	3	

No of required pickers (T):
4	5	6	6	7	

No of part-time putaway workers (T):
0	0	1	0	0	

No of part-time pickers (T):
0	0	1	1	2	

Best Putaway Technology: 1200
Best Picking Technology: 500

Required Fashion Putaway Hours:
0	16.075	29.14167	0	0	

Required Basic Putaway Hours:
22.18583	0	0	0	18.87083	

Required Total Putaway Hours:
22.18583	16.075	29.14167	0	18.87083	

No of required fashion pick hours:
0	0	10.46	46.94	51.12	

No of required basic pick hours:
26.162	34.512	33.96	0	3.902	

No of required total pick hours:
26.162	34.512	44.42	46.94	55.022	

List of all the costs: 
MHECost		432
PutawayTechCost		1060
PickingTechCost		3195
WhBasicInvCost		725.7
BasicInbCost		3801.534
WhFashionInvCost		938.8
FashionInbCost		7100.079
PutawayCost		5040
StoreBasicInvCost		4082.35
StoreFashionInvCost		4409.5
OutboundCost		12774.56
PickingCost		8960
Total		52519.52

List of Top5 Technologies: 
Tech1		2	5	$ 52519.52
Tech2		3	5	$ 53563.55
Tech3		3	4	$ 54859.75
Tech4		3	6	$ 55955.34
Tech5		3	3	$ 62128.62
The start time is 12/19/2014 2:30:27 PM
The End time is 12/19/2014 2:30:35 PM
