Printing New Fashion Solution:

Inbound Fashion Solution (V F T):
1	1	1	4075
1	2	3	5315
1	3	2	7165
1	4	1	4800
1	5	2	5135
1	6	1	4765
1	7	2	5470
1	8	3	4855
1	9	1	6520
1	10	2	6160


Outbound Fashion Solution(S F T):
1	1	5	255
1	2	5	1370
1	3	4	1620
1	4	5	1240
1	5	5	1375
1	6	4	635
1	7	4	1070
1	8	5	780
1	9	4	1470
1	10	5	1410
2	1	4	1100
2	2	5	1305
2	3	4	1565
2	4	5	750
2	5	4	1750
2	6	4	1455
2	7	4	1170
2	8	5	965
2	9	5	1445
2	10	4	1740
3	1	5	1365
3	2	5	790
3	3	5	1235
3	4	5	260
3	5	5	870
3	6	5	1100
3	7	5	1365
3	8	5	1015
3	9	5	1420
3	10	4	895
4	1	4	540
4	2	5	930
4	3	5	1900
4	4	5	1170
4	5	4	615
4	6	5	1300
4	7	5	545
4	8	5	1030
4	9	5	1175
4	10	5	1440
5	1	5	815
5	2	5	920
5	3	5	845
5	4	5	1380
5	5	5	525
5	6	5	275
5	7	5	1320
5	8	5	1065
5	9	5	1010
5	10	4	675


Warehouse Fashion Inventory (W F T):
1	4075		4075		4075		2435		0	
2	0		0		5315		5315		0	
3	0		7165		7165		3980		0	
4	4800		4800		4800		4800		0	
5	0		5135		5135		2770		0	
6	4765		4765		4765		2675		0	
7	0		5470		5470		3230		0	
8	0		0		4855		4855		0	
9	6520		6520		6520		5050		0	
10	0		6160		6160		2850		0	

Store Fashion Inventory (S F T):
Store1
1	0		0		0		255	
2	0		0		0		1370	
3	0		0		1620		1620	
4	0		0		0		1240	
5	0		0		0		1375	
6	0		0		635		635	
7	0		0		1070		1070	
8	0		0		0		780	
9	0		0		1470		1470	
10	0		0		0		1410	
Store2
1	0		0		1100		1100	
2	0		0		0		1305	
3	0		0		1565		1565	
4	0		0		0		750	
5	0		0		1750		1750	
6	0		0		1455		1455	
7	0		0		1170		1170	
8	0		0		0		965	
9	0		0		0		1445	
10	0		0		1740		1740	
Store3
1	0		0		0		1365	
2	0		0		0		790	
3	0		0		0		1235	
4	0		0		0		260	
5	0		0		0		870	
6	0		0		0		1100	
7	0		0		0		1365	
8	0		0		0		1015	
9	0		0		0		1420	
10	0		0		895		895	
Store4
1	0		0		540		540	
2	0		0		0		930	
3	0		0		0		1900	
4	0		0		0		1170	
5	0		0		615		615	
6	0		0		0		1300	
7	0		0		0		545	
8	0		0		0		1030	
9	0		0		0		1175	
10	0		0		0		1440	
Store5
1	0		0		0		815	
2	0		0		0		920	
3	0		0		0		845	
4	0		0		0		1380	
5	0		0		0		525	
6	0		0		0		275	
7	0		0		0		1320	
8	0		0		0		1065	
9	0		0		0		1010	
10	0		0		675		675	


Fashion Shipments from Vendor to Warehouse (V T):
0.9525599	0.9782067	0.40813	0	

Printing New Basic Solution:

Inbound Solution (V P T):
1	1	4	735
1	1	5	4369
1	2	4	2354
1	2	5	2762
1	3	4	2369
1	3	5	2693
1	4	4	2086
1	4	5	3237
1	5	4	2697
1	5	5	1799
1	6	4	3071
1	6	5	2206
1	7	4	2364
1	7	5	1577
1	8	4	2726
1	8	5	2007
1	9	4	4796
1	9	5	533
1	10	4	2785
1	10	5	2102


Outbound Solution(S P T):
1	1	1	526
1	1	4	216
1	1	5	253
1	2	1	792
1	2	4	189
1	2	5	96
1	3	1	729
1	3	4	99
1	3	5	332
1	4	1	728
1	4	4	164
1	4	5	332
1	5	1	534
1	5	4	173
1	5	5	141
1	6	1	871
1	6	4	108
1	6	5	109
1	7	1	241
1	7	4	326
1	7	5	220
1	8	1	804
1	8	4	189
1	8	5	323
1	9	1	799
1	9	4	293
1	9	5	208
1	10	1	687
1	10	4	213
1	10	5	217
2	1	4	842
2	1	5	159
2	2	4	617
2	2	5	313
2	3	4	1022
2	3	5	231
2	4	4	651
2	4	5	131
2	5	4	913
2	5	5	144
2	6	4	822
2	6	5	274
2	7	4	567
2	7	5	137
2	8	4	585
2	8	5	192
2	9	4	824
2	9	5	171
2	10	4	932
2	10	5	172
3	1	1	675
3	1	4	89
3	1	5	259
3	2	1	362
3	2	4	252
3	2	5	211
3	3	1	380
3	3	4	74
3	3	5	277
3	4	1	799
3	4	4	249
3	4	5	262
3	5	1	324
3	5	4	194
3	5	5	171
3	6	1	817
3	6	4	219
3	6	5	124
3	7	1	572
3	7	4	131
3	7	5	105
3	8	1	373
3	8	4	305
3	8	5	303
3	9	1	514
3	9	4	209
3	9	5	244
3	10	1	446
3	10	4	154
3	10	5	48
4	1	1	804
4	1	4	114
4	1	5	314
4	2	1	818
4	2	4	270
4	2	5	257
4	3	1	378
4	3	4	154
4	3	5	115
4	4	1	486
4	4	4	190
4	4	5	200
4	5	1	644
4	5	4	326
4	5	5	50
4	6	1	479
4	6	4	292
4	6	5	167
4	7	1	794
4	7	4	93
4	7	5	247
4	8	1	465
4	8	4	112
4	8	5	215
4	9	1	459
4	9	4	293
4	9	5	164
4	10	1	593
4	10	4	268
4	10	5	246
5	1	1	705
5	1	4	148
5	2	1	623
5	2	4	191
5	2	5	125
5	3	1	790
5	3	4	219
5	3	5	262
5	4	1	829
5	4	4	185
5	4	5	117
5	5	1	383
5	5	4	215
5	5	5	284
5	6	1	528
5	6	4	301
5	6	5	166
5	7	1	274
5	7	4	109
5	7	5	125
5	8	1	442
5	8	4	132
5	8	5	293
5	9	1	608
5	9	4	195
5	9	5	348
5	10	1	472
5	10	4	256
5	10	5	183


Warehouse Inventory (W P T):
1	3384		674		674		674		0		3384	
2	2595		0		0		0		835		2595	
3	2277		0		0		0		801		2277	
4	2842		0		0		0		647		2842	
5	1885		0		0		0		876		1885	
6	2695		0		0		0		1329		2695	
7	1881		0		0		0		1138		1881	
8	2084		0		0		0		1403		2084	
9	2380		0		0		0		2982		2380	
10	2198		0		0		0		962		2198	

Store Inventory (S P T):
Store1
1	0		407		131		0		0		0	
2	0		611		384		0		0		0	
3	0		473		252		0		0		0	
4	0		520		296		0		0		0	
5	0		285		159		0		0		0	
6	0		598		380		0		0		0	
7	0		175		95		0		0		0	
8	0		423		256		0		0		0	
9	0		502		343		0		0		0	
10	0		312		205		0		0		0	
Store2
1	610		355		215		0		610		610	
2	466		252		205		0		466		466	
3	789		707		373		0		789		789	
4	382		290		252		0		382		382	
5	707		511		202		0		707		707	
6	537		383		226		0		537		537	
7	267		253		182		0		267		267	
8	487		298		147		0		487		487	
9	642		358		205		0		642		642	
10	772		514		226		0		772		772	
Store3
1	0		675		219		0		0		0	
2	0		152		97		0		0		0	
3	0		252		141		0		0		0	
4	0		457		175		0		0		0	
5	0		303		249		0		0		0	
6	0		524		283		0		0		0	
7	0		302		159		0		0		0	
8	0		265		112		0		0		0	
9	0		179		107		0		0		0	
10	0		300		259		0		0		0	
Store4
1	0		554		238		0		0		0	
2	0		584		352		0		0		0	
3	0		300		74		0		0		0	
4	0		276		76		0		0		0	
5	0		445		377		0		0		0	
6	0		316		173		0		0		0	
7	0		482		262		0		0		0	
8	0		359		247		0		0		0	
9	0		247		190		0		0		0	
10	0		376		203		0		0		0	
Store5
1	0		455		256		0		0		0	
2	0		365		145		0		0		0	
3	0		491		214		0		0		0	
4	0		506		313		0		0		0	
5	0		308		162		0		0		0	
6	0		394		135		0		0		0	
7	0		225		98		0		0		0	
8	0		334		104		0		0		0	
9	0		399		286		0		0		0	
10	0		244		118		0		0		0	


Shipments from Vendor to Warehouse (V T):
0	0	0	0.9883839	0.9384513	

Shipments from Warehouse to Stores (S T):
1	1	0.2597407
1	4	0.2750854
1	5	0.3801487
2	4	0.6510513
2	5	0.2881987
3	1	0.1994573
3	4	0.124988
3	5	0.461194
4	1	0.2378407
4	4	0.116252
4	5	0.4933507
5	1	0.2197367
5	4	0.115426
5	5	0.443262


Required Putaway workers (Sol T):
3	3	2	3	3	

No of required pickers (T):
3	0	0	4	6	

No of part-time putaway workers (T):
1	1	0	1	1	

No of part-time pickers (T):
0	0	0	0	2	

Best Putaway Technology: 1200
Best Picking Technology: 1000

Required Fashion Putaway Hours:
16.8	19.94167	8.475	0	0	

Required Basic Putaway Hours:
0	0	0	21.6525	19.40417	

Required Total Putaway Hours:
16.8	19.94167	8.475	21.6525	19.40417	

No of required fashion pick hours:
0	0	0	16.3	37.96	

No of required basic pick hours:
23.547	0	0	15.684	10.037	

No of required total pick hours:
23.547	0	0	31.984	47.997	

List of all the costs: 
MHECost		378
PutawayTechCost		1060
PickingTechCost		9130
WhBasicInvCost		372.16
BasicInbCost		3801.534
WhFashionInvCost		1564.7
FashionInbCost		7100.079
PutawayCost		4160
StoreBasicInvCost		2058.6
StoreFashionInvCost		3528
OutboundCost		11158.61
PickingCost		6880
Total		51191.68

List of Top5 Technologies: 
Tech1		2	6	$ 51191.68
Tech2		2	1	$ 108405.1
Tech3		4	1	$ 115891.1
Tech4		1	1	$ 120189.1
Tech5		None	None	$ -
The start time is 12/19/2014 2:30:27 PM
The End time is 12/19/2014 2:30:34 PM
