WarehouseVolume:[
(1)	[100000000]
]
StoreVolume:[
(1)	[10000000]
(2)	[10000000]
(3)	[10000000]
(4)	[10000000]
(5)	[10000000]
]
StoreDemand:[
(1	1	1)	[119]
(1	1	2)	[276]
(1	1	3)	[131]
(1	1	4)	[216]
(1	1	5)	[253]
(1	2	1)	[181]
(1	2	2)	[227]
(1	2	3)	[384]
(1	2	4)	[189]
(1	2	5)	[96]
(1	3	1)	[256]
(1	3	2)	[221]
(1	3	3)	[252]
(1	3	4)	[99]
(1	3	5)	[332]
(1	4	1)	[208]
(1	4	2)	[224]
(1	4	3)	[296]
(1	4	4)	[164]
(1	4	5)	[332]
(1	5	1)	[249]
(1	5	2)	[126]
(1	5	3)	[159]
(1	5	4)	[173]
(1	5	5)	[141]
(1	6	1)	[273]
(1	6	2)	[218]
(1	6	3)	[380]
(1	6	4)	[108]
(1	6	5)	[109]
(1	7	1)	[66]
(1	7	2)	[80]
(1	7	3)	[95]
(1	7	4)	[326]
(1	7	5)	[220]
(1	8	1)	[381]
(1	8	2)	[167]
(1	8	3)	[256]
(1	8	4)	[189]
(1	8	5)	[323]
(1	9	1)	[297]
(1	9	2)	[159]
(1	9	3)	[343]
(1	9	4)	[293]
(1	9	5)	[208]
(1	10	1)	[375]
(1	10	2)	[107]
(1	10	3)	[205]
(1	10	4)	[213]
(1	10	5)	[217]
(2	1	1)	[255]
(2	1	2)	[140]
(2	1	3)	[215]
(2	1	4)	[232]
(2	1	5)	[159]
(2	2	1)	[214]
(2	2	2)	[47]
(2	2	3)	[205]
(2	2	4)	[151]
(2	2	5)	[313]
(2	3	1)	[82]
(2	3	2)	[334]
(2	3	3)	[373]
(2	3	4)	[233]
(2	3	5)	[231]
(2	4	1)	[92]
(2	4	2)	[38]
(2	4	3)	[252]
(2	4	4)	[269]
(2	4	5)	[131]
(2	5	1)	[196]
(2	5	2)	[309]
(2	5	3)	[202]
(2	5	4)	[206]
(2	5	5)	[144]
(2	6	1)	[154]
(2	6	2)	[157]
(2	6	3)	[226]
(2	6	4)	[285]
(2	6	5)	[274]
(2	7	1)	[14]
(2	7	2)	[71]
(2	7	3)	[182]
(2	7	4)	[300]
(2	7	5)	[137]
(2	8	1)	[189]
(2	8	2)	[151]
(2	8	3)	[147]
(2	8	4)	[98]
(2	8	5)	[192]
(2	9	1)	[284]
(2	9	2)	[153]
(2	9	3)	[205]
(2	9	4)	[182]
(2	9	5)	[171]
(2	10	1)	[258]
(2	10	2)	[288]
(2	10	3)	[226]
(2	10	4)	[160]
(2	10	5)	[172]
(3	1	1)	[0]
(3	1	2)	[456]
(3	1	3)	[219]
(3	1	4)	[89]
(3	1	5)	[259]
(3	2	1)	[210]
(3	2	2)	[55]
(3	2	3)	[97]
(3	2	4)	[252]
(3	2	5)	[211]
(3	3	1)	[128]
(3	3	2)	[111]
(3	3	3)	[141]
(3	3	4)	[74]
(3	3	5)	[277]
(3	4	1)	[342]
(3	4	2)	[282]
(3	4	3)	[175]
(3	4	4)	[249]
(3	4	5)	[262]
(3	5	1)	[21]
(3	5	2)	[54]
(3	5	3)	[249]
(3	5	4)	[194]
(3	5	5)	[171]
(3	6	1)	[293]
(3	6	2)	[241]
(3	6	3)	[283]
(3	6	4)	[219]
(3	6	5)	[124]
(3	7	1)	[270]
(3	7	2)	[143]
(3	7	3)	[159]
(3	7	4)	[131]
(3	7	5)	[105]
(3	8	1)	[108]
(3	8	2)	[153]
(3	8	3)	[112]
(3	8	4)	[305]
(3	8	5)	[303]
(3	9	1)	[335]
(3	9	2)	[72]
(3	9	3)	[107]
(3	9	4)	[209]
(3	9	5)	[244]
(3	10	1)	[146]
(3	10	2)	[41]
(3	10	3)	[259]
(3	10	4)	[154]
(3	10	5)	[48]
(4	1	1)	[250]
(4	1	2)	[316]
(4	1	3)	[238]
(4	1	4)	[114]
(4	1	5)	[314]
(4	2	1)	[234]
(4	2	2)	[232]
(4	2	3)	[352]
(4	2	4)	[270]
(4	2	5)	[257]
(4	3	1)	[78]
(4	3	2)	[226]
(4	3	3)	[74]
(4	3	4)	[154]
(4	3	5)	[115]
(4	4	1)	[210]
(4	4	2)	[200]
(4	4	3)	[76]
(4	4	4)	[190]
(4	4	5)	[200]
(4	5	1)	[199]
(4	5	2)	[68]
(4	5	3)	[377]
(4	5	4)	[326]
(4	5	5)	[50]
(4	6	1)	[163]
(4	6	2)	[143]
(4	6	3)	[173]
(4	6	4)	[292]
(4	6	5)	[167]
(4	7	1)	[312]
(4	7	2)	[220]
(4	7	3)	[262]
(4	7	4)	[93]
(4	7	5)	[247]
(4	8	1)	[106]
(4	8	2)	[112]
(4	8	3)	[247]
(4	8	4)	[112]
(4	8	5)	[215]
(4	9	1)	[212]
(4	9	2)	[57]
(4	9	3)	[190]
(4	9	4)	[293]
(4	9	5)	[164]
(4	10	1)	[217]
(4	10	2)	[173]
(4	10	3)	[203]
(4	10	4)	[268]
(4	10	5)	[246]
(5	1	1)	[250]
(5	1	2)	[199]
(5	1	3)	[256]
(5	1	4)	[148]
(5	1	5)	[0]
(5	2	1)	[258]
(5	2	2)	[220]
(5	2	3)	[145]
(5	2	4)	[191]
(5	2	5)	[125]
(5	3	1)	[299]
(5	3	2)	[277]
(5	3	3)	[214]
(5	3	4)	[219]
(5	3	5)	[262]
(5	4	1)	[323]
(5	4	2)	[193]
(5	4	3)	[313]
(5	4	4)	[185]
(5	4	5)	[117]
(5	5	1)	[75]
(5	5	2)	[146]
(5	5	3)	[162]
(5	5	4)	[215]
(5	5	5)	[284]
(5	6	1)	[134]
(5	6	2)	[259]
(5	6	3)	[135]
(5	6	4)	[301]
(5	6	5)	[166]
(5	7	1)	[49]
(5	7	2)	[127]
(5	7	3)	[98]
(5	7	4)	[109]
(5	7	5)	[125]
(5	8	1)	[108]
(5	8	2)	[230]
(5	8	3)	[104]
(5	8	4)	[132]
(5	8	5)	[293]
(5	9	1)	[209]
(5	9	2)	[113]
(5	9	3)	[286]
(5	9	4)	[195]
(5	9	5)	[348]
(5	10	1)	[228]
(5	10	2)	[126]
(5	10	3)	[118]
(5	10	4)	[256]
(5	10	5)	[183]
]
FixedCostVendorToWarehouse:[
(1	1)	[217.05]
]
FixedCostWarehouseToStore:[
(1	1)	[40.42]
(1	2)	[217.05]
(1	3)	[52.27]
(1	4)	[75.28]
(1	5)	[85.67]
]
Variable_FixedCostVendorToWarehouse:[
(1	1)	[802.19]
]
VariableCostVendorToWarehouse:[
(1	1)	[0.061]
]
Variable_FixedCostWarehouseToStore:[
(1	1)	[427.6]
(1	2)	[802.19]
(1	3)	[482.83]
(1	4)	[521.43]
(1	5)	[541.39]
]
VariableCostWarehouseToStore:[
(1	1)	[0.022]
(1	2)	[0.061]
(1	3)	[0.029]
(1	4)	[0.036]
(1	5)	[0.041]
]
ProductVolume:[
(1)	[0.62]
(2)	[0.56]
(3)	[0.25]
(4)	[0.68]
(5)	[0.63]
(6)	[0.62]
(7)	[0.22]
(8)	[0.75]
(9)	[0.47]
(10)	[0.34]
]
ProductWeight:[
(1)	[0.59]
(2)	[0.71]
(3)	[0.88]
(4)	[0.34]
(5)	[0.61]
(6)	[0.57]
(7)	[0.78]
(8)	[0.72]
(9)	[0.33]
(10)	[0.41]
]
MapVendorToProduct:[
(1	1)	[1]
(1	2)	[1]
(1	3)	[1]
(1	4)	[1]
(1	5)	[1]
(1	6)	[1]
(1	7)	[1]
(1	8)	[1]
(1	9)	[1]
(1	10)	[1]
]
LeadTimeWarehouseToStores:[
(1	1)	[0]
(1	2)	[0]
(1	3)	[0]
(1	4)	[0]
(1	5)	[0]
]
StoreDemandForFashionProducts:[
(1	1)	[255]
(1	2)	[1370]
(1	3)	[1620]
(1	4)	[1240]
(1	5)	[1375]
(1	6)	[635]
(1	7)	[1070]
(1	8)	[780]
(1	9)	[1470]
(1	10)	[1410]
(2	1)	[1100]
(2	2)	[1305]
(2	3)	[1565]
(2	4)	[750]
(2	5)	[1750]
(2	6)	[1455]
(2	7)	[1170]
(2	8)	[965]
(2	9)	[1445]
(2	10)	[1740]
(3	1)	[1365]
(3	2)	[790]
(3	3)	[1235]
(3	4)	[260]
(3	5)	[870]
(3	6)	[1100]
(3	7)	[1365]
(3	8)	[1015]
(3	9)	[1420]
(3	10)	[895]
(4	1)	[540]
(4	2)	[930]
(4	3)	[1900]
(4	4)	[1170]
(4	5)	[615]
(4	6)	[1300]
(4	7)	[545]
(4	8)	[1030]
(4	9)	[1175]
(4	10)	[1440]
(5	1)	[815]
(5	2)	[920]
(5	3)	[845]
(5	4)	[1380]
(5	5)	[525]
(5	6)	[275]
(5	7)	[1320]
(5	8)	[1065]
(5	9)	[1010]
(5	10)	[675]
]
FixedCostFashionVendorToWarehouse:[
(1	1)	[344.43]
]
Variable_FixedCostFashionVendorToWarehouse:[
(1	1)	[1075.01]
]
VariableCostFashionVendorToWarehouse:[
(1	1)	[0.081]
]
FashionProductVolume:[
(1)	[0.33]
(2)	[0.69]
(3)	[0.46]
(4)	[0.7]
(5)	[0.87]
(6)	[0.65]
(7)	[0.62]
(8)	[0.73]
(9)	[0.51]
(10)	[0.29]
]
FashionProductWeight:[
(1)	[0.82]
(2)	[0.96]
(3)	[0.49]
(4)	[0.94]
(5)	[0.19]
(6)	[0.42]
(7)	[0.86]
(8)	[0.21]
(9)	[0.68]
(10)	[0.89]
]
MapFashionVendorToProduct:[
(1	1)	[1]
(1	2)	[1]
(1	3)	[1]
(1	4)	[1]
(1	5)	[1]
(1	6)	[1]
(1	7)	[1]
(1	8)	[1]
(1	9)	[1]
(1	10)	[1]
]
