Printing New Fashion Solution:

Inbound Fashion Solution (V F T):
1	1	4	1920
1	2	4	1960
1	3	4	2055
1	4	4	1890
1	5	4	2035
1	6	4	2750
1	7	4	1990
1	8	4	1630
1	9	4	2195
1	10	4	2270
1	11	4	1835
1	12	4	1635
1	13	4	2395
1	14	4	1790
1	15	4	2125
1	16	4	2315
1	17	4	1790
1	18	4	2015
1	19	4	1790
1	20	4	1840
1	21	4	1805
1	22	4	1720
1	23	4	1910
1	24	4	1640
1	25	4	1785
2	26	4	2045
2	27	3	2120
2	28	4	2290
2	29	4	2040
2	30	3	1905
2	31	4	1790
2	32	3	1860
2	33	4	1895
2	34	3	2345
2	35	3	2320
2	36	4	1990
2	37	4	1680
2	38	4	1905
2	39	3	1575
2	40	4	1730
2	41	4	1815
2	42	4	1895
2	43	4	2500
2	44	3	1580
2	45	4	2030
2	46	4	2155
2	47	3	1570
2	48	3	1490
2	49	4	2075
2	50	4	2305


Outbound Fashion Solution(S F T):
1	1	5	160
1	2	5	175
1	3	5	280
1	4	5	140
1	5	5	180
1	6	5	350
1	7	5	230
1	8	5	165
1	9	5	245
1	10	5	315
1	11	5	245
1	12	5	95
1	13	5	260
1	14	5	120
1	15	5	165
1	16	5	225
1	17	5	120
1	18	5	240
1	19	5	75
1	20	5	225
1	21	5	95
1	22	5	125
1	23	5	415
1	24	5	310
1	25	5	250
1	26	5	235
1	27	5	265
1	28	5	185
1	29	5	245
1	30	5	315
1	31	5	165
1	32	5	240
1	33	5	190
1	34	5	305
1	35	5	280
1	36	5	290
1	37	5	290
1	38	5	210
1	39	5	290
1	40	5	225
1	41	5	175
1	42	5	330
1	43	5	230
1	44	5	35
1	45	5	190
1	46	5	135
1	47	5	55
1	48	5	175
1	49	5	80
1	50	5	165
2	1	5	115
2	2	5	55
2	3	5	225
2	4	5	115
2	5	5	285
2	6	5	320
2	7	5	120
2	8	5	225
2	9	5	250
2	10	5	95
2	11	5	255
2	12	5	240
2	13	5	240
2	14	5	280
2	15	5	65
2	16	5	250
2	17	5	180
2	18	5	325
2	19	5	420
2	20	5	255
2	21	5	190
2	22	5	160
2	23	5	285
2	24	5	220
2	25	5	185
2	26	5	160
2	27	5	260
2	28	5	205
2	29	5	255
2	30	5	220
2	31	5	185
2	32	5	250
2	33	5	220
2	34	5	335
2	35	5	195
2	36	5	160
2	37	5	90
2	38	5	225
2	39	5	175
2	40	5	215
2	41	5	125
2	42	5	235
2	43	5	230
2	44	5	220
2	45	5	135
2	46	5	280
2	47	5	115
2	48	5	100
2	49	5	360
2	50	5	260
3	1	5	210
3	2	5	125
3	3	5	115
3	4	5	150
3	5	5	235
3	6	5	330
3	7	5	165
3	9	5	80
3	10	5	115
3	11	5	90
3	12	5	200
3	13	5	260
3	14	5	200
3	15	5	270
3	16	5	175
3	17	5	250
3	18	5	60
3	19	5	140
3	20	5	140
3	21	5	175
3	22	5	260
3	23	5	90
3	24	5	190
3	25	5	85
3	26	5	80
3	27	5	140
3	28	5	125
3	29	5	280
3	30	5	200
3	31	5	185
3	32	5	110
3	33	5	115
3	34	5	240
3	35	5	285
3	36	5	235
3	37	5	190
3	38	5	255
3	39	5	105
3	40	5	225
3	41	5	295
3	42	5	35
3	43	5	225
3	44	5	120
3	45	5	215
3	46	5	215
3	47	5	155
3	48	5	195
3	49	5	460
3	50	5	305
4	1	5	135
4	2	5	230
4	3	5	300
4	4	5	295
4	5	5	190
4	6	5	325
4	7	5	300
4	8	5	230
4	9	5	115
4	10	5	250
4	11	5	150
4	12	5	200
4	13	5	355
4	14	5	225
4	15	5	140
4	16	5	140
4	17	5	310
4	18	5	210
4	19	5	265
4	20	5	210
4	21	5	150
4	22	5	255
4	23	5	55
4	24	5	260
4	25	5	110
4	26	5	155
4	27	5	120
4	28	5	340
4	29	5	90
4	30	5	150
4	31	5	195
4	32	5	235
4	33	5	200
4	34	5	295
4	35	5	195
4	36	5	195
4	37	5	175
4	38	5	175
4	39	5	190
4	40	5	260
4	41	5	60
4	42	5	265
4	43	5	325
4	44	5	185
4	45	5	160
4	46	5	210
4	47	5	200
4	48	5	105
4	49	5	160
4	50	5	205
5	1	5	240
5	2	5	180
5	3	5	175
5	4	5	205
5	5	5	280
5	6	5	140
5	7	5	55
5	8	5	190
5	9	5	205
5	10	5	195
5	11	5	35
5	12	5	140
5	13	5	235
5	14	5	160
5	15	5	170
5	16	5	215
5	17	5	165
5	18	5	150
5	19	5	50
5	20	5	200
5	21	5	170
5	22	5	70
5	23	5	235
5	24	5	70
5	25	5	230
5	26	5	260
5	27	5	245
5	28	5	195
5	29	5	225
5	31	5	90
5	32	5	40
5	33	5	145
5	34	5	155
5	35	5	90
5	36	5	285
5	37	5	230
5	38	5	105
5	39	5	145
5	40	5	220
5	41	5	105
5	42	5	170
5	43	5	260
5	44	5	145
5	45	5	170
5	46	5	250
5	47	5	255
5	48	5	220
5	49	5	245
5	50	5	115
6	1	5	195
6	2	5	325
6	3	5	135
6	4	5	125
6	5	5	300
6	6	5	190
6	7	5	145
6	8	5	235
6	9	5	360
6	10	5	215
6	11	5	140
6	12	5	205
6	13	5	60
6	14	5	150
6	15	5	240
6	16	5	380
6	17	5	155
6	18	5	260
6	19	5	60
6	20	5	200
6	21	5	155
6	22	5	240
6	23	5	140
6	24	5	115
6	25	5	110
6	26	5	220
6	27	5	185
6	28	5	245
6	29	5	65
6	30	5	55
6	31	5	155
6	32	5	190
6	33	5	305
6	34	5	170
6	35	5	275
6	36	5	50
6	37	5	195
6	38	5	110
6	40	5	120
6	41	5	295
6	42	5	275
6	43	5	300
6	44	5	160
6	45	5	130
6	46	5	95
6	47	5	120
6	48	5	65
6	49	5	175
6	50	5	285
7	1	5	345
7	2	5	145
7	3	5	270
7	4	5	180
7	5	5	155
7	6	5	340
7	7	5	130
7	8	5	155
7	9	5	195
7	10	5	130
7	11	5	295
7	12	5	90
7	13	5	215
7	14	5	230
7	15	5	190
7	16	5	155
7	17	5	25
7	18	5	125
7	19	5	230
7	20	5	285
7	21	5	320
7	22	5	210
7	23	5	150
7	24	5	220
7	25	5	125
7	26	5	340
7	27	5	245
7	28	5	155
7	29	5	185
7	30	5	215
7	31	5	280
7	32	5	180
7	33	5	125
7	34	5	110
7	35	5	320
7	36	5	160
7	37	5	55
7	38	5	145
7	39	5	90
7	40	5	50
7	41	5	80
7	42	5	125
7	43	5	175
7	44	5	265
7	45	5	210
7	46	5	250
7	47	5	255
7	48	5	105
7	49	5	15
7	50	5	245
8	1	5	200
8	2	5	160
8	3	5	100
8	4	5	230
8	5	5	200
8	6	5	250
8	7	5	235
8	8	5	215
8	9	5	155
8	10	5	285
8	11	5	180
8	12	5	100
8	13	5	285
8	14	5	145
8	15	5	295
8	16	5	205
8	17	5	220
8	18	5	255
8	19	5	230
8	20	5	185
8	21	5	200
8	22	5	135
8	23	5	115
8	24	5	30
8	25	5	220
8	26	5	120
8	27	5	225
8	28	5	65
8	29	5	185
8	30	5	280
8	31	5	145
8	32	5	185
8	33	5	95
8	34	5	255
8	35	5	45
8	36	5	250
8	37	5	130
8	38	5	180
8	39	5	195
8	40	5	115
8	41	5	160
8	42	5	210
8	43	5	265
8	44	5	185
8	45	5	300
8	46	5	270
8	47	5	125
8	48	5	170
8	49	5	30
8	50	5	315
9	1	5	245
9	2	5	235
9	3	5	215
9	4	5	215
9	5	5	105
9	6	5	250
9	7	5	330
9	8	5	90
9	9	5	290
9	10	5	330
9	11	5	230
9	12	5	220
9	13	5	300
9	14	5	160
9	15	5	220
9	16	5	350
9	17	5	270
9	18	5	250
9	19	5	160
9	20	5	55
9	21	5	100
9	22	5	200
9	23	5	275
9	24	5	95
9	25	5	215
9	26	5	135
9	27	5	260
9	28	5	305
9	29	5	240
9	30	5	200
9	31	5	160
9	32	5	165
9	33	5	170
9	34	5	170
9	35	5	330
9	36	5	230
9	37	5	165
9	38	5	360
9	39	5	185
9	40	5	200
9	41	5	250
9	42	5	115
9	43	5	345
9	44	5	265
9	45	5	290
9	46	5	220
9	47	5	185
9	48	5	280
9	49	5	295
9	50	5	165
10	1	5	75
10	2	5	330
10	3	5	240
10	4	5	235
10	5	5	105
10	6	5	255
10	7	5	280
10	8	5	125
10	9	5	300
10	10	5	340
10	11	5	215
10	12	5	145
10	13	5	185
10	14	5	120
10	15	5	370
10	16	5	220
10	17	5	95
10	18	5	140
10	19	5	160
10	20	5	85
10	21	5	250
10	22	5	65
10	23	5	150
10	24	5	130
10	25	5	255
10	26	5	340
10	27	5	175
10	28	5	470
10	29	5	270
10	30	5	270
10	31	5	230
10	32	5	265
10	33	5	330
10	34	5	310
10	35	5	305
10	36	5	135
10	37	5	160
10	38	5	140
10	39	5	200
10	40	5	100
10	41	5	270
10	42	5	135
10	43	5	145
10	45	5	230
10	46	5	230
10	47	5	105
10	48	5	75
10	49	5	255
10	50	5	245


Warehouse Fashion Inventory (W F T):
1	0		0		0		1920		0	
2	0		0		0		1960		0	
3	0		0		0		2055		0	
4	0		0		0		1890		0	
5	0		0		0		2035		0	
6	0		0		0		2750		0	
7	0		0		0		1990		0	
8	0		0		0		1630		0	
9	0		0		0		2195		0	
10	0		0		0		2270		0	
11	0		0		0		1835		0	
12	0		0		0		1635		0	
13	0		0		0		2395		0	
14	0		0		0		1790		0	
15	0		0		0		2125		0	
16	0		0		0		2315		0	
17	0		0		0		1790		0	
18	0		0		0		2015		0	
19	0		0		0		1790		0	
20	0		0		0		1840		0	
21	0		0		0		1805		0	
22	0		0		0		1720		0	
23	0		0		0		1910		0	
24	0		0		0		1640		0	
25	0		0		0		1785		0	
26	0		0		0		2045		0	
27	0		0		2120		2120		0	
28	0		0		0		2290		0	
29	0		0		0		2040		0	
30	0		0		1905		1905		0	
31	0		0		0		1790		0	
32	0		0		1860		1860		0	
33	0		0		0		1895		0	
34	0		0		2345		2345		0	
35	0		0		2320		2320		0	
36	0		0		0		1990		0	
37	0		0		0		1680		0	
38	0		0		0		1905		0	
39	0		0		1575		1575		0	
40	0		0		0		1730		0	
41	0		0		0		1815		0	
42	0		0		0		1895		0	
43	0		0		0		2500		0	
44	0		0		1580		1580		0	
45	0		0		0		2030		0	
46	0		0		0		2155		0	
47	0		0		1570		1570		0	
48	0		0		1490		1490		0	
49	0		0		0		2075		0	
50	0		0		0		2305		0	

Store Fashion Inventory (S F T):
Store1
1	0		0		0		160	
2	0		0		0		175	
3	0		0		0		280	
4	0		0		0		140	
5	0		0		0		180	
6	0		0		0		350	
7	0		0		0		230	
8	0		0		0		165	
9	0		0		0		245	
10	0		0		0		315	
11	0		0		0		245	
12	0		0		0		95	
13	0		0		0		260	
14	0		0		0		120	
15	0		0		0		165	
16	0		0		0		225	
17	0		0		0		120	
18	0		0		0		240	
19	0		0		0		75	
20	0		0		0		225	
21	0		0		0		95	
22	0		0		0		125	
23	0		0		0		415	
24	0		0		0		310	
25	0		0		0		250	
26	0		0		0		235	
27	0		0		0		265	
28	0		0		0		185	
29	0		0		0		245	
30	0		0		0		315	
31	0		0		0		165	
32	0		0		0		240	
33	0		0		0		190	
34	0		0		0		305	
35	0		0		0		280	
36	0		0		0		290	
37	0		0		0		290	
38	0		0		0		210	
39	0		0		0		290	
40	0		0		0		225	
41	0		0		0		175	
42	0		0		0		330	
43	0		0		0		230	
44	0		0		0		35	
45	0		0		0		190	
46	0		0		0		135	
47	0		0		0		55	
48	0		0		0		175	
49	0		0		0		80	
50	0		0		0		165	
Store2
1	0		0		0		115	
2	0		0		0		55	
3	0		0		0		225	
4	0		0		0		115	
5	0		0		0		285	
6	0		0		0		320	
7	0		0		0		120	
8	0		0		0		225	
9	0		0		0		250	
10	0		0		0		95	
11	0		0		0		255	
12	0		0		0		240	
13	0		0		0		240	
14	0		0		0		280	
15	0		0		0		65	
16	0		0		0		250	
17	0		0		0		180	
18	0		0		0		325	
19	0		0		0		420	
20	0		0		0		255	
21	0		0		0		190	
22	0		0		0		160	
23	0		0		0		285	
24	0		0		0		220	
25	0		0		0		185	
26	0		0		0		160	
27	0		0		0		260	
28	0		0		0		205	
29	0		0		0		255	
30	0		0		0		220	
31	0		0		0		185	
32	0		0		0		250	
33	0		0		0		220	
34	0		0		0		335	
35	0		0		0		195	
36	0		0		0		160	
37	0		0		0		90	
38	0		0		0		225	
39	0		0		0		175	
40	0		0		0		215	
41	0		0		0		125	
42	0		0		0		235	
43	0		0		0		230	
44	0		0		0		220	
45	0		0		0		135	
46	0		0		0		280	
47	0		0		0		115	
48	0		0		0		100	
49	0		0		0		360	
50	0		0		0		260	
Store3
1	0		0		0		210	
2	0		0		0		125	
3	0		0		0		115	
4	0		0		0		150	
5	0		0		0		235	
6	0		0		0		330	
7	0		0		0		165	
8	0		0		0		0	
9	0		0		0		80	
10	0		0		0		115	
11	0		0		0		90	
12	0		0		0		200	
13	0		0		0		260	
14	0		0		0		200	
15	0		0		0		270	
16	0		0		0		175	
17	0		0		0		250	
18	0		0		0		60	
19	0		0		0		140	
20	0		0		0		140	
21	0		0		0		175	
22	0		0		0		260	
23	0		0		0		90	
24	0		0		0		190	
25	0		0		0		85	
26	0		0		0		80	
27	0		0		0		140	
28	0		0		0		125	
29	0		0		0		280	
30	0		0		0		200	
31	0		0		0		185	
32	0		0		0		110	
33	0		0		0		115	
34	0		0		0		240	
35	0		0		0		285	
36	0		0		0		235	
37	0		0		0		190	
38	0		0		0		255	
39	0		0		0		105	
40	0		0		0		225	
41	0		0		0		295	
42	0		0		0		35	
43	0		0		0		225	
44	0		0		0		120	
45	0		0		0		215	
46	0		0		0		215	
47	0		0		0		155	
48	0		0		0		195	
49	0		0		0		460	
50	0		0		0		305	
Store4
1	0		0		0		135	
2	0		0		0		230	
3	0		0		0		300	
4	0		0		0		295	
5	0		0		0		190	
6	0		0		0		325	
7	0		0		0		300	
8	0		0		0		230	
9	0		0		0		115	
10	0		0		0		250	
11	0		0		0		150	
12	0		0		0		200	
13	0		0		0		355	
14	0		0		0		225	
15	0		0		0		140	
16	0		0		0		140	
17	0		0		0		310	
18	0		0		0		210	
19	0		0		0		265	
20	0		0		0		210	
21	0		0		0		150	
22	0		0		0		255	
23	0		0		0		55	
24	0		0		0		260	
25	0		0		0		110	
26	0		0		0		155	
27	0		0		0		120	
28	0		0		0		340	
29	0		0		0		90	
30	0		0		0		150	
31	0		0		0		195	
32	0		0		0		235	
33	0		0		0		200	
34	0		0		0		295	
35	0		0		0		195	
36	0		0		0		195	
37	0		0		0		175	
38	0		0		0		175	
39	0		0		0		190	
40	0		0		0		260	
41	0		0		0		60	
42	0		0		0		265	
43	0		0		0		325	
44	0		0		0		185	
45	0		0		0		160	
46	0		0		0		210	
47	0		0		0		200	
48	0		0		0		105	
49	0		0		0		160	
50	0		0		0		205	
Store5
1	0		0		0		240	
2	0		0		0		180	
3	0		0		0		175	
4	0		0		0		205	
5	0		0		0		280	
6	0		0		0		140	
7	0		0		0		55	
8	0		0		0		190	
9	0		0		0		205	
10	0		0		0		195	
11	0		0		0		35	
12	0		0		0		140	
13	0		0		0		235	
14	0		0		0		160	
15	0		0		0		170	
16	0		0		0		215	
17	0		0		0		165	
18	0		0		0		150	
19	0		0		0		50	
20	0		0		0		200	
21	0		0		0		170	
22	0		0		0		70	
23	0		0		0		235	
24	0		0		0		70	
25	0		0		0		230	
26	0		0		0		260	
27	0		0		0		245	
28	0		0		0		195	
29	0		0		0		225	
30	0		0		0		0	
31	0		0		0		90	
32	0		0		0		40	
33	0		0		0		145	
34	0		0		0		155	
35	0		0		0		90	
36	0		0		0		285	
37	0		0		0		230	
38	0		0		0		105	
39	0		0		0		145	
40	0		0		0		220	
41	0		0		0		105	
42	0		0		0		170	
43	0		0		0		260	
44	0		0		0		145	
45	0		0		0		170	
46	0		0		0		250	
47	0		0		0		255	
48	0		0		0		220	
49	0		0		0		245	
50	0		0		0		115	
Store6
1	0		0		0		195	
2	0		0		0		325	
3	0		0		0		135	
4	0		0		0		125	
5	0		0		0		300	
6	0		0		0		190	
7	0		0		0		145	
8	0		0		0		235	
9	0		0		0		360	
10	0		0		0		215	
11	0		0		0		140	
12	0		0		0		205	
13	0		0		0		60	
14	0		0		0		150	
15	0		0		0		240	
16	0		0		0		380	
17	0		0		0		155	
18	0		0		0		260	
19	0		0		0		60	
20	0		0		0		200	
21	0		0		0		155	
22	0		0		0		240	
23	0		0		0		140	
24	0		0		0		115	
25	0		0		0		110	
26	0		0		0		220	
27	0		0		0		185	
28	0		0		0		245	
29	0		0		0		65	
30	0		0		0		55	
31	0		0		0		155	
32	0		0		0		190	
33	0		0		0		305	
34	0		0		0		170	
35	0		0		0		275	
36	0		0		0		50	
37	0		0		0		195	
38	0		0		0		110	
39	0		0		0		0	
40	0		0		0		120	
41	0		0		0		295	
42	0		0		0		275	
43	0		0		0		300	
44	0		0		0		160	
45	0		0		0		130	
46	0		0		0		95	
47	0		0		0		120	
48	0		0		0		65	
49	0		0		0		175	
50	0		0		0		285	
Store7
1	0		0		0		345	
2	0		0		0		145	
3	0		0		0		270	
4	0		0		0		180	
5	0		0		0		155	
6	0		0		0		340	
7	0		0		0		130	
8	0		0		0		155	
9	0		0		0		195	
10	0		0		0		130	
11	0		0		0		295	
12	0		0		0		90	
13	0		0		0		215	
14	0		0		0		230	
15	0		0		0		190	
16	0		0		0		155	
17	0		0		0		25	
18	0		0		0		125	
19	0		0		0		230	
20	0		0		0		285	
21	0		0		0		320	
22	0		0		0		210	
23	0		0		0		150	
24	0		0		0		220	
25	0		0		0		125	
26	0		0		0		340	
27	0		0		0		245	
28	0		0		0		155	
29	0		0		0		185	
30	0		0		0		215	
31	0		0		0		280	
32	0		0		0		180	
33	0		0		0		125	
34	0		0		0		110	
35	0		0		0		320	
36	0		0		0		160	
37	0		0		0		55	
38	0		0		0		145	
39	0		0		0		90	
40	0		0		0		50	
41	0		0		0		80	
42	0		0		0		125	
43	0		0		0		175	
44	0		0		0		265	
45	0		0		0		210	
46	0		0		0		250	
47	0		0		0		255	
48	0		0		0		105	
49	0		0		0		15	
50	0		0		0		245	
Store8
1	0		0		0		200	
2	0		0		0		160	
3	0		0		0		100	
4	0		0		0		230	
5	0		0		0		200	
6	0		0		0		250	
7	0		0		0		235	
8	0		0		0		215	
9	0		0		0		155	
10	0		0		0		285	
11	0		0		0		180	
12	0		0		0		100	
13	0		0		0		285	
14	0		0		0		145	
15	0		0		0		295	
16	0		0		0		205	
17	0		0		0		220	
18	0		0		0		255	
19	0		0		0		230	
20	0		0		0		185	
21	0		0		0		200	
22	0		0		0		135	
23	0		0		0		115	
24	0		0		0		30	
25	0		0		0		220	
26	0		0		0		120	
27	0		0		0		225	
28	0		0		0		65	
29	0		0		0		185	
30	0		0		0		280	
31	0		0		0		145	
32	0		0		0		185	
33	0		0		0		95	
34	0		0		0		255	
35	0		0		0		45	
36	0		0		0		250	
37	0		0		0		130	
38	0		0		0		180	
39	0		0		0		195	
40	0		0		0		115	
41	0		0		0		160	
42	0		0		0		210	
43	0		0		0		265	
44	0		0		0		185	
45	0		0		0		300	
46	0		0		0		270	
47	0		0		0		125	
48	0		0		0		170	
49	0		0		0		30	
50	0		0		0		315	
Store9
1	0		0		0		245	
2	0		0		0		235	
3	0		0		0		215	
4	0		0		0		215	
5	0		0		0		105	
6	0		0		0		250	
7	0		0		0		330	
8	0		0		0		90	
9	0		0		0		290	
10	0		0		0		330	
11	0		0		0		230	
12	0		0		0		220	
13	0		0		0		300	
14	0		0		0		160	
15	0		0		0		220	
16	0		0		0		350	
17	0		0		0		270	
18	0		0		0		250	
19	0		0		0		160	
20	0		0		0		55	
21	0		0		0		100	
22	0		0		0		200	
23	0		0		0		275	
24	0		0		0		95	
25	0		0		0		215	
26	0		0		0		135	
27	0		0		0		260	
28	0		0		0		305	
29	0		0		0		240	
30	0		0		0		200	
31	0		0		0		160	
32	0		0		0		165	
33	0		0		0		170	
34	0		0		0		170	
35	0		0		0		330	
36	0		0		0		230	
37	0		0		0		165	
38	0		0		0		360	
39	0		0		0		185	
40	0		0		0		200	
41	0		0		0		250	
42	0		0		0		115	
43	0		0		0		345	
44	0		0		0		265	
45	0		0		0		290	
46	0		0		0		220	
47	0		0		0		185	
48	0		0		0		280	
49	0		0		0		295	
50	0		0		0		165	
Store10
1	0		0		0		75	
2	0		0		0		330	
3	0		0		0		240	
4	0		0		0		235	
5	0		0		0		105	
6	0		0		0		255	
7	0		0		0		280	
8	0		0		0		125	
9	0		0		0		300	
10	0		0		0		340	
11	0		0		0		215	
12	0		0		0		145	
13	0		0		0		185	
14	0		0		0		120	
15	0		0		0		370	
16	0		0		0		220	
17	0		0		0		95	
18	0		0		0		140	
19	0		0		0		160	
20	0		0		0		85	
21	0		0		0		250	
22	0		0		0		65	
23	0		0		0		150	
24	0		0		0		130	
25	0		0		0		255	
26	0		0		0		340	
27	0		0		0		175	
28	0		0		0		470	
29	0		0		0		270	
30	0		0		0		270	
31	0		0		0		230	
32	0		0		0		265	
33	0		0		0		330	
34	0		0		0		310	
35	0		0		0		305	
36	0		0		0		135	
37	0		0		0		160	
38	0		0		0		140	
39	0		0		0		200	
40	0		0		0		100	
41	0		0		0		270	
42	0		0		0		135	
43	0		0		0		145	
44	0		0		0		0	
45	0		0		0		230	
46	0		0		0		230	
47	0		0		0		105	
48	0		0		0		75	
49	0		0		0		255	
50	0		0		0		245	


Fashion Shipments from Vendor to Warehouse (V T):
0	0	0	1.891993	
0	0	0.61769	0.9422833	

Printing New Basic Solution:

Inbound Solution (V P T):
1	1	2	2118
1	2	2	2168
1	3	2	2050
1	4	2	1967
1	5	2	2012
1	6	2	1931
1	7	2	2010
1	8	2	2243
1	9	2	2025
1	10	2	2125
1	11	2	2126
1	12	2	2265
1	13	2	2058
1	14	2	2029
1	15	2	2129
1	16	2	2019
2	17	2	414
2	17	3	1657
2	18	2	390
2	18	3	1562
2	19	2	406
2	19	3	1627
2	20	2	2010
2	21	2	1185
2	21	3	791
2	22	2	753
2	22	3	1130
2	23	2	190
2	23	3	1712
2	24	3	2150
2	25	2	1440
2	25	3	618
2	26	2	1971
2	27	2	2138
2	28	2	398
2	28	3	1592
2	29	2	208
2	29	3	1881
2	30	2	409
2	30	3	1639
2	31	2	932
2	31	3	933
2	32	2	1993
3	33	3	1409
3	33	5	605
3	34	3	1925
3	35	3	200
3	35	5	1806
3	36	3	181
3	36	5	1635
3	37	5	2084
3	38	3	1398
3	38	5	932
3	39	3	605
3	39	5	1413
3	40	3	885
3	40	5	886
3	41	3	782
3	41	5	1174
3	42	3	404
3	42	5	1620
3	43	3	1899
3	43	5	211
3	44	3	1428
3	44	5	613
3	45	3	812
3	45	5	1218
3	46	3	1830
3	46	5	204
3	47	3	1055
3	47	5	1055
3	48	3	1073
3	48	5	1074
3	49	3	796
3	49	5	1196
3	50	3	625
3	50	5	1460


Outbound Solution(S P T):
1	1	3	220
1	2	3	179
1	3	3	292
1	4	3	224
1	5	3	214
1	6	3	232
1	7	3	196
1	8	3	210
1	9	3	113
1	10	3	192
1	11	3	216
1	12	3	192
1	13	3	191
1	14	3	183
1	15	3	183
1	16	3	209
1	17	3	235
1	18	3	237
1	19	3	235
1	20	3	203
1	21	3	246
1	22	3	208
1	23	3	139
1	24	3	209
1	25	3	218
1	26	3	172
1	27	3	225
1	28	3	162
1	29	3	283
1	30	3	192
1	31	3	187
1	32	3	196
1	33	3	224
1	34	3	161
1	35	3	165
1	36	3	186
1	37	3	188
1	38	3	252
1	39	3	203
1	40	3	156
1	41	3	194
1	42	3	170
1	43	3	275
1	44	3	108
1	45	3	188
1	46	3	136
1	47	3	217
1	48	3	187
1	49	3	189
1	50	3	224
2	1	3	151
2	2	3	224
2	3	3	199
2	4	3	213
2	5	3	180
2	6	3	177
2	7	3	209
2	8	3	172
2	9	3	205
2	10	3	257
2	11	3	297
2	12	3	201
2	13	3	176
2	14	3	211
2	15	3	191
2	16	3	156
2	17	3	240
2	18	3	209
2	19	3	188
2	20	3	209
2	21	3	166
2	22	3	209
2	23	3	230
2	24	3	278
2	25	3	187
2	26	3	207
2	27	3	193
2	28	3	248
2	29	3	244
2	30	3	236
2	31	3	185
2	32	3	169
2	33	3	260
2	34	3	225
2	35	3	158
2	36	3	210
2	37	3	244
2	38	3	237
2	39	3	218
2	40	3	164
2	41	3	227
2	42	3	221
2	43	3	192
2	44	3	265
2	45	3	187
2	46	3	176
2	47	3	235
2	48	3	179
2	49	3	226
2	50	3	221
3	1	5	203
3	2	5	231
3	3	5	223
3	4	5	225
3	5	5	207
3	6	5	222
3	7	5	215
3	8	5	171
3	9	5	250
3	10	5	219
3	11	5	224
3	12	5	230
3	13	5	147
3	14	5	245
3	15	5	277
3	16	5	215
3	17	5	203
3	18	5	172
3	19	5	188
3	20	5	182
3	21	5	184
3	22	5	192
3	23	5	182
3	24	5	216
3	25	5	162
3	26	5	298
3	27	5	242
3	28	5	183
3	29	5	210
3	30	5	182
3	31	5	227
3	32	5	204
3	33	5	162
3	34	5	256
3	35	5	180
3	36	5	198
3	37	5	183
3	38	5	259
3	39	5	207
3	40	5	190
3	41	5	220
3	42	5	205
3	43	5	203
3	44	5	214
3	45	5	201
3	46	5	198
3	47	5	219
3	48	5	218
3	49	5	195
3	50	5	214
4	1	3	249
4	2	3	183
4	3	3	178
4	4	3	194
4	5	3	233
4	6	3	169
4	7	3	193
4	8	3	187
4	9	3	170
4	10	3	240
4	11	3	156
4	12	3	239
4	13	3	256
4	14	3	175
4	15	3	201
4	16	3	190
4	17	3	225
4	18	3	249
4	19	3	169
4	20	3	262
4	21	3	169
4	22	3	191
4	23	3	183
4	24	3	227
4	25	3	222
4	26	3	157
4	27	3	204
4	28	3	216
4	29	3	164
4	30	3	248
4	31	3	182
4	32	3	185
4	33	3	254
4	34	3	200
4	35	3	225
4	36	3	159
4	37	3	164
4	38	3	205
4	39	3	185
4	40	3	215
4	41	3	183
4	42	3	235
4	43	3	236
4	44	3	181
4	45	3	189
4	46	3	176
4	47	3	237
4	48	3	182
4	49	3	182
4	50	3	163
5	1	2	215
5	2	2	236
5	3	2	174
5	4	2	216
5	5	2	248
5	6	2	178
5	7	2	209
5	8	2	234
5	9	2	274
5	10	2	191
5	11	2	238
5	12	2	222
5	13	2	200
5	14	2	189
5	15	2	212
5	16	2	190
5	17	2	161
5	18	2	189
5	19	2	202
5	20	2	238
5	21	2	193
5	22	2	196
5	23	2	169
5	24	2	210
5	25	2	190
5	26	2	224
5	27	2	259
5	28	2	179
5	29	2	200
5	30	2	205
5	31	2	148
5	32	2	226
5	33	2	148
5	34	2	167
5	35	2	253
5	36	2	214
5	37	2	228
5	38	2	203
5	39	2	202
5	40	2	169
5	41	2	227
5	42	2	184
5	43	2	293
5	44	2	189
5	45	2	221
5	46	2	178
5	47	2	213
5	48	2	213
5	49	2	175
5	50	2	180
6	1	3	188
6	2	3	264
6	3	3	234
6	4	3	157
6	5	3	171
6	6	3	172
6	7	3	178
6	8	3	267
6	9	3	220
6	10	3	239
6	11	3	229
6	12	3	260
6	13	3	222
6	14	3	204
6	15	3	232
6	16	3	209
6	17	3	243
6	18	3	167
6	19	3	193
6	20	3	160
6	21	3	245
6	22	3	152
6	23	3	189
6	24	3	210
6	25	3	250
6	26	3	178
6	27	3	201
6	28	3	243
6	29	3	156
6	30	3	153
6	31	3	142
6	32	3	174
6	33	3	153
6	34	3	186
6	35	3	255
6	36	3	182
6	37	3	243
6	38	3	229
6	39	3	167
6	40	3	204
6	41	3	163
6	42	3	164
6	43	3	211
6	44	3	190
6	45	3	233
6	46	3	278
6	47	3	208
6	48	3	199
6	49	3	262
6	50	3	200
7	1	3	242
7	2	3	270
7	3	3	209
7	4	3	200
7	5	3	197
7	6	3	139
7	7	3	185
7	8	3	275
7	9	3	207
7	10	3	210
7	11	3	197
7	12	3	261
7	13	3	193
7	14	3	194
7	15	3	198
7	16	3	182
7	17	3	173
7	18	3	176
7	19	3	207
7	20	3	185
7	21	3	198
7	22	3	198
7	23	3	276
7	24	3	247
7	25	3	138
7	26	3	223
7	27	3	216
7	28	3	234
7	29	3	263
7	30	3	207
7	31	3	253
7	32	3	228
7	33	3	205
7	34	3	231
7	35	3	175
7	36	3	159
7	37	3	202
7	38	3	244
7	39	3	229
7	40	3	155
7	41	3	170
7	42	3	233
7	43	3	208
7	44	3	224
7	45	3	237
7	46	3	284
7	47	3	182
7	48	3	238
7	49	3	186
7	50	3	213
8	1	3	226
8	2	3	192
8	3	3	136
8	4	3	218
8	5	3	219
8	6	3	214
8	7	3	177
8	8	3	200
8	9	3	157
8	10	3	164
8	11	3	160
8	12	3	219
8	13	3	197
8	14	3	214
8	15	3	196
8	16	3	189
8	17	3	154
8	18	3	258
8	19	3	200
8	20	3	213
8	21	3	152
8	22	3	168
8	23	3	221
8	24	3	177
8	25	3	188
8	26	3	200
8	27	3	184
8	28	3	169
8	29	3	190
8	30	3	174
8	31	3	235
8	32	3	174
8	33	3	214
8	34	3	174
8	35	3	237
8	36	3	116
8	37	3	167
8	38	3	253
8	39	3	191
8	40	3	119
8	41	3	259
8	42	3	224
8	43	3	128
8	44	3	230
8	45	3	196
8	46	3	219
8	47	3	161
8	48	3	273
8	49	3	185
8	50	3	199
9	1	2	148
9	2	2	206
9	3	2	197
9	4	2	170
9	5	2	168
9	6	2	236
9	7	2	190
9	8	2	297
9	9	2	235
9	10	2	200
9	11	2	230
9	12	2	224
9	13	2	210
9	14	2	176
9	15	2	234
9	16	2	272
9	17	2	266
9	18	2	119
9	19	2	208
9	20	2	153
9	21	2	136
9	22	2	142
9	23	2	193
9	24	2	190
9	25	2	294
9	26	2	141
9	27	2	166
9	28	2	218
9	29	2	167
9	30	2	237
9	31	2	116
9	32	2	187
9	33	2	158
9	34	2	130
9	35	2	189
9	36	2	199
9	37	2	205
9	38	2	285
9	39	2	237
9	40	2	244
9	41	2	140
9	42	2	212
9	43	2	201
9	44	2	225
9	45	2	188
9	46	2	151
9	47	2	182
9	48	2	236
9	49	2	176
9	50	2	219
10	1	5	276
10	2	5	183
10	3	5	208
10	4	5	150
10	5	5	175
10	6	5	192
10	7	5	258
10	8	5	230
10	9	5	194
10	10	5	213
10	11	5	179
10	12	5	217
10	13	5	266
10	14	5	238
10	15	5	205
10	16	5	207
10	17	5	171
10	18	5	176
10	19	5	243
10	20	5	205
10	21	5	287
10	22	5	227
10	23	5	120
10	24	5	186
10	25	5	209
10	26	5	171
10	27	5	248
10	28	5	138
10	29	5	212
10	30	5	214
10	31	5	190
10	32	5	250
10	33	5	236
10	34	5	195
10	35	5	169
10	36	5	193
10	37	5	260
10	38	5	163
10	39	5	179
10	40	5	155
10	41	5	173
10	42	5	176
10	43	5	163
10	44	5	215
10	45	5	190
10	46	5	238
10	47	5	256
10	48	5	222
10	49	5	216
10	50	5	252


Warehouse Inventory (W P T):
1	0		0		1755		479		479		0	
2	0		0		1726		414		414		0	
3	0		0		1679		431		431		0	
4	0		0		1581		375		375		0	
5	0		0		1596		382		382		0	
6	0		0		1517		414		414		0	
7	0		0		1611		473		473		0	
8	0		0		1712		401		401		0	
9	0		0		1516		444		444		0	
10	0		0		1734		432		432		0	
11	0		0		1658		403		403		0	
12	0		0		1819		447		447		0	
13	0		0		1648		413		413		0	
14	0		0		1664		483		483		0	
15	0		0		1683		482		482		0	
16	0		0		1557		422		422		0	
17	13		13		0		387		387		13	
18	0		0		82		348		348		0	
19	4		4		0		435		435		4	
20	0		0		1619		387		387		0	
21	0		0		856		471		471		0	
22	0		0		415		419		419		0	
23	172		172		0		474		474		172	
24	400		400		0		802		802		400	
25	0		0		956		371		371		0	
26	0		0		1606		469		469		0	
27	0		0		1713		490		490		0	
28	0		0		1		321		321		0	
29	159		159		0		581		581		159	
30	33		33		0		429		429		33	
31	0		0		668		417		417		0	
32	0		0		1580		454		454		0	
33	306		306		0		99		99		306	
34	297		297		0		748		748		297	
35	1457		1457		1015		0		0		1457	
36	1244		1244		831		0		0		1244	
37	1641		1641		1208		0		0		1641	
38	510		510		22		0		0		510	
39	1027		1027		588		0		0		1027	
40	541		541		128		0		0		541	
41	781		781		414		0		0		781	
42	1239		1239		843		0		0		1239	
43	494		494		0		649		649		494	
44	414		414		0		230		230		414	
45	827		827		418		0		0		827	
46	329		329		0		561		561		329	
47	580		580		185		0		0		580	
48	634		634		185		0		0		634	
49	785		785		434		0		0		785	
50	994		994		595		0		0		994	

Store Inventory (S P T):
Store1
1	91		41		0		206		149		91	
2	69		44		0		143		102		69	
3	139		88		0		238		190		139	
4	115		61		0		194		130		115	
5	46		25		0		165		109		46	
6	107		63		0		200		156		107	
7	81		49		0		139		103		81	
8	86		51		0		165		126		86	
9	35		15		0		91		80		35	
10	63		42		0		151		115		63	
11	97		37		0		175		135		97	
12	79		41		0		155		124		79	
13	52		18		0		156		125		52	
14	79		56		0		156		118		79	
15	102		47		0		142		121		102	
16	108		58		0		151		151		108	
17	100		63		0		174		130		100	
18	63		23		0		175		123		63	
19	84		31		0		185		151		84	
20	102		57		0		200		177		102	
21	133		74		0		208		174		133	
22	83		54		0		162		124		83	
23	64		29		0		124		103		64	
24	55		24		0		143		95		55	
25	82		42		0		173		138		82	
26	104		40		0		144		126		104	
27	105		43		0		161		132		105	
28	61		56		0		156		104		61	
29	101		32		0		223		179		101	
30	114		46		0		161		159		114	
31	77		23		0		155		104		77	
32	70		34		0		159		123		70	
33	87		39		0		187		127		87	
34	105		55		0		143		114		105	
35	79		59		0		123		102		79	
36	92		29		0		169		132		92	
37	82		56		0		161		113		82	
38	108		32		0		192		152		108	
39	96		47		0		175		149		96	
40	72		36		0		116		100		72	
41	63		18		0		166		106		63	
42	35		22		0		144		115		35	
43	134		48		0		249		202		134	
44	38		28		0		73		73		38	
45	69		31		0		133		95		69	
46	35		14		0		88		71		35	
47	120		54		0		164		145		120	
48	69		26		0		136		118		69	
49	62		22		0		164		124		62	
50	70		29		0		190		129		70	
Store2
1	61		24		0		104		61		61	
2	85		30		0		171		123		85	
3	90		50		0		163		128		90	
4	42		0		0		139		65		42	
5	62		48		0		136		107		62	
6	47		1		0		137		105		47	
7	101		50		0		154		131		101	
8	36		11		0		131		91		36	
9	78		40		0		150		121		78	
10	91		49		0		202		137		91	
11	155		83		0		253		211		155	
12	93		41		0		176		134		93	
13	73		42		0		147		108		73	
14	47		23		0		143		88		47	
15	96		46		0		168		126		96	
16	34		34		0		138		79		34	
17	95		58		0		182		123		95	
18	55		22		0		154		119		55	
19	58		6		0		142		100		58	
20	85		56		0		199		161		85	
21	67		67		0		131		113		67	
22	83		53		0		159		134		83	
23	105		34		0		186		128		105	
24	120		56		0		223		177		120	
25	55		28		0		147		94		55	
26	83		44		0		155		131		83	
27	63		53		0		138		111		63	
28	107		30		0		207		157		107	
29	80		31		0		172		137		80	
30	119		69		0		204		182		119	
31	102		35		0		161		128		102	
32	42		24		0		121		83		42	
33	83		34		0		189		143		83	
34	77		22		0		151		130		77	
35	61		24		0		123		87		61	
36	77		42		0		173		142		77	
37	85		23		0		191		128		85	
38	98		51		0		203		128		98	
39	90		54		0		176		122		90	
40	72		36		0		107		94		72	
41	110		58		0		205		139		110	
42	92		55		0		179		159		92	
43	89		46		0		162		124		89	
44	107		48		0		205		186		107	
45	51		43		0		138		91		51	
46	50		32		0		110		77		50	
47	111		61		0		208		169		111	
48	87		45		0		152		108		87	
49	91		36		0		205		135		91	
50	90		30		0		177		137		90	
Store3
1	136		72		67		48		0		136	
2	194		143		102		75		0		194	
3	161		118		86		43		0		161	
4	184		137		87		29		0		184	
5	173		153		115		54		0		173	
6	148		113		87		49		0		148	
7	161		126		99		53		0		161	
8	145		109		61		38		0		145	
9	183		135		99		55		0		183	
10	158		96		60		42		0		158	
11	167		121		94		35		0		167	
12	173		123		80		39		0		173	
13	128		89		85		30		0		128	
14	184		131		79		42		0		184	
15	214		173		157		84		0		214	
16	177		136		84		32		0		177	
17	166		138		102		61		0		166	
18	128		117		100		42		0		128	
19	166		106		67		28		0		166	
20	141		113		78		31		0		141	
21	149		95		62		38		0		149	
22	146		108		69		27		0		146	
23	138		105		60		38		0		138	
24	195		135		113		59		0		195	
25	150		95		67		38		0		150	
26	229		172		145		80		0		229	
27	199		148		108		63		0		199	
28	129		98		66		26		0		129	
29	180		140		91		39		0		180	
30	155		104		73		32		0		155	
31	181		140		94		44		0		181	
32	182		140		87		37		0		182	
33	111		87		60		24		0		111	
34	215		166		106		60		0		215	
35	153		117		78		28		0		153	
36	145		83		49		32		0		145	
37	152		85		44		26		0		152	
38	216		165		106		58		0		216	
39	157		121		79		58		0		157	
40	164		133		89		24		0		164	
41	158		129		82		40		0		158	
42	183		146		101		49		0		183	
43	169		131		75		46		0		169	
44	165		95		50		11		0		165	
45	182		141		116		63		0		182	
46	156		120		80		46		0		156	
47	166		98		68		48		0		166	
48	162		115		86		46		0		162	
49	159		104		90		25		0		159	
50	182		122		83		61		0		182	
Store4
1	130		55		0		189		155		130	
2	97		44		0		157		137		97	
3	116		67		0		166		135		116	
4	54		20		0		145		89		54	
5	119		61		0		212		173		119	
6	84		27		0		141		105		84	
7	82		53		0		153		110		82	
8	71		17		0		181		130		71	
9	74		48		0		141		89		74	
10	98		37		0		197		153		98	
11	84		29		0		136		113		84	
12	108		77		0		194		147		108	
13	115		65		0		193		153		115	
14	66		26		0		143		99		66	
15	81		51		0		164		136		81	
16	69		15		0		156		118		69	
17	77		48		0		191		137		77	
18	90		44		0		167		116		90	
19	60		20		0		120		85		60	
20	93		32		0		206		155		93	
21	49		10		0		124		92		49	
22	78		53		0		152		125		78	
23	85		50		0		143		121		85	
24	79		53		0		184		140		79	
25	76		39		0		169		131		76	
26	63		23		0		109		80		63	
27	46		29		0		150		77		46	
28	74		17		0		165		119		74	
29	55		38		0		139		85		55	
30	116		57		0		198		153		116	
31	81		22		0		136		100		81	
32	64		51		0		146		90		64	
33	84		42		0		170		131		84	
34	82		37		0		169		120		82	
35	82		36		0		179		154		82	
36	78		48		0		140		98		78	
37	75		36		0		130		91		75	
38	63		38		0		152		104		63	
39	73		37		0		139		86		73	
40	110		57		0		195		149		110	
41	91		50		0		147		114		91	
42	99		50		0		173		160		99	
43	128		66		0		202		164		128	
44	68		18		0		149		109		68	
45	76		38		0		162		125		76	
46	69		32		0		160		116		69	
47	90		39		0		203		148		90	
48	94		43		0		149		115		94	
49	100		31		0		151		112		100	
50	72		53		0		112		80		72	
Store5
1	71		0		170		135		132		71	
2	61		0		186		119		69		61	
3	44		0		149		102		63		44	
4	41		0		175		125		75		41	
5	64		0		201		135		91		64	
6	22		0		134		99		59		22	
7	18		0		178		128		93		18	
8	60		0		208		187		140		60	
9	36		0		212		155		88		36	
10	41		0		126		103		81		41	
11	33		0		176		143		90		33	
12	48		0		172		127		88		48	
13	55		0		171		115		64		55	
14	37		0		138		100		68		37	
15	23		0		178		138		78		23	
16	34		0		143		103		82		34	
17	33		0		131		81		46		33	
18	28		0		119		88		80		28	
19	43		0		159		118		63		43	
20	45		0		186		143		87		45	
21	48		0		165		111		77		48	
22	28		0		146		111		65		28	
23	52		0		128		106		74		52	
24	19		0		152		102		64		19	
25	43		0		166		103		78		43	
26	51		0		161		137		121		51	
27	55		0		209		162		105		55	
28	43		0		127		102		61		43	
29	24		0		179		128		80		24	
30	17		0		161		95		55		17	
31	9		0		132		100		56		9	
32	53		0		192		144		105		53	
33	30		0		105		105		73		30	
34	44		0		118		91		57		44	
35	29		0		194		140		67		29	
36	23		0		141		92		68		23	
37	73		0		161		130		103		73	
38	57		0		157		121		94		57	
39	19		0		132		81		55		19	
40	42		0		169		124		103		42	
41	36		0		177		146		83		36	
42	54		0		161		127		83		54	
43	53		0		240		152		114		53	
44	38		0		164		149		86		38	
45	39		0		110		58		42		39	
46	30		0		129		103		58		30	
47	35		0		171		139		91		35	
48	52		0		181		153		112		52	
49	22		0		148		118		76		22	
50	46		0		146		100		87		46	
Store6
1	63		45		0		145		106		63	
2	104		48		0		213		153		104	
3	101		53		0		191		143		101	
4	31		8		0		110		77		31	
5	48		24		0		127		92		48	
6	88		37		0		149		119		88	
7	84		37		0		158		123		84	
8	83		52		0		209		152		83	
9	77		31		0		188		115		77	
10	118		61		0		191		164		118	
11	88		44		0		164		133		88	
12	72		36		0		195		148		72	
13	126		59		0		174		139		126	
14	69		36		0		172		126		69	
15	108		67		0		196		146		108	
16	99		52		0		188		160		99	
17	83		50		0		206		135		83	
18	63		24		0		136		93		63	
19	75		51		0		135		92		75	
20	17		17		0		89		58		17	
21	97		39		0		180		134		97	
22	74		30		0		127		116		74	
23	49		39		0		141		89		49	
24	108		65		0		153		145		108	
25	108		39		0		214		158		108	
26	71		37		0		135		94		71	
27	66		31		0		152		108		66	
28	102		39		0		191		157		102	
29	83		26		0		136		110		83	
30	31		31		0		120		92		31	
31	58		11		0		105		98		58	
32	52		11		0		133		93		52	
33	109		40		0		153		126		109	
34	87		49		0		153		126		87	
35	78		43		0		214		148		78	
36	93		44		0		153		101		93	
37	97		61		0		209		161		97	
38	62		33		0		174		113		62	
39	56		30		0		128		69		56	
40	80		56		0		152		137		80	
41	69		42		0		140		117		69	
42	76		45		0		134		109		76	
43	100		49		0		188		145		100	
44	99		38		0		140		108		99	
45	96		54		0		200		139		96	
46	93		31		0		194		135		93	
47	106		69		0		181		140		106	
48	69		40		0		149		111		69	
49	96		33		0		209		129		96	
50	99		40		0		178		142		99	
Store7
1	100		50		0		203		153		100	
2	61		31		0		195		130		61	
3	115		58		0		171		148		115	
4	83		33		0		163		132		83	
5	89		37		0		165		102		89	
6	55		38		0		124		81		55	
7	62		47		0		142		116		62	
8	123		56		0		230		186		123	
9	97		35		0		155		131		97	
10	61		40		0		165		108		61	
11	105		38		0		174		152		105	
12	66		34		0		215		146		66	
13	80		28		0		148		102		80	
14	60		33		0		165		116		60	
15	85		58		0		168		127		85	
16	64		20		0		172		127		64	
17	42		31		0		140		106		42	
18	88		44		0		138		123		88	
19	78		24		0		166		107		78	
20	56		12		0		149		114		56	
21	87		54		0		174		128		87	
22	77		48		0		163		101		77	
23	125		61		0		225		157		125	
24	99		59		0		171		143		99	
25	47		25		0		94		76		47	
26	76		38		0		174		130		76	
27	97		29		0		197		160		97	
28	103		67		0		183		138		103	
29	106		47		0		225		168		106	
30	89		58		0		182		117		89	
31	124		78		0		216		183		124	
32	107		52		0		203		145		107	
33	63		22		0		143		116		63	
34	106		47		0		217		166		106	
35	61		26		0		118		85		61	
36	80		29		0		127		109		80	
37	76		46		0		153		110		76	
38	92		58		0		192		167		92	
39	100		47		0		202		151		100	
40	84		31		0		137		132		84	
41	61		47		0		132		79		61	
42	94		63		0		217		162		94	
43	89		36		0		150		124		89	
44	121		74		0		187		130		121	
45	101		33		0		187		149		101	
46	114		53		0		219		157		114	
47	79		34		0		136		131		79	
48	86		35		0		196		145		86	
49	68		30		0		124		97		68	
50	75		26		0		185		137		75	
Store8
1	92		44		0		178		143		92	
2	47		31		0		131		113		47	
3	24		10		0		88		76		24	
4	86		46		0		171		132		86	
5	95		53		0		178		127		95	
6	88		42		0		182		137		88	
7	103		66		0		149		126		103	
8	90		62		0		127		115		90	
9	70		34		0		124		100		70	
10	21		17		0		110		58		21	
11	68		10		0		133		76		68	
12	110		50		0		175		139		110	
13	52		24		0		145		86		52	
14	55		21		0		149		111		55	
15	68		45		0		133		99		68	
16	99		71		0		172		153		99	
17	87		44		0		127		109		87	
18	129		61		0		231		208		129	
19	78		42		0		168		113		78	
20	90		46		0		192		137		90	
21	51		24		0		98		82		51	
22	57		24		0		112		74		57	
23	86		57		0		186		155		86	
24	32		26		0		123		79		32	
25	80		34		0		163		124		80	
26	89		53		0		197		157		89	
27	40		14		0		120		88		40	
28	78		60		0		145		108		78	
29	61		25		0		148		105		61	
30	62		35		0		150		100		62	
31	82		27		0		175		128		82	
32	105		40		0		156		110		105	
33	100		32		0		177		155		100	
34	63		21		0		121		63		63	
35	119		91		0		195		165		119	
36	69		29		0		103		79		69	
37	62		31		0		118		76		62	
38	89		35		0		174		148		89	
39	76		42		0		147		123		76	
40	37		27		0		87		70		37	
41	113		60		0		208		158		113	
42	85		55		0		191		116		85	
43	37		26		0		97		39		37	
44	92		56		0		211		169		92	
45	83		29		0		146		120		83	
46	90		56		0		186		118		90	
47	90		46		0		111		92		90	
48	90		31		0		216		159		90	
49	60		39		0		134		119		60	
50	96		46		0		189		162		96	
Store9
1	0		0		117		93		29		0	
2	42		0		174		95		62		42	
3	31		0		152		123		104		31	
4	30		0		130		99		55		30	
5	22		0		125		110		74		22	
6	40		0		186		134		84		40	
7	21		0		136		71		30		21	
8	48		0		218		173		95		48	
9	67		0		220		157		102		67	
10	38		0		145		111		66		38	
11	36		0		180		133		77		36	
12	15		0		169		126		75		15	
13	27		0		154		99		59		27	
14	41		0		141		135		91		41	
15	30		0		175		135		91		30	
16	53		0		222		168		102		53	
17	61		0		213		168		112		61	
18	11		0		78		64		51		11	
19	25		0		172		140		92		25	
20	56		0		126		110		110		56	
21	16		0		101		73		38		16	
22	3		0		111		96		41		3	
23	70		0		141		90		72		70	
24	63		0		173		138		101		63	
25	63		0		218		164		125		63	
26	18		0		121		88		50		18	
27	32		0		136		108		78		32	
28	52		0		188		155		100		52	
29	42		0		128		84		48		42	
30	61		0		186		170		130		61	
31	29		0		73		61		55		29	
32	17		0		167		115		81		17	
33	35		0		150		108		61		35	
34	17		0		123		77		56		17	
35	44		0		138		107		68		44	
36	22		0		139		92		49		22	
37	36		0		150		131		93		36	
38	32		0		247		178		103		32	
39	59		0		180		164		112		59	
40	78		0		210		174		141		78	
41	21		0		106		66		52		21	
42	62		0		164		125		98		62	
43	68		0		171		127		98		68	
44	30		0		186		159		81		30	
45	32		0		137		135		62		32	
46	26		0		108		103		65		26	
47	2		0		144		106		66		2	
48	81		0		170		147		89		81	
49	28		0		128		82		55		28	
50	41		0		193		155		68		41	
Store10
1	236		173		123		56		0		236	
2	155		114		89		63		0		155	
3	184		133		93		33		0		184	
4	112		85		71		58		0		112	
5	146		111		86		43		0		146	
6	146		112		70		47		0		146	
7	207		137		78		45		0		207	
8	179		149		100		37		0		179	
9	149		109		87		45		0		149	
10	171		129		98		52		0		171	
11	160		112		80		38		0		160	
12	179		142		104		66		0		179	
13	231		182		108		38		0		231	
14	174		104		50		17		0		174	
15	138		119		86		61		0		138	
16	165		127		99		54		0		165	
17	147		117		62		40		0		147	
18	127		98		98		24		0		127	
19	173		114		98		31		0		173	
20	161		130		88		43		0		161	
21	228		162		91		42		0		228	
22	166		116		69		39		0		166	
23	81		51		25		0		0		81	
24	154		142		120		62		0		154	
25	163		125		78		31		0		163	
26	124		84		57		27		0		124	
27	187		142		98		77		0		187	
28	108		87		74		21		0		108	
29	177		138		100		28		0		177	
30	178		152		99		82		0		178	
31	141		110		70		26		0		141	
32	206		142		85		53		0		206	
33	172		100		84		41		0		172	
34	151		104		71		23		0		151	
35	144		95		63		26		0		144	
36	148		89		69		35		0		148	
37	178		127		78		31		0		178	
38	115		76		47		18		0		115	
39	151		115		69		31		0		151	
40	123		85		36		20		0		123	
41	138		110		79		29		0		138	
42	151		128		69		16		0		151	
43	132		106		66		35		0		132	
44	161		119		77		40		0		161	
45	140		114		64		34		0		140	
46	212		162		133		69		0		212	
47	206		145		96		44		0		206	
48	184		148		97		59		0		184	
49	183		148		81		31		0		183	
50	199		168		114		61		0		199	


Shipments from Vendor to Warehouse (V T):
0	1.452127	0	0	0	
0	0.63122	0.616648	0	0	
0	0	0.6891766	0	0.7413152	

Shipments from Warehouse to Stores (S T):
1	3	0.3964453
1	5	0.35097
2	3	0.4211407
2	5	0.3630434
3	5	0.7560827
4	3	0.4149506
4	5	0.37482
5	2	0.416014
5	5	0.3026034
6	3	0.4151633
6	5	0.3129734
7	3	0.4292753
7	5	0.33166
8	3	0.395598
8	5	0.31803
9	2	0.4018287
9	5	0.3948134
10	5	0.7870414


Required Putaway workers (Sol T):
0	2	2	3	1	

No of required pickers (T):
0	3	8	0	15	

No of part-time putaway workers (T):
0	0	0	1	0	

No of part-time pickers (T):
0	0	0	0	5	

Best Putaway Technology: 3600
Best Picking Technology: 1000

Required Fashion Putaway Hours:
0	0	4.656944	22.5625	0	

Required Basic Putaway Hours:
0	13.36444	9.610833	0	5.329444	

Required Total Putaway Hours:
0	13.36444	14.26778	22.5625	5.329444	

No of required fashion pick hours:
0	0	0	0	97.99	

No of required basic pick hours:
0	20.175	60.98	0	20.742	

No of required total pick hours:
0	20.175	60.98	0	118.732	

List of all the costs: 
MHECost		957
PutawayTechCost		4795
PickingTechCost		9130
WhBasicInvCost		1054.54
BasicInbCost		11428.88
WhFashionInvCost		1147.55
FashionInbCost		7235.509
PutawayCost		3440
StoreBasicInvCost		10166.6
StoreFashionInvCost		4899.5
OutboundCost		20282.47
PickingCost		17200
Total		91737.05

List of Top5 Technologies: 
Tech1		4	6	$ 91737.05
Tech2		4	1	$ 184015.8
Tech3		1	1	$ 203857.3
Tech4		None	None	$ -
Tech5		None	None	$ -
The start time is 12/20/2014 8:14:13 AM
The End time is 12/20/2014 8:15:03 AM
