Printing New Fashion Solution:

Inbound Fashion Solution (V F T):
1	1	3	1920
1	2	3	1960
1	3	3	2055
1	4	3	1890
1	5	3	2035
1	6	3	2750
1	7	3	1990
1	8	3	1630
1	9	3	2195
1	10	3	2270
1	11	3	1835
1	12	3	1635
1	13	3	2395
1	14	3	1790
1	15	3	2125
1	16	3	2315
1	17	3	1790
1	18	3	2015
1	19	3	1790
1	20	3	1840
1	21	3	1805
1	22	3	1720
1	23	3	1910
1	24	3	1640
1	25	3	1785
2	26	1	2045
2	27	1	2120
2	28	4	2290
2	29	1	2040
2	30	1	1905
2	31	4	1790
2	32	1	1860
2	33	1	1895
2	34	1	2345
2	35	4	2320
2	36	1	1990
2	37	4	1680
2	38	1	1905
2	39	1	1575
2	40	4	1730
2	41	4	1815
2	42	1	1895
2	43	1	2500
2	44	4	1580
2	45	4	2030
2	46	1	2155
2	47	1	1570
2	48	4	1490
2	49	1	2075
2	50	4	2305


Outbound Fashion Solution(S F T):
1	1	5	160
1	2	4	175
1	3	5	280
1	4	5	140
1	5	5	180
1	6	5	350
1	7	5	230
1	8	5	165
1	9	5	245
1	10	4	315
1	11	5	245
1	12	4	95
1	13	5	260
1	14	5	120
1	15	4	165
1	16	4	225
1	17	5	120
1	18	4	240
1	19	5	75
1	20	4	225
1	21	5	95
1	22	5	125
1	23	5	415
1	24	5	310
1	25	4	250
1	26	3	235
1	27	3	265
1	28	5	185
1	29	4	245
1	30	3	315
1	31	5	165
1	32	2	240
1	33	2	190
1	34	3	305
1	35	5	280
1	36	4	290
1	37	5	290
1	38	2	210
1	39	3	290
1	40	5	225
1	41	5	175
1	42	2	330
1	43	2	230
1	44	5	35
1	45	5	190
1	46	3	135
1	47	3	55
1	48	5	175
1	49	2	80
1	50	5	165
2	1	5	115
2	2	5	55
2	3	5	225
2	4	5	115
2	5	5	285
2	6	5	320
2	7	5	120
2	8	5	225
2	9	4	250
2	10	5	95
2	11	5	255
2	12	4	240
2	13	5	240
2	14	5	280
2	15	5	65
2	16	5	250
2	17	5	180
2	18	5	325
2	19	4	420
2	20	5	255
2	21	5	190
2	22	5	160
2	23	4	285
2	24	5	220
2	25	5	185
2	26	3	160
2	27	2	260
2	28	5	205
2	29	3	255
2	30	3	220
2	31	5	185
2	32	3	250
2	33	4	220
2	34	4	335
2	35	5	195
2	36	3	160
2	37	5	90
2	38	3	225
2	39	3	175
2	40	5	215
2	41	5	125
2	42	3	235
2	43	2	230
2	44	5	220
2	45	5	135
2	46	3	280
2	47	4	115
2	48	5	100
2	49	4	360
2	50	5	260
3	1	5	210
3	2	5	125
3	3	5	115
3	4	5	150
3	5	5	235
3	6	5	330
3	7	4	165
3	9	5	80
3	10	5	115
3	11	5	90
3	12	5	200
3	13	5	260
3	14	5	200
3	15	5	270
3	16	5	175
3	17	4	250
3	18	5	60
3	19	4	140
3	20	5	140
3	21	5	175
3	22	5	260
3	23	4	90
3	24	5	190
3	25	4	85
3	26	4	80
3	27	3	140
3	28	5	125
3	29	3	280
3	30	2	200
3	31	5	185
3	32	2	110
3	33	3	115
3	34	3	240
3	35	5	285
3	36	4	235
3	37	5	190
3	38	4	255
3	39	3	105
3	40	5	225
3	41	5	295
3	42	4	35
3	43	3	225
3	44	5	120
3	45	5	215
3	46	2	215
3	47	3	155
3	48	5	195
3	49	3	460
3	50	5	305
4	1	5	135
4	2	5	230
4	3	5	300
4	4	5	295
4	5	5	190
4	6	4	325
4	7	5	300
4	8	5	230
4	9	5	115
4	10	4	250
4	11	5	150
4	12	5	200
4	13	4	355
4	14	4	225
4	15	5	140
4	16	4	140
4	17	5	310
4	18	5	210
4	19	5	265
4	20	4	210
4	21	4	150
4	22	5	255
4	23	4	55
4	24	4	260
4	25	4	110
4	26	3	155
4	27	4	120
4	28	5	340
4	29	3	90
4	30	3	150
4	31	5	195
4	32	2	235
4	33	3	200
4	34	2	295
4	35	5	195
4	36	4	195
4	37	5	175
4	38	3	175
4	39	3	190
4	40	5	260
4	41	5	60
4	42	3	265
4	43	4	325
4	44	5	185
4	45	5	160
4	46	2	210
4	47	3	200
4	48	5	105
4	49	3	160
4	50	5	205
5	1	4	240
5	2	4	180
5	3	5	175
5	4	5	205
5	5	4	280
5	6	5	140
5	7	4	55
5	8	5	190
5	9	4	205
5	10	4	195
5	11	4	35
5	12	5	140
5	13	5	235
5	14	5	160
5	15	5	170
5	16	5	215
5	17	5	165
5	18	5	150
5	19	5	50
5	20	5	200
5	21	4	170
5	22	4	70
5	23	5	235
5	24	5	70
5	25	4	230
5	26	4	260
5	27	3	245
5	28	5	195
5	29	3	225
5	31	5	90
5	32	3	40
5	33	2	145
5	34	3	155
5	35	5	90
5	36	3	285
5	37	5	230
5	38	3	105
5	39	4	145
5	40	5	220
5	41	5	105
5	42	4	170
5	43	3	260
5	44	5	145
5	45	5	170
5	46	3	250
5	47	3	255
5	48	5	220
5	49	4	245
5	50	5	115
6	1	5	195
6	2	5	325
6	3	4	135
6	4	5	125
6	5	5	300
6	6	5	190
6	7	4	145
6	8	5	235
6	9	4	360
6	10	5	215
6	11	4	140
6	12	5	205
6	13	5	60
6	14	5	150
6	15	5	240
6	16	5	380
6	17	4	155
6	18	5	260
6	19	4	60
6	20	5	200
6	21	5	155
6	22	5	240
6	23	5	140
6	24	5	115
6	25	5	110
6	26	4	220
6	27	4	185
6	28	5	245
6	29	3	65
6	30	3	55
6	31	5	155
6	32	4	190
6	33	4	305
6	34	4	170
6	35	5	275
6	36	2	50
6	37	5	195
6	38	2	110
6	40	5	120
6	41	5	295
6	42	4	275
6	43	4	300
6	44	5	160
6	45	5	130
6	46	2	95
6	47	4	120
6	48	5	65
6	49	3	175
6	50	5	285
7	1	5	345
7	2	5	145
7	3	5	270
7	4	5	180
7	5	5	155
7	6	5	340
7	7	5	130
7	8	5	155
7	9	4	195
7	10	4	130
7	11	4	295
7	12	4	90
7	13	5	215
7	14	5	230
7	15	5	190
7	16	5	155
7	17	4	25
7	18	5	125
7	19	5	230
7	20	5	285
7	21	4	320
7	22	5	210
7	23	5	150
7	24	5	220
7	25	4	125
7	26	2	340
7	27	3	245
7	28	5	155
7	29	3	185
7	30	3	215
7	31	5	280
7	32	4	180
7	33	4	125
7	34	3	110
7	35	5	320
7	36	2	160
7	37	5	55
7	38	4	145
7	39	2	90
7	40	5	50
7	41	5	80
7	42	3	125
7	43	2	175
7	44	5	265
7	45	5	210
7	46	3	250
7	47	3	255
7	48	5	105
7	49	3	15
7	50	5	245
8	1	5	200
8	2	5	160
8	3	5	100
8	4	5	230
8	5	4	200
8	6	5	250
8	7	5	235
8	8	4	215
8	9	4	155
8	10	4	285
8	11	5	180
8	12	4	100
8	13	5	285
8	14	5	145
8	15	5	295
8	16	5	205
8	17	5	220
8	18	5	255
8	19	5	230
8	20	5	185
8	21	5	200
8	22	4	135
8	23	4	115
8	24	5	30
8	25	5	220
8	26	4	120
8	27	4	225
8	28	5	65
8	29	3	185
8	30	3	280
8	31	5	145
8	32	3	185
8	33	3	95
8	34	3	255
8	35	5	45
8	36	4	250
8	37	5	130
8	38	2	180
8	39	2	195
8	40	5	115
8	41	5	160
8	42	4	210
8	43	2	265
8	44	5	185
8	45	5	300
8	46	3	270
8	47	3	125
8	48	5	170
8	49	3	30
8	50	5	315
9	1	5	245
9	2	4	235
9	3	5	215
9	4	4	215
9	5	4	105
9	6	5	250
9	7	5	330
9	8	5	90
9	9	4	290
9	10	4	330
9	11	4	230
9	12	5	220
9	13	5	300
9	14	4	160
9	15	5	220
9	16	5	350
9	17	4	270
9	18	5	250
9	19	5	160
9	20	5	55
9	21	4	100
9	22	4	200
9	23	5	275
9	24	5	95
9	25	5	215
9	26	4	135
9	27	2	260
9	28	5	305
9	29	2	240
9	30	3	200
9	31	5	160
9	32	3	165
9	33	3	170
9	34	3	170
9	35	5	330
9	36	3	230
9	37	5	165
9	38	3	360
9	39	2	185
9	40	5	200
9	41	5	250
9	42	3	115
9	43	3	345
9	44	5	265
9	45	5	290
9	46	3	220
9	47	2	185
9	48	5	280
9	49	4	295
9	50	5	165
10	1	5	75
10	2	4	330
10	3	4	240
10	4	5	235
10	5	5	105
10	6	4	255
10	7	4	280
10	8	5	125
10	9	4	300
10	10	5	340
10	11	5	215
10	12	5	145
10	13	5	185
10	14	5	120
10	15	5	370
10	16	5	220
10	17	5	95
10	18	5	140
10	19	5	160
10	20	4	85
10	21	5	250
10	22	4	65
10	23	5	150
10	24	4	130
10	25	5	255
10	26	4	340
10	27	3	175
10	28	5	470
10	29	3	270
10	30	4	270
10	31	5	230
10	32	3	265
10	33	4	330
10	34	4	310
10	35	5	305
10	36	4	135
10	37	5	160
10	38	2	140
10	39	4	200
10	40	5	100
10	41	5	270
10	42	4	135
10	43	3	145
10	45	5	230
10	46	2	230
10	47	4	105
10	48	5	75
10	49	2	255
10	50	5	245


Warehouse Fashion Inventory (W F T):
1	0		0		1920		1680		0	
2	0		0		1960		1040		0	
3	0		0		2055		1680		0	
4	0		0		1890		1675		0	
5	0		0		2035		1450		0	
6	0		0		2750		2170		0	
7	0		0		1990		1345		0	
8	0		0		1630		1415		0	
9	0		0		2195		440		0	
10	0		0		2270		765		0	
11	0		0		1835		1135		0	
12	0		0		1635		1110		0	
13	0		0		2395		2040		0	
14	0		0		1790		1405		0	
15	0		0		2125		1960		0	
16	0		0		2315		1950		0	
17	0		0		1790		1090		0	
18	0		0		2015		1775		0	
19	0		0		1790		1170		0	
20	0		0		1840		1320		0	
21	0		0		1805		1065		0	
22	0		0		1720		1250		0	
23	0		0		1910		1365		0	
24	0		0		1640		1250		0	
25	0		0		1785		985		0	
26	2045		1705		1155		0		0	
27	2120		1600		530		0		0	
28	0		0		0		2290		0	
29	2040		1800		245		0		0	
30	1905		1705		270		0		0	
31	0		0		0		1790		0	
32	1860		1275		370		0		0	
33	1895		1560		980		0		0	
34	2345		2050		815		0		0	
35	0		0		0		2320		0	
36	1990		1780		1105		0		0	
37	0		0		0		1680		0	
38	1905		1265		400		0		0	
39	1575		1105		345		0		0	
40	0		0		0		1730		0	
41	0		0		0		1815		0	
42	1895		1565		825		0		0	
43	2500		1600		625		0		0	
44	0		0		0		1580		0	
45	0		0		0		2030		0	
46	2155		1405		0		0		0	
47	1570		1385		340		0		0	
48	0		0		0		1490		0	
49	2075		1740		900		0		0	
50	0		0		0		2305		0	

Store Fashion Inventory (S F T):
Store1
1	0		0		0		160	
2	0		0		175		175	
3	0		0		0		280	
4	0		0		0		140	
5	0		0		0		180	
6	0		0		0		350	
7	0		0		0		230	
8	0		0		0		165	
9	0		0		0		245	
10	0		0		315		315	
11	0		0		0		245	
12	0		0		95		95	
13	0		0		0		260	
14	0		0		0		120	
15	0		0		165		165	
16	0		0		225		225	
17	0		0		0		120	
18	0		0		240		240	
19	0		0		0		75	
20	0		0		225		225	
21	0		0		0		95	
22	0		0		0		125	
23	0		0		0		415	
24	0		0		0		310	
25	0		0		250		250	
26	0		235		235		235	
27	0		265		265		265	
28	0		0		0		185	
29	0		0		245		245	
30	0		315		315		315	
31	0		0		0		165	
32	240		240		240		240	
33	190		190		190		190	
34	0		305		305		305	
35	0		0		0		280	
36	0		0		290		290	
37	0		0		0		290	
38	210		210		210		210	
39	0		290		290		290	
40	0		0		0		225	
41	0		0		0		175	
42	330		330		330		330	
43	230		230		230		230	
44	0		0		0		35	
45	0		0		0		190	
46	0		135		135		135	
47	0		55		55		55	
48	0		0		0		175	
49	80		80		80		80	
50	0		0		0		165	
Store2
1	0		0		0		115	
2	0		0		0		55	
3	0		0		0		225	
4	0		0		0		115	
5	0		0		0		285	
6	0		0		0		320	
7	0		0		0		120	
8	0		0		0		225	
9	0		0		250		250	
10	0		0		0		95	
11	0		0		0		255	
12	0		0		240		240	
13	0		0		0		240	
14	0		0		0		280	
15	0		0		0		65	
16	0		0		0		250	
17	0		0		0		180	
18	0		0		0		325	
19	0		0		420		420	
20	0		0		0		255	
21	0		0		0		190	
22	0		0		0		160	
23	0		0		285		285	
24	0		0		0		220	
25	0		0		0		185	
26	0		160		160		160	
27	260		260		260		260	
28	0		0		0		205	
29	0		255		255		255	
30	0		220		220		220	
31	0		0		0		185	
32	0		250		250		250	
33	0		0		220		220	
34	0		0		335		335	
35	0		0		0		195	
36	0		160		160		160	
37	0		0		0		90	
38	0		225		225		225	
39	0		175		175		175	
40	0		0		0		215	
41	0		0		0		125	
42	0		235		235		235	
43	230		230		230		230	
44	0		0		0		220	
45	0		0		0		135	
46	0		280		280		280	
47	0		0		115		115	
48	0		0		0		100	
49	0		0		360		360	
50	0		0		0		260	
Store3
1	0		0		0		210	
2	0		0		0		125	
3	0		0		0		115	
4	0		0		0		150	
5	0		0		0		235	
6	0		0		0		330	
7	0		0		165		165	
8	0		0		0		0	
9	0		0		0		80	
10	0		0		0		115	
11	0		0		0		90	
12	0		0		0		200	
13	0		0		0		260	
14	0		0		0		200	
15	0		0		0		270	
16	0		0		0		175	
17	0		0		250		250	
18	0		0		0		60	
19	0		0		140		140	
20	0		0		0		140	
21	0		0		0		175	
22	0		0		0		260	
23	0		0		90		90	
24	0		0		0		190	
25	0		0		85		85	
26	0		0		80		80	
27	0		140		140		140	
28	0		0		0		125	
29	0		280		280		280	
30	200		200		200		200	
31	0		0		0		185	
32	110		110		110		110	
33	0		115		115		115	
34	0		240		240		240	
35	0		0		0		285	
36	0		0		235		235	
37	0		0		0		190	
38	0		0		255		255	
39	0		105		105		105	
40	0		0		0		225	
41	0		0		0		295	
42	0		0		35		35	
43	0		225		225		225	
44	0		0		0		120	
45	0		0		0		215	
46	215		215		215		215	
47	0		155		155		155	
48	0		0		0		195	
49	0		460		460		460	
50	0		0		0		305	
Store4
1	0		0		0		135	
2	0		0		0		230	
3	0		0		0		300	
4	0		0		0		295	
5	0		0		0		190	
6	0		0		325		325	
7	0		0		0		300	
8	0		0		0		230	
9	0		0		0		115	
10	0		0		250		250	
11	0		0		0		150	
12	0		0		0		200	
13	0		0		355		355	
14	0		0		225		225	
15	0		0		0		140	
16	0		0		140		140	
17	0		0		0		310	
18	0		0		0		210	
19	0		0		0		265	
20	0		0		210		210	
21	0		0		150		150	
22	0		0		0		255	
23	0		0		55		55	
24	0		0		260		260	
25	0		0		110		110	
26	0		155		155		155	
27	0		0		120		120	
28	0		0		0		340	
29	0		90		90		90	
30	0		150		150		150	
31	0		0		0		195	
32	235		235		235		235	
33	0		200		200		200	
34	295		295		295		295	
35	0		0		0		195	
36	0		0		195		195	
37	0		0		0		175	
38	0		175		175		175	
39	0		190		190		190	
40	0		0		0		260	
41	0		0		0		60	
42	0		265		265		265	
43	0		0		325		325	
44	0		0		0		185	
45	0		0		0		160	
46	210		210		210		210	
47	0		200		200		200	
48	0		0		0		105	
49	0		160		160		160	
50	0		0		0		205	
Store5
1	0		0		240		240	
2	0		0		180		180	
3	0		0		0		175	
4	0		0		0		205	
5	0		0		280		280	
6	0		0		0		140	
7	0		0		55		55	
8	0		0		0		190	
9	0		0		205		205	
10	0		0		195		195	
11	0		0		35		35	
12	0		0		0		140	
13	0		0		0		235	
14	0		0		0		160	
15	0		0		0		170	
16	0		0		0		215	
17	0		0		0		165	
18	0		0		0		150	
19	0		0		0		50	
20	0		0		0		200	
21	0		0		170		170	
22	0		0		70		70	
23	0		0		0		235	
24	0		0		0		70	
25	0		0		230		230	
26	0		0		260		260	
27	0		245		245		245	
28	0		0		0		195	
29	0		225		225		225	
30	0		0		0		0	
31	0		0		0		90	
32	0		40		40		40	
33	145		145		145		145	
34	0		155		155		155	
35	0		0		0		90	
36	0		285		285		285	
37	0		0		0		230	
38	0		105		105		105	
39	0		0		145		145	
40	0		0		0		220	
41	0		0		0		105	
42	0		0		170		170	
43	0		260		260		260	
44	0		0		0		145	
45	0		0		0		170	
46	0		250		250		250	
47	0		255		255		255	
48	0		0		0		220	
49	0		0		245		245	
50	0		0		0		115	
Store6
1	0		0		0		195	
2	0		0		0		325	
3	0		0		135		135	
4	0		0		0		125	
5	0		0		0		300	
6	0		0		0		190	
7	0		0		145		145	
8	0		0		0		235	
9	0		0		360		360	
10	0		0		0		215	
11	0		0		140		140	
12	0		0		0		205	
13	0		0		0		60	
14	0		0		0		150	
15	0		0		0		240	
16	0		0		0		380	
17	0		0		155		155	
18	0		0		0		260	
19	0		0		60		60	
20	0		0		0		200	
21	0		0		0		155	
22	0		0		0		240	
23	0		0		0		140	
24	0		0		0		115	
25	0		0		0		110	
26	0		0		220		220	
27	0		0		185		185	
28	0		0		0		245	
29	0		65		65		65	
30	0		55		55		55	
31	0		0		0		155	
32	0		0		190		190	
33	0		0		305		305	
34	0		0		170		170	
35	0		0		0		275	
36	50		50		50		50	
37	0		0		0		195	
38	110		110		110		110	
39	0		0		0		0	
40	0		0		0		120	
41	0		0		0		295	
42	0		0		275		275	
43	0		0		300		300	
44	0		0		0		160	
45	0		0		0		130	
46	95		95		95		95	
47	0		0		120		120	
48	0		0		0		65	
49	0		175		175		175	
50	0		0		0		285	
Store7
1	0		0		0		345	
2	0		0		0		145	
3	0		0		0		270	
4	0		0		0		180	
5	0		0		0		155	
6	0		0		0		340	
7	0		0		0		130	
8	0		0		0		155	
9	0		0		195		195	
10	0		0		130		130	
11	0		0		295		295	
12	0		0		90		90	
13	0		0		0		215	
14	0		0		0		230	
15	0		0		0		190	
16	0		0		0		155	
17	0		0		25		25	
18	0		0		0		125	
19	0		0		0		230	
20	0		0		0		285	
21	0		0		320		320	
22	0		0		0		210	
23	0		0		0		150	
24	0		0		0		220	
25	0		0		125		125	
26	340		340		340		340	
27	0		245		245		245	
28	0		0		0		155	
29	0		185		185		185	
30	0		215		215		215	
31	0		0		0		280	
32	0		0		180		180	
33	0		0		125		125	
34	0		110		110		110	
35	0		0		0		320	
36	160		160		160		160	
37	0		0		0		55	
38	0		0		145		145	
39	90		90		90		90	
40	0		0		0		50	
41	0		0		0		80	
42	0		125		125		125	
43	175		175		175		175	
44	0		0		0		265	
45	0		0		0		210	
46	0		250		250		250	
47	0		255		255		255	
48	0		0		0		105	
49	0		15		15		15	
50	0		0		0		245	
Store8
1	0		0		0		200	
2	0		0		0		160	
3	0		0		0		100	
4	0		0		0		230	
5	0		0		200		200	
6	0		0		0		250	
7	0		0		0		235	
8	0		0		215		215	
9	0		0		155		155	
10	0		0		285		285	
11	0		0		0		180	
12	0		0		100		100	
13	0		0		0		285	
14	0		0		0		145	
15	0		0		0		295	
16	0		0		0		205	
17	0		0		0		220	
18	0		0		0		255	
19	0		0		0		230	
20	0		0		0		185	
21	0		0		0		200	
22	0		0		135		135	
23	0		0		115		115	
24	0		0		0		30	
25	0		0		0		220	
26	0		0		120		120	
27	0		0		225		225	
28	0		0		0		65	
29	0		185		185		185	
30	0		280		280		280	
31	0		0		0		145	
32	0		185		185		185	
33	0		95		95		95	
34	0		255		255		255	
35	0		0		0		45	
36	0		0		250		250	
37	0		0		0		130	
38	180		180		180		180	
39	195		195		195		195	
40	0		0		0		115	
41	0		0		0		160	
42	0		0		210		210	
43	265		265		265		265	
44	0		0		0		185	
45	0		0		0		300	
46	0		270		270		270	
47	0		125		125		125	
48	0		0		0		170	
49	0		30		30		30	
50	0		0		0		315	
Store9
1	0		0		0		245	
2	0		0		235		235	
3	0		0		0		215	
4	0		0		215		215	
5	0		0		105		105	
6	0		0		0		250	
7	0		0		0		330	
8	0		0		0		90	
9	0		0		290		290	
10	0		0		330		330	
11	0		0		230		230	
12	0		0		0		220	
13	0		0		0		300	
14	0		0		160		160	
15	0		0		0		220	
16	0		0		0		350	
17	0		0		270		270	
18	0		0		0		250	
19	0		0		0		160	
20	0		0		0		55	
21	0		0		100		100	
22	0		0		200		200	
23	0		0		0		275	
24	0		0		0		95	
25	0		0		0		215	
26	0		0		135		135	
27	260		260		260		260	
28	0		0		0		305	
29	240		240		240		240	
30	0		200		200		200	
31	0		0		0		160	
32	0		165		165		165	
33	0		170		170		170	
34	0		170		170		170	
35	0		0		0		330	
36	0		230		230		230	
37	0		0		0		165	
38	0		360		360		360	
39	185		185		185		185	
40	0		0		0		200	
41	0		0		0		250	
42	0		115		115		115	
43	0		345		345		345	
44	0		0		0		265	
45	0		0		0		290	
46	0		220		220		220	
47	185		185		185		185	
48	0		0		0		280	
49	0		0		295		295	
50	0		0		0		165	
Store10
1	0		0		0		75	
2	0		0		330		330	
3	0		0		240		240	
4	0		0		0		235	
5	0		0		0		105	
6	0		0		255		255	
7	0		0		280		280	
8	0		0		0		125	
9	0		0		300		300	
10	0		0		0		340	
11	0		0		0		215	
12	0		0		0		145	
13	0		0		0		185	
14	0		0		0		120	
15	0		0		0		370	
16	0		0		0		220	
17	0		0		0		95	
18	0		0		0		140	
19	0		0		0		160	
20	0		0		85		85	
21	0		0		0		250	
22	0		0		65		65	
23	0		0		0		150	
24	0		0		130		130	
25	0		0		0		255	
26	0		0		340		340	
27	0		175		175		175	
28	0		0		0		470	
29	0		270		270		270	
30	0		0		270		270	
31	0		0		0		230	
32	0		265		265		265	
33	0		0		330		330	
34	0		0		310		310	
35	0		0		0		305	
36	0		0		135		135	
37	0		0		0		160	
38	140		140		140		140	
39	0		0		200		200	
40	0		0		0		100	
41	0		0		0		270	
42	0		0		135		135	
43	0		145		145		145	
44	0		0		0		0	
45	0		0		0		230	
46	230		230		230		230	
47	0		0		105		105	
48	0		0		0		75	
49	255		255		255		255	
50	0		0		0		245	


Fashion Shipments from Vendor to Warehouse (V T):
0	0	1.891993	0	
0.91162	0	0	0.6483534	

Printing New Basic Solution:

Inbound Solution (V P T):
1	1	4	905
1	1	5	1213
1	2	4	903
1	2	5	1265
1	3	4	759
1	3	5	1291
1	4	4	866
1	4	5	1101
1	5	4	802
1	5	5	1210
1	6	4	808
1	6	5	1123
1	7	4	715
1	7	5	1295
1	8	4	857
1	8	5	1386
1	9	4	854
1	9	5	1171
1	10	4	831
1	10	5	1294
1	11	4	916
1	11	5	1210
1	12	4	866
1	12	5	1399
1	13	4	841
1	13	5	1217
1	14	4	787
1	14	5	1242
1	15	4	804
1	15	5	1325
1	16	4	751
1	16	5	1268
2	17	2	2071
2	18	2	780
2	18	5	1172
2	19	2	1219
2	19	5	814
2	20	2	1809
2	20	5	201
2	21	5	1976
2	22	2	1506
2	22	5	377
2	23	2	570
2	23	5	1332
2	24	2	1075
2	24	5	1075
2	25	2	1440
2	25	5	618
2	26	2	1971
2	27	2	1710
2	27	5	428
2	28	2	597
2	28	5	1393
2	29	2	1253
2	29	5	836
2	30	5	2048
2	31	2	1865
2	32	2	1993
3	33	4	2014
3	34	4	1925
3	35	2	402
3	35	4	1604
3	36	2	727
3	36	4	1089
3	37	2	1876
3	37	4	208
3	38	2	1165
3	38	4	1165
3	39	2	1413
3	39	4	605
3	40	4	1771
3	41	2	1956
3	42	2	1215
3	42	4	809
3	43	2	634
3	43	4	1476
3	44	2	2041
3	45	2	1218
3	45	4	812
3	46	2	204
3	46	4	1830
3	47	2	1266
3	47	4	844
3	48	2	859
3	48	4	1288
3	49	2	1395
3	49	4	597
3	50	2	2085


Outbound Solution(S P T):
1	1	2	91
1	1	3	14
1	1	5	115
1	2	2	69
1	2	3	36
1	2	5	74
1	3	2	139
1	3	3	54
1	3	5	99
1	4	2	115
1	4	3	30
1	4	5	79
1	5	2	46
1	5	3	49
1	5	5	119
1	6	2	107
1	6	3	32
1	6	5	93
1	7	2	81
1	7	3	57
1	7	5	58
1	8	2	86
1	8	3	45
1	8	5	79
1	9	2	35
1	9	3	22
1	9	5	56
1	10	2	63
1	10	3	41
1	10	5	88
1	11	2	97
1	11	3	41
1	11	5	78
1	12	2	79
1	12	3	37
1	12	5	76
1	13	2	52
1	13	3	35
1	13	5	104
1	14	2	79
1	14	3	27
1	14	5	77
1	15	2	102
1	15	3	41
1	15	5	40
1	16	2	108
1	16	3	58
1	16	5	43
1	17	2	100
1	17	3	61
1	17	5	74
1	18	2	63
1	18	3	62
1	18	5	112
1	19	2	84
1	19	3	50
1	19	5	101
1	20	2	102
1	20	3	3
1	20	5	98
1	21	2	133
1	21	3	38
1	21	5	75
1	22	2	83
1	22	3	46
1	22	5	79
1	23	2	64
1	23	3	15
1	23	5	60
1	24	2	55
1	24	3	66
1	24	5	88
1	25	2	82
1	25	3	45
1	25	5	91
1	26	2	104
1	26	3	28
1	26	5	40
1	27	2	105
1	27	3	64
1	27	5	56
1	28	2	61
1	28	3	6
1	28	5	95
1	29	2	101
1	29	3	60
1	29	5	122
1	30	2	114
1	30	3	31
1	30	5	47
1	31	2	77
1	31	3	32
1	31	5	78
1	32	2	70
1	32	3	37
1	32	5	89
1	33	2	87
1	33	3	37
1	33	5	100
1	34	2	105
1	34	3	18
1	34	5	38
1	35	2	79
1	35	3	42
1	35	5	44
1	36	2	92
1	36	3	17
1	36	5	77
1	37	2	82
1	37	3	27
1	37	5	79
1	38	2	108
1	38	3	60
1	38	5	84
1	39	2	96
1	39	3	28
1	39	5	79
1	40	2	72
1	40	3	40
1	40	5	44
1	41	2	63
1	41	3	28
1	41	5	103
1	42	2	35
1	42	3	26
1	42	5	109
1	43	2	134
1	43	3	26
1	43	5	115
1	44	2	38
1	44	3	35
1	44	5	35
1	45	2	69
1	45	3	55
1	45	5	64
1	46	2	35
1	46	3	48
1	46	5	53
1	47	2	120
1	47	3	53
1	47	5	44
1	48	2	69
1	48	3	51
1	48	5	67
1	49	2	62
1	49	3	25
1	49	5	102
1	50	2	70
1	50	3	34
1	50	5	120
2	1	2	61
2	1	3	47
2	1	4	43
2	2	2	85
2	2	3	53
2	2	4	48
2	2	5	38
2	3	2	90
2	3	3	36
2	3	4	35
2	3	5	38
2	4	2	42
2	4	3	74
2	4	4	74
2	4	5	23
2	5	2	62
2	5	3	44
2	5	4	29
2	5	5	45
2	6	2	47
2	6	3	40
2	6	4	32
2	6	5	58
2	7	2	101
2	7	3	55
2	7	4	23
2	7	5	30
2	8	2	36
2	8	3	41
2	8	4	40
2	8	5	55
2	9	2	78
2	9	3	55
2	9	4	29
2	9	5	43
2	10	2	91
2	10	3	55
2	10	4	65
2	10	5	46
2	11	2	155
2	11	3	44
2	11	4	42
2	11	5	56
2	12	2	93
2	12	3	25
2	12	4	42
2	12	5	41
2	13	2	73
2	13	3	29
2	13	4	39
2	13	5	35
2	14	2	47
2	14	3	68
2	14	4	55
2	14	5	41
2	15	2	96
2	15	3	23
2	15	4	42
2	15	5	30
2	16	2	34
2	16	3	18
2	16	4	59
2	16	5	45
2	17	2	95
2	17	3	58
2	17	4	59
2	17	5	28
2	18	2	55
2	18	3	55
2	18	4	35
2	18	5	64
2	19	2	58
2	19	3	46
2	19	4	42
2	19	5	42
2	20	2	85
2	20	3	10
2	20	4	38
2	20	5	76
2	21	2	67
2	21	3	35
2	21	4	18
2	21	5	46
2	22	2	83
2	22	3	50
2	22	4	25
2	22	5	51
2	23	2	105
2	23	3	44
2	23	4	58
2	23	5	23
2	24	2	120
2	24	3	55
2	24	4	46
2	24	5	57
2	25	2	55
2	25	3	40
2	25	4	53
2	25	5	39
2	26	2	83
2	26	3	52
2	26	4	24
2	26	5	48
2	27	2	63
2	27	3	55
2	27	4	27
2	27	5	48
2	28	2	107
2	28	3	41
2	28	4	50
2	28	5	50
2	29	2	80
2	29	3	72
2	29	4	35
2	29	5	57
2	30	2	119
2	30	3	32
2	30	4	22
2	30	5	63
2	31	2	102
2	31	3	24
2	31	4	33
2	31	5	26
2	32	2	42
2	32	3	48
2	32	4	38
2	32	5	41
2	33	2	83
2	33	3	71
2	33	4	46
2	33	5	60
2	34	2	77
2	34	3	74
2	34	4	21
2	34	5	53
2	35	2	61
2	35	3	35
2	35	4	36
2	35	5	26
2	36	2	77
2	36	3	37
2	36	4	31
2	36	5	65
2	37	2	85
2	37	3	53
2	37	4	63
2	37	5	43
2	38	2	98
2	38	3	34
2	38	4	75
2	38	5	30
2	39	2	90
2	39	3	42
2	39	4	54
2	39	5	32
2	40	2	72
2	40	3	57
2	40	4	13
2	40	5	22
2	41	2	110
2	41	3	22
2	41	4	66
2	41	5	29
2	42	2	92
2	42	3	42
2	42	4	20
2	42	5	67
2	43	2	89
2	43	3	30
2	43	4	38
2	43	5	35
2	44	2	107
2	44	3	60
2	44	4	19
2	44	5	79
2	45	2	51
2	45	3	49
2	45	4	47
2	45	5	40
2	46	2	50
2	46	3	66
2	46	4	33
2	46	5	27
2	47	2	111
2	47	3	27
2	47	4	39
2	47	5	58
2	48	2	87
2	48	3	27
2	48	4	44
2	48	5	21
2	49	2	91
2	49	3	21
2	49	4	70
2	49	5	44
2	50	2	90
2	50	3	44
2	50	4	40
2	50	5	47
3	1	2	5
3	1	3	83
3	1	4	115
3	2	2	41
3	2	3	78
3	2	4	112
3	3	2	32
3	3	3	86
3	3	4	105
3	4	2	50
3	4	3	105
3	4	4	70
3	5	2	38
3	5	3	81
3	5	4	88
3	6	2	26
3	6	3	73
3	6	4	123
3	7	2	27
3	7	3	81
3	7	4	107
3	8	2	48
3	8	3	59
3	8	4	64
3	9	2	36
3	9	3	92
3	9	4	122
3	10	2	36
3	10	3	80
3	10	4	103
3	11	2	27
3	11	3	105
3	11	4	92
3	12	2	43
3	12	3	91
3	12	4	96
3	13	2	4
3	13	3	94
3	13	4	49
3	14	2	52
3	14	3	90
3	14	4	103
3	15	2	16
3	15	3	114
3	15	4	147
3	16	2	52
3	16	3	93
3	16	4	70
3	17	2	36
3	17	3	69
3	17	4	98
3	18	2	17
3	18	3	69
3	18	4	86
3	19	2	39
3	19	3	99
3	19	4	50
3	20	2	35
3	20	3	75
3	20	4	72
3	21	2	33
3	21	3	78
3	21	4	73
3	22	2	39
3	22	3	80
3	22	4	73
3	23	2	45
3	23	3	55
3	23	4	82
3	24	2	22
3	24	3	114
3	24	4	80
3	25	2	28
3	25	3	84
3	25	4	50
3	26	2	27
3	26	3	122
3	26	4	149
3	27	2	40
3	27	3	96
3	27	4	106
3	28	2	32
3	28	3	71
3	28	4	80
3	29	2	49
3	29	3	92
3	29	4	69
3	30	2	31
3	30	3	92
3	30	4	59
3	31	2	46
3	31	3	91
3	31	4	90
3	32	2	53
3	32	3	92
3	32	4	59
3	33	2	27
3	33	3	60
3	33	4	75
3	34	2	60
3	34	3	95
3	34	4	101
3	35	2	39
3	35	3	86
3	35	4	55
3	36	2	34
3	36	3	79
3	36	4	85
3	37	2	41
3	37	3	85
3	37	4	57
3	38	2	59
3	38	3	99
3	38	4	101
3	39	2	42
3	39	3	57
3	39	4	108
3	40	2	44
3	40	3	96
3	40	4	50
3	41	2	47
3	41	3	71
3	41	4	102
3	42	2	45
3	42	3	89
3	42	4	71
3	43	2	56
3	43	3	67
3	43	4	80
3	44	2	45
3	44	3	109
3	44	4	60
3	45	2	25
3	45	3	94
3	45	4	82
3	46	2	40
3	46	3	70
3	46	4	88
3	47	2	30
3	47	3	88
3	47	4	101
3	48	2	29
3	48	3	87
3	48	4	102
3	49	2	14
3	49	3	120
3	49	4	61
3	50	2	39
3	50	3	82
3	50	4	93
4	1	2	130
4	1	3	60
4	1	4	59
4	2	2	97
4	2	3	26
4	2	4	60
4	3	2	116
4	3	3	12
4	3	4	50
4	4	2	54
4	4	3	49
4	4	4	91
4	5	2	119
4	5	3	21
4	5	4	93
4	6	2	84
4	6	3	28
4	6	4	57
4	7	2	82
4	7	3	40
4	7	4	71
4	8	2	71
4	8	3	6
4	8	4	110
4	9	2	74
4	9	3	29
4	9	4	67
4	10	2	98
4	10	3	43
4	10	4	99
4	11	2	84
4	11	3	20
4	11	4	52
4	12	2	108
4	12	3	45
4	12	4	86
4	13	2	115
4	13	3	63
4	13	4	78
4	14	2	66
4	14	3	32
4	14	4	77
4	15	2	81
4	15	3	37
4	15	4	83
4	16	2	69
4	16	3	34
4	16	4	87
4	17	2	77
4	17	3	34
4	17	4	114
4	18	2	90
4	18	3	82
4	18	4	77
4	19	2	60
4	19	3	49
4	19	4	60
4	20	2	93
4	20	3	56
4	20	4	113
4	21	2	49
4	21	3	45
4	21	4	75
4	22	2	78
4	22	3	39
4	22	4	74
4	23	2	85
4	23	3	40
4	23	4	58
4	24	2	79
4	24	3	43
4	24	4	105
4	25	2	76
4	25	3	53
4	25	4	93
4	26	2	63
4	26	3	48
4	26	4	46
4	27	2	46
4	27	3	54
4	27	4	104
4	28	2	74
4	28	3	51
4	28	4	91
4	29	2	55
4	29	3	25
4	29	4	84
4	30	2	116
4	30	3	50
4	30	4	82
4	31	2	81
4	31	3	46
4	31	4	55
4	32	2	64
4	32	3	39
4	32	4	82
4	33	2	84
4	33	3	84
4	33	4	86
4	34	2	82
4	34	3	31
4	34	4	87
4	35	2	82
4	35	3	46
4	35	4	97
4	36	2	78
4	36	3	19
4	36	4	62
4	37	2	75
4	37	3	34
4	37	4	55
4	38	2	63
4	38	3	53
4	38	4	89
4	39	2	73
4	39	3	46
4	39	4	66
4	40	2	110
4	40	3	20
4	40	4	85
4	41	2	91
4	41	3	36
4	41	4	56
4	42	2	99
4	42	3	62
4	42	4	74
4	43	2	128
4	43	3	34
4	43	4	74
4	44	2	68
4	44	3	32
4	44	4	81
4	45	2	76
4	45	3	27
4	45	4	86
4	46	2	69
4	46	3	16
4	46	4	91
4	47	2	90
4	47	3	34
4	47	4	113
4	48	2	94
4	48	3	33
4	48	4	55
4	49	2	100
4	49	3	31
4	49	4	51
4	50	2	72
4	50	3	51
4	50	4	40
5	1	2	45
5	1	3	35
5	1	4	135
5	2	2	50
5	2	3	67
5	2	4	119
5	3	2	25
5	3	3	47
5	3	4	102
5	4	2	41
5	4	3	50
5	4	4	125
5	5	2	47
5	5	3	66
5	5	4	135
5	6	2	44
5	6	3	35
5	6	4	99
5	7	2	31
5	7	3	50
5	7	4	128
5	8	2	26
5	8	3	21
5	8	4	187
5	9	2	62
5	9	3	57
5	9	4	155
5	10	2	65
5	10	3	23
5	10	4	103
5	11	2	62
5	11	3	33
5	11	4	143
5	12	2	50
5	12	3	45
5	12	4	127
5	13	2	29
5	13	3	56
5	13	4	115
5	14	2	51
5	14	3	38
5	14	4	100
5	15	2	34
5	15	3	40
5	15	4	138
5	16	2	47
5	16	3	40
5	16	4	103
5	17	2	30
5	17	3	50
5	17	4	81
5	18	2	70
5	18	3	31
5	18	4	88
5	19	2	43
5	19	3	41
5	19	4	118
5	20	2	52
5	20	3	43
5	20	4	143
5	21	2	28
5	21	3	54
5	21	4	111
5	22	2	50
5	22	3	35
5	22	4	111
5	23	2	41
5	23	3	22
5	23	4	106
5	24	2	58
5	24	3	50
5	24	4	102
5	25	2	24
5	25	3	63
5	25	4	103
5	26	2	63
5	26	3	24
5	26	4	137
5	27	2	50
5	27	3	47
5	27	4	162
5	28	2	52
5	28	3	25
5	28	4	102
5	29	2	21
5	29	3	51
5	29	4	128
5	30	2	44
5	30	3	66
5	30	4	95
5	31	2	16
5	31	3	32
5	31	4	100
5	32	2	34
5	32	3	48
5	32	4	144
5	33	2	43
5	33	4	105
5	34	2	49
5	34	3	27
5	34	4	91
5	35	2	59
5	35	3	54
5	35	4	140
5	36	2	73
5	36	3	49
5	36	4	92
5	37	2	67
5	37	3	31
5	37	4	130
5	38	2	46
5	38	3	36
5	38	4	121
5	39	2	70
5	39	3	51
5	39	4	81
5	40	3	45
5	40	4	124
5	41	2	50
5	41	3	31
5	41	4	146
5	42	2	23
5	42	3	34
5	42	4	127
5	43	2	53
5	43	3	88
5	43	4	152
5	44	2	25
5	44	3	15
5	44	4	149
5	45	2	111
5	45	3	52
5	45	4	58
5	46	2	49
5	46	3	26
5	46	4	103
5	47	2	42
5	47	3	32
5	47	4	139
5	48	2	32
5	48	3	28
5	48	4	153
5	49	2	27
5	49	3	30
5	49	4	118
5	50	2	34
5	50	3	46
5	50	4	100
6	1	2	45
6	1	3	61
6	1	4	39
6	1	5	43
6	2	2	48
6	2	3	107
6	2	4	60
6	2	5	49
6	3	2	53
6	3	3	91
6	3	4	48
6	3	5	42
6	4	2	8
6	4	3	70
6	4	4	33
6	4	5	46
6	5	2	24
6	5	3	68
6	5	4	35
6	5	5	44
6	6	2	37
6	6	3	74
6	6	4	30
6	6	5	31
6	7	2	37
6	7	3	67
6	7	4	35
6	7	5	39
6	8	2	52
6	8	3	89
6	8	4	57
6	8	5	69
6	9	2	31
6	9	3	78
6	9	4	73
6	9	5	38
6	10	2	61
6	10	3	105
6	10	4	27
6	10	5	46
6	11	2	44
6	11	3	109
6	11	4	31
6	11	5	45
6	12	2	36
6	12	3	101
6	12	4	47
6	12	5	76
6	13	2	59
6	13	3	115
6	13	4	35
6	13	5	13
6	14	2	36
6	14	3	65
6	14	4	46
6	14	5	57
6	15	2	67
6	15	3	77
6	15	4	50
6	15	5	38
6	16	2	52
6	16	3	68
6	16	4	28
6	16	5	61
6	17	2	50
6	17	3	70
6	17	4	71
6	17	5	52
6	18	2	24
6	18	3	70
6	18	4	43
6	18	5	30
6	19	2	51
6	19	3	82
6	19	4	43
6	19	5	17
6	20	2	17
6	20	3	71
6	20	4	31
6	20	5	41
6	21	2	39
6	21	3	123
6	21	4	46
6	21	5	37
6	22	2	30
6	22	3	69
6	22	4	11
6	22	5	42
6	23	2	39
6	23	3	58
6	23	4	52
6	23	5	40
6	24	2	65
6	24	3	100
6	24	4	8
6	24	5	37
6	25	2	39
6	25	3	105
6	25	4	56
6	25	5	50
6	26	2	37
6	26	3	77
6	26	4	41
6	26	5	23
6	27	2	31
6	27	3	84
6	27	4	44
6	27	5	42
6	28	2	39
6	28	3	115
6	28	4	34
6	28	5	55
6	29	2	26
6	29	3	77
6	29	4	26
6	29	5	27
6	30	2	31
6	30	3	33
6	30	4	28
6	30	5	61
6	31	2	11
6	31	3	84
6	31	4	7
6	31	5	40
6	32	2	11
6	32	3	82
6	32	4	40
6	32	5	41
6	33	2	40
6	33	3	69
6	33	4	27
6	33	5	17
6	34	2	49
6	34	3	71
6	34	4	27
6	34	5	39
6	35	2	43
6	35	3	76
6	35	4	66
6	35	5	70
6	36	2	44
6	36	3	78
6	36	4	52
6	36	5	8
6	37	2	61
6	37	3	70
6	37	4	48
6	37	5	64
6	38	2	33
6	38	3	84
6	38	4	61
6	38	5	51
6	39	2	30
6	39	3	65
6	39	4	59
6	39	5	13
6	40	2	56
6	40	3	76
6	40	4	15
6	40	5	57
6	41	2	42
6	41	3	50
6	41	4	23
6	41	5	48
6	42	2	45
6	42	3	61
6	42	4	25
6	42	5	33
6	43	2	49
6	43	3	74
6	43	4	43
6	43	5	45
6	44	2	38
6	44	3	111
6	44	4	32
6	44	5	9
6	45	2	54
6	45	3	75
6	45	4	61
6	45	5	43
6	46	2	31
6	46	3	146
6	46	4	59
6	46	5	42
6	47	2	69
6	47	3	64
6	47	4	41
6	47	5	34
6	48	2	40
6	48	3	79
6	48	4	38
6	48	5	42
6	49	2	33
6	49	3	116
6	49	4	80
6	49	5	33
6	50	2	40
6	50	3	81
6	50	4	36
6	50	5	43
7	1	2	50
7	1	3	89
7	1	5	103
7	2	2	31
7	2	3	105
7	2	5	134
7	3	2	58
7	3	3	95
7	3	5	56
7	4	2	33
7	4	3	87
7	4	5	80
7	5	2	37
7	5	3	84
7	5	5	76
7	6	2	38
7	6	3	32
7	6	5	69
7	7	2	47
7	7	3	58
7	7	5	80
7	8	2	56
7	8	3	112
7	8	5	107
7	9	2	35
7	9	3	114
7	9	5	58
7	10	2	40
7	10	3	66
7	10	5	104
7	11	2	38
7	11	3	90
7	11	5	69
7	12	2	34
7	12	3	78
7	12	5	149
7	13	2	28
7	13	3	97
7	13	5	68
7	14	2	33
7	14	3	56
7	14	5	105
7	15	2	58
7	15	3	57
7	15	5	83
7	16	2	20
7	16	3	54
7	16	5	108
7	17	2	31
7	17	3	44
7	17	5	98
7	18	2	44
7	18	3	82
7	18	5	50
7	19	2	24
7	19	3	95
7	19	5	88
7	20	2	12
7	20	3	80
7	20	5	93
7	21	2	54
7	21	3	57
7	21	5	87
7	22	2	48
7	22	3	64
7	22	5	86
7	23	2	61
7	23	3	115
7	23	5	100
7	24	2	59
7	24	3	116
7	24	5	72
7	25	2	25
7	25	3	66
7	25	5	47
7	26	2	38
7	26	3	87
7	26	5	98
7	27	2	29
7	27	3	87
7	27	5	100
7	28	2	67
7	28	3	87
7	28	5	80
7	29	2	47
7	29	3	97
7	29	5	119
7	30	2	58
7	30	3	56
7	30	5	93
7	31	2	78
7	31	3	83
7	31	5	92
7	32	2	52
7	32	3	80
7	32	5	96
7	33	2	22
7	33	3	103
7	33	5	80
7	34	2	47
7	34	3	73
7	34	5	111
7	35	2	26
7	35	3	92
7	35	5	57
7	36	2	29
7	36	3	83
7	36	5	47
7	37	2	46
7	37	3	79
7	37	5	77
7	38	2	58
7	38	3	86
7	38	5	100
7	39	2	47
7	39	3	80
7	39	5	102
7	40	2	31
7	40	3	71
7	40	5	53
7	41	2	47
7	41	3	52
7	41	5	71
7	42	2	63
7	42	3	47
7	42	5	123
7	43	2	36
7	43	3	111
7	43	5	61
7	44	2	74
7	44	3	84
7	44	5	66
7	45	2	33
7	45	3	118
7	45	5	86
7	46	2	53
7	46	3	126
7	46	5	105
7	47	2	34
7	47	3	91
7	47	5	57
7	48	2	35
7	48	3	93
7	48	5	110
7	49	2	30
7	49	3	100
7	49	5	56
7	50	2	26
7	50	3	77
7	50	5	110
8	1	2	44
8	1	3	96
8	1	4	86
8	2	2	31
8	2	3	77
8	2	4	84
8	3	2	10
8	3	3	62
8	3	4	64
8	4	2	46
8	4	3	87
8	4	4	85
8	5	2	53
8	5	3	83
8	5	4	83
8	6	2	42
8	6	3	78
8	6	4	94
8	7	2	66
8	7	3	65
8	7	4	46
8	8	2	62
8	8	3	101
8	8	4	37
8	9	2	34
8	9	3	69
8	9	4	54
8	10	2	17
8	10	3	58
8	10	4	89
8	11	2	10
8	11	3	85
8	11	4	65
8	12	2	50
8	12	3	104
8	12	4	65
8	13	2	24
8	13	3	80
8	13	4	93
8	14	2	21
8	14	3	99
8	14	4	94
8	15	2	45
8	15	3	86
8	15	4	65
8	16	2	71
8	16	3	45
8	16	4	73
8	17	2	44
8	17	3	70
8	17	4	40
8	18	2	61
8	18	3	95
8	18	4	102
8	19	2	42
8	19	3	68
8	19	4	90
8	20	2	46
8	20	3	65
8	20	4	102
8	21	2	24
8	21	3	81
8	21	4	47
8	22	2	24
8	22	3	89
8	22	4	55
8	23	2	57
8	23	3	64
8	23	4	100
8	24	2	26
8	24	3	60
8	24	4	91
8	25	2	34
8	25	3	71
8	25	4	83
8	26	2	53
8	26	3	39
8	26	4	108
8	27	2	14
8	27	3	90
8	27	4	80
8	28	2	60
8	28	3	42
8	28	4	67
8	29	2	25
8	29	3	78
8	29	4	87
8	30	2	35
8	30	3	51
8	30	4	88
8	31	2	27
8	31	3	115
8	31	4	93
8	32	2	40
8	32	3	83
8	32	4	51
8	33	2	32
8	33	3	105
8	33	4	77
8	34	2	21
8	34	3	95
8	34	4	58
8	35	2	91
8	35	3	70
8	35	4	76
8	36	2	29
8	36	3	53
8	36	4	34
8	37	2	31
8	37	3	80
8	37	4	56
8	38	2	35
8	38	3	133
8	38	4	85
8	39	2	42
8	39	3	78
8	39	4	71
8	40	2	27
8	40	3	42
8	40	4	50
8	41	2	60
8	41	3	104
8	41	4	95
8	42	2	55
8	42	3	63
8	42	4	106
8	43	2	26
8	43	3	42
8	43	4	60
8	44	2	56
8	44	3	55
8	44	4	119
8	45	2	29
8	45	3	104
8	45	4	63
8	46	2	56
8	46	3	67
8	46	4	96
8	47	2	46
8	47	3	94
8	47	4	21
8	48	2	31
8	48	3	116
8	48	4	126
8	49	2	39
8	49	3	72
8	49	4	74
8	50	2	46
8	50	3	60
8	50	4	93
9	1	2	31
9	1	3	24
9	1	4	64
9	1	5	29
9	2	2	32
9	2	3	79
9	2	4	33
9	2	5	62
9	3	2	45
9	3	3	29
9	3	4	19
9	3	5	104
9	4	2	40
9	4	3	31
9	4	4	44
9	4	5	55
9	5	2	43
9	5	3	15
9	5	4	36
9	5	5	74
9	6	2	50
9	6	3	52
9	6	4	50
9	6	5	84
9	7	2	54
9	7	3	65
9	7	4	41
9	7	5	30
9	8	2	79
9	8	3	45
9	8	4	78
9	8	5	95
9	9	2	15
9	9	3	63
9	9	4	55
9	9	5	102
9	10	2	55
9	10	3	34
9	10	4	45
9	10	5	66
9	11	2	50
9	11	3	47
9	11	4	56
9	11	5	77
9	12	2	55
9	12	3	43
9	12	4	51
9	12	5	75
9	13	2	56
9	13	3	55
9	13	4	40
9	13	5	59
9	14	2	35
9	14	3	6
9	14	4	44
9	14	5	91
9	15	2	59
9	15	3	40
9	15	4	44
9	15	5	91
9	16	2	50
9	16	3	54
9	16	4	66
9	16	5	102
9	17	2	53
9	17	3	45
9	17	4	56
9	17	5	112
9	18	2	41
9	18	3	14
9	18	4	13
9	18	5	51
9	19	2	36
9	19	3	32
9	19	4	48
9	19	5	92
9	20	2	27
9	20	3	16
9	20	5	110
9	21	2	35
9	21	3	28
9	21	4	35
9	21	5	38
9	22	2	31
9	22	3	15
9	22	4	55
9	22	5	41
9	23	2	52
9	23	3	51
9	23	4	18
9	23	5	72
9	24	2	17
9	24	3	35
9	24	4	37
9	24	5	101
9	25	2	76
9	25	3	54
9	25	4	39
9	25	5	125
9	26	2	20
9	26	3	33
9	26	4	38
9	26	5	50
9	27	2	30
9	27	3	28
9	27	4	30
9	27	5	78
9	28	2	30
9	28	3	33
9	28	4	55
9	28	5	100
9	29	2	39
9	29	3	44
9	29	4	36
9	29	5	48
9	30	2	51
9	30	3	16
9	30	4	40
9	30	5	130
9	31	2	43
9	31	3	12
9	31	4	6
9	31	5	55
9	32	2	20
9	32	3	52
9	32	4	34
9	32	5	81
9	33	2	8
9	33	3	42
9	33	4	47
9	33	5	61
9	34	2	7
9	34	3	46
9	34	4	21
9	34	5	56
9	35	2	51
9	35	3	31
9	35	4	39
9	35	5	68
9	36	2	60
9	36	3	47
9	36	4	43
9	36	5	49
9	37	2	55
9	37	3	19
9	37	4	38
9	37	5	93
9	38	2	38
9	38	3	69
9	38	4	75
9	38	5	103
9	39	2	57
9	39	3	16
9	39	4	52
9	39	5	112
9	40	2	34
9	40	3	36
9	40	4	33
9	40	5	141
9	41	2	34
9	41	3	40
9	41	4	14
9	41	5	52
9	42	2	48
9	42	3	39
9	42	4	27
9	42	5	98
9	43	2	30
9	43	3	44
9	43	4	29
9	43	5	98
9	44	2	39
9	44	3	27
9	44	4	78
9	44	5	81
9	45	2	51
9	45	3	2
9	45	4	73
9	45	5	62
9	46	2	43
9	46	3	5
9	46	4	38
9	46	5	65
9	47	2	38
9	47	3	38
9	47	4	40
9	47	5	66
9	48	2	66
9	48	3	23
9	48	4	58
9	48	5	89
9	49	2	48
9	49	3	46
9	49	4	27
9	49	5	55
9	50	2	26
9	50	3	38
9	50	4	87
9	50	5	68
10	1	2	50
10	1	3	67
10	1	4	159
10	2	2	25
10	2	3	26
10	2	4	132
10	3	2	40
10	3	3	60
10	3	4	108
10	4	2	14
10	4	3	13
10	4	4	123
10	5	2	25
10	5	3	43
10	5	4	107
10	6	2	42
10	6	3	23
10	6	4	127
10	7	2	59
10	7	3	33
10	7	4	166
10	8	2	49
10	8	3	63
10	8	4	118
10	9	2	22
10	9	3	42
10	9	4	130
10	10	2	31
10	10	3	46
10	10	4	136
10	11	2	32
10	11	3	42
10	11	4	105
10	12	2	38
10	12	3	38
10	12	4	141
10	13	2	74
10	13	3	70
10	13	4	122
10	14	2	54
10	14	3	33
10	14	4	151
10	15	2	33
10	15	3	25
10	15	4	147
10	16	2	28
10	16	3	45
10	16	4	134
10	17	2	55
10	17	3	22
10	17	4	94
10	18	3	74
10	18	4	102
10	19	2	16
10	19	3	67
10	19	4	160
10	20	2	42
10	20	3	45
10	20	4	118
10	21	2	71
10	21	3	49
10	21	4	167
10	22	2	47
10	22	3	30
10	22	4	150
10	23	2	26
10	23	3	25
10	23	4	69
10	24	2	22
10	24	3	58
10	24	4	106
10	25	2	47
10	25	3	47
10	25	4	115
10	26	2	27
10	26	3	30
10	26	4	114
10	27	2	44
10	27	3	21
10	27	4	183
10	28	2	13
10	28	3	53
10	28	4	72
10	29	2	38
10	29	3	72
10	29	4	102
10	30	2	53
10	30	3	17
10	30	4	144
10	31	2	40
10	31	3	44
10	31	4	106
10	32	2	57
10	32	3	32
10	32	4	161
10	33	2	16
10	33	3	43
10	33	4	177
10	34	2	33
10	34	3	48
10	34	4	114
10	35	2	32
10	35	3	37
10	35	4	100
10	36	2	20
10	36	3	34
10	36	4	139
10	37	2	49
10	37	3	47
10	37	4	164
10	38	2	29
10	38	3	29
10	38	4	105
10	39	2	46
10	39	3	38
10	39	4	95
10	40	2	49
10	40	3	16
10	40	4	90
10	41	2	31
10	41	3	50
10	41	4	92
10	42	2	59
10	42	3	53
10	42	4	64
10	43	2	40
10	43	3	31
10	43	4	92
10	44	2	42
10	44	3	37
10	44	4	136
10	45	2	50
10	45	3	30
10	45	4	110
10	46	2	29
10	46	3	64
10	46	4	145
10	47	2	49
10	47	3	52
10	47	4	155
10	48	2	51
10	48	3	38
10	48	4	133
10	49	2	67
10	49	3	50
10	49	4	99
10	50	2	54
10	50	3	53
10	50	4	145


Warehouse Inventory (W P T):
1	1128		1128		576		0		205		1128	
2	1163		1163		654		0		255		1163	
3	1180		1180		572		0		228		1180	
4	1039		1039		596		0		221		1039	
5	1048		1048		554		0		196		1048	
6	984		984		467		0		196		984	
7	1156		1156		571		0		98		1156	
8	1147		1147		582		0		166		1147	
9	1043		1043		621		0		169		1043	
10	1108		1108		551		0		164		1108	
11	1215		1215		616		0		330		1215	
12	1193		1193		607		0		211		1193	
13	1208		1208		694		0		270		1208	
14	988		988		514		0		117		988	
15	1131		1131		540		0		88		1131	
16	1040		1040		509		0		131		1040	
17	0		0		1500		977		364		0	
18	865		865		1180		546		0		865	
19	474		474		1240		611		0		474	
20	0		0		1298		834		217		0	
21	1693		1693		1160		572		0		1693	
22	78		78		1071		554		0		78	
23	1037		1037		1032		543		0		1037	
24	720		720		1272		575		0		720	
25	266		266		1220		592		0		266	
26	0		0		1456		916		259		0	
27	104		104		1362		736		0		104	
28	1013		1013		1075		551		0		1013	
29	463		463		1235		567		0		463	
30	1654		1654		1002		558		0		1654	
31	0		0		1344		781		291		0	
32	0		0		1550		957		348		0	
33	1056		1056		614		0		1374		1056	
34	1108		1108		578		0		1405		1108	
35	730		730		569		0		995		730	
36	305		305		496		0		551		305	
37	0		0		1284		759		356		0	
38	85		85		683		0		453		85	
39	0		0		820		319		338		0	
40	994		994		499		0		1311		994	
41	0		0		1381		897		303		0	
42	0		0		651		135		430		0	
43	554		554		547		0		908		554	
44	0		0		1509		944		270		0	
45	0		0		669		63		295		0	
46	885		885		634		0		1177		885	
47	0		0		637		64		259		0	
48	250		250		575		0		579		250	
49	0		0		884		273		290		0	
50	0		0		1588		1022		388		0	

Store Inventory (S P T):
Store1
1	57		7		57		57		0		57	
2	41		16		41		41		0		41	
3	51		0		51		51		3		51	
4	64		10		64		64		0		64	
5	56		35		56		56		0		56	
6	44		0		44		44		0		44	
7	36		4		36		36		0		36	
8	39		4		39		39		0		39	
9	20		0		20		20		9		20	
10	36		15		36		36		0		36	
11	60		0		60		60		20		60	
12	38		0		38		38		7		38	
13	34		0		34		34		3		34	
14	38		15		38		38		0		38	
15	55		0		55		55		34		55	
16	50		0		50		50		50		50	
17	44		7		44		44		0		44	
18	52		12		52		52		0		52	
19	53		0		53		53		19		53	
20	45		0		45		45		22		45	
21	59		0		59		59		25		59	
22	38		9		38		38		0		38	
23	35		0		35		35		14		35	
24	48		17		48		48		0		48	
25	40		0		40		40		5		40	
26	64		0		64		64		46		64	
27	62		0		62		62		33		62	
28	52		47		52		52		0		52	
29	69		0		69		69		25		69	
30	68		0		68		68		66		68	
31	54		0		54		54		3		54	
32	36		0		36		36		0		36	
33	60		12		60		60		0		60	
34	50		0		50		50		21		50	
35	21		1		21		21		0		21	
36	63		0		63		63		26		63	
37	48		22		48		48		0		48	
38	76		0		76		76		36		76	
39	49		0		49		49		23		49	
40	36		0		36		36		20		36	
41	60		15		60		60		0		60	
42	29		16		29		29		0		29	
43	86		0		86		86		39		86	
44	10		0		10		10		10		10	
45	38		0		38		38		0		38	
46	21		0		21		21		4		21	
47	66		0		66		66		47		66	
48	43		0		43		43		25		43	
49	40		0		40		40		0		40	
50	61		20		61		61		0		61	
Store2
1	37		0		37		37		37		37	
2	55		0		55		55		55		55	
3	40		0		40		40		40		40	
4	42		0		42		42		42		42	
5	14		0		14		14		14		14	
6	46		0		46		46		46		46	
7	51		0		51		51		51		51	
8	25		0		25		25		25		25	
9	38		0		38		38		38		38	
10	42		0		42		42		42		42	
11	72		0		72		72		72		72	
12	52		0		52		52		52		52	
13	31		0		31		31		31		31	
14	24		0		24		24		24		24	
15	50		0		50		50		50		50	
16	0		0		0		0		0		0	
17	37		0		37		37		37		37	
18	33		0		33		33		33		33	
19	52		0		52		52		52		52	
20	29		0		29		29		29		29	
21	0		0		0		0		0		0	
22	30		0		30		30		30		30	
23	71		0		71		71		71		71	
24	64		0		64		64		64		64	
25	27		0		27		27		27		27	
26	39		0		39		39		39		39	
27	10		0		10		10		10		10	
28	77		0		77		77		77		77	
29	49		0		49		49		49		49	
30	50		0		50		50		50		50	
31	67		0		67		67		67		67	
32	18		0		18		18		18		18	
33	49		0		49		49		49		49	
34	55		0		55		55		55		55	
35	37		0		37		37		37		37	
36	35		0		35		35		35		35	
37	62		0		62		62		62		62	
38	47		0		47		47		47		47	
39	36		0		36		36		36		36	
40	36		0		36		36		36		36	
41	52		0		52		52		52		52	
42	37		0		37		37		37		37	
43	43		0		43		43		43		43	
44	59		0		59		59		59		59	
45	8		0		8		8		8		8	
46	18		0		18		18		18		18	
47	50		0		50		50		50		50	
48	42		0		42		42		42		42	
49	55		0		55		55		55		55	
50	60		0		60		60		60		60	
Store3
1	64		0		0		64		131		64	
2	51		0		0		51		88		51	
3	43		0		0		43		105		43	
4	47		0		0		47		88		47	
5	20		0		0		20		54		20	
6	35		0		0		35		109		35	
7	35		0		0		35		89		35	
8	36		0		0		36		62		36	
9	48		0		0		48		115		48	
10	62		0		0		62		123		62	
11	46		0		0		46		103		46	
12	50		0		0		50		107		50	
13	39		0		0		39		58		39	
14	53		0		0		53		114		53	
15	41		0		0		41		104		41	
16	41		0		0		41		79		41	
17	28		0		0		28		65		28	
18	11		0		0		11		55		11	
19	60		0		0		60		82		60	
20	28		0		0		28		69		28	
21	54		0		0		54		89		54	
22	38		0		0		38		84		38	
23	33		0		0		33		77		33	
24	60		0		0		60		81		60	
25	55		0		0		55		67		55	
26	57		0		0		57		126		57	
27	51		0		0		51		94		51	
28	31		0		0		31		85		31	
29	40		0		0		40		70		40	
30	51		0		0		51		78		51	
31	41		0		0		41		87		41	
32	42		0		0		42		64		42	
33	24		0		0		24		75		24	
34	49		0		0		49		90		49	
35	36		0		0		36		63		36	
36	62		0		0		62		115		62	
37	67		0		0		67		98		67	
38	51		0		0		51		94		51	
39	36		0		0		36		86		36	
40	31		0		0		31		57		31	
41	29		0		0		29		91		29	
42	37		0		0		37		59		37	
43	38		0		0		38		72		38	
44	70		0		0		70		119		70	
45	41		0		0		41		60		41	
46	36		0		0		36		78		36	
47	68		0		0		68		121		68	
48	47		0		0		47		103		47	
49	55		0		0		55		91		55	
50	60		0		0		60		92		60	
Store4
1	75		0		75		75		100		75	
2	53		0		53		53		93		53	
3	49		0		49		49		68		49	
4	34		0		34		34		69		34	
5	58		0		58		58		112		58	
6	57		0		57		57		78		57	
7	29		0		29		29		57		29	
8	54		0		54		54		113		54	
9	26		0		26		26		41		26	
10	61		0		61		61		116		61	
11	55		0		55		55		84		55	
12	31		0		31		31		70		31	
13	50		0		50		50		88		50	
14	40		0		40		40		73		40	
15	30		0		30		30		85		30	
16	54		0		54		54		103		54	
17	29		0		29		29		89		29	
18	46		0		46		46		72		46	
19	40		0		40		40		65		40	
20	61		0		61		61		123		61	
21	39		0		39		39		82		39	
22	25		0		25		25		72		25	
23	35		0		35		35		71		35	
24	26		0		26		26		87		26	
25	37		0		37		37		92		37	
26	40		0		40		40		57		40	
27	17		0		17		17		48		17	
28	57		0		57		57		102		57	
29	17		0		17		17		47		17	
30	59		0		59		59		96		59	
31	59		0		59		59		78		59	
32	13		0		13		13		39		13	
33	42		0		42		42		89		42	
34	45		0		45		45		83		45	
35	46		0		46		46		118		46	
36	30		0		30		30		50		30	
37	39		0		39		39		55		39	
38	25		0		25		25		66		25	
39	36		0		36		36		49		36	
40	53		0		53		53		92		53	
41	41		0		41		41		64		41	
42	49		0		49		49		110		49	
43	62		0		62		62		98		62	
44	50		0		50		50		91		50	
45	38		0		38		38		87		38	
46	37		0		37		37		84		37	
47	51		0		51		51		109		51	
48	51		0		51		51		72		51	
49	69		0		69		69		81		69	
50	19		0		19		19		27		19	
Store5
1	71		0		0		0		132		71	
2	61		0		0		0		69		61	
3	44		0		0		0		63		44	
4	41		0		0		0		75		41	
5	64		0		0		0		91		64	
6	22		0		0		0		59		22	
7	18		0		0		0		93		18	
8	60		0		0		0		140		60	
9	36		0		0		0		88		36	
10	41		0		0		0		81		41	
11	33		0		0		0		90		33	
12	48		0		0		0		88		48	
13	55		0		0		0		64		55	
14	37		0		0		0		68		37	
15	23		0		0		0		78		23	
16	34		0		0		0		82		34	
17	33		0		0		0		46		33	
18	28		0		0		0		80		28	
19	43		0		0		0		63		43	
20	45		0		0		0		87		45	
21	48		0		0		0		77		48	
22	28		0		0		0		65		28	
23	52		0		0		0		74		52	
24	19		0		0		0		64		19	
25	43		0		0		0		78		43	
26	51		0		0		0		121		51	
27	55		0		0		0		105		55	
28	43		0		0		0		61		43	
29	24		0		0		0		80		24	
30	17		0		0		0		55		17	
31	9		0		0		0		56		9	
32	53		0		0		0		105		53	
33	30		0		0		0		73		30	
34	44		0		0		0		57		44	
35	29		0		0		0		67		29	
36	23		0		0		0		68		23	
37	73		0		0		0		103		73	
38	57		0		0		0		94		57	
39	19		0		0		0		55		19	
40	42		0		0		0		103		42	
41	36		0		0		0		83		36	
42	54		0		0		0		83		54	
43	53		0		0		0		114		53	
44	38		0		0		0		86		38	
45	39		0		0		0		42		39	
46	30		0		0		0		58		30	
47	35		0		0		0		91		35	
48	52		0		0		0		112		52	
49	22		0		0		0		76		22	
50	46		0		0		0		87		46	
Store6
1	18		0		0		18		18		18	
2	56		0		0		56		56		56	
3	48		0		0		48		48		48	
4	23		0		0		23		23		23	
5	24		0		0		24		24		24	
6	51		0		0		51		51		51	
7	47		0		0		47		47		47	
8	31		0		0		31		31		31	
9	46		0		0		46		46		46	
10	57		0		0		57		57		57	
11	44		0		0		44		44		44	
12	36		0		0		36		36		36	
13	67		0		0		67		67		67	
14	33		0		0		33		33		33	
15	41		0		0		41		41		41	
16	47		0		0		47		47		47	
17	33		0		0		33		33		33	
18	39		0		0		39		39		39	
19	24		0		0		24		24		24	
20	0		0		0		0		0		0	
21	58		0		0		58		58		58	
22	44		0		0		44		44		44	
23	10		0		0		10		10		10	
24	43		0		0		43		43		43	
25	69		0		0		69		69		69	
26	34		0		0		34		34		34	
27	35		0		0		35		35		35	
28	63		0		0		63		63		63	
29	57		0		0		57		57		57	
30	0		0		0		0		0		0	
31	47		0		0		47		47		47	
32	41		0		0		41		41		41	
33	69		0		0		69		69		69	
34	38		0		0		38		38		38	
35	35		0		0		35		35		35	
36	49		0		0		49		49		49	
37	36		0		0		36		36		36	
38	29		0		0		29		29		29	
39	26		0		0		26		26		26	
40	24		0		0		24		24		24	
41	27		0		0		27		27		27	
42	31		0		0		31		31		31	
43	51		0		0		51		51		51	
44	61		0		0		61		61		61	
45	42		0		0		42		42		42	
46	62		0		0		62		62		62	
47	37		0		0		37		37		37	
48	29		0		0		29		29		29	
49	63		0		0		63		63		63	
50	59		0		0		59		59		59	
Store7
1	50		0		0		50		0		50	
2	65		35		35		65		0		65	
3	57		0		0		57		34		57	
4	50		0		0		50		19		50	
5	63		11		11		63		0		63	
6	43		26		26		43		0		43	
7	26		11		11		26		0		26	
8	67		0		0		67		23		67	
9	62		0		0		62		38		62	
10	57		36		36		57		0		57	
11	67		0		0		67		45		67	
12	69		37		37		69		0		69	
13	52		0		0		52		6		52	
14	49		22		22		49		0		49	
15	41		14		14		41		0		41	
16	45		1		1		45		0		45	
17	34		23		23		34		0		34	
18	44		0		0		44		29		44	
19	59		5		5		59		0		59	
20	44		0		0		44		9		44	
21	46		13		13		46		0		46	
22	62		33		33		62		0		62	
23	68		4		4		68		0		68	
24	40		0		0		40		12		40	
25	22		0		0		22		4		22	
26	44		6		6		44		0		44	
27	68		0		0		68		31		68	
28	45		9		9		45		0		45	
29	59		0		0		59		2		59	
30	65		34		34		65		0		65	
31	46		0		0		46		13		46	
32	58		3		3		58		0		58	
33	41		0		0		41		14		41	
34	59		0		0		59		8		59	
35	35		0		0		35		2		35	
36	51		0		0		51		33		51	
37	43		13		13		43		0		43	
38	34		0		0		34		9		34	
39	53		0		0		53		2		53	
40	53		0		0		53		48		53	
41	53		39		39		53		0		53	
42	55		24		24		55		0		55	
43	53		0		0		53		27		53	
44	57		10		10		57		0		57	
45	68		0		0		68		30		68	
46	62		1		1		62		0		62	
47	45		0		0		45		40		45	
48	51		0		0		51		0		51	
49	38		0		0		38		11		38	
50	49		0		0		49		1		49	
Store8
1	48		0		0		48		99		48	
2	16		0		0		16		82		16	
3	14		0		0		14		66		14	
4	40		0		0		40		86		40	
5	42		0		0		42		74		42	
6	46		0		0		46		95		46	
7	37		0		0		37		60		37	
8	28		0		0		28		53		28	
9	36		0		0		36		66		36	
10	4		0		0		4		41		4	
11	58		0		0		58		66		58	
12	60		0		0		60		89		60	
13	28		0		0		28		62		28	
14	34		0		0		34		90		34	
15	23		0		0		23		54		23	
16	28		0		0		28		82		28	
17	43		0		0		43		65		43	
18	68		0		0		68		147		68	
19	36		0		0		36		71		36	
20	44		0		0		44		91		44	
21	27		0		0		27		58		27	
22	33		0		0		33		50		33	
23	29		0		0		29		98		29	
24	6		0		0		6		53		6	
25	46		0		0		46		90		46	
26	36		0		0		36		104		36	
27	26		0		0		26		74		26	
28	18		0		0		18		48		18	
29	36		0		0		36		80		36	
30	27		0		0		27		65		27	
31	55		0		0		55		101		55	
32	65		0		0		65		70		65	
33	68		0		0		68		123		68	
34	42		0		0		42		42		42	
35	28		0		0		28		74		28	
36	40		0		0		40		50		40	
37	31		0		0		31		45		31	
38	54		0		0		54		113		54	
39	34		0		0		34		81		34	
40	10		0		0		10		43		10	
41	53		0		0		53		98		53	
42	30		0		0		30		61		30	
43	11		0		0		11		13		11	
44	36		0		0		36		113		36	
45	54		0		0		54		91		54	
46	34		0		0		34		62		34	
47	44		0		0		44		46		44	
48	59		0		0		59		128		59	
49	21		0		0		21		80		21	
50	50		0		0		50		116		50	
Store9
1	0		0		0		0		0		0	
2	42		0		0		0		0		42	
3	31		0		0		0		0		31	
4	30		0		0		0		0		30	
5	22		0		0		0		0		22	
6	40		0		0		0		0		40	
7	21		0		0		0		0		21	
8	48		0		0		0		0		48	
9	67		0		0		0		0		67	
10	38		0		0		0		0		38	
11	36		0		0		0		0		36	
12	15		0		0		0		0		15	
13	27		0		0		0		0		27	
14	41		0		0		0		0		41	
15	30		0		0		0		0		30	
16	53		0		0		0		0		53	
17	61		0		0		0		0		61	
18	11		0		0		0		0		11	
19	25		0		0		0		0		25	
20	56		0		0		0		0		56	
21	16		0		0		0		0		16	
22	3		0		0		0		0		3	
23	70		0		0		0		0		70	
24	63		0		0		0		0		63	
25	63		0		0		0		0		63	
26	18		0		0		0		0		18	
27	32		0		0		0		0		32	
28	52		0		0		0		0		52	
29	42		0		0		0		0		42	
30	61		0		0		0		0		61	
31	29		0		0		0		0		29	
32	17		0		0		0		0		17	
33	35		0		0		0		0		35	
34	17		0		0		0		0		17	
35	44		0		0		0		0		44	
36	22		0		0		0		0		22	
37	36		0		0		0		0		36	
38	32		0		0		0		0		32	
39	59		0		0		0		0		59	
40	78		0		0		0		0		78	
41	21		0		0		0		0		21	
42	62		0		0		0		0		62	
43	68		0		0		0		0		68	
44	30		0		0		0		0		30	
45	32		0		0		0		0		32	
46	26		0		0		0		0		26	
47	2		0		0		0		0		2	
48	81		0		0		0		0		81	
49	28		0		0		0		0		28	
50	41		0		0		0		0		41	
Store10
1	63		0		0		0		103		63	
2	41		0		0		0		69		41	
3	51		0		0		0		75		51	
4	27		0		0		0		65		27	
5	35		0		0		0		64		35	
6	34		0		0		0		80		34	
7	70		0		0		0		121		70	
8	30		0		0		0		81		30	
9	40		0		0		0		85		40	
10	42		0		0		0		84		42	
11	48		0		0		0		67		48	
12	37		0		0		0		75		37	
13	49		0		0		0		84		49	
14	70		0		0		0		134		70	
15	19		0		0		0		86		19	
16	38		0		0		0		80		38	
17	30		0		0		0		54		30	
18	29		0		0		0		78		29	
19	59		0		0		0		129		59	
20	31		0		0		0		75		31	
21	66		0		0		0		125		66	
22	50		0		0		0		111		50	
23	30		0		0		0		69		30	
24	12		0		0		0		44		12	
25	38		0		0		0		84		38	
26	40		0		0		0		87		40	
27	45		0		0		0		106		45	
28	21		0		0		0		51		21	
29	39		0		0		0		74		39	
30	26		0		0		0		62		26	
31	31		0		0		0		80		31	
32	64		0		0		0		108		64	
33	72		0		0		0		136		72	
34	47		0		0		0		91		47	
35	49		0		0		0		74		49	
36	59		0		0		0		104		59	
37	51		0		0		0		133		51	
38	39		0		0		0		87		39	
39	36		0		0		0		64		36	
40	38		0		0		0		70		38	
41	28		0		0		0		63		28	
42	23		0		0		0		48		23	
43	26		0		0		0		57		26	
44	42		0		0		0		96		42	
45	26		0		0		0		76		26	
46	50		0		0		0		76		50	
47	61		0		0		0		111		61	
48	36		0		0		0		74		36	
49	35		0		0		0		68		35	
50	31		0		0		0		84		31	


Shipments from Vendor to Warehouse (V T):
0	0	0	0.5774993	0.8746274	
0	0.7818195	0	0	0.4660486	
0	0.6632026	0	0.7672894	0	

Shipments from Warehouse to Stores (S T):
1	2	0.1962
1	3	0.125224
1	4	0.05508666
1	5	0.3709047
2	2	0.1675526
2	3	0.14073
2	4	0.1728947
2	5	0.3030067
3	2	0.08670934
3	3	0.2444633
3	4	0.2032533
3	5	0.2216567
4	2	0.204498
4	3	0.1342106
4	4	0.251402
4	5	0.19966
5	2	0.09551599
5	3	0.1332266
5	4	0.3313013
5	5	0.1585733
6	2	0.08714467
6	3	0.1792433
6	4	0.1760847
6	5	0.285664
7	2	0.10009
7	3	0.21414
7	4	0.05369666
7	5	0.3930086
8	2	0.09491664
8	3	0.2113187
8	4	0.2026227
8	5	0.20477
9	2	0.11266
9	3	0.1235707
9	4	0.181112
9	5	0.3792993
10	2	0.103852
10	3	0.108266
10	4	0.3955033
10	5	0.17942


Required Putaway workers (Sol T):
2	2	3	3	2	

No of required pickers (T):
0	5	6	7	9	

No of part-time putaway workers (T):
0	0	1	1	0	

No of part-time pickers (T):
0	0	0	1	3	

Best Putaway Technology: 2400
Best Picking Technology: 1000

Required Fashion Putaway Hours:
12.44792	0	20.45208	7.929167	0	

Required Basic Putaway Hours:
0	15.96458	0	13.0425	13.45	

Required Total Putaway Hours:
12.44792	15.96458	20.45208	20.97167	13.45	

No of required fashion pick hours:
0	6.335	14.635	23.46	53.56	

No of required basic pick hours:
0	26.581	28.493	30.442	16.381	

No of required total pick hours:
0	32.916	43.128	53.902	69.941	

List of all the costs: 
MHECost		444
PutawayTechCost		3540
PickingTechCost		9130
WhBasicInvCost		1396.01
BasicInbCost		11428.88
WhFashionInvCost		1649.651
FashionInbCost		7235.51
PutawayCost		3680
StoreBasicInvCost		3486.9
StoreFashionInvCost		8486.25
OutboundCost		39418.97
PickingCost		10560
Total		100456.2

List of Top5 Technologies: 
Tech1		3	6	$ 100456.2
Tech2		3	5	$ 109809.9
Tech3		3	3	$ 121680.1
Tech4		3	1	$ 185787.3
Tech5		1	1	$ 200833.3
The start time is 12/20/2014 8:14:13 AM
The End time is 12/20/2014 8:15:07 AM
