Printing New Fashion Solution:

Inbound Fashion Solution (V F T):
1	1	4	6050
1	2	4	5265
1	3	2	4840
1	4	2	5250
1	5	2	3865
1	6	4	4905
1	7	2	3300
1	8	4	4435
1	9	4	5120
1	10	2	4940


Outbound Fashion Solution(S F T):
1	1	5	1455
1	2	5	1320
1	3	5	755
1	4	5	1210
1	5	5	845
1	6	5	40
1	7	5	250
1	8	5	605
1	9	5	1335
1	10	5	415
2	1	5	1825
2	2	5	1275
2	3	5	1115
2	4	5	1405
2	5	5	865
2	6	5	2130
2	7	5	865
2	8	5	1445
2	9	5	1025
2	10	5	870
3	1	5	1085
3	2	5	985
3	3	5	445
3	4	5	965
3	5	5	1465
3	6	5	45
3	7	5	355
3	8	5	1250
3	9	5	660
3	10	5	1225
4	1	5	1345
4	2	5	810
4	3	5	1180
4	4	5	950
4	6	5	1080
4	7	5	1180
4	8	5	280
4	9	5	1035
4	10	5	1425
5	1	5	340
5	2	5	875
5	3	5	1345
5	4	5	720
5	5	5	690
5	6	5	1610
5	7	5	650
5	8	5	855
5	9	5	1065
5	10	5	1005


Warehouse Fashion Inventory (W F T):
1	0		0		0		6050		0	
2	0		0		0		5265		0	
3	0		4840		4840		4840		0	
4	0		5250		5250		5250		0	
5	0		3865		3865		3865		0	
6	0		0		0		4905		0	
7	0		3300		3300		3300		0	
8	0		0		0		4435		0	
9	0		0		0		5120		0	
10	0		4940		4940		4940		0	

Store Fashion Inventory (S F T):
Store1
1	0		0		0		1455	
2	0		0		0		1320	
3	0		0		0		755	
4	0		0		0		1210	
5	0		0		0		845	
6	0		0		0		40	
7	0		0		0		250	
8	0		0		0		605	
9	0		0		0		1335	
10	0		0		0		415	
Store2
1	0		0		0		1825	
2	0		0		0		1275	
3	0		0		0		1115	
4	0		0		0		1405	
5	0		0		0		865	
6	0		0		0		2130	
7	0		0		0		865	
8	0		0		0		1445	
9	0		0		0		1025	
10	0		0		0		870	
Store3
1	0		0		0		1085	
2	0		0		0		985	
3	0		0		0		445	
4	0		0		0		965	
5	0		0		0		1465	
6	0		0		0		45	
7	0		0		0		355	
8	0		0		0		1250	
9	0		0		0		660	
10	0		0		0		1225	
Store4
1	0		0		0		1345	
2	0		0		0		810	
3	0		0		0		1180	
4	0		0		0		950	
5	0		0		0		0	
6	0		0		0		1080	
7	0		0		0		1180	
8	0		0		0		280	
9	0		0		0		1035	
10	0		0		0		1425	
Store5
1	0		0		0		340	
2	0		0		0		875	
3	0		0		0		1345	
4	0		0		0		720	
5	0		0		0		690	
6	0		0		0		1610	
7	0		0		0		650	
8	0		0		0		855	
9	0		0		0		1065	
10	0		0		0		1005	


Fashion Shipments from Vendor to Warehouse (V T):
0	0.8586866	0	0.9980567	

Printing New Basic Solution:

Inbound Solution (V P T):
1	1	1	2180
1	1	3	3270
1	2	1	3905
1	2	3	977
1	3	1	3757
1	3	3	940
1	4	1	1637
1	4	3	3820
1	5	1	1031
1	5	3	4127
1	6	1	1784
1	6	3	2676
1	7	1	3119
1	7	3	2080
1	8	1	4799
1	9	1	2185
1	9	3	3278
1	10	1	2732
1	10	3	2732


Outbound Solution(S P T):
1	1	1	1230
1	2	1	874
1	3	1	652
1	4	1	1070
1	5	1	1076
1	6	1	1125
1	7	1	1097
1	8	1	762
1	9	1	984
1	10	1	997
2	1	3	1053
2	2	3	933
2	3	3	1055
2	4	3	1090
2	5	3	1124
2	6	3	733
2	7	3	1205
2	8	3	963
2	9	3	834
2	10	3	710
3	1	3	969
3	2	3	922
3	3	3	956
3	4	3	955
3	5	3	982
3	6	3	607
3	7	3	719
3	8	3	1092
3	9	3	1454
3	10	3	1322
4	1	3	1256
4	2	3	965
4	3	3	1067
4	4	3	1196
4	5	3	1056
4	6	3	1102
4	7	3	922
4	8	3	980
4	9	3	975
4	10	3	1016
5	1	1	942
5	2	1	1188
5	3	1	967
5	4	1	1146
5	5	1	920
5	6	1	893
5	7	1	1256
5	8	1	1002
5	9	1	1216
5	10	1	1419


Warehouse Inventory (W P T):
1	0		8		8		0		0		0	
2	0		1843		1843		0		0		0	
3	0		2138		2138		0		0		0	
4	579		0		0		579		579		579	
5	965		0		0		965		965		965	
6	234		0		0		234		234		234	
7	0		766		766		0		0		0	
8	0		3035		3035		0		0		0	
9	15		0		0		15		15		15	
10	0		316		316		0		0		0	

Store Inventory (S P T):
Store1
1	0		931		718		464		139		0	
2	0		746		518		356		208		0	
3	0		489		291		190		87		0	
4	0		852		507		364		145		0	
5	0		821		627		355		191		0	
6	0		789		645		533		350		0	
7	0		784		578		397		171		0	
8	0		585		371		371		119		0	
9	0		820		569		340		203		0	
10	0		745		496		332		199		0	
Store2
1	374		170		0		762		486		374	
2	468		307		0		872		711		468	
3	508		259		0		947		646		508	
4	500		364		0		874		663		500	
5	464		187		0		775		692		464	
6	363		274		0		574		392		363	
7	585		365		0		999		846		585	
8	373		188		0		784		537		373	
9	170		75		0		483		216		170	
10	424		207		0		616		541		424	
Store3
1	405		242		0		826		468		405	
2	366		235		0		762		606		366	
3	394		303		0		808		632		394	
4	269		127		0		825		588		269	
5	565		376		0		842		630		565	
6	197		53		0		526		421		197	
7	407		208		0		544		435		407	
8	441		196		0		917		727		441	
9	461		190		0		1133		883		461	
10	564		241		0		992		790		564	
Store4
1	482		207		0		1211		818		482	
2	540		284		0		823		674		540	
3	356		143		0		837		605		356	
4	493		251		0		901		780		493	
5	331		163		0		823		582		331	
6	376		78		0		883		662		376	
7	413		181		0		889		616		413	
8	390		355		0		917		648		390	
9	330		222		0		787		688		330	
10	346		177		0		723		587		346	
Store5
1	0		802		454		218		97		0	
2	0		1100		866		599		395		0	
3	0		855		610		364		159		0	
4	0		961		617		444		222		0	
5	0		781		451		219		153		0	
6	0		787		505		161		144		0	
7	0		1033		781		551		310		0	
8	0		707		515		228		176		0	
9	0		1000		761		438		251		0	
10	0		1139		773		581		278		0	


Shipments from Vendor to Warehouse (V T):
0.7833314	0	0.833424	0	0	

Shipments from Warehouse to Stores (S T):
1	1	0.3284693
1	5	0.2942533
2	3	0.319122
2	5	0.5389301
3	3	0.296354
3	5	0.2998933
4	3	0.3398387
4	5	0.3718367
5	1	0.3329713
5	5	0.35183


Required Putaway workers (Sol T):
3	3	3	3	0	

No of required pickers (T):
3	0	4	0	6	

No of part-time putaway workers (T):
1	1	1	1	0	

No of part-time pickers (T):
0	0	0	0	2	

Best Putaway Technology: 1200
Best Picking Technology: 1000

Required Fashion Putaway Hours:
0	18.49583	0	21.47917	0	

Required Basic Putaway Hours:
22.6075	0	19.91667	0	0	

Required Total Putaway Hours:
22.6075	18.49583	19.91667	21.47917	0	

No of required fashion pick hours:
0	0	0	0	47.97	

No of required basic pick hours:
20.816	0	30.213	0	0	

No of required total pick hours:
20.816	0	30.213	0	47.97	

List of all the costs: 
MHECost		378
PutawayTechCost		1060
PickingTechCost		9130
WhBasicInvCost		215.9099
BasicInbCost		5951.462
WhFashionInvCost		923.6
FashionInbCost		6307.844
PutawayCost		4160
StoreBasicInvCost		5104.5
StoreFashionInvCost		2398.5
OutboundCost		12955.62
PickingCost		6880
Total		55465.44

List of Top5 Technologies: 
Tech1		2	6	$ 55465.44
Tech2		2	4	$ 70720.48
Tech3		2	1	$ 98039.69
Tech4		1	1	$ 117339.1
Tech5		None	None	$ -
The start time is 12/19/2014 4:46:50 PM
The End time is 12/19/2014 4:46:57 PM
