Printing New Fashion Solution:

Inbound Fashion Solution (V F T):
1	1	3	6050
1	2	2	5265
1	3	2	4840
1	4	3	5250
1	5	3	3865
1	6	2	4905
1	7	2	3300
1	8	3	4435
1	9	2	5120
1	10	2	4940


Outbound Fashion Solution(S F T):
1	1	4	1455
1	2	5	1320
1	3	4	755
1	4	4	1210
1	5	5	845
1	6	5	40
1	7	5	250
1	8	4	605
1	9	5	1335
1	10	4	415
2	1	4	1825
2	2	4	1275
2	3	4	1115
2	4	4	1405
2	5	5	865
2	6	5	2130
2	7	5	865
2	8	5	1445
2	9	5	1025
2	10	4	870
3	1	4	1085
3	2	4	985
3	3	5	445
3	4	4	965
3	5	5	1465
3	6	5	45
3	7	5	355
3	8	5	1250
3	9	4	660
3	10	4	1225
4	1	4	1345
4	2	4	810
4	3	5	1180
4	4	4	950
4	6	5	1080
4	7	5	1180
4	8	5	280
4	9	4	1035
4	10	4	1425
5	1	4	340
5	2	4	875
5	3	4	1345
5	4	4	720
5	5	5	690
5	6	5	1610
5	7	5	650
5	8	5	855
5	9	5	1065
5	10	4	1005


Warehouse Fashion Inventory (W F T):
1	0		0		6050		0		0	
2	0		5265		5265		1320		0	
3	0		4840		4840		1625		0	
4	0		0		5250		0		0	
5	0		0		3865		3865		0	
6	0		4905		4905		4905		0	
7	0		3300		3300		3300		0	
8	0		0		4435		3830		0	
9	0		5120		5120		3425		0	
10	0		4940		4940		0		0	

Store Fashion Inventory (S F T):
Store1
1	0		0		1455		1455	
2	0		0		0		1320	
3	0		0		755		755	
4	0		0		1210		1210	
5	0		0		0		845	
6	0		0		0		40	
7	0		0		0		250	
8	0		0		605		605	
9	0		0		0		1335	
10	0		0		415		415	
Store2
1	0		0		1825		1825	
2	0		0		1275		1275	
3	0		0		1115		1115	
4	0		0		1405		1405	
5	0		0		0		865	
6	0		0		0		2130	
7	0		0		0		865	
8	0		0		0		1445	
9	0		0		0		1025	
10	0		0		870		870	
Store3
1	0		0		1085		1085	
2	0		0		985		985	
3	0		0		0		445	
4	0		0		965		965	
5	0		0		0		1465	
6	0		0		0		45	
7	0		0		0		355	
8	0		0		0		1250	
9	0		0		660		660	
10	0		0		1225		1225	
Store4
1	0		0		1345		1345	
2	0		0		810		810	
3	0		0		0		1180	
4	0		0		950		950	
5	0		0		0		0	
6	0		0		0		1080	
7	0		0		0		1180	
8	0		0		0		280	
9	0		0		1035		1035	
10	0		0		1425		1425	
Store5
1	0		0		340		340	
2	0		0		875		875	
3	0		0		1345		1345	
4	0		0		720		720	
5	0		0		0		690	
6	0		0		0		1610	
7	0		0		0		650	
8	0		0		0		855	
9	0		0		0		1065	
10	0		0		1005		1005	


Fashion Shipments from Vendor to Warehouse (V T):
0	0.94216	0.9145833	0	

Printing New Basic Solution:

Inbound Solution (V P T):
1	1	1	1090
1	1	4	4360
1	2	1	488
1	2	4	4394
1	3	1	3757
1	3	4	940
1	4	1	1637
1	4	4	3820
1	5	1	3610
1	5	4	1548
1	6	1	446
1	6	4	4014
1	7	1	5199
1	8	1	2879
1	8	4	1920
1	9	1	3277
1	9	4	2186
1	10	1	2732
1	10	4	2732


Outbound Solution(S P T):
1	1	1	1091
1	1	5	139
1	2	1	666
1	2	5	208
1	3	1	565
1	3	5	87
1	4	1	925
1	4	5	145
1	5	1	885
1	5	5	191
1	6	1	775
1	6	5	350
1	7	1	926
1	7	5	171
1	8	1	643
1	8	5	119
1	9	1	781
1	9	5	203
1	10	1	798
1	10	5	199
2	1	4	1053
2	2	4	933
2	3	4	1055
2	4	4	1090
2	5	4	1124
2	6	4	733
2	7	4	1205
2	8	4	963
2	9	4	834
2	10	4	710
3	1	2	969
3	2	2	922
3	3	2	956
3	4	2	955
3	5	2	982
3	6	2	607
3	7	2	719
3	8	2	1092
3	9	2	1454
3	10	2	1322
4	1	1	1256
4	2	1	965
4	3	1	1067
4	4	1	1196
4	5	1	1056
4	6	1	1102
4	7	1	922
4	8	1	980
4	9	1	975
4	10	1	1016
5	1	5	942
5	2	5	1188
5	3	5	967
5	4	5	1146
5	5	5	920
5	6	5	893
5	7	5	1256
5	8	5	1002
5	9	5	1216
5	10	5	1419


Warehouse Inventory (W P T):
1	2226		969		0		0		3307		2226	
2	2065		922		0		0		3461		2065	
3	0		2125		1169		1169		1054		0	
4	1439		955		0		0		2730		1439	
5	0		1669		687		687		1111		0	
6	2038		607		0		0		3281		2038	
7	0		3351		2632		2632		1427		0	
8	0		1256		164		164		1121		0	
9	0		1521		67		67		1419		0	
10	404		1322		0		0		2022		404	

Store Inventory (S P T):
Store1
1	0		792		579		325		0		0	
2	0		538		310		148		0		0	
3	0		402		204		103		0		0	
4	0		707		362		219		0		0	
5	0		630		436		164		0		0	
6	0		439		295		183		0		0	
7	0		613		407		226		0		0	
8	0		466		252		252		0		0	
9	0		617		366		137		0		0	
10	0		546		297		133		0		0	
Store2
1	665		461		291		0		777		665	
2	529		368		61		0		772		529	
3	616		367		108		0		754		616	
4	716		580		216		0		879		716	
5	813		536		349		0		1041		813	
6	522		433		159		0		551		522	
7	791		571		206		0		1052		791	
8	552		367		179		0		716		552	
9	521		426		351		0		567		521	
10	518		301		94		0		635		518	
Store3
1	163		0		727		584		226		163	
2	131		0		687		527		371		131	
3	91		0		653		505		329		91	
4	142		0		828		698		461		142	
5	189		0		606		466		254		189	
6	144		0		554		473		368		144	
7	199		0		511		336		227		199	
8	245		0		896		721		531		245	
9	271		0		1264		943		693		271	
10	323		0		1081		751		549		323	
Store4
1	0		981		774		729		336		0	
2	0		709		425		283		134		0	
3	0		854		711		481		249		0	
4	0		954		703		408		287		0	
5	0		888		725		492		251		0	
6	0		804		726		507		286		0	
7	0		690		509		476		203		0	
8	0		945		590		527		258		0	
9	0		867		645		457		358		0	
10	0		847		670		377		241		0	
Store5
1	845		705		357		121		0		845	
2	793		705		471		204		0		793	
3	808		696		451		205		0		808	
4	924		739		395		222		0		924	
5	767		628		298		66		0		767	
6	749		643		361		17		0		749	
7	946		723		471		241		0		946	
8	826		531		339		52		0		826	
9	965		749		510		187		0		965	
10	1141		861		495		303		0		1141	


Shipments from Vendor to Warehouse (V T):
0.805574	0	0	0.8111814	0	

Shipments from Warehouse to Stores (S T):
1	1	0.268746
1	4	0.2231233
1	5	0.1308533
2	4	0.6061653
2	5	0.2518867
3	2	0.296354
3	4	0.1788833
3	5	0.12101
4	1	0.3398387
4	4	0.1953833
4	5	0.1764533
5	4	0.1700633
5	5	0.514738


Required Putaway workers (Sol T):
3	3	3	3	0	

No of required pickers (T):
5	3	0	9	9	

No of part-time putaway workers (T):
1	1	1	1	0	

No of part-time pickers (T):
0	0	0	3	3	

Best Putaway Technology: 1200
Best Picking Technology: 500

Required Fashion Putaway Hours:
0	23.64167	16.33333	0	0	

Required Basic Putaway Hours:
20.92917	0	0	21.595	0	

Required Total Putaway Hours:
20.92917	23.64167	16.33333	21.595	0	

No of required fashion pick hours:
0	0	0	51.4	44.54	

No of required basic pick hours:
37.18	19.956	0	19.4	25.522	

No of required total pick hours:
37.18	19.956	0	70.8	70.062	

List of all the costs: 
MHECost		378
PutawayTechCost		1060
PickingTechCost		3195
WhBasicInvCost		532.3999
BasicInbCost		5951.462
WhFashionInvCost		986.1
FashionInbCost		6307.844
PutawayCost		4160
StoreBasicInvCost		4757.2
StoreFashionInvCost		3683.5
OutboundCost		15175.37
PickingCost		11040
Total		57226.88

List of Top5 Technologies: 
Tech1		3	5	$ 58615.8
Tech2		2	5	$ 61980.33
Tech3		2	1	$ 102361
Tech4		1	1	$ 108384.5
Tech5		None	None	$ -
The start time is 12/19/2014 4:46:50 PM
The End time is 12/19/2014 4:47:02 PM
