Printing New Fashion Solution:

Inbound Fashion Solution (V F T):
1	1	3	6050
1	2	4	5265
1	3	3	4840
1	4	3	5250
1	5	4	3865
1	6	4	4905
1	7	3	3300
1	8	4	4435
1	9	4	5120
1	10	4	4940


Outbound Fashion Solution(S F T):
1	1	5	1455
1	2	5	1320
1	3	5	755
1	4	5	1210
1	5	5	845
1	6	5	40
1	7	5	250
1	8	5	605
1	9	5	1335
1	10	5	415
2	1	5	1825
2	2	5	1275
2	3	5	1115
2	4	5	1405
2	5	5	865
2	6	5	2130
2	7	5	865
2	8	5	1445
2	9	5	1025
2	10	5	870
3	1	5	1085
3	2	5	985
3	3	5	445
3	4	5	965
3	5	5	1465
3	6	5	45
3	7	5	355
3	8	5	1250
3	9	5	660
3	10	5	1225
4	1	5	1345
4	2	5	810
4	3	5	1180
4	4	5	950
4	6	5	1080
4	7	5	1180
4	8	5	280
4	9	5	1035
4	10	5	1425
5	1	5	340
5	2	5	875
5	3	5	1345
5	4	5	720
5	5	5	690
5	6	5	1610
5	7	5	650
5	8	5	855
5	9	5	1065
5	10	5	1005


Warehouse Fashion Inventory (W F T):
1	0		0		6050		6050		0	
2	0		0		0		5265		0	
3	0		0		4840		4840		0	
4	0		0		5250		5250		0	
5	0		0		0		3865		0	
6	0		0		0		4905		0	
7	0		0		3300		3300		0	
8	0		0		0		4435		0	
9	0		0		0		5120		0	
10	0		0		0		4940		0	

Store Fashion Inventory (S F T):
Store1
1	0		0		0		1455	
2	0		0		0		1320	
3	0		0		0		755	
4	0		0		0		1210	
5	0		0		0		845	
6	0		0		0		40	
7	0		0		0		250	
8	0		0		0		605	
9	0		0		0		1335	
10	0		0		0		415	
Store2
1	0		0		0		1825	
2	0		0		0		1275	
3	0		0		0		1115	
4	0		0		0		1405	
5	0		0		0		865	
6	0		0		0		2130	
7	0		0		0		865	
8	0		0		0		1445	
9	0		0		0		1025	
10	0		0		0		870	
Store3
1	0		0		0		1085	
2	0		0		0		985	
3	0		0		0		445	
4	0		0		0		965	
5	0		0		0		1465	
6	0		0		0		45	
7	0		0		0		355	
8	0		0		0		1250	
9	0		0		0		660	
10	0		0		0		1225	
Store4
1	0		0		0		1345	
2	0		0		0		810	
3	0		0		0		1180	
4	0		0		0		950	
5	0		0		0		0	
6	0		0		0		1080	
7	0		0		0		1180	
8	0		0		0		280	
9	0		0		0		1035	
10	0		0		0		1425	
Store5
1	0		0		0		340	
2	0		0		0		875	
3	0		0		0		1345	
4	0		0		0		720	
5	0		0		0		690	
6	0		0		0		1610	
7	0		0		0		650	
8	0		0		0		855	
9	0		0		0		1065	
10	0		0		0		1005	


Fashion Shipments from Vendor to Warehouse (V T):
0	0	0.9826266	0.8741167	

Printing New Basic Solution:

Inbound Solution (V P T):
1	1	1	3814
1	1	2	1636
1	2	1	1952
1	2	2	2930
1	3	1	2818
1	3	2	1879
1	4	1	2182
1	4	2	3275
1	5	1	4126
1	5	2	1032
1	6	1	1338
1	6	2	3122
1	7	1	3119
1	7	2	2080
1	8	1	1439
1	8	2	3360
1	9	1	2185
1	9	2	3278
1	10	1	2732
1	10	2	2732


Outbound Solution(S P T):
1	1	1	1230
1	2	1	874
1	3	1	652
1	4	1	1070
1	5	1	1076
1	6	1	1125
1	7	1	1097
1	8	1	762
1	9	1	984
1	10	1	997
2	1	1	1053
2	2	1	933
2	3	1	1055
2	4	1	1090
2	5	1	1124
2	6	1	733
2	7	1	1205
2	8	1	963
2	9	1	834
2	10	1	710
3	1	2	969
3	2	2	922
3	3	2	956
3	4	2	955
3	5	2	982
3	6	2	607
3	7	2	719
3	8	2	1092
3	9	2	1454
3	10	2	1322
4	1	2	1256
4	2	2	965
4	3	2	1067
4	4	2	1196
4	5	2	1056
4	6	2	1102
4	7	2	922
4	8	2	980
4	9	2	975
4	10	2	1016
5	1	2	942
5	2	2	1188
5	3	2	967
5	4	2	1146
5	5	2	920
5	6	2	893
5	7	2	1256
5	8	2	1002
5	9	2	1216
5	10	2	1419


Warehouse Inventory (W P T):
1	0		1531		0		0		0		0	
2	0		145		0		0		0		0	
3	0		1111		0		0		0		0	
4	0		22		0		0		0		0	
5	0		1926		0		0		0		0	
6	520		0		520		520		520		520	
7	0		817		0		0		0		0	
8	286		0		286		286		286		286	
9	0		367		0		0		0		0	
10	0		1025		0		0		0		0	

Store Inventory (S P T):
Store1
1	0		931		718		464		139		0	
2	0		746		518		356		208		0	
3	0		489		291		190		87		0	
4	0		852		507		364		145		0	
5	0		821		627		355		191		0	
6	0		789		645		533		350		0	
7	0		784		578		397		171		0	
8	0		585		371		371		119		0	
9	0		820		569		340		203		0	
10	0		745		496		332		199		0	
Store2
1	0		849		679		388		112		0	
2	0		772		465		404		243		0	
3	0		806		547		439		138		0	
4	0		954		590		374		163		0	
5	0		847		660		311		228		0	
6	0		644		370		211		29		0	
7	0		985		620		414		261		0	
8	0		778		590		411		164		0	
9	0		739		664		313		46		0	
10	0		493		286		192		117		0	
Store3
1	163		0		727		584		226		163	
2	131		0		687		527		371		131	
3	91		0		653		505		329		91	
4	142		0		828		698		461		142	
5	189		0		606		466		254		189	
6	144		0		554		473		368		144	
7	199		0		511		336		227		199	
8	245		0		896		721		531		245	
9	271		0		1264		943		693		271	
10	323		0		1081		751		549		323	
Store4
1	275		0		1049		1004		611		275	
2	256		0		681		539		390		256	
3	213		0		924		694		462		213	
4	242		0		945		650		529		242	
5	168		0		893		660		419		168	
6	298		0		1024		805		584		298	
7	232		0		741		708		435		232	
8	35		0		625		562		293		35	
9	108		0		753		565		466		108	
10	169		0		839		546		410		169	
Store5
1	140		0		594		358		237		140	
2	88		0		954		687		483		88	
3	112		0		722		476		271		112	
4	185		0		802		629		407		185	
5	139		0		590		358		292		139	
6	106		0		611		267		250		106	
7	223		0		1004		774		533		223	
8	295		0		810		523		471		295	
9	216		0		977		654		467		216	
10	280		0		1053		861		558		280	


Shipments from Vendor to Warehouse (V T):
0.8692026	0.7475527	0	0	0	

Shipments from Warehouse to Stores (S T):
1	1	0.3284693
1	5	0.2942533
2	1	0.319122
2	5	0.5389301
3	2	0.296354
3	5	0.2998933
4	2	0.3398387
4	5	0.3718367
5	2	0.3329713
5	5	0.35183


Required Putaway workers (Sol T):
3	3	3	3	0	

No of required pickers (T):
3	4	0	0	6	

No of part-time putaway workers (T):
1	1	1	1	0	

No of part-time pickers (T):
0	0	0	0	2	

Best Putaway Technology: 1200
Best Picking Technology: 1000

Required Fashion Putaway Hours:
0	0	16.2	23.775	0	

Required Basic Putaway Hours:
21.42083	21.10333	0	0	0	

Required Total Putaway Hours:
21.42083	21.10333	16.2	23.775	0	

No of required fashion pick hours:
0	0	0	0	47.97	

No of required basic pick hours:
19.567	31.462	0	0	0	

No of required total pick hours:
19.567	31.462	0	0	47.97	

List of all the costs: 
MHECost		378
PutawayTechCost		1060
PickingTechCost		9130
WhBasicInvCost		101.68
BasicInbCost		5951.462
WhFashionInvCost		674.1
FashionInbCost		6307.844
PutawayCost		4160
StoreBasicInvCost		4883.45
StoreFashionInvCost		2398.5
OutboundCost		12955.62
PickingCost		6880
Total		54880.66

List of Top5 Technologies: 
Tech1		2	6	$ 54880.66
Tech2		4	6	$ 56213.3
Tech3		3	6	$ 56386.09
Tech4		3	5	$ 57779.02
Tech5		3	4	$ 60815.45
The start time is 12/19/2014 4:46:50 PM
The End time is 12/19/2014 4:47:00 PM
