WarehouseVolume:[
(1)	[100000000]
]
StoreVolume:[
(1)	[10000000]
(2)	[10000000]
(3)	[10000000]
(4)	[10000000]
(5)	[10000000]
]
StoreDemand:[
(1	1	1)	[299]
(1	1	2)	[213]
(1	1	3)	[254]
(1	1	4)	[325]
(1	1	5)	[139]
(1	2	1)	[128]
(1	2	2)	[228]
(1	2	3)	[162]
(1	2	4)	[148]
(1	2	5)	[208]
(1	3	1)	[163]
(1	3	2)	[198]
(1	3	3)	[101]
(1	3	4)	[103]
(1	3	5)	[87]
(1	4	1)	[218]
(1	4	2)	[345]
(1	4	3)	[143]
(1	4	4)	[219]
(1	4	5)	[145]
(1	5	1)	[255]
(1	5	2)	[194]
(1	5	3)	[272]
(1	5	4)	[164]
(1	5	5)	[191]
(1	6	1)	[336]
(1	6	2)	[144]
(1	6	3)	[112]
(1	6	4)	[183]
(1	6	5)	[350]
(1	7	1)	[313]
(1	7	2)	[206]
(1	7	3)	[181]
(1	7	4)	[226]
(1	7	5)	[171]
(1	8	1)	[177]
(1	8	2)	[214]
(1	8	3)	[0]
(1	8	4)	[252]
(1	8	5)	[119]
(1	9	1)	[164]
(1	9	2)	[251]
(1	9	3)	[229]
(1	9	4)	[137]
(1	9	5)	[203]
(1	10	1)	[252]
(1	10	2)	[249]
(1	10	3)	[164]
(1	10	4)	[133]
(1	10	5)	[199]
(2	1	1)	[204]
(2	1	2)	[170]
(2	1	3)	[291]
(2	1	4)	[276]
(2	1	5)	[112]
(2	2	1)	[161]
(2	2	2)	[307]
(2	2	3)	[61]
(2	2	4)	[161]
(2	2	5)	[243]
(2	3	1)	[249]
(2	3	2)	[259]
(2	3	3)	[108]
(2	3	4)	[301]
(2	3	5)	[138]
(2	4	1)	[136]
(2	4	2)	[364]
(2	4	3)	[216]
(2	4	4)	[211]
(2	4	5)	[163]
(2	5	1)	[277]
(2	5	2)	[187]
(2	5	3)	[349]
(2	5	4)	[83]
(2	5	5)	[228]
(2	6	1)	[89]
(2	6	2)	[274]
(2	6	3)	[159]
(2	6	4)	[182]
(2	6	5)	[29]
(2	7	1)	[220]
(2	7	2)	[365]
(2	7	3)	[206]
(2	7	4)	[153]
(2	7	5)	[261]
(2	8	1)	[185]
(2	8	2)	[188]
(2	8	3)	[179]
(2	8	4)	[247]
(2	8	5)	[164]
(2	9	1)	[95]
(2	9	2)	[75]
(2	9	3)	[351]
(2	9	4)	[267]
(2	9	5)	[46]
(2	10	1)	[217]
(2	10	2)	[207]
(2	10	3)	[94]
(2	10	4)	[75]
(2	10	5)	[117]
(3	1	1)	[163]
(3	1	2)	[242]
(3	1	3)	[143]
(3	1	4)	[358]
(3	1	5)	[63]
(3	2	1)	[131]
(3	2	2)	[235]
(3	2	3)	[160]
(3	2	4)	[156]
(3	2	5)	[240]
(3	3	1)	[91]
(3	3	2)	[303]
(3	3	3)	[148]
(3	3	4)	[176]
(3	3	5)	[238]
(3	4	1)	[142]
(3	4	2)	[127]
(3	4	3)	[130]
(3	4	4)	[237]
(3	4	5)	[319]
(3	5	1)	[189]
(3	5	2)	[376]
(3	5	3)	[140]
(3	5	4)	[212]
(3	5	5)	[65]
(3	6	1)	[144]
(3	6	2)	[53]
(3	6	3)	[81]
(3	6	4)	[105]
(3	6	5)	[224]
(3	7	1)	[199]
(3	7	2)	[208]
(3	7	3)	[175]
(3	7	4)	[109]
(3	7	5)	[28]
(3	8	1)	[245]
(3	8	2)	[196]
(3	8	3)	[175]
(3	8	4)	[190]
(3	8	5)	[286]
(3	9	1)	[271]
(3	9	2)	[190]
(3	9	3)	[321]
(3	9	4)	[250]
(3	9	5)	[422]
(3	10	1)	[323]
(3	10	2)	[241]
(3	10	3)	[330]
(3	10	4)	[202]
(3	10	5)	[226]
(4	1	1)	[275]
(4	1	2)	[207]
(4	1	3)	[45]
(4	1	4)	[393]
(4	1	5)	[336]
(4	2	1)	[256]
(4	2	2)	[284]
(4	2	3)	[142]
(4	2	4)	[149]
(4	2	5)	[134]
(4	3	1)	[213]
(4	3	2)	[143]
(4	3	3)	[230]
(4	3	4)	[232]
(4	3	5)	[249]
(4	4	1)	[242]
(4	4	2)	[251]
(4	4	3)	[295]
(4	4	4)	[121]
(4	4	5)	[287]
(4	5	1)	[168]
(4	5	2)	[163]
(4	5	3)	[233]
(4	5	4)	[241]
(4	5	5)	[251]
(4	6	1)	[298]
(4	6	2)	[78]
(4	6	3)	[219]
(4	6	4)	[221]
(4	6	5)	[286]
(4	7	1)	[232]
(4	7	2)	[181]
(4	7	3)	[33]
(4	7	4)	[273]
(4	7	5)	[203]
(4	8	1)	[35]
(4	8	2)	[355]
(4	8	3)	[63]
(4	8	4)	[269]
(4	8	5)	[258]
(4	9	1)	[108]
(4	9	2)	[222]
(4	9	3)	[188]
(4	9	4)	[99]
(4	9	5)	[358]
(4	10	1)	[169]
(4	10	2)	[177]
(4	10	3)	[293]
(4	10	4)	[136]
(4	10	5)	[241]
(5	1	1)	[140]
(5	1	2)	[348]
(5	1	3)	[236]
(5	1	4)	[121]
(5	1	5)	[97]
(5	2	1)	[88]
(5	2	2)	[234]
(5	2	3)	[267]
(5	2	4)	[204]
(5	2	5)	[395]
(5	3	1)	[112]
(5	3	2)	[245]
(5	3	3)	[246]
(5	3	4)	[205]
(5	3	5)	[159]
(5	4	1)	[185]
(5	4	2)	[344]
(5	4	3)	[173]
(5	4	4)	[222]
(5	4	5)	[222]
(5	5	1)	[139]
(5	5	2)	[330]
(5	5	3)	[232]
(5	5	4)	[66]
(5	5	5)	[153]
(5	6	1)	[106]
(5	6	2)	[282]
(5	6	3)	[344]
(5	6	4)	[17]
(5	6	5)	[144]
(5	7	1)	[223]
(5	7	2)	[252]
(5	7	3)	[230]
(5	7	4)	[241]
(5	7	5)	[310]
(5	8	1)	[295]
(5	8	2)	[192]
(5	8	3)	[287]
(5	8	4)	[52]
(5	8	5)	[176]
(5	9	1)	[216]
(5	9	2)	[239]
(5	9	3)	[323]
(5	9	4)	[187]
(5	9	5)	[251]
(5	10	1)	[280]
(5	10	2)	[366]
(5	10	3)	[192]
(5	10	4)	[303]
(5	10	5)	[278]
]
FixedCostVendorToWarehouse:[
(1	1)	[468.61]
]
FixedCostWarehouseToStore:[
(1	1)	[126.26]
(1	2)	[297.11]
(1	3)	[97.5]
(1	4)	[143.71]
(1	5)	[344.43]
]
Variable_FixedCostVendorToWarehouse:[
(1	1)	[1306.68]
]
VariableCostVendorToWarehouse:[
(1	1)	[0.099]
]
Variable_FixedCostWarehouseToStore:[
(1	1)	[622.3]
(1	2)	[975.07]
(1	3)	[570.02]
(1	4)	[659.96]
(1	5)	[1075.01]
]
VariableCostWarehouseToStore:[
(1	1)	[0.047]
(1	2)	[0.074]
(1	3)	[0.042]
(1	4)	[0.05]
(1	5)	[0.081]
]
ProductVolume:[
(1)	[0.79]
(2)	[0.54]
(3)	[0.32]
(4)	[0.6]
(5)	[0.1]
(6)	[0.59]
(7)	[0.88]
(8)	[0.23]
(9)	[0.53]
(10)	[0.5]
]
ProductWeight:[
(1)	[0.65]
(2)	[0.24]
(3)	[0.22]
(4)	[0.49]
(5)	[0.9]
(6)	[0.68]
(7)	[0.63]
(8)	[0.55]
(9)	[0.18]
(10)	[0.23]
]
MapVendorToProduct:[
(1	1)	[1]
(1	2)	[1]
(1	3)	[1]
(1	4)	[1]
(1	5)	[1]
(1	6)	[1]
(1	7)	[1]
(1	8)	[1]
(1	9)	[1]
(1	10)	[1]
]
LeadTimeWarehouseToStores:[
(1	1)	[0]
(1	2)	[0]
(1	3)	[0]
(1	4)	[0]
(1	5)	[0]
]
StoreDemandForFashionProducts:[
(1	1)	[1455]
(1	2)	[1320]
(1	3)	[755]
(1	4)	[1210]
(1	5)	[845]
(1	6)	[40]
(1	7)	[250]
(1	8)	[605]
(1	9)	[1335]
(1	10)	[415]
(2	1)	[1825]
(2	2)	[1275]
(2	3)	[1115]
(2	4)	[1405]
(2	5)	[865]
(2	6)	[2130]
(2	7)	[865]
(2	8)	[1445]
(2	9)	[1025]
(2	10)	[870]
(3	1)	[1085]
(3	2)	[985]
(3	3)	[445]
(3	4)	[965]
(3	5)	[1465]
(3	6)	[45]
(3	7)	[355]
(3	8)	[1250]
(3	9)	[660]
(3	10)	[1225]
(4	1)	[1345]
(4	2)	[810]
(4	3)	[1180]
(4	4)	[950]
(4	5)	[0]
(4	6)	[1080]
(4	7)	[1180]
(4	8)	[280]
(4	9)	[1035]
(4	10)	[1425]
(5	1)	[340]
(5	2)	[875]
(5	3)	[1345]
(5	4)	[720]
(5	5)	[690]
(5	6)	[1610]
(5	7)	[650]
(5	8)	[855]
(5	9)	[1065]
(5	10)	[1005]
]
FixedCostFashionVendorToWarehouse:[
(1	1)	[468.61]
]
Variable_FixedCostFashionVendorToWarehouse:[
(1	1)	[1306.68]
]
VariableCostFashionVendorToWarehouse:[
(1	1)	[0.099]
]
FashionProductVolume:[
(1)	[0.51]
(2)	[0.21]
(3)	[0.18]
(4)	[0.06]
(5)	[0.79]
(6)	[0.46]
(7)	[0.76]
(8)	[0.79]
(9)	[0.22]
(10)	[0.2]
]
FashionProductWeight:[
(1)	[0.8]
(2)	[0.39]
(3)	[0.66]
(4)	[0.9]
(5)	[0.26]
(6)	[0.89]
(7)	[0.6]
(8)	[0.71]
(9)	[0.11]
(10)	[0.4]
]
MapFashionVendorToProduct:[
(1	1)	[1]
(1	2)	[1]
(1	3)	[1]
(1	4)	[1]
(1	5)	[1]
(1	6)	[1]
(1	7)	[1]
(1	8)	[1]
(1	9)	[1]
(1	10)	[1]
]
