Printing New Fashion Solution:

Inbound Fashion Solution (V F T):
1	1	3	1780
1	2	2	1905
1	3	2	1915
1	4	2	1745
1	5	2	1605
1	6	2	2000
1	7	2	1675
1	8	2	2140
1	9	3	1885
1	10	2	1955
1	11	2	1955
1	12	3	2340
1	13	2	1845
1	14	2	1325
1	15	2	2495
1	16	3	2215
1	17	2	2075
1	18	2	2490
1	19	2	1715
1	20	2	2035
1	21	2	1830
1	22	2	2000
1	23	3	2165
1	24	2	2120
1	25	2	1875
2	26	4	1965
2	27	4	1685
2	28	4	1930
2	29	4	2230
2	30	4	2245
2	31	4	1855
2	32	4	1815
2	33	4	2065
2	34	4	2200
2	35	4	1780
2	36	4	1720
2	37	4	1575
2	38	4	2355
2	39	4	1965
2	40	4	1900
2	41	4	2125
2	42	4	1775
2	43	4	2170
2	44	4	2190
2	45	4	2180
2	46	4	1930
2	47	4	1840
2	48	4	1970
2	49	4	2080
2	50	4	1820


Outbound Fashion Solution(S F T):
1	1	5	120
1	2	3	385
1	3	4	110
1	4	3	60
1	5	4	60
1	6	3	210
1	7	4	270
1	8	3	170
1	9	5	175
1	10	4	210
1	11	4	290
1	12	5	175
1	13	4	255
1	15	4	225
1	16	5	125
1	17	3	175
1	18	4	235
1	19	4	180
1	20	4	290
1	21	4	275
1	22	4	210
1	23	5	295
1	24	4	165
1	25	4	250
1	26	5	175
1	27	5	85
1	28	5	270
1	29	5	175
1	30	5	170
1	31	5	95
1	32	5	145
1	33	5	160
1	34	5	225
1	35	5	140
1	36	5	310
1	37	5	175
1	38	5	290
1	39	5	95
1	40	5	85
1	41	5	225
1	42	5	220
1	43	5	205
1	44	5	335
1	45	5	230
1	46	5	145
1	47	5	205
1	48	5	155
1	49	5	150
1	50	5	75
2	1	4	140
2	2	4	175
2	3	3	95
2	4	3	280
2	5	4	115
2	6	3	5
2	7	3	385
2	8	3	275
2	9	5	190
2	10	3	160
2	11	4	255
2	12	4	50
2	13	4	165
2	14	4	160
2	15	4	385
2	16	5	215
2	17	4	310
2	18	3	250
2	19	4	215
2	20	3	210
2	21	4	15
2	22	4	245
2	23	5	120
2	24	4	205
2	25	4	280
2	26	5	170
2	27	5	300
2	28	5	90
2	29	5	235
2	30	5	305
2	31	5	195
2	32	5	220
2	33	5	320
2	34	5	220
2	35	5	165
2	37	5	165
2	38	5	165
2	39	5	305
2	40	5	245
2	41	5	225
2	42	5	40
2	43	5	135
2	44	5	115
2	45	5	230
2	46	5	285
2	48	5	150
2	49	5	245
2	50	5	345
3	1	5	170
3	2	3	160
3	3	4	185
3	4	4	30
3	5	4	130
3	6	4	165
3	7	4	70
3	8	4	160
3	9	4	190
3	10	4	150
3	11	3	220
3	12	4	215
3	13	4	180
3	15	4	170
3	16	5	190
3	17	4	280
3	18	4	205
3	19	3	225
3	20	3	175
3	21	4	245
3	22	3	165
3	23	5	255
3	24	3	165
3	25	3	85
3	26	5	195
3	27	5	230
3	28	5	225
3	29	5	90
3	30	5	95
3	31	5	185
3	32	5	155
3	33	5	230
3	34	5	255
3	35	5	180
3	36	5	175
3	37	5	45
3	38	5	275
3	39	5	125
3	40	5	200
3	41	5	95
3	42	5	50
3	43	5	320
3	44	5	285
3	45	5	130
3	46	5	190
3	47	5	220
3	48	5	165
3	49	5	65
3	50	5	180
4	1	5	185
4	2	3	40
4	3	4	150
4	4	4	195
4	5	3	115
4	6	4	285
4	7	3	95
4	8	4	210
4	9	5	165
4	10	4	180
4	11	4	265
4	12	5	320
4	13	4	95
4	14	4	115
4	15	4	315
4	16	5	220
4	17	4	130
4	18	4	180
4	19	3	100
4	20	3	220
4	21	3	175
4	22	4	195
4	23	4	130
4	24	4	240
4	25	4	180
4	26	5	25
4	27	5	160
4	28	5	105
4	29	5	135
4	30	5	220
4	31	5	190
4	32	5	170
4	33	5	305
4	34	5	275
4	35	5	190
4	36	5	75
4	37	5	195
4	38	5	160
4	39	5	285
4	40	5	125
4	41	5	180
4	42	5	130
4	43	5	165
4	44	5	235
4	45	5	200
4	46	5	135
4	47	5	190
4	48	5	185
4	49	5	150
4	50	5	15
5	1	4	100
5	2	4	80
5	3	4	280
5	4	4	315
5	5	4	170
5	6	4	380
5	7	4	70
5	8	3	195
5	9	5	150
5	10	4	350
5	11	4	150
5	12	4	350
5	13	4	255
5	14	4	305
5	15	4	155
5	16	4	285
5	17	4	70
5	18	4	140
5	19	4	150
5	20	3	225
5	21	4	190
5	22	4	175
5	23	4	190
5	24	3	170
5	25	4	70
5	26	5	355
5	27	5	155
5	28	5	235
5	29	5	275
5	30	5	320
5	31	5	255
5	32	5	240
5	33	5	115
5	34	5	180
5	35	5	260
5	36	5	140
5	37	5	105
5	38	5	255
5	39	5	275
5	40	5	145
5	41	5	310
5	42	5	340
5	43	5	140
5	44	5	280
5	45	5	260
5	46	5	130
5	47	5	35
5	48	5	210
5	49	5	245
5	50	5	155
6	1	5	200
6	2	4	150
6	3	4	330
6	4	4	215
6	5	4	225
6	6	4	255
6	7	4	230
6	8	4	130
6	9	5	95
6	10	4	190
6	11	4	195
6	12	5	305
6	13	4	90
6	14	4	115
6	15	4	190
6	16	5	160
6	17	4	205
6	18	4	270
6	19	4	195
6	20	4	130
6	21	4	175
6	22	4	190
6	23	4	145
6	24	4	145
6	25	4	160
6	26	5	160
6	27	5	255
6	28	5	190
6	29	5	205
6	30	5	190
6	31	5	250
6	32	5	270
6	33	5	200
6	34	5	255
6	35	5	65
6	36	5	150
6	37	5	100
6	38	5	170
6	39	5	115
6	40	5	240
6	41	5	200
6	42	5	190
6	43	5	230
6	44	5	85
6	45	5	165
6	46	5	210
6	47	5	365
6	48	5	210
6	49	5	255
6	50	5	215
7	1	5	210
7	2	3	225
7	3	4	215
7	4	3	115
7	5	4	245
7	6	4	155
7	7	3	80
7	8	3	125
7	9	4	250
7	10	4	160
7	11	4	170
7	12	5	170
7	13	4	195
7	14	4	180
7	15	4	200
7	16	4	230
7	17	3	145
7	18	3	425
7	19	4	140
7	20	3	320
7	21	3	140
7	22	4	140
7	23	5	215
7	24	3	225
7	25	4	195
7	26	5	175
7	27	5	295
7	28	5	225
7	29	5	90
7	30	5	330
7	31	5	50
7	32	5	120
7	33	5	95
7	34	5	205
7	35	5	100
7	36	5	345
7	37	5	70
7	38	5	220
7	39	5	170
7	40	5	190
7	41	5	195
7	42	5	175
7	43	5	205
7	44	5	295
7	45	5	170
7	46	5	195
7	47	5	195
7	48	5	160
7	49	5	400
7	50	5	75
8	1	5	260
8	2	4	185
8	3	4	225
8	4	4	160
8	5	3	175
8	6	3	120
8	7	4	130
8	8	4	240
8	9	5	205
8	10	4	185
8	11	3	135
8	12	4	400
8	13	4	200
8	14	4	130
8	15	3	240
8	16	4	240
8	17	4	300
8	18	4	325
8	19	4	300
8	20	4	110
8	21	4	150
8	22	4	210
8	23	4	430
8	24	4	270
8	25	4	75
8	26	5	235
8	27	5	90
8	28	5	190
8	29	5	360
8	30	5	265
8	31	5	185
8	32	5	160
8	33	5	290
8	34	5	365
8	35	5	220
8	36	5	245
8	37	5	180
8	38	5	350
8	39	5	175
8	40	5	220
8	41	5	235
8	42	5	240
8	43	5	270
8	44	5	245
8	45	5	185
8	46	5	180
8	47	5	100
8	48	5	275
8	49	5	160
8	50	5	365
9	1	4	200
9	2	4	200
9	3	4	125
9	4	4	135
9	5	4	185
9	6	3	190
9	7	3	130
9	8	4	255
9	9	5	325
9	10	4	205
9	11	3	180
9	12	5	130
9	13	4	125
9	14	3	155
9	15	3	360
9	16	5	285
9	17	3	95
9	18	4	215
9	19	4	65
9	20	4	195
9	21	4	260
9	22	4	170
9	23	5	145
9	24	3	185
9	25	4	185
9	26	5	150
9	27	5	30
9	28	5	275
9	29	5	330
9	30	5	315
9	31	5	255
9	32	5	150
9	33	5	265
9	34	5	65
9	35	5	275
9	36	5	160
9	37	5	270
9	38	5	265
9	39	5	170
9	40	5	180
9	41	5	275
9	42	5	175
9	43	5	230
9	44	5	175
9	45	5	150
9	46	5	245
9	47	5	265
9	48	5	170
9	49	5	130
9	50	5	250
10	1	4	195
10	2	4	305
10	3	4	200
10	4	4	240
10	5	4	185
10	6	3	235
10	7	4	215
10	8	3	380
10	9	5	140
10	10	4	165
10	11	3	95
10	12	5	225
10	13	3	285
10	14	4	165
10	15	4	255
10	16	5	265
10	17	4	365
10	18	4	245
10	19	4	145
10	20	3	160
10	21	3	205
10	22	3	300
10	23	5	240
10	24	4	350
10	25	4	395
10	26	5	325
10	27	5	85
10	28	5	125
10	29	5	335
10	30	5	35
10	31	5	195
10	32	5	185
10	33	5	85
10	34	5	155
10	35	5	185
10	36	5	120
10	37	5	270
10	38	5	205
10	39	5	250
10	40	5	270
10	41	5	185
10	42	5	215
10	43	5	270
10	44	5	140
10	45	5	460
10	46	5	215
10	47	5	265
10	48	5	290
10	49	5	280
10	50	5	145


Warehouse Fashion Inventory (W F T):
1	0		0		1780		1145		0	
2	0		1905		1095		0		0	
3	0		1915		1820		0		0	
4	0		1745		1290		0		0	
5	0		1605		1315		0		0	
6	0		2000		1240		0		0	
7	0		1675		985		0		0	
8	0		2140		995		0		0	
9	0		0		1885		1445		0	
10	0		1955		1795		0		0	
11	0		1955		1325		0		0	
12	0		0		2340		1325		0	
13	0		1845		1560		0		0	
14	0		1325		1170		0		0	
15	0		2495		1895		0		0	
16	0		0		2215		1460		0	
17	0		2075		1660		0		0	
18	0		2490		1815		0		0	
19	0		1715		1390		0		0	
20	0		2035		725		0		0	
21	0		1830		1310		0		0	
22	0		2000		1535		0		0	
23	0		0		2165		1270		0	
24	0		2120		1375		0		0	
25	0		1875		1790		0		0	
26	0		0		0		1965		0	
27	0		0		0		1685		0	
28	0		0		0		1930		0	
29	0		0		0		2230		0	
30	0		0		0		2245		0	
31	0		0		0		1855		0	
32	0		0		0		1815		0	
33	0		0		0		2065		0	
34	0		0		0		2200		0	
35	0		0		0		1780		0	
36	0		0		0		1720		0	
37	0		0		0		1575		0	
38	0		0		0		2355		0	
39	0		0		0		1965		0	
40	0		0		0		1900		0	
41	0		0		0		2125		0	
42	0		0		0		1775		0	
43	0		0		0		2170		0	
44	0		0		0		2190		0	
45	0		0		0		2180		0	
46	0		0		0		1930		0	
47	0		0		0		1840		0	
48	0		0		0		1970		0	
49	0		0		0		2080		0	
50	0		0		0		1820		0	

Store Fashion Inventory (S F T):
Store1
1	0		0		0		120	
2	0		385		385		385	
3	0		0		110		110	
4	0		60		60		60	
5	0		0		60		60	
6	0		210		210		210	
7	0		0		270		270	
8	0		170		170		170	
9	0		0		0		175	
10	0		0		210		210	
11	0		0		290		290	
12	0		0		0		175	
13	0		0		255		255	
14	0		0		0		0	
15	0		0		225		225	
16	0		0		0		125	
17	0		175		175		175	
18	0		0		235		235	
19	0		0		180		180	
20	0		0		290		290	
21	0		0		275		275	
22	0		0		210		210	
23	0		0		0		295	
24	0		0		165		165	
25	0		0		250		250	
26	0		0		0		175	
27	0		0		0		85	
28	0		0		0		270	
29	0		0		0		175	
30	0		0		0		170	
31	0		0		0		95	
32	0		0		0		145	
33	0		0		0		160	
34	0		0		0		225	
35	0		0		0		140	
36	0		0		0		310	
37	0		0		0		175	
38	0		0		0		290	
39	0		0		0		95	
40	0		0		0		85	
41	0		0		0		225	
42	0		0		0		220	
43	0		0		0		205	
44	0		0		0		335	
45	0		0		0		230	
46	0		0		0		145	
47	0		0		0		205	
48	0		0		0		155	
49	0		0		0		150	
50	0		0		0		75	
Store2
1	0		0		140		140	
2	0		0		175		175	
3	0		95		95		95	
4	0		280		280		280	
5	0		0		115		115	
6	0		5		5		5	
7	0		385		385		385	
8	0		275		275		275	
9	0		0		0		190	
10	0		160		160		160	
11	0		0		255		255	
12	0		0		50		50	
13	0		0		165		165	
14	0		0		160		160	
15	0		0		385		385	
16	0		0		0		215	
17	0		0		310		310	
18	0		250		250		250	
19	0		0		215		215	
20	0		210		210		210	
21	0		0		15		15	
22	0		0		245		245	
23	0		0		0		120	
24	0		0		205		205	
25	0		0		280		280	
26	0		0		0		170	
27	0		0		0		300	
28	0		0		0		90	
29	0		0		0		235	
30	0		0		0		305	
31	0		0		0		195	
32	0		0		0		220	
33	0		0		0		320	
34	0		0		0		220	
35	0		0		0		165	
36	0		0		0		0	
37	0		0		0		165	
38	0		0		0		165	
39	0		0		0		305	
40	0		0		0		245	
41	0		0		0		225	
42	0		0		0		40	
43	0		0		0		135	
44	0		0		0		115	
45	0		0		0		230	
46	0		0		0		285	
47	0		0		0		0	
48	0		0		0		150	
49	0		0		0		245	
50	0		0		0		345	
Store3
1	0		0		0		170	
2	0		160		160		160	
3	0		0		185		185	
4	0		0		30		30	
5	0		0		130		130	
6	0		0		165		165	
7	0		0		70		70	
8	0		0		160		160	
9	0		0		190		190	
10	0		0		150		150	
11	0		220		220		220	
12	0		0		215		215	
13	0		0		180		180	
14	0		0		0		0	
15	0		0		170		170	
16	0		0		0		190	
17	0		0		280		280	
18	0		0		205		205	
19	0		225		225		225	
20	0		175		175		175	
21	0		0		245		245	
22	0		165		165		165	
23	0		0		0		255	
24	0		165		165		165	
25	0		85		85		85	
26	0		0		0		195	
27	0		0		0		230	
28	0		0		0		225	
29	0		0		0		90	
30	0		0		0		95	
31	0		0		0		185	
32	0		0		0		155	
33	0		0		0		230	
34	0		0		0		255	
35	0		0		0		180	
36	0		0		0		175	
37	0		0		0		45	
38	0		0		0		275	
39	0		0		0		125	
40	0		0		0		200	
41	0		0		0		95	
42	0		0		0		50	
43	0		0		0		320	
44	0		0		0		285	
45	0		0		0		130	
46	0		0		0		190	
47	0		0		0		220	
48	0		0		0		165	
49	0		0		0		65	
50	0		0		0		180	
Store4
1	0		0		0		185	
2	0		40		40		40	
3	0		0		150		150	
4	0		0		195		195	
5	0		115		115		115	
6	0		0		285		285	
7	0		95		95		95	
8	0		0		210		210	
9	0		0		0		165	
10	0		0		180		180	
11	0		0		265		265	
12	0		0		0		320	
13	0		0		95		95	
14	0		0		115		115	
15	0		0		315		315	
16	0		0		0		220	
17	0		0		130		130	
18	0		0		180		180	
19	0		100		100		100	
20	0		220		220		220	
21	0		175		175		175	
22	0		0		195		195	
23	0		0		130		130	
24	0		0		240		240	
25	0		0		180		180	
26	0		0		0		25	
27	0		0		0		160	
28	0		0		0		105	
29	0		0		0		135	
30	0		0		0		220	
31	0		0		0		190	
32	0		0		0		170	
33	0		0		0		305	
34	0		0		0		275	
35	0		0		0		190	
36	0		0		0		75	
37	0		0		0		195	
38	0		0		0		160	
39	0		0		0		285	
40	0		0		0		125	
41	0		0		0		180	
42	0		0		0		130	
43	0		0		0		165	
44	0		0		0		235	
45	0		0		0		200	
46	0		0		0		135	
47	0		0		0		190	
48	0		0		0		185	
49	0		0		0		150	
50	0		0		0		15	
Store5
1	0		0		100		100	
2	0		0		80		80	
3	0		0		280		280	
4	0		0		315		315	
5	0		0		170		170	
6	0		0		380		380	
7	0		0		70		70	
8	0		195		195		195	
9	0		0		0		150	
10	0		0		350		350	
11	0		0		150		150	
12	0		0		350		350	
13	0		0		255		255	
14	0		0		305		305	
15	0		0		155		155	
16	0		0		285		285	
17	0		0		70		70	
18	0		0		140		140	
19	0		0		150		150	
20	0		225		225		225	
21	0		0		190		190	
22	0		0		175		175	
23	0		0		190		190	
24	0		170		170		170	
25	0		0		70		70	
26	0		0		0		355	
27	0		0		0		155	
28	0		0		0		235	
29	0		0		0		275	
30	0		0		0		320	
31	0		0		0		255	
32	0		0		0		240	
33	0		0		0		115	
34	0		0		0		180	
35	0		0		0		260	
36	0		0		0		140	
37	0		0		0		105	
38	0		0		0		255	
39	0		0		0		275	
40	0		0		0		145	
41	0		0		0		310	
42	0		0		0		340	
43	0		0		0		140	
44	0		0		0		280	
45	0		0		0		260	
46	0		0		0		130	
47	0		0		0		35	
48	0		0		0		210	
49	0		0		0		245	
50	0		0		0		155	
Store6
1	0		0		0		200	
2	0		0		150		150	
3	0		0		330		330	
4	0		0		215		215	
5	0		0		225		225	
6	0		0		255		255	
7	0		0		230		230	
8	0		0		130		130	
9	0		0		0		95	
10	0		0		190		190	
11	0		0		195		195	
12	0		0		0		305	
13	0		0		90		90	
14	0		0		115		115	
15	0		0		190		190	
16	0		0		0		160	
17	0		0		205		205	
18	0		0		270		270	
19	0		0		195		195	
20	0		0		130		130	
21	0		0		175		175	
22	0		0		190		190	
23	0		0		145		145	
24	0		0		145		145	
25	0		0		160		160	
26	0		0		0		160	
27	0		0		0		255	
28	0		0		0		190	
29	0		0		0		205	
30	0		0		0		190	
31	0		0		0		250	
32	0		0		0		270	
33	0		0		0		200	
34	0		0		0		255	
35	0		0		0		65	
36	0		0		0		150	
37	0		0		0		100	
38	0		0		0		170	
39	0		0		0		115	
40	0		0		0		240	
41	0		0		0		200	
42	0		0		0		190	
43	0		0		0		230	
44	0		0		0		85	
45	0		0		0		165	
46	0		0		0		210	
47	0		0		0		365	
48	0		0		0		210	
49	0		0		0		255	
50	0		0		0		215	
Store7
1	0		0		0		210	
2	0		225		225		225	
3	0		0		215		215	
4	0		115		115		115	
5	0		0		245		245	
6	0		0		155		155	
7	0		80		80		80	
8	0		125		125		125	
9	0		0		250		250	
10	0		0		160		160	
11	0		0		170		170	
12	0		0		0		170	
13	0		0		195		195	
14	0		0		180		180	
15	0		0		200		200	
16	0		0		230		230	
17	0		145		145		145	
18	0		425		425		425	
19	0		0		140		140	
20	0		320		320		320	
21	0		140		140		140	
22	0		0		140		140	
23	0		0		0		215	
24	0		225		225		225	
25	0		0		195		195	
26	0		0		0		175	
27	0		0		0		295	
28	0		0		0		225	
29	0		0		0		90	
30	0		0		0		330	
31	0		0		0		50	
32	0		0		0		120	
33	0		0		0		95	
34	0		0		0		205	
35	0		0		0		100	
36	0		0		0		345	
37	0		0		0		70	
38	0		0		0		220	
39	0		0		0		170	
40	0		0		0		190	
41	0		0		0		195	
42	0		0		0		175	
43	0		0		0		205	
44	0		0		0		295	
45	0		0		0		170	
46	0		0		0		195	
47	0		0		0		195	
48	0		0		0		160	
49	0		0		0		400	
50	0		0		0		75	
Store8
1	0		0		0		260	
2	0		0		185		185	
3	0		0		225		225	
4	0		0		160		160	
5	0		175		175		175	
6	0		120		120		120	
7	0		0		130		130	
8	0		0		240		240	
9	0		0		0		205	
10	0		0		185		185	
11	0		135		135		135	
12	0		0		400		400	
13	0		0		200		200	
14	0		0		130		130	
15	0		240		240		240	
16	0		0		240		240	
17	0		0		300		300	
18	0		0		325		325	
19	0		0		300		300	
20	0		0		110		110	
21	0		0		150		150	
22	0		0		210		210	
23	0		0		430		430	
24	0		0		270		270	
25	0		0		75		75	
26	0		0		0		235	
27	0		0		0		90	
28	0		0		0		190	
29	0		0		0		360	
30	0		0		0		265	
31	0		0		0		185	
32	0		0		0		160	
33	0		0		0		290	
34	0		0		0		365	
35	0		0		0		220	
36	0		0		0		245	
37	0		0		0		180	
38	0		0		0		350	
39	0		0		0		175	
40	0		0		0		220	
41	0		0		0		235	
42	0		0		0		240	
43	0		0		0		270	
44	0		0		0		245	
45	0		0		0		185	
46	0		0		0		180	
47	0		0		0		100	
48	0		0		0		275	
49	0		0		0		160	
50	0		0		0		365	
Store9
1	0		0		200		200	
2	0		0		200		200	
3	0		0		125		125	
4	0		0		135		135	
5	0		0		185		185	
6	0		190		190		190	
7	0		130		130		130	
8	0		0		255		255	
9	0		0		0		325	
10	0		0		205		205	
11	0		180		180		180	
12	0		0		0		130	
13	0		0		125		125	
14	0		155		155		155	
15	0		360		360		360	
16	0		0		0		285	
17	0		95		95		95	
18	0		0		215		215	
19	0		0		65		65	
20	0		0		195		195	
21	0		0		260		260	
22	0		0		170		170	
23	0		0		0		145	
24	0		185		185		185	
25	0		0		185		185	
26	0		0		0		150	
27	0		0		0		30	
28	0		0		0		275	
29	0		0		0		330	
30	0		0		0		315	
31	0		0		0		255	
32	0		0		0		150	
33	0		0		0		265	
34	0		0		0		65	
35	0		0		0		275	
36	0		0		0		160	
37	0		0		0		270	
38	0		0		0		265	
39	0		0		0		170	
40	0		0		0		180	
41	0		0		0		275	
42	0		0		0		175	
43	0		0		0		230	
44	0		0		0		175	
45	0		0		0		150	
46	0		0		0		245	
47	0		0		0		265	
48	0		0		0		170	
49	0		0		0		130	
50	0		0		0		250	
Store10
1	0		0		195		195	
2	0		0		305		305	
3	0		0		200		200	
4	0		0		240		240	
5	0		0		185		185	
6	0		235		235		235	
7	0		0		215		215	
8	0		380		380		380	
9	0		0		0		140	
10	0		0		165		165	
11	0		95		95		95	
12	0		0		0		225	
13	0		285		285		285	
14	0		0		165		165	
15	0		0		255		255	
16	0		0		0		265	
17	0		0		365		365	
18	0		0		245		245	
19	0		0		145		145	
20	0		160		160		160	
21	0		205		205		205	
22	0		300		300		300	
23	0		0		0		240	
24	0		0		350		350	
25	0		0		395		395	
26	0		0		0		325	
27	0		0		0		85	
28	0		0		0		125	
29	0		0		0		335	
30	0		0		0		35	
31	0		0		0		195	
32	0		0		0		185	
33	0		0		0		85	
34	0		0		0		155	
35	0		0		0		185	
36	0		0		0		120	
37	0		0		0		270	
38	0		0		0		205	
39	0		0		0		250	
40	0		0		0		270	
41	0		0		0		185	
42	0		0		0		215	
43	0		0		0		270	
44	0		0		0		140	
45	0		0		0		460	
46	0		0		0		215	
47	0		0		0		265	
48	0		0		0		290	
49	0		0		0		280	
50	0		0		0		145	


Fashion Shipments from Vendor to Warehouse (V T):
0	1.627273	0.4196167	0	
0	0	0	1.72883	

Printing New Basic Solution:

Inbound Solution (V P T):
1	1	2	1898
1	1	5	211
1	2	2	1960
1	2	5	218
1	3	2	751
1	3	5	1127
1	4	2	1412
1	4	5	606
1	5	2	380
1	5	5	1522
1	6	2	1078
1	6	5	1078
1	7	2	1651
1	7	5	413
1	8	2	1189
1	8	5	794
1	9	2	764
1	9	5	1146
1	10	2	1042
1	10	5	1043
1	11	2	1695
1	11	5	189
1	12	2	827
1	12	5	1242
1	13	2	1341
1	13	5	576
1	14	2	852
1	14	5	1279
1	15	2	199
1	15	5	1795
1	16	2	607
1	16	5	1418
2	17	1	1985
2	18	1	2041
2	19	1	1881
2	20	1	2030
2	21	1	2031
2	22	1	2195
2	23	1	1976
2	24	1	2017
2	25	1	1817
2	26	1	1861
2	27	1	1829
2	28	1	1921
2	29	1	1966
2	30	1	1753
2	31	1	2121
2	32	1	2010
3	33	3	753
3	33	5	1128
3	34	3	1800
3	34	5	199
3	35	3	1367
3	35	5	585
3	36	3	417
3	36	5	1666
3	37	3	2003
3	38	3	1394
3	38	5	597
3	39	3	1419
3	39	5	607
3	40	3	1419
3	40	5	608
3	41	3	809
3	41	5	1212
3	42	3	1110
3	42	5	740
3	43	3	557
3	43	5	1298
3	44	3	1062
3	44	5	1061
3	45	3	1096
3	45	5	1096
3	46	3	1211
3	46	5	807
3	47	3	1715
3	47	5	428
3	48	5	2109
3	49	3	825
3	49	5	1236
3	50	3	1180
3	50	5	786


Outbound Solution(S P T):
1	1	3	49
1	1	4	177
1	2	3	68
1	2	4	192
1	3	3	18
1	3	4	188
1	4	3	47
1	4	4	159
1	5	3	19
1	5	4	133
1	6	3	71
1	6	4	188
1	7	3	39
1	7	4	142
1	8	3	52
1	8	4	147
1	9	3	40
1	9	4	130
1	10	3	39
1	10	4	177
1	11	3	33
1	11	4	104
1	12	3	21
1	12	4	224
1	13	3	19
1	13	4	89
1	14	3	84
1	14	4	147
1	15	3	36
1	15	4	136
1	16	3	66
1	16	4	176
1	17	3	36
1	17	4	154
1	18	3	63
1	18	4	163
1	19	3	58
1	19	4	149
1	20	3	49
1	20	4	194
1	21	3	68
1	21	4	155
1	22	3	42
1	22	4	128
1	23	3	43
1	23	4	137
1	24	3	30
1	24	4	166
1	25	3	34
1	25	4	112
1	26	3	48
1	26	4	157
1	27	3	30
1	27	4	189
1	28	3	47
1	28	4	124
1	29	3	46
1	29	4	116
1	30	3	56
1	30	4	186
1	31	3	46
1	31	4	206
1	32	3	28
1	32	4	181
1	33	3	44
1	33	4	133
1	34	3	17
1	34	4	187
1	35	3	45
1	35	4	163
1	36	3	56
1	36	4	126
1	37	3	28
1	37	4	201
1	38	3	86
1	38	4	125
1	39	3	50
1	39	4	130
1	40	3	36
1	40	4	116
1	41	3	50
1	41	4	143
1	42	3	59
1	42	4	177
1	43	3	61
1	43	4	135
1	44	3	63
1	44	4	186
1	45	3	15
1	45	4	134
1	46	3	42
1	46	4	137
1	47	3	58
1	47	4	173
1	48	3	44
1	48	4	213
1	49	3	14
1	49	4	164
1	50	3	48
1	50	4	147
2	1	3	155
2	1	4	6
2	1	5	21
2	2	3	138
2	2	4	64
2	2	5	64
2	3	3	131
2	3	4	26
2	3	5	31
2	4	3	126
2	4	4	12
2	4	5	51
2	5	3	154
2	5	4	29
2	5	5	49
2	6	3	103
2	6	4	37
2	6	5	52
2	7	3	159
2	7	4	39
2	7	5	30
2	8	3	100
2	8	4	44
2	8	5	34
2	9	3	103
2	9	4	57
2	9	5	59
2	10	3	80
2	10	4	55
2	10	5	41
2	11	3	133
2	11	4	40
2	11	5	26
2	12	3	158
2	12	4	71
2	12	5	31
2	13	3	85
2	13	4	63
2	13	5	45
2	14	3	134
2	14	4	70
2	14	5	51
2	15	3	123
2	15	4	75
2	15	5	47
2	16	3	124
2	16	4	28
2	16	5	27
2	17	3	93
2	17	4	31
2	17	5	65
2	18	3	119
2	18	4	30
2	18	5	49
2	19	3	95
2	19	4	49
2	19	5	38
2	20	3	141
2	20	4	61
2	20	5	39
2	21	3	160
2	21	4	6
2	21	5	47
2	22	3	120
2	22	4	33
2	22	5	59
2	23	3	128
2	23	4	43
2	23	5	47
2	24	3	127
2	24	4	24
2	24	5	49
2	25	3	123
2	25	4	16
2	25	5	64
2	26	3	99
2	26	5	45
2	27	3	104
2	27	4	46
2	27	5	30
2	28	3	116
2	28	4	16
2	28	5	44
2	29	3	87
2	29	4	28
2	29	5	74
2	30	3	101
2	30	4	32
2	30	5	55
2	31	3	128
2	31	4	23
2	31	5	58
2	32	3	83
2	32	4	91
2	32	5	57
2	33	3	113
2	33	4	19
2	33	5	36
2	34	3	163
2	34	4	59
2	34	5	25
2	35	3	141
2	35	4	29
2	35	5	26
2	36	3	136
2	36	4	40
2	36	5	29
2	37	3	104
2	37	4	56
2	37	5	64
2	38	3	98
2	38	4	45
2	39	3	148
2	39	4	43
2	39	5	39
2	40	3	150
2	40	4	44
2	40	5	35
2	41	3	125
2	41	4	32
2	41	5	41
2	42	3	76
2	42	4	39
2	42	5	49
2	43	3	126
2	43	4	37
2	43	5	34
2	44	3	157
2	44	4	49
2	44	5	56
2	45	3	143
2	45	4	34
2	45	5	53
2	46	3	129
2	46	4	9
2	46	5	26
2	47	3	99
2	47	4	45
2	47	5	59
2	48	3	112
2	48	4	36
2	48	5	52
2	49	3	123
2	49	4	44
2	49	5	69
2	50	3	115
2	50	4	21
2	50	5	57
3	1	3	23
3	1	4	115
3	1	5	69
3	2	3	38
3	2	4	54
3	2	5	72
3	3	3	14
3	3	4	54
3	3	5	85
3	4	3	44
3	4	4	101
3	4	5	99
3	5	3	24
3	5	4	81
3	5	5	64
3	6	3	10
3	6	4	128
3	6	5	85
3	7	3	47
3	7	4	69
3	7	5	80
3	8	3	41
3	8	4	27
3	8	5	91
3	9	3	46
3	9	4	67
3	9	5	46
3	10	3	59
3	10	4	62
3	10	5	97
3	11	3	37
3	11	4	68
3	11	5	76
3	12	3	40
3	12	4	61
3	12	5	79
3	13	3	48
3	13	4	107
3	13	5	58
3	14	3	16
3	14	4	83
3	14	5	74
3	15	3	44
3	15	4	86
3	15	5	71
3	16	3	55
3	16	4	72
3	16	5	92
3	17	3	31
3	17	4	94
3	17	5	79
3	18	3	34
3	18	4	96
3	18	5	62
3	19	3	15
3	19	4	123
3	19	5	68
3	20	3	42
3	20	4	71
3	20	5	51
3	21	3	40
3	21	4	62
3	21	5	42
3	22	3	16
3	22	4	72
3	22	5	83
3	23	3	44
3	23	4	75
3	23	5	97
3	24	3	29
3	24	4	91
3	24	5	69
3	25	3	55
3	25	4	47
3	25	5	55
3	26	3	25
3	26	4	74
3	26	5	73
3	27	3	42
3	27	4	108
3	27	5	52
3	28	3	60
3	28	4	39
3	28	5	87
3	29	3	25
3	29	4	60
3	29	5	87
3	30	3	11
3	30	4	76
3	30	5	51
3	31	3	25
3	31	4	46
3	31	5	32
3	32	3	17
3	32	4	77
3	32	5	50
3	33	3	17
3	33	4	38
3	33	5	69
3	34	3	48
3	34	4	63
3	34	5	92
3	35	3	41
3	35	4	100
3	35	5	86
3	36	3	59
3	36	4	83
3	36	5	45
3	37	3	36
3	37	4	56
3	37	5	106
3	38	3	50
3	38	4	90
3	38	5	72
3	39	3	78
3	39	4	95
3	39	5	95
3	40	3	55
3	40	4	107
3	40	5	70
3	41	3	53
3	41	4	84
3	41	5	78
3	42	3	12
3	42	4	64
3	42	5	90
3	43	3	32
3	43	4	80
3	43	5	64
3	44	3	53
3	44	4	72
3	44	5	57
3	45	3	37
3	45	4	93
3	45	5	124
3	46	3	77
3	46	4	64
3	46	5	52
3	47	3	11
3	47	4	143
3	47	5	111
3	48	3	25
3	48	4	55
3	48	5	145
3	49	3	30
3	49	4	68
3	49	5	116
3	50	3	35
3	50	4	61
3	50	5	120
4	1	3	111
4	1	4	54
4	1	5	58
4	2	3	86
4	2	4	33
4	2	5	30
4	3	3	89
4	3	4	29
4	3	5	17
4	4	3	145
4	4	4	16
4	4	5	43
4	5	3	141
4	5	4	29
4	5	5	54
4	6	3	39
4	6	4	54
4	6	5	39
4	7	3	89
4	7	4	29
4	7	5	36
4	8	3	147
4	8	4	45
4	8	5	73
4	9	3	134
4	9	4	33
4	9	5	26
4	10	3	162
4	10	4	32
4	10	5	54
4	11	3	129
4	11	4	35
4	11	5	36
4	12	3	103
4	12	4	37
4	12	5	18
4	13	3	95
4	13	4	19
4	13	5	34
4	14	3	100
4	14	4	38
4	14	5	49
4	15	3	142
4	15	4	27
4	15	5	67
4	16	3	92
4	16	4	58
4	16	5	45
4	17	3	152
4	17	4	19
4	17	5	53
4	18	3	96
4	18	4	31
4	18	5	37
4	19	3	123
4	19	4	44
4	19	5	14
4	20	3	78
4	20	4	52
4	20	5	45
4	21	3	111
4	21	4	70
4	21	5	33
4	22	3	170
4	22	4	43
4	22	5	41
4	23	3	99
4	23	4	42
4	23	5	61
4	24	3	107
4	24	4	45
4	24	5	25
4	25	3	106
4	25	4	39
4	25	5	31
4	26	3	106
4	26	5	48
4	27	3	87
4	27	4	27
4	27	5	61
4	28	3	73
4	28	4	32
4	28	5	58
4	29	3	92
4	29	4	39
4	29	5	51
4	30	3	98
4	30	4	22
4	30	5	45
4	31	3	133
4	31	4	43
4	31	5	32
4	32	3	179
4	32	4	43
4	32	5	71
4	33	3	75
4	33	4	48
4	33	5	63
4	34	3	146
4	34	4	50
4	34	5	32
4	35	3	119
4	35	4	35
4	35	5	72
4	36	3	137
4	36	4	49
4	36	5	32
4	37	3	115
4	37	4	40
4	37	5	51
4	38	3	112
4	38	4	67
4	38	5	50
4	39	3	177
4	39	4	35
4	39	5	32
4	40	3	43
4	40	4	27
4	40	5	62
4	41	3	123
4	41	4	34
4	41	5	42
4	42	3	104
4	42	4	34
4	42	5	23
4	43	3	128
4	43	4	63
4	43	5	39
4	44	3	141
4	44	4	32
4	44	5	33
4	45	3	121
4	45	4	41
4	45	5	36
4	46	3	86
4	46	4	48
4	46	5	57
4	47	3	132
4	47	4	32
4	47	5	42
4	48	3	145
4	48	4	38
4	48	5	24
4	49	3	158
4	49	4	12
4	49	5	50
4	50	3	121
4	50	4	60
4	50	5	55
5	1	3	194
5	1	4	42
5	2	3	179
5	2	4	52
5	3	3	152
5	3	4	16
5	4	3	168
5	4	4	55
5	5	3	120
5	5	4	57
5	6	3	165
5	6	4	70
5	7	3	175
5	7	4	30
5	8	3	206
5	8	4	46
5	9	3	172
5	9	4	49
5	10	3	140
5	10	4	40
5	11	3	126
5	11	4	71
5	12	3	173
5	12	4	46
5	13	3	164
5	13	4	22
5	14	3	144
5	14	4	47
5	15	3	109
5	15	4	50
5	16	3	161
5	16	4	15
5	17	3	103
5	17	4	37
5	18	3	156
5	18	4	64
5	19	3	181
5	19	4	38
5	20	3	179
5	20	4	37
5	21	3	178
5	21	4	35
5	22	3	163
5	22	4	88
5	23	3	220
5	23	4	55
5	24	3	209
5	24	4	42
5	25	3	190
5	25	4	34
5	26	3	170
5	26	4	48
5	27	3	150
5	27	4	8
5	28	3	185
5	28	4	45
5	29	3	190
5	29	4	45
5	30	3	118
5	30	4	39
5	31	3	161
5	31	4	34
5	32	3	166
5	32	4	39
5	33	3	171
5	33	4	22
5	34	3	166
5	34	4	23
5	35	3	143
5	35	4	48
5	36	3	155
5	36	4	57
5	37	3	138
5	37	4	24
5	38	3	168
5	38	4	66
5	39	3	150
5	39	4	64
5	40	3	214
5	40	4	27
5	41	3	117
5	41	4	10
5	42	3	140
5	42	4	39
5	43	3	164
5	43	4	39
5	44	3	109
5	44	4	47
5	45	3	169
5	45	4	31
5	46	3	184
5	46	4	29
5	47	3	176
5	47	4	23
5	48	3	177
5	48	4	42
5	49	3	212
5	49	4	40
5	50	3	127
5	50	4	38
6	1	4	150
6	2	4	256
6	3	4	191
6	4	4	149
6	5	4	224
6	6	4	250
6	7	4	211
6	8	4	183
6	9	4	119
6	10	4	212
6	11	4	165
6	12	4	203
6	13	4	288
6	14	4	212
6	15	4	206
6	16	4	199
6	17	4	205
6	18	4	252
6	19	4	169
6	20	4	239
6	21	4	200
6	22	4	242
6	23	4	175
6	24	4	240
6	25	4	228
6	26	4	208
6	27	4	198
6	28	4	257
6	29	4	204
6	30	4	131
6	31	4	224
6	32	4	177
6	33	4	203
6	34	4	202
6	35	4	189
6	36	4	212
6	37	4	199
6	38	4	133
6	39	4	147
6	40	4	168
6	41	4	240
6	42	4	165
6	43	4	219
6	44	4	163
6	45	4	261
6	46	4	186
6	47	4	161
6	48	4	180
6	49	4	206
6	50	4	98
7	1	3	214
7	2	3	226
7	3	3	184
7	4	3	199
7	5	3	176
7	6	3	239
7	7	3	256
7	8	3	222
7	9	3	208
7	10	3	241
7	11	3	253
7	12	3	251
7	13	3	218
7	14	3	194
7	15	3	164
7	16	3	147
7	17	3	210
7	18	3	235
7	19	3	201
7	20	3	170
7	21	3	240
7	22	3	218
7	23	3	200
7	24	3	209
7	25	3	150
7	26	3	182
7	27	3	176
7	28	3	122
7	29	3	247
7	30	3	217
7	31	3	253
7	32	3	203
7	33	3	255
7	34	3	202
7	35	3	194
7	36	3	268
7	37	3	181
7	38	3	195
7	39	3	172
7	40	3	272
7	41	3	263
7	42	3	246
7	43	3	205
7	44	3	213
7	45	3	212
7	46	3	179
7	47	3	222
7	48	3	202
7	49	3	196
7	50	3	238
8	1	1	194
8	1	4	74
8	2	1	168
8	2	4	21
8	3	1	135
8	3	4	41
8	4	1	179
8	4	4	19
8	5	1	185
8	5	4	15
8	6	1	204
8	6	4	35
8	7	1	179
8	7	4	39
8	8	1	127
8	8	4	53
8	9	1	90
8	9	4	50
8	10	1	164
8	10	4	41
8	11	1	162
8	11	4	49
8	12	1	147
8	12	4	30
8	13	1	152
8	13	4	59
8	14	1	206
8	14	4	53
8	15	1	175
8	15	4	57
8	16	1	196
8	16	4	30
8	17	1	177
8	17	4	48
8	18	1	185
8	18	4	31
8	19	1	160
8	20	1	152
8	20	4	52
8	21	1	106
8	21	4	68
8	22	1	186
8	22	4	52
8	23	1	135
8	23	4	18
8	24	1	142
8	24	4	39
8	25	1	160
8	25	4	22
8	26	1	151
8	26	4	38
8	27	1	132
8	27	4	39
8	28	1	154
8	28	4	34
8	29	1	214
8	29	4	3
8	30	1	142
8	30	4	24
8	31	1	154
8	31	4	57
8	32	1	117
8	32	4	20
8	33	1	205
8	33	4	36
8	34	1	85
8	34	4	35
8	35	1	156
8	35	4	4
8	36	1	169
8	36	4	25
8	37	1	183
8	37	4	29
8	38	1	139
8	38	4	45
8	39	1	135
8	39	4	61
8	40	1	111
8	40	4	54
8	41	1	167
8	41	4	11
8	42	1	144
8	42	4	8
8	43	1	139
8	43	4	2
8	44	1	156
8	44	4	59
8	45	1	173
8	45	4	36
8	46	1	239
8	46	4	34
8	47	1	159
8	47	4	30
8	48	1	218
8	48	4	31
8	49	1	153
8	49	4	41
8	50	1	183
8	50	4	27
9	1	3	51
9	1	4	22
9	1	5	135
9	2	3	29
9	2	4	26
9	2	5	146
9	3	3	49
9	3	4	50
9	3	5	150
9	4	3	63
9	4	4	23
9	4	5	121
9	5	3	15
9	5	4	28
9	5	5	130
9	6	3	47
9	6	4	34
9	6	5	139
9	7	3	65
9	7	4	31
9	7	5	156
9	8	3	32
9	8	4	61
9	8	5	71
9	9	3	54
9	9	4	51
9	9	5	129
9	10	3	24
9	10	4	63
9	10	5	105
9	11	3	18
9	11	4	29
9	11	5	121
9	12	3	62
9	12	4	24
9	12	5	135
9	13	3	36
9	13	4	50
9	13	5	129
9	14	3	38
9	14	4	45
9	14	5	116
9	15	3	53
9	15	4	53
9	15	5	110
9	16	3	46
9	16	4	29
9	16	5	117
9	17	3	35
9	17	4	38
9	17	5	82
9	18	3	19
9	18	4	44
9	18	5	132
9	19	3	32
9	19	4	62
9	19	5	126
9	20	3	37
9	20	4	19
9	20	5	138
9	21	3	44
9	21	4	20
9	21	5	101
9	22	3	40
9	22	4	45
9	22	5	129
9	23	3	46
9	23	4	26
9	23	5	82
9	24	3	65
9	24	4	26
9	24	5	146
9	25	3	44
9	25	4	45
9	25	5	120
9	26	3	59
9	26	4	32
9	26	5	109
9	27	3	6
9	27	4	59
9	27	5	127
9	28	3	54
9	28	4	12
9	28	5	171
9	29	3	27
9	29	4	32
9	29	5	92
9	30	3	20
9	30	4	53
9	30	5	137
9	31	3	47
9	31	4	25
9	31	5	156
9	32	3	40
9	32	4	69
9	32	5	135
9	33	3	26
9	33	4	26
9	33	5	118
9	34	3	16
9	34	4	42
9	34	5	123
9	35	3	34
9	35	4	27
9	35	5	146
9	36	3	61
9	36	4	34
9	36	5	112
9	37	3	19
9	37	4	50
9	37	5	115
9	38	3	12
9	38	4	35
9	38	5	162
9	39	3	49
9	39	4	28
9	39	5	120
9	40	3	30
9	40	4	35
9	40	5	136
9	41	3	31
9	41	4	49
9	41	5	115
9	42	3	48
9	42	4	49
9	42	5	104
9	43	3	15
9	43	4	20
9	43	5	94
9	44	3	39
9	44	4	67
9	44	5	160
9	45	3	56
9	45	4	52
9	45	5	143
9	46	3	30
9	46	4	37
9	46	5	139
9	47	3	56
9	47	4	54
9	47	5	108
9	48	3	22
9	48	4	36
9	48	5	79
9	49	3	43
9	49	4	8
9	49	5	89
9	50	3	28
9	50	4	32
9	50	5	146
10	1	3	15
10	1	4	180
10	2	3	60
10	2	4	176
10	3	3	45
10	3	4	183
10	4	3	54
10	4	4	145
10	5	3	35
10	5	4	140
10	6	3	21
10	6	4	146
10	7	3	63
10	7	4	100
10	8	3	57
10	8	4	124
10	9	3	41
10	9	4	206
10	10	3	35
10	10	4	162
10	11	3	9
10	11	4	164
10	12	3	19
10	12	4	136
10	13	3	24
10	13	4	113
10	14	3	31
10	14	4	199
10	15	3	35
10	15	4	128
10	16	3	39
10	16	4	211
10	17	3	51
10	17	4	192
10	18	3	54
10	18	4	89
10	19	3	46
10	19	4	90
10	20	3	32
10	20	4	152
10	21	3	52
10	21	4	193
10	22	3	49
10	22	4	176
10	23	3	29
10	23	4	174
10	24	3	38
10	24	4	99
10	25	3	30
10	25	4	112
10	26	3	48
10	26	4	141
10	27	3	14
10	27	4	144
10	28	3	42
10	28	4	149
10	29	3	27
10	29	4	180
10	30	3	32
10	30	4	107
10	31	3	60
10	31	4	178
10	32	3	10
10	32	4	157
10	33	3	38
10	33	4	126
10	34	3	79
10	34	4	144
10	35	3	8
10	35	4	146
10	36	3	52
10	36	4	146
10	37	3	63
10	37	4	145
10	38	3	57
10	38	4	184
10	39	3	35
10	39	4	143
10	40	3	52
10	40	4	183
10	41	3	34
10	41	4	179
10	42	3	35
10	42	4	145
10	43	3	48
10	43	4	111
10	44	3	48
10	44	4	163
10	45	3	24
10	45	4	204
10	46	3	41
10	46	4	193
10	47	3	13
10	47	4	236
10	48	3	56
10	48	4	177
10	49	3	54
10	49	4	171
10	50	3	58
10	50	4	151


Warehouse Inventory (W P T):
1	194		0		1898		1086		266		194	
2	168		0		1960		1136		262		168	
3	844		709		1460		778		0		844	
4	292		113		1525		679		0		292	
5	1225		1040		1420		736		0		1225	
6	763		559		1637		942		0		763	
7	179		0		1651		758		68		179	
8	525		398		1587		730		0		525	
9	886		796		1560		762		0		886	
10	746		582		1624		844		0		746	
11	162		0		1695		957		232		162	
12	979		832		1659		832		0		979	
13	310		158		1499		810		0		310	
14	989		783		1635		894		0		989	
15	1500		1325		1524		818		0		1500	
16	1137		941		1548		818		0		1137	
17	0		1808		1808		1097		279		0	
18	0		1856		1856		1080		280		0	
19	0		1721		1721		970		246		0	
20	0		1878		1878		1150		273		0	
21	0		1925		1925		1032		223		0	
22	0		2009		2009		1191		312		0	
23	0		1841		1841		1032		287		0	
24	0		1875		1875		1061		289		0	
25	0		1657		1657		925		270		0	
26	0		1710		1710		973		275		0	
27	0		1697		1697		1088		270		0	
28	0		1767		1767		1068		360		0	
29	0		1752		1752		1011		304		0	
30	0		1611		1611		958		288		0	
31	0		1967		1967		1114		278		0	
32	0		1893		1893		1167		313		0	
33	842		637		637		651		0		842	
34	85		0		0		963		158		85	
35	255		99		99		741		0		255	
36	1448		1279		1279		772		0		1448	
37	183		0		0		1319		519		183	
38	313		174		174		790		0		313	
39	321		186		186		746		0		321	
40	305		194		194		761		0		305	
41	936		769		769		782		0		936	
42	474		330		330		720		0		474	
43	1067		928		928		706		0		1067	
44	755		599		599		838		0		755	
45	740		567		567		886		0		740	
46	533		294		294		737		0		533	
47	159		0		0		948		51		159	
48	1809		1591		1591		808		0		1809	
49	912		759		759		754		0		912	
50	408		225		225		635		0		408	

Store Inventory (S P T):
Store1
1	50		19		0		0		106		50	
2	101		48		0		0		133		101	
3	129		76		0		0		166		129	
4	76		18		0		0		117		76	
5	62		46		0		0		91		62	
6	59		35		0		0		131		59	
7	66		24		0		0		142		66	
8	88		56		0		0		117		88	
9	65		34		0		0		65		65	
10	106		33		0		0		146		106	
11	56		21		0		0		81		56	
12	128		52		0		0		172		128	
13	31		20		0		0		62		31	
14	99		62		0		0		115		99	
15	79		32		0		0		116		79	
16	54		25		0		0		108		54	
17	86		60		0		0		107		86	
18	92		59		0		0		124		92	
19	78		36		0		0		117		78	
20	96		46		0		0		158		96	
21	78		40		0		0		119		78	
22	71		53		0		0		107		71	
23	84		32		0		0		84		84	
24	75		31		0		0		124		75	
25	59		39		0		0		106		59	
26	69		51		0		0		101		69	
27	101		49		0		0		138		101	
28	59		43		0		0		105		59	
29	74		37		0		0		100		74	
30	81		36		0		0		145		81	
31	120		61		0		0		159		120	
32	73		35		0		0		132		73	
33	76		33		0		0		99		76	
34	110		42		0		0		123		110	
35	92		14		0		0		119		92	
36	58		51		0		0		82		58	
37	92		50		0		0		148		92	
38	54		14		0		0		56		54	
39	58		29		0		0		105		58	
40	37		19		0		0		69		37	
41	88		49		0		0		106		88	
42	72		34		0		0		111		72	
43	72		48		0		0		99		72	
44	85		57		0		0		127		85	
45	36		14		0		0		70		36	
46	77		38		0		0		88		77	
47	78		45		0		0		136		78	
48	99		59		0		0		157		99	
49	61		25		0		0		115		61	
50	77		46		0		0		118		77	
Store2
1	87		46		0		87		87		87	
2	92		40		0		92		92		92	
3	95		53		0		95		95		95	
4	79		47		0		79		79		79	
5	122		84		0		122		122		122	
6	65		27		0		65		65		65	
7	85		37		0		85		85		85	
8	100		50		0		100		100		100	
9	57		23		0		57		57		57	
10	44		28		0		44		44		44	
11	103		61		0		103		103		103	
12	111		59		0		111		111		111	
13	49		25		0		49		49		49	
14	93		43		0		93		93		93	
15	77		29		0		77		77		77	
16	88		45		0		88		88		88	
17	60		29		0		60		60		60	
18	88		52		0		88		88		88	
19	71		40		0		71		71		71	
20	113		54		0		113		113		113	
21	73		21		0		73		73		73	
22	115		37		0		115		115		115	
23	66		46		0		66		66		66	
24	90		48		0		90		90		90	
25	90		52		0		90		90		90	
26	79		36		0		79		79		79	
27	91		45		0		91		91		91	
28	74		36		0		74		74		74	
29	42		30		0		42		42		42	
30	83		51		0		83		83		83	
31	98		60		0		98		98		98	
32	50		14		0		50		50		50	
33	94		35		0		94		94		94	
34	101		71		0		101		101		101	
35	129		54		0		129		129		129	
36	98		72		0		98		98		98	
37	73		18		0		73		73		73	
38	78		52		0		78		78		78	
39	109		44		0		109		109		109	
40	104		62		0		104		104		104	
41	83		48		0		83		83		83	
42	66		36		0		66		66		66	
43	99		45		0		99		99		99	
44	106		62		0		106		106		106	
45	113		73		0		113		113		113	
46	77		32		0		77		77		77	
47	72		48		0		72		72		72	
48	77		58		0		77		77		77	
49	85		29		0		85		85		85	
50	71		36		0		71		71		71	
Store3
1	68		42		0		0		42		68	
2	62		29		0		0		29		62	
3	92		40		0		0		40		92	
4	78		24		0		0		24		78	
5	41		23		0		0		23		41	
6	147		92		0		0		92		147	
7	89		41		0		0		41		89	
8	32		8		0		0		8		32	
9	66		45		0		0		45		66	
10	73		14		0		0		14		73	
11	53		22		0		0		22		53	
12	49		21		0		0		21		49	
13	72		50		0		0		50		72	
14	114		40		0		0		40		114	
15	94		42		0		0		42		94	
16	92		39		0		0		39		92	
17	78		41		0		0		41		78	
18	76		36		0		0		36		76	
19	83		59		0		0		59		83	
20	73		47		0		0		47		73	
21	64		22		0		0		22		64	
22	101		46		0		0		46		101	
23	93		40		0		0		40		93	
24	92		48		0		0		48		92	
25	58		12		0		0		12		58	
26	79		45		0		0		45		79	
27	109		66		0		0		66		109	
28	70		25		0		0		25		70	
29	59		20		0		0		20		59	
30	71		44		0		0		44		71	
31	67		46		0		0		46		67	
32	84		48		0		0		48		84	
33	49		22		0		0		22		49	
34	64		22		0		0		22		64	
35	101		39		0		0		39		101	
36	47		24		0		0		24		47	
37	75		20		0		0		20		75	
38	71		31		0		0		31		71	
39	111		58		0		0		58		111	
40	80		54		0		0		54		80	
41	70		33		0		0		33		70	
42	74		30		0		0		30		74	
43	71		47		0		0		47		71	
44	67		29		0		0		29		67	
45	103		52		0		0		52		103	
46	33		18		0		0		18		33	
47	128		76		0		0		76		128	
48	88		25		0		0		25		88	
49	84		50		0		0		50		84	
50	92		38		0		0		38		92	
Store4
1	55		23		0		55		55		55	
2	30		21		0		30		30		30	
3	56		29		0		56		56		56	
4	92		45		0		92		92		92	
5	87		58		0		87		87		87	
6	18		18		0		18		18		18	
7	59		28		0		59		59		59	
8	102		45		0		102		102		102	
9	79		53		0		79		79		79	
10	104		32		0		104		104		104	
11	83		60		0		83		83		83	
12	83		64		0		83		83		83	
13	48		31		0		48		48		48	
14	61		22		0		61		61		61	
15	64		64		0		64		64		64	
16	51		12		0		51		51		51	
17	126		67		0		126		126		126	
18	96		38		0		96		96		96	
19	80		39		0		80		80		80	
20	38		12		0		38		38		38	
21	90		57		0		90		90		90	
22	97		51		0		97		97		97	
23	73		39		0		73		73		73	
24	80		45		0		80		80		80	
25	83		53		0		83		83		83	
26	54		13		0		54		54		54	
27	78		37		0		78		78		78	
28	72		50		0		72		72		72	
29	49		41		0		49		49		49	
30	80		37		0		80		80		80	
31	87		16		0		87		87		87	
32	118		47		0		118		118		118	
33	59		39		0		59		59		59	
34	89		42		0		89		89		89	
35	77		38		0		77		77		77	
36	62		31		0		62		62		62	
37	68		29		0		68		68		68	
38	89		42		0		89		89		89	
39	115		43		0		115		115		115	
40	41		13		0		41		41		41	
41	97		32		0		97		97		97	
42	72		22		0		72		72		72	
43	96		38		0		96		96		96	
44	81		19		0		81		81		81	
45	65		29		0		65		65		65	
46	62		21		0		62		62		62	
47	85		28		0		85		85		85	
48	85		33		0		85		85		85	
49	107		40		0		107		107		107	
50	93		33		0		93		93		93	
Store5
1	97		49		0		149		149		97	
2	88		54		0		125		125		88	
3	71		26		0		98		98		71	
4	66		44		0		117		117		66	
5	32		6		0		72		72		32	
6	93		55		0		108		108		93	
7	63		45		0		99		99		63	
8	122		62		0		177		177		122	
9	110		64		0		137		137		110	
10	41		23		0		97		97		41	
11	75		28		0		99		99		75	
12	103		44		0		126		126		103	
13	78		40		0		143		143		78	
14	61		14		0		92		92		61	
15	42		13		0		85		85		42	
16	77		32		0		123		123		77	
17	66		8		0		103		103		66	
18	110		33		0		123		123		110	
19	109		42		0		141		141		109	
20	81		67		0		127		127		81	
21	72		31		0		116		116		72	
22	93		42		0		119		119		93	
23	120		67		0		164		164		120	
24	88		34		0		132		132		88	
25	82		37		0		135		135		82	
26	65		36		0		135		135		65	
27	81		33		0		121		121		81	
28	95		58		0		124		124		95	
29	95		50		0		156		156		95	
30	104		56		0		104		104		104	
31	73		41		0		120		120		73	
32	94		42		0		129		129		94	
33	79		41		0		121		121		79	
34	93		39		0		137		137		93	
35	75		49		0		102		102		75	
36	86		27		0		111		111		86	
37	64		33		0		102		102		64	
38	77		30		0		119		119		77	
39	76		45		0		106		106		76	
40	120		73		0		194		194		120	
41	70		23		0		88		88		70	
42	78		34		0		100		100		78	
43	87		42		0		127		127		87	
44	58		29		0		77		77		58	
45	85		40		0		132		132		85	
46	49		21		0		113		113		49	
47	95		40		0		122		122		95	
48	85		45		0		129		129		85	
49	116		64		0		177		177		116	
50	60		50		0		92		92		60	
Store6
1	119		88		39		0		126		119	
2	147		116		69		0		206		147	
3	128		108		59		0		166		128	
4	81		58		28		0		109		81	
5	160		113		56		0		192		160	
6	167		122		60		0		189		167	
7	134		91		32		0		173		134	
8	101		64		21		0		138		101	
9	77		67		40		0		119		77	
10	98		61		31		0		149		98	
11	84		51		19		0		103		84	
12	126		60		52		0		157		126	
13	191		133		84		0		223		191	
14	137		72		38		0		181		137	
15	141		101		55		0		162		141	
16	113		67		52		0		156		113	
17	113		80		21		0		154		113	
18	147		97		48		0		180		147	
19	115		105		59		0		129		115	
20	109		54		35		0		171		109	
21	133		83		43		0		173		133	
22	139		101		52		0		186		139	
23	90		60		29		0		134		90	
24	163		101		75		0		178		163	
25	141		94		57		0		191		141	
26	138		82		58		0		169		138	
27	102		47		22		0		143		102	
28	132		104		54		0		206		132	
29	115		83		30		0		158		115	
30	98		80		42		0		112		98	
31	124		75		30		0		157		124	
32	92		76		44		0		136		92	
33	155		109		45		0		174		155	
34	97		57		11		0		178		97	
35	132		81		44		0		163		132	
36	99		61		42		0		172		99	
37	108		58		44		0		169		108	
38	84		50		34		0		118		84	
39	65		41		18		0		106		65	
40	81		74		19		0		132		81	
41	119		84		44		0		170		119	
42	107		72		36		0		140		107	
43	85		71		32		0		158		85	
44	110		83		45		0		124		110	
45	174		105		58		0		213		174	
46	79		37		30		0		134		79	
47	93		69		19		0		132		93	
48	92		72		36		0		118		92	
49	110		107		46		0		165		110	
50	71		39		27		0		94		71	
Store7
1	68		13		0		168		114		68	
2	62		35		0		159		114		62	
3	106		58		0		169		137		106	
4	77		41		0		162		115		77	
5	73		28		0		174		137		73	
6	75		50		0		194		136		75	
7	96		54		0		174		136		96	
8	67		36		0		169		121		67	
9	96		45		0		160		117		96	
10	115		60		0		196		163		115	
11	96		43		0		214		162		96	
12	70		26		0		196		135		70	
13	113		57		0		181		150		113	
14	71		22		0		143		122		71	
15	67		17		0		141		105		67	
16	53		36		0		134		104		53	
17	79		55		0		164		132		79	
18	95		39		0		192		140		95	
19	62		32		0		122		101		62	
20	58		46		0		103		90		58	
21	74		33		0		169		133		74	
22	74		33		0		165		111		74	
23	67		34		0		152		100		67	
24	83		57		0		179		145		83	
25	62		9		0		106		87		62	
26	93		58		0		156		127		93	
27	87		34		0		124		109		87	
28	41		6		0		94		79		41	
29	125		51		0		181		153		125	
30	64		37		0		180		122		64	
31	102		52		0		201		151		102	
32	68		49		0		159		123		68	
33	117		52		0		214		154		117	
34	62		35		0		148		100		62	
35	87		36		0		168		124		87	
36	122		67		0		204		179		122	
37	67		39		0		139		106		67	
38	97		35		0		167		120		97	
39	66		42		0		128		101		66	
40	137		73		0		230		197		137	
41	83		51		0		199		131		83	
42	110		58		0		208		149		110	
43	104		64		0		175		120		104	
44	80		19		0		154		111		80	
45	85		31		0		156		116		85	
46	54		28		0		148		98		54	
47	124		60		0		212		155		124	
48	41		25		0		159		92		41	
49	84		38		0		161		111		84	
50	98		43		0		196		140		98	
Store8
1	0		164		87		59		59		0	
2	0		100		61		33		33		0	
3	0		96		90		41		41		0	
4	0		132		101		48		48		0	
5	0		156		89		43		43		0	
6	0		151		121		51		51		0	
7	0		131		99		54		54		0	
8	0		80		50		34		34		0	
9	0		74		22		12		12		0	
10	0		114		73		34		34		0	
11	0		123		89		55		55		0	
12	0		119		94		37		37		0	
13	0		114		65		37		37		0	
14	0		167		115		75		75		0	
15	0		126		66		21		21		0	
16	0		131		75		40		40		0	
17	0		162		92		49		49		0	
18	0		134		98		72		72		0	
19	0		98		87		29		29		0	
20	0		102		70		42		42		0	
21	0		78		68		37		37		0	
22	0		126		92		63		63		0	
23	0		85		40		22		22		0	
24	0		97		52		25		25		0	
25	0		114		91		39		39		0	
26	0		89		66		42		42		0	
27	0		114		67		34		34		0	
28	0		137		100		41		41		0	
29	0		151		97		42		42		0	
30	0		105		68		43		43		0	
31	0		134		83		42		42		0	
32	0		79		75		39		39		0	
33	0		159		86		44		44		0	
34	0		65		47		7		7		0	
35	0		119		72		46		46		0	
36	0		134		91		54		54		0	
37	0		142		118		61		61		0	
38	0		129		78		35		35		0	
39	0		83		45		15		15		0	
40	0		72		49		15		15		0	
41	0		122		68		32		32		0	
42	0		118		77		48		48		0	
43	0		98		73		50		50		0	
44	0		129		92		40		40		0	
45	0		135		93		28		28		0	
46	0		191		135		73		73		0	
47	0		142		109		58		58		0	
48	0		172		108		38		38		0	
49	0		103		75		33		33		0	
50	0		147		95		53		53		0	
Store9
1	82		25		0		0		0		82	
2	100		52		0		0		0		100	
3	101		34		0		0		0		101	
4	80		40		0		0		0		80	
5	68		40		0		0		0		68	
6	94		39		0		0		0		94	
7	136		84		0		0		0		136	
8	40		6		0		0		0		40	
9	93		61		0		0		0		93	
10	77		57		0		0		0		77	
11	82		30		0		0		0		82	
12	88		43		0		0		0		88	
13	98		47		0		0		0		98	
14	82		11		0		0		0		82	
15	79		47		0		0		0		79	
16	59		53		0		0		0		59	
17	50		33		0		0		0		50	
18	84		33		0		0		0		84	
19	83		51		0		0		0		83	
20	56		19		0		0		0		56	
21	80		41		0		0		0		80	
22	84		54		0		0		0		84	
23	66		25		0		0		0		66	
24	87		32		0		0		0		87	
25	98		53		0		0		0		98	
26	82		60		0		0		0		82	
27	46		19		0		0		0		46	
28	95		42		0		0		0		95	
29	63		29		0		0		0		63	
30	108		31		0		0		0		108	
31	121		63		0		0		0		121	
32	92		34		0		0		0		92	
33	75		25		0		0		0		75	
34	92		38		0		0		0		92	
35	105		56		0		0		0		105	
36	73		33		0		0		0		73	
37	87		37		0		0		0		87	
38	117		64		0		0		0		117	
39	71		30		0		0		0		71	
40	109		76		0		0		0		109	
41	77		49		0		0		0		77	
42	59		28		0		0		0		59	
43	76		51		0		0		0		76	
44	93		57		0		0		0		93	
45	98		48		0		0		0		98	
46	90		45		0		0		0		90	
47	84		34		0		0		0		84	
48	61		25		0		0		0		61	
49	79		51		0		0		0		79	
50	101		40		0		0		0		101	
Store10
1	81		24		0		0		130		81	
2	90		51		0		0		131		90	
3	120		60		0		0		161		120	
4	73		42		0		0		125		73	
5	45		30		0		0		98		45	
6	63		24		0		0		91		63	
7	51		15		0		0		81		51	
8	50		19		0		0		83		50	
9	114		39		0		0		166		114	
10	67		57		0		0		109		67	
11	90		41		0		0		106		90	
12	94		59		0		0		110		94	
13	81		31		0		0		113		81	
14	92		46		0		0		140		92	
15	78		39		0		0		108		78	
16	93		48		0		0		167		93	
17	71		20		0		0		120		71	
18	52		25		0		0		52		52	
19	36		1		0		0		53		36	
20	85		52		0		0		116		85	
21	84		55		0		0		143		84	
22	86		31		0		0		119		86	
23	78		36		0		0		125		78	
24	56		12		0		0		73		56	
25	57		30		0		0		77		57	
26	83		63		0		0		116		83	
27	61		25		0		0		108		61	
28	79		28		0		0		109		79	
29	84		37		0		0		138		84	
30	57		26		0		0		79		57	
31	70		41		0		0		130		70	
32	66		32		0		0		121		66	
33	87		40		0		0		87		87	
34	79		37		0		0		119		79	
35	69		25		0		0		109		69	
36	37		19		0		0		91		37	
37	48		14		0		0		108		48	
38	91		22		0		0		129		91	
39	84		46		0		0		107		84	
40	84		40		0		0		144		84	
41	113		60		0		0		145		113	
42	84		43		0		0		108		84	
43	35		34		0		0		70		35	
44	85		38		0		0		130		85	
45	84		35		0		0		159		84	
46	89		32		0		0		143		89	
47	137		47		0		0		204		137	
48	98		42		0		0		142		98	
49	110		75		0		0		129		110	
50	82		43		0		0		122		82	


Shipments from Vendor to Warehouse (V T):
0	0.6097934	0	0	0.5370253	
0.9562993	0	0	0	0	
0	0	0.8731461	0	0.6911113	

Shipments from Warehouse to Stores (S T):
1	3	0.114348
1	4	0.4232173
1	5	0.1925933
2	3	0.3033226
2	4	0.18356
2	5	0.279832
3	3	0.1233653
3	4	0.2381433
3	5	0.3105213
4	3	0.2480793
4	4	0.1920953
4	5	0.2586327
5	3	0.3301287
5	4	0.2484413
5	5	0.2032733
6	4	0.526106
6	5	0.1995533
7	3	0.4575993
7	4	0.09924
7	5	0.1873567
8	1	0.2936173
8	3	0.02803333
8	4	0.2510667
8	5	0.2153333
9	3	0.1287373
9	4	0.1724927
9	5	0.4369434
10	3	0.1503687
10	4	0.41609
10	5	0.2310033


Required Putaway workers (Sol T):
2	3	2	3	2	

No of required pickers (T):
2	0	7	9	9	

No of part-time putaway workers (T):
0	1	0	1	0	

No of part-time pickers (T):
0	0	1	3	3	

Best Putaway Technology: 2400
Best Picking Technology: 1000

Required Fashion Putaway Hours:
0	16.125	4.327083	20.56875	0	

Required Basic Putaway Hours:
13.0975	7.3525	8.390417	0	12.84167	

Required Total Putaway Hours:
13.0975	23.4775	12.7175	20.56875	12.84167	

No of required fashion pick hours:
0	0	10.615	31.825	56.01	

No of required basic pick hours:
8.044	0	38.563	38.951	14.479	

No of required total pick hours:
8.044	0	49.178	70.776	70.489	

List of all the costs: 
MHECost		444
PutawayTechCost		3540
PickingTechCost		9130
WhBasicInvCost		1829.149
BasicInbCost		6421.868
WhFashionInvCost		1331.8
FashionInbCost		7128.98
PutawayCost		3680
StoreBasicInvCost		6910.5
StoreFashionInvCost		7575.25
OutboundCost		32485.46
PickingCost		11280
Total		91757.01

List of Top5 Technologies: 
Tech1		3	6	$ 91757.01
Tech2		2	6	$ 99863.06
Tech3		1	6	$ 104821.8
Tech4		1	3	$ 127195.9
Tech5		1	1	$ 194724.3
The start time is 1/1/2015 2:15:14 AM
The End time is 1/1/2015 2:16:22 AM
