Printing New Fashion Solution:

Inbound Fashion Solution (V F T):
1	1	1	1780
1	2	1	1905
1	3	1	1915
1	4	1	1745
1	5	1	1605
1	6	1	2000
1	7	1	1675
1	8	1	2140
1	9	1	1885
1	10	1	1955
1	11	1	1955
1	12	1	2340
1	13	1	1845
1	14	1	1325
1	15	1	2495
1	16	1	2215
1	17	1	2075
1	18	1	2490
1	19	1	1715
1	20	1	2035
1	21	1	1830
1	22	1	2000
1	23	1	2165
1	24	1	2120
1	25	1	1875
2	26	3	1965
2	27	4	1685
2	28	3	1930
2	29	4	2230
2	30	3	2245
2	31	4	1855
2	32	4	1815
2	33	3	2065
2	34	3	2200
2	35	3	1780
2	36	4	1720
2	37	4	1575
2	38	4	2355
2	39	4	1965
2	40	3	1900
2	41	4	2125
2	42	3	1775
2	43	3	2170
2	44	3	2190
2	45	4	2180
2	46	4	1930
2	47	3	1840
2	48	4	1970
2	49	4	2080
2	50	3	1820


Outbound Fashion Solution(S F T):
1	1	3	120
1	2	4	385
1	3	2	110
1	4	3	60
1	5	3	60
1	6	3	210
1	7	2	270
1	8	4	170
1	9	3	175
1	10	2	210
1	11	3	290
1	12	3	175
1	13	3	255
1	15	3	225
1	16	4	125
1	17	3	175
1	18	4	235
1	19	3	180
1	20	3	290
1	21	3	275
1	22	3	210
1	23	3	295
1	24	3	165
1	25	3	250
1	26	5	175
1	27	5	85
1	28	5	270
1	29	5	175
1	30	5	170
1	31	5	95
1	32	5	145
1	33	5	160
1	34	5	225
1	35	5	140
1	36	5	310
1	37	5	175
1	38	5	290
1	39	5	95
1	40	5	85
1	41	5	225
1	42	5	220
1	43	5	205
1	44	5	335
1	45	5	230
1	46	5	145
1	47	5	205
1	48	5	155
1	49	5	150
1	50	5	75
2	1	3	140
2	2	3	175
2	3	3	95
2	4	4	280
2	5	3	115
2	6	3	5
2	7	3	385
2	8	3	275
2	9	2	190
2	10	3	160
2	11	3	255
2	12	2	50
2	13	3	165
2	14	3	160
2	15	4	385
2	16	3	215
2	17	3	310
2	18	3	250
2	19	3	215
2	20	2	210
2	21	3	15
2	22	3	245
2	23	4	120
2	24	4	205
2	25	2	280
2	26	4	170
2	27	5	300
2	28	5	90
2	29	5	235
2	30	4	305
2	31	5	195
2	32	5	220
2	33	5	320
2	34	5	220
2	35	4	165
2	37	5	165
2	38	5	165
2	39	5	305
2	40	5	245
2	41	5	225
2	42	4	40
2	43	5	135
2	44	5	115
2	45	5	230
2	46	5	285
2	48	5	150
2	49	5	245
2	50	5	345
3	1	4	170
3	2	3	160
3	3	3	185
3	4	3	30
3	5	2	130
3	6	3	165
3	7	2	70
3	8	2	160
3	9	3	190
3	10	3	150
3	11	2	220
3	12	2	215
3	13	4	180
3	15	3	170
3	16	4	190
3	17	2	280
3	18	3	205
3	19	2	225
3	20	2	175
3	21	2	245
3	22	3	165
3	23	3	255
3	24	2	165
3	25	2	85
3	26	4	195
3	27	5	230
3	28	5	225
3	29	5	90
3	30	5	95
3	31	5	185
3	32	5	155
3	33	4	230
3	34	5	255
3	35	4	180
3	36	5	175
3	37	5	45
3	38	5	275
3	39	5	125
3	40	5	200
3	41	5	95
3	42	5	50
3	43	5	320
3	44	5	285
3	45	5	130
3	46	5	190
3	47	5	220
3	48	5	165
3	49	5	65
3	50	5	180
4	1	3	185
4	2	2	40
4	3	3	150
4	4	4	195
4	5	3	115
4	6	3	285
4	7	2	95
4	8	3	210
4	9	2	165
4	10	3	180
4	11	4	265
4	12	3	320
4	13	3	95
4	14	2	115
4	15	2	315
4	16	4	220
4	17	3	130
4	18	4	180
4	19	3	100
4	20	3	220
4	21	4	175
4	22	2	195
4	23	3	130
4	24	4	240
4	25	3	180
4	26	5	25
4	27	5	160
4	28	5	105
4	29	5	135
4	30	4	220
4	31	5	190
4	32	5	170
4	33	4	305
4	34	5	275
4	35	4	190
4	36	5	75
4	37	5	195
4	38	5	160
4	39	5	285
4	40	5	125
4	41	5	180
4	42	5	130
4	43	5	165
4	44	5	235
4	45	5	200
4	46	5	135
4	47	5	190
4	48	5	185
4	49	5	150
4	50	5	15
5	1	2	100
5	2	3	80
5	3	3	280
5	4	3	315
5	5	4	170
5	6	4	380
5	7	2	70
5	8	3	195
5	9	4	150
5	10	3	350
5	11	3	150
5	12	3	350
5	13	4	255
5	14	2	305
5	15	3	155
5	16	4	285
5	17	3	70
5	18	3	140
5	19	2	150
5	20	4	225
5	21	2	190
5	22	2	175
5	23	4	190
5	24	4	170
5	25	4	70
5	26	5	355
5	27	5	155
5	28	5	235
5	29	5	275
5	30	5	320
5	31	5	255
5	32	5	240
5	33	4	115
5	34	4	180
5	35	5	260
5	36	5	140
5	37	5	105
5	38	5	255
5	39	5	275
5	40	4	145
5	41	5	310
5	42	5	340
5	43	5	140
5	44	5	280
5	45	5	260
5	46	5	130
5	47	4	35
5	48	5	210
5	49	5	245
5	50	5	155
6	1	2	200
6	2	4	150
6	3	3	330
6	4	3	215
6	5	3	225
6	6	3	255
6	7	2	230
6	8	4	130
6	9	3	95
6	10	2	190
6	11	4	195
6	12	4	305
6	13	4	90
6	14	3	115
6	15	4	190
6	16	3	160
6	17	4	205
6	18	3	270
6	19	3	195
6	20	3	130
6	21	3	175
6	22	2	190
6	23	3	145
6	24	2	145
6	25	3	160
6	26	5	160
6	27	5	255
6	28	5	190
6	29	5	205
6	30	5	190
6	31	5	250
6	32	5	270
6	33	5	200
6	34	5	255
6	35	5	65
6	36	5	150
6	37	5	100
6	38	5	170
6	39	5	115
6	40	4	240
6	41	5	200
6	42	5	190
6	43	5	230
6	44	5	85
6	45	5	165
6	46	5	210
6	47	5	365
6	48	5	210
6	49	5	255
6	50	5	215
7	1	2	210
7	2	3	225
7	3	3	215
7	4	4	115
7	5	3	245
7	6	3	155
7	7	4	80
7	8	4	125
7	9	3	250
7	10	4	160
7	11	4	170
7	12	3	170
7	13	4	195
7	14	4	180
7	15	4	200
7	16	3	230
7	17	4	145
7	18	2	425
7	19	4	140
7	20	4	320
7	21	3	140
7	22	3	140
7	23	2	215
7	24	4	225
7	25	3	195
7	26	4	175
7	27	5	295
7	28	5	225
7	29	5	90
7	30	4	330
7	31	5	50
7	32	5	120
7	33	5	95
7	34	5	205
7	35	5	100
7	36	5	345
7	37	5	70
7	38	5	220
7	39	5	170
7	40	4	190
7	41	5	195
7	42	5	175
7	43	5	205
7	44	5	295
7	45	5	170
7	46	5	195
7	47	4	195
7	48	5	160
7	49	5	400
7	50	5	75
8	1	4	260
8	2	2	185
8	3	2	225
8	4	3	160
8	5	2	175
8	6	3	120
8	7	3	130
8	8	4	240
8	9	3	205
8	10	2	185
8	11	3	135
8	12	3	400
8	13	2	200
8	14	3	130
8	15	2	240
8	16	2	240
8	17	3	300
8	18	4	325
8	19	4	300
8	20	3	110
8	21	3	150
8	22	2	210
8	23	2	430
8	24	3	270
8	25	3	75
8	26	4	235
8	27	5	90
8	28	4	190
8	29	5	360
8	30	5	265
8	31	5	185
8	32	5	160
8	33	4	290
8	34	5	365
8	35	4	220
8	36	5	245
8	37	5	180
8	38	5	350
8	39	5	175
8	40	4	220
8	41	5	235
8	42	5	240
8	43	4	270
8	44	5	245
8	45	5	185
8	46	5	180
8	47	5	100
8	48	5	275
8	49	5	160
8	50	5	365
9	1	3	200
9	2	3	200
9	3	3	125
9	4	3	135
9	5	2	185
9	6	3	190
9	7	3	130
9	8	4	255
9	9	2	325
9	10	4	205
9	11	3	180
9	12	4	130
9	13	3	125
9	14	2	155
9	15	4	360
9	16	3	285
9	17	3	95
9	18	2	215
9	19	2	65
9	20	4	195
9	21	4	260
9	22	3	170
9	23	4	145
9	24	4	185
9	25	3	185
9	26	5	150
9	27	5	30
9	28	5	275
9	29	5	330
9	30	4	315
9	31	5	255
9	32	5	150
9	33	5	265
9	34	5	65
9	35	5	275
9	36	5	160
9	37	5	270
9	38	5	265
9	39	5	170
9	40	5	180
9	41	5	275
9	42	5	175
9	43	5	230
9	44	5	175
9	45	5	150
9	46	5	245
9	47	4	265
9	48	5	170
9	49	5	130
9	50	5	250
10	1	4	195
10	2	2	305
10	3	2	200
10	4	3	240
10	5	4	185
10	6	4	235
10	7	2	215
10	8	4	380
10	9	4	140
10	10	3	165
10	11	3	95
10	12	4	225
10	13	3	285
10	14	3	165
10	15	2	255
10	16	2	265
10	17	3	365
10	18	3	245
10	19	4	145
10	20	4	160
10	21	2	205
10	22	4	300
10	23	3	240
10	24	4	350
10	25	4	395
10	26	5	325
10	27	5	85
10	28	5	125
10	29	5	335
10	30	5	35
10	31	5	195
10	32	5	185
10	33	5	85
10	34	5	155
10	35	5	185
10	36	5	120
10	37	5	270
10	38	5	205
10	39	5	250
10	40	5	270
10	41	5	185
10	42	5	215
10	43	5	270
10	44	5	140
10	45	5	460
10	46	5	215
10	47	5	265
10	48	5	290
10	49	5	280
10	50	4	145


Warehouse Fashion Inventory (W F T):
1	1780		1270		625		0		0	
2	1905		1375		535		0		0	
3	1915		1380		0		0		0	
4	1745		1745		590		0		0	
5	1605		1115		355		0		0	
6	2000		2000		615		0		0	
7	1675		725		80		0		0	
8	2140		1980		1300		0		0	
9	1885		1205		290		0		0	
10	1955		1370		365		0		0	
11	1955		1735		630		0		0	
12	2340		2075		660		0		0	
13	1845		1645		720		0		0	
14	1325		750		180		0		0	
15	2495		1685		1135		0		0	
16	2215		1710		820		0		0	
17	2075		1795		350		0		0	
18	2490		1850		740		0		0	
19	1715		1275		585		0		0	
20	2035		1650		900		0		0	
21	1830		1190		435		0		0	
22	2000		1230		300		0		0	
23	2165		1520		455		0		0	
24	2120		1810		1375		0		0	
25	1875		1510		465		0		0	
26	0		0		1965		1190		0	
27	0		0		0		1685		0	
28	0		0		1930		1740		0	
29	0		0		0		2230		0	
30	0		0		2245		1075		0	
31	0		0		0		1855		0	
32	0		0		0		1815		0	
33	0		0		2065		1125		0	
34	0		0		2200		2020		0	
35	0		0		1780		1025		0	
36	0		0		0		1720		0	
37	0		0		0		1575		0	
38	0		0		0		2355		0	
39	0		0		0		1965		0	
40	0		0		1900		1105		0	
41	0		0		0		2125		0	
42	0		0		1775		1735		0	
43	0		0		2170		1900		0	
44	0		0		2190		2190		0	
45	0		0		0		2180		0	
46	0		0		0		1930		0	
47	0		0		1840		1345		0	
48	0		0		0		1970		0	
49	0		0		0		2080		0	
50	0		0		1820		1675		0	

Store Fashion Inventory (S F T):
Store1
1	0		120		120		120	
2	0		0		385		385	
3	110		110		110		110	
4	0		60		60		60	
5	0		60		60		60	
6	0		210		210		210	
7	270		270		270		270	
8	0		0		170		170	
9	0		175		175		175	
10	210		210		210		210	
11	0		290		290		290	
12	0		175		175		175	
13	0		255		255		255	
14	0		0		0		0	
15	0		225		225		225	
16	0		0		125		125	
17	0		175		175		175	
18	0		0		235		235	
19	0		180		180		180	
20	0		290		290		290	
21	0		275		275		275	
22	0		210		210		210	
23	0		295		295		295	
24	0		165		165		165	
25	0		250		250		250	
26	0		0		0		175	
27	0		0		0		85	
28	0		0		0		270	
29	0		0		0		175	
30	0		0		0		170	
31	0		0		0		95	
32	0		0		0		145	
33	0		0		0		160	
34	0		0		0		225	
35	0		0		0		140	
36	0		0		0		310	
37	0		0		0		175	
38	0		0		0		290	
39	0		0		0		95	
40	0		0		0		85	
41	0		0		0		225	
42	0		0		0		220	
43	0		0		0		205	
44	0		0		0		335	
45	0		0		0		230	
46	0		0		0		145	
47	0		0		0		205	
48	0		0		0		155	
49	0		0		0		150	
50	0		0		0		75	
Store2
1	0		140		140		140	
2	0		175		175		175	
3	0		95		95		95	
4	0		0		280		280	
5	0		115		115		115	
6	0		5		5		5	
7	0		385		385		385	
8	0		275		275		275	
9	190		190		190		190	
10	0		160		160		160	
11	0		255		255		255	
12	50		50		50		50	
13	0		165		165		165	
14	0		160		160		160	
15	0		0		385		385	
16	0		215		215		215	
17	0		310		310		310	
18	0		250		250		250	
19	0		215		215		215	
20	210		210		210		210	
21	0		15		15		15	
22	0		245		245		245	
23	0		0		120		120	
24	0		0		205		205	
25	280		280		280		280	
26	0		0		170		170	
27	0		0		0		300	
28	0		0		0		90	
29	0		0		0		235	
30	0		0		305		305	
31	0		0		0		195	
32	0		0		0		220	
33	0		0		0		320	
34	0		0		0		220	
35	0		0		165		165	
36	0		0		0		0	
37	0		0		0		165	
38	0		0		0		165	
39	0		0		0		305	
40	0		0		0		245	
41	0		0		0		225	
42	0		0		40		40	
43	0		0		0		135	
44	0		0		0		115	
45	0		0		0		230	
46	0		0		0		285	
47	0		0		0		0	
48	0		0		0		150	
49	0		0		0		245	
50	0		0		0		345	
Store3
1	0		0		170		170	
2	0		160		160		160	
3	0		185		185		185	
4	0		30		30		30	
5	130		130		130		130	
6	0		165		165		165	
7	70		70		70		70	
8	160		160		160		160	
9	0		190		190		190	
10	0		150		150		150	
11	220		220		220		220	
12	215		215		215		215	
13	0		0		180		180	
14	0		0		0		0	
15	0		170		170		170	
16	0		0		190		190	
17	280		280		280		280	
18	0		205		205		205	
19	225		225		225		225	
20	175		175		175		175	
21	245		245		245		245	
22	0		165		165		165	
23	0		255		255		255	
24	165		165		165		165	
25	85		85		85		85	
26	0		0		195		195	
27	0		0		0		230	
28	0		0		0		225	
29	0		0		0		90	
30	0		0		0		95	
31	0		0		0		185	
32	0		0		0		155	
33	0		0		230		230	
34	0		0		0		255	
35	0		0		180		180	
36	0		0		0		175	
37	0		0		0		45	
38	0		0		0		275	
39	0		0		0		125	
40	0		0		0		200	
41	0		0		0		95	
42	0		0		0		50	
43	0		0		0		320	
44	0		0		0		285	
45	0		0		0		130	
46	0		0		0		190	
47	0		0		0		220	
48	0		0		0		165	
49	0		0		0		65	
50	0		0		0		180	
Store4
1	0		185		185		185	
2	40		40		40		40	
3	0		150		150		150	
4	0		0		195		195	
5	0		115		115		115	
6	0		285		285		285	
7	95		95		95		95	
8	0		210		210		210	
9	165		165		165		165	
10	0		180		180		180	
11	0		0		265		265	
12	0		320		320		320	
13	0		95		95		95	
14	115		115		115		115	
15	315		315		315		315	
16	0		0		220		220	
17	0		130		130		130	
18	0		0		180		180	
19	0		100		100		100	
20	0		220		220		220	
21	0		0		175		175	
22	195		195		195		195	
23	0		130		130		130	
24	0		0		240		240	
25	0		180		180		180	
26	0		0		0		25	
27	0		0		0		160	
28	0		0		0		105	
29	0		0		0		135	
30	0		0		220		220	
31	0		0		0		190	
32	0		0		0		170	
33	0		0		305		305	
34	0		0		0		275	
35	0		0		190		190	
36	0		0		0		75	
37	0		0		0		195	
38	0		0		0		160	
39	0		0		0		285	
40	0		0		0		125	
41	0		0		0		180	
42	0		0		0		130	
43	0		0		0		165	
44	0		0		0		235	
45	0		0		0		200	
46	0		0		0		135	
47	0		0		0		190	
48	0		0		0		185	
49	0		0		0		150	
50	0		0		0		15	
Store5
1	100		100		100		100	
2	0		80		80		80	
3	0		280		280		280	
4	0		315		315		315	
5	0		0		170		170	
6	0		0		380		380	
7	70		70		70		70	
8	0		195		195		195	
9	0		0		150		150	
10	0		350		350		350	
11	0		150		150		150	
12	0		350		350		350	
13	0		0		255		255	
14	305		305		305		305	
15	0		155		155		155	
16	0		0		285		285	
17	0		70		70		70	
18	0		140		140		140	
19	150		150		150		150	
20	0		0		225		225	
21	190		190		190		190	
22	175		175		175		175	
23	0		0		190		190	
24	0		0		170		170	
25	0		0		70		70	
26	0		0		0		355	
27	0		0		0		155	
28	0		0		0		235	
29	0		0		0		275	
30	0		0		0		320	
31	0		0		0		255	
32	0		0		0		240	
33	0		0		115		115	
34	0		0		180		180	
35	0		0		0		260	
36	0		0		0		140	
37	0		0		0		105	
38	0		0		0		255	
39	0		0		0		275	
40	0		0		145		145	
41	0		0		0		310	
42	0		0		0		340	
43	0		0		0		140	
44	0		0		0		280	
45	0		0		0		260	
46	0		0		0		130	
47	0		0		35		35	
48	0		0		0		210	
49	0		0		0		245	
50	0		0		0		155	
Store6
1	200		200		200		200	
2	0		0		150		150	
3	0		330		330		330	
4	0		215		215		215	
5	0		225		225		225	
6	0		255		255		255	
7	230		230		230		230	
8	0		0		130		130	
9	0		95		95		95	
10	190		190		190		190	
11	0		0		195		195	
12	0		0		305		305	
13	0		0		90		90	
14	0		115		115		115	
15	0		0		190		190	
16	0		160		160		160	
17	0		0		205		205	
18	0		270		270		270	
19	0		195		195		195	
20	0		130		130		130	
21	0		175		175		175	
22	190		190		190		190	
23	0		145		145		145	
24	145		145		145		145	
25	0		160		160		160	
26	0		0		0		160	
27	0		0		0		255	
28	0		0		0		190	
29	0		0		0		205	
30	0		0		0		190	
31	0		0		0		250	
32	0		0		0		270	
33	0		0		0		200	
34	0		0		0		255	
35	0		0		0		65	
36	0		0		0		150	
37	0		0		0		100	
38	0		0		0		170	
39	0		0		0		115	
40	0		0		240		240	
41	0		0		0		200	
42	0		0		0		190	
43	0		0		0		230	
44	0		0		0		85	
45	0		0		0		165	
46	0		0		0		210	
47	0		0		0		365	
48	0		0		0		210	
49	0		0		0		255	
50	0		0		0		215	
Store7
1	210		210		210		210	
2	0		225		225		225	
3	0		215		215		215	
4	0		0		115		115	
5	0		245		245		245	
6	0		155		155		155	
7	0		0		80		80	
8	0		0		125		125	
9	0		250		250		250	
10	0		0		160		160	
11	0		0		170		170	
12	0		170		170		170	
13	0		0		195		195	
14	0		0		180		180	
15	0		0		200		200	
16	0		230		230		230	
17	0		0		145		145	
18	425		425		425		425	
19	0		0		140		140	
20	0		0		320		320	
21	0		140		140		140	
22	0		140		140		140	
23	215		215		215		215	
24	0		0		225		225	
25	0		195		195		195	
26	0		0		175		175	
27	0		0		0		295	
28	0		0		0		225	
29	0		0		0		90	
30	0		0		330		330	
31	0		0		0		50	
32	0		0		0		120	
33	0		0		0		95	
34	0		0		0		205	
35	0		0		0		100	
36	0		0		0		345	
37	0		0		0		70	
38	0		0		0		220	
39	0		0		0		170	
40	0		0		190		190	
41	0		0		0		195	
42	0		0		0		175	
43	0		0		0		205	
44	0		0		0		295	
45	0		0		0		170	
46	0		0		0		195	
47	0		0		195		195	
48	0		0		0		160	
49	0		0		0		400	
50	0		0		0		75	
Store8
1	0		0		260		260	
2	185		185		185		185	
3	225		225		225		225	
4	0		160		160		160	
5	175		175		175		175	
6	0		120		120		120	
7	0		130		130		130	
8	0		0		240		240	
9	0		205		205		205	
10	185		185		185		185	
11	0		135		135		135	
12	0		400		400		400	
13	200		200		200		200	
14	0		130		130		130	
15	240		240		240		240	
16	240		240		240		240	
17	0		300		300		300	
18	0		0		325		325	
19	0		0		300		300	
20	0		110		110		110	
21	0		150		150		150	
22	210		210		210		210	
23	430		430		430		430	
24	0		270		270		270	
25	0		75		75		75	
26	0		0		235		235	
27	0		0		0		90	
28	0		0		190		190	
29	0		0		0		360	
30	0		0		0		265	
31	0		0		0		185	
32	0		0		0		160	
33	0		0		290		290	
34	0		0		0		365	
35	0		0		220		220	
36	0		0		0		245	
37	0		0		0		180	
38	0		0		0		350	
39	0		0		0		175	
40	0		0		220		220	
41	0		0		0		235	
42	0		0		0		240	
43	0		0		270		270	
44	0		0		0		245	
45	0		0		0		185	
46	0		0		0		180	
47	0		0		0		100	
48	0		0		0		275	
49	0		0		0		160	
50	0		0		0		365	
Store9
1	0		200		200		200	
2	0		200		200		200	
3	0		125		125		125	
4	0		135		135		135	
5	185		185		185		185	
6	0		190		190		190	
7	0		130		130		130	
8	0		0		255		255	
9	325		325		325		325	
10	0		0		205		205	
11	0		180		180		180	
12	0		0		130		130	
13	0		125		125		125	
14	155		155		155		155	
15	0		0		360		360	
16	0		285		285		285	
17	0		95		95		95	
18	215		215		215		215	
19	65		65		65		65	
20	0		0		195		195	
21	0		0		260		260	
22	0		170		170		170	
23	0		0		145		145	
24	0		0		185		185	
25	0		185		185		185	
26	0		0		0		150	
27	0		0		0		30	
28	0		0		0		275	
29	0		0		0		330	
30	0		0		315		315	
31	0		0		0		255	
32	0		0		0		150	
33	0		0		0		265	
34	0		0		0		65	
35	0		0		0		275	
36	0		0		0		160	
37	0		0		0		270	
38	0		0		0		265	
39	0		0		0		170	
40	0		0		0		180	
41	0		0		0		275	
42	0		0		0		175	
43	0		0		0		230	
44	0		0		0		175	
45	0		0		0		150	
46	0		0		0		245	
47	0		0		265		265	
48	0		0		0		170	
49	0		0		0		130	
50	0		0		0		250	
Store10
1	0		0		195		195	
2	305		305		305		305	
3	200		200		200		200	
4	0		240		240		240	
5	0		0		185		185	
6	0		0		235		235	
7	215		215		215		215	
8	0		0		380		380	
9	0		0		140		140	
10	0		165		165		165	
11	0		95		95		95	
12	0		0		225		225	
13	0		285		285		285	
14	0		165		165		165	
15	255		255		255		255	
16	265		265		265		265	
17	0		365		365		365	
18	0		245		245		245	
19	0		0		145		145	
20	0		0		160		160	
21	205		205		205		205	
22	0		0		300		300	
23	0		240		240		240	
24	0		0		350		350	
25	0		0		395		395	
26	0		0		0		325	
27	0		0		0		85	
28	0		0		0		125	
29	0		0		0		335	
30	0		0		0		35	
31	0		0		0		195	
32	0		0		0		185	
33	0		0		0		85	
34	0		0		0		155	
35	0		0		0		185	
36	0		0		0		120	
37	0		0		0		270	
38	0		0		0		205	
39	0		0		0		250	
40	0		0		0		270	
41	0		0		0		185	
42	0		0		0		215	
43	0		0		0		270	
44	0		0		0		140	
45	0		0		0		460	
46	0		0		0		215	
47	0		0		0		265	
48	0		0		0		290	
49	0		0		0		280	
50	0		0		145		145	


Fashion Shipments from Vendor to Warehouse (V T):
2.04689	0	0	0	
0	0	0.9422234	0.7866067	

Printing New Basic Solution:

Inbound Solution (V P T):
1	1	3	633
1	1	5	1476
1	2	3	1525
1	2	5	653
1	3	3	1127
1	3	5	751
1	4	3	606
1	4	5	1412
1	5	3	381
1	5	5	1521
1	6	3	647
1	6	5	1509
1	7	5	2064
1	8	3	1389
1	8	5	594
1	9	3	764
1	9	5	1146
1	10	3	209
1	10	5	1876
1	11	3	1696
1	11	5	188
1	12	3	414
1	12	5	1655
1	13	3	1534
1	13	5	383
1	14	3	1066
1	14	5	1065
1	15	3	200
1	15	5	1794
1	16	3	1013
1	16	5	1012
2	17	2	1985
2	18	2	2041
2	19	2	1881
2	20	2	2030
2	21	2	2031
2	22	2	2195
2	23	2	1976
2	24	2	2017
2	25	2	1817
2	26	2	1861
2	27	2	1829
2	28	2	1921
2	29	2	1966
2	30	2	1753
2	31	2	2121
2	32	2	2010
3	33	2	1316
3	33	5	565
3	34	2	599
3	34	5	1400
3	35	2	1366
3	35	5	586
3	36	2	416
3	36	5	1667
3	37	2	1802
3	37	5	201
3	38	2	1592
3	38	5	399
3	39	2	1013
3	39	5	1013
3	40	2	608
3	40	5	1419
3	41	2	1414
3	41	5	607
3	42	2	1110
3	42	5	740
3	43	2	1298
3	43	5	557
3	44	2	2123
3	45	2	1753
3	45	5	439
3	46	2	807
3	46	5	1211
3	47	2	2143
3	48	2	210
3	48	5	1899
3	49	2	412
3	49	5	1649
3	50	2	1966


Outbound Solution(S P T):
1	1	2	19
1	1	3	49
1	1	4	102
1	1	5	56
1	2	2	48
1	2	3	68
1	2	4	112
1	2	5	32
1	3	2	76
1	3	3	18
1	3	4	75
1	3	5	37
1	4	2	18
1	4	3	47
1	4	4	100
1	4	5	41
1	5	2	46
1	5	3	19
1	5	4	58
1	5	5	29
1	6	2	35
1	6	3	71
1	6	4	81
1	6	5	72
1	7	2	24
1	7	3	39
1	7	4	42
1	7	5	76
1	8	2	56
1	8	3	52
1	8	4	62
1	8	5	29
1	9	2	34
1	9	3	40
1	9	4	96
1	10	2	33
1	10	3	39
1	10	4	104
1	10	5	40
1	11	2	21
1	11	3	33
1	11	4	58
1	11	5	25
1	12	2	52
1	12	3	21
1	12	4	128
1	12	5	44
1	13	2	20
1	13	3	19
1	13	4	38
1	13	5	31
1	14	2	62
1	14	3	84
1	14	4	69
1	14	5	16
1	15	2	32
1	15	3	36
1	15	4	67
1	15	5	37
1	16	2	25
1	16	3	66
1	16	4	97
1	16	5	54
1	17	2	60
1	17	3	36
1	17	4	73
1	17	5	21
1	18	2	59
1	18	3	63
1	18	4	72
1	18	5	32
1	19	2	36
1	19	3	58
1	19	4	74
1	19	5	39
1	20	2	46
1	20	3	49
1	20	4	86
1	20	5	62
1	21	2	40
1	21	3	68
1	21	4	74
1	21	5	41
1	22	2	53
1	22	3	42
1	22	4	39
1	22	5	36
1	23	2	32
1	23	3	43
1	23	4	105
1	24	2	31
1	24	3	30
1	24	4	86
1	24	5	49
1	25	2	39
1	25	3	34
1	25	4	26
1	25	5	47
1	26	2	51
1	26	3	48
1	26	4	74
1	26	5	32
1	27	2	49
1	27	3	30
1	27	4	103
1	27	5	37
1	28	2	43
1	28	3	47
1	28	4	35
1	28	5	46
1	29	2	37
1	29	3	46
1	29	4	53
1	29	5	26
1	30	2	36
1	30	3	56
1	30	4	86
1	30	5	64
1	31	2	61
1	31	3	46
1	31	4	106
1	31	5	39
1	32	2	35
1	32	3	28
1	32	4	87
1	32	5	59
1	33	2	33
1	33	3	44
1	33	4	77
1	33	5	23
1	34	2	42
1	34	3	17
1	34	4	132
1	34	5	13
1	35	2	14
1	35	3	45
1	35	4	122
1	35	5	27
1	36	2	51
1	36	3	56
1	36	4	51
1	36	5	24
1	37	2	50
1	37	3	28
1	37	4	95
1	37	5	56
1	38	2	14
1	38	3	86
1	38	4	109
1	38	5	2
1	39	2	29
1	39	3	50
1	39	4	54
1	39	5	47
1	40	2	19
1	40	3	36
1	40	4	65
1	40	5	32
1	41	2	49
1	41	3	50
1	41	4	76
1	41	5	18
1	42	2	34
1	42	3	59
1	42	4	104
1	42	5	39
1	43	2	48
1	43	3	61
1	43	4	60
1	43	5	27
1	44	2	57
1	44	3	63
1	44	4	87
1	44	5	42
1	45	2	14
1	45	3	15
1	45	4	86
1	45	5	34
1	46	2	38
1	46	3	42
1	46	4	88
1	46	5	11
1	47	2	45
1	47	3	58
1	47	4	70
1	47	5	58
1	48	2	59
1	48	3	44
1	48	4	96
1	48	5	58
1	49	2	25
1	49	3	14
1	49	4	85
1	49	5	54
1	50	2	46
1	50	3	48
1	50	4	60
1	50	5	41
2	1	2	46
2	1	3	68
2	1	4	6
2	1	5	62
2	2	2	40
2	2	3	46
2	2	4	64
2	2	5	116
2	3	2	53
2	3	3	36
2	3	4	26
2	3	5	73
2	4	2	47
2	4	3	47
2	4	4	12
2	4	5	83
2	5	2	84
2	5	3	32
2	5	4	29
2	5	5	87
2	6	2	27
2	6	3	38
2	6	4	37
2	6	5	90
2	7	2	37
2	7	3	74
2	7	4	39
2	7	5	78
2	8	2	50
2	8	4	44
2	8	5	84
2	9	2	23
2	9	3	46
2	9	4	57
2	9	5	93
2	10	2	28
2	10	3	36
2	10	4	55
2	10	5	57
2	11	2	61
2	11	3	30
2	11	4	40
2	11	5	68
2	12	2	59
2	12	3	47
2	12	4	71
2	12	5	83
2	13	2	25
2	13	3	36
2	13	4	63
2	13	5	69
2	14	2	43
2	14	3	41
2	14	4	70
2	14	5	101
2	15	2	29
2	15	3	46
2	15	4	75
2	15	5	95
2	16	2	45
2	16	3	36
2	16	4	28
2	16	5	70
2	17	2	29
2	17	3	33
2	17	4	31
2	17	5	96
2	18	2	52
2	18	3	31
2	18	4	30
2	18	5	85
2	19	2	40
2	19	3	24
2	19	4	49
2	19	5	69
2	20	2	54
2	20	3	28
2	20	4	61
2	20	5	98
2	21	2	21
2	21	3	87
2	21	4	6
2	21	5	99
2	22	2	37
2	22	3	5
2	22	4	33
2	22	5	137
2	23	2	46
2	23	3	62
2	23	4	43
2	23	5	67
2	24	2	48
2	24	3	37
2	24	4	24
2	24	5	91
2	25	2	52
2	25	3	33
2	25	4	16
2	25	5	102
2	26	2	36
2	26	3	20
2	26	5	88
2	27	2	45
2	27	3	13
2	27	4	46
2	27	5	76
2	28	2	36
2	28	3	42
2	28	4	16
2	28	5	82
2	29	2	30
2	29	3	45
2	29	4	28
2	29	5	86
2	30	2	51
2	30	3	18
2	30	4	32
2	30	5	87
2	31	2	60
2	31	3	30
2	31	4	23
2	31	5	96
2	32	2	14
2	32	3	33
2	32	4	91
2	32	5	93
2	33	2	35
2	33	3	19
2	33	4	19
2	33	5	95
2	34	2	71
2	34	3	62
2	34	4	59
2	34	5	55
2	35	2	54
2	35	3	12
2	35	4	29
2	35	5	101
2	36	2	72
2	36	3	38
2	36	4	40
2	36	5	55
2	37	2	18
2	37	3	31
2	37	4	56
2	37	5	119
2	38	2	52
2	38	3	20
2	38	4	45
2	38	5	26
2	39	2	44
2	39	3	39
2	39	4	43
2	39	5	104
2	40	2	62
2	40	3	46
2	40	4	44
2	40	5	77
2	41	2	48
2	41	3	42
2	41	4	32
2	41	5	76
2	42	2	36
2	42	3	10
2	42	4	39
2	42	5	79
2	43	2	45
2	43	3	27
2	43	4	37
2	43	5	88
2	44	2	62
2	44	3	51
2	44	4	49
2	44	5	100
2	45	2	73
2	45	3	30
2	45	4	34
2	45	5	93
2	46	2	32
2	46	3	52
2	46	4	9
2	46	5	71
2	47	2	48
2	47	3	27
2	47	4	45
2	47	5	83
2	48	2	58
2	48	3	35
2	48	4	36
2	48	5	71
2	49	2	29
2	49	3	38
2	49	4	44
2	49	5	125
2	50	2	36
2	50	3	44
2	50	4	21
2	50	5	92
3	1	2	42
3	1	3	23
3	1	4	142
3	2	2	29
3	2	3	38
3	2	4	97
3	3	2	40
3	3	3	14
3	3	4	99
3	4	2	24
3	4	3	44
3	4	4	176
3	5	2	23
3	5	3	24
3	5	4	122
3	6	2	92
3	6	3	10
3	6	4	121
3	7	2	41
3	7	3	47
3	7	4	108
3	8	2	8
3	8	3	41
3	8	4	110
3	9	2	45
3	9	3	46
3	9	4	68
3	10	2	14
3	10	3	59
3	10	4	145
3	11	2	22
3	11	3	37
3	11	4	122
3	12	2	21
3	12	3	40
3	12	4	119
3	13	2	50
3	13	3	48
3	13	4	115
3	14	2	40
3	14	3	16
3	14	4	117
3	15	2	42
3	15	3	44
3	15	4	115
3	16	2	39
3	16	3	55
3	16	4	125
3	17	2	41
3	17	3	31
3	17	4	132
3	18	2	36
3	18	3	34
3	18	4	122
3	19	2	59
3	19	3	15
3	19	4	132
3	20	2	47
3	20	3	42
3	20	4	75
3	21	2	22
3	21	3	40
3	21	4	82
3	22	2	46
3	22	3	16
3	22	4	109
3	23	2	40
3	23	3	44
3	23	4	132
3	24	2	48
3	24	3	29
3	24	4	112
3	25	2	12
3	25	3	55
3	25	4	90
3	26	2	45
3	26	3	25
3	26	4	102
3	27	2	66
3	27	3	42
3	27	4	94
3	28	2	25
3	28	3	60
3	28	4	101
3	29	2	20
3	29	3	25
3	29	4	127
3	30	2	44
3	30	3	11
3	30	4	83
3	31	2	46
3	31	3	25
3	31	4	32
3	32	2	48
3	32	3	17
3	32	4	79
3	33	2	22
3	33	3	17
3	33	4	85
3	34	2	22
3	34	3	48
3	34	4	133
3	35	2	39
3	35	3	41
3	35	4	147
3	36	2	24
3	36	3	59
3	36	4	104
3	37	2	20
3	37	3	36
3	37	4	142
3	38	2	31
3	38	3	50
3	38	4	131
3	39	2	58
3	39	3	78
3	39	4	132
3	40	2	54
3	40	3	55
3	40	4	123
3	41	2	33
3	41	3	53
3	41	4	129
3	42	2	30
3	42	3	12
3	42	4	124
3	43	2	47
3	43	3	32
3	43	4	97
3	44	2	29
3	44	3	53
3	44	4	100
3	45	2	52
3	45	3	37
3	45	4	165
3	46	2	18
3	46	3	77
3	46	4	98
3	47	2	76
3	47	3	11
3	47	4	178
3	48	2	25
3	48	3	25
3	48	4	175
3	49	2	50
3	49	3	30
3	49	4	134
3	50	2	38
3	50	3	35
3	50	4	143
4	1	2	23
4	1	3	56
4	1	4	54
4	1	5	90
4	2	2	21
4	2	3	56
4	2	4	33
4	2	5	39
4	3	2	29
4	3	3	33
4	3	4	29
4	3	5	44
4	4	2	45
4	4	3	53
4	4	4	16
4	4	5	90
4	5	2	58
4	5	3	54
4	5	4	29
4	5	5	83
4	6	2	18
4	6	3	21
4	6	4	54
4	6	5	39
4	7	2	28
4	7	3	30
4	7	4	29
4	7	5	67
4	8	2	45
4	8	3	45
4	8	4	45
4	8	5	130
4	9	2	53
4	9	3	55
4	9	4	33
4	9	5	52
4	10	2	32
4	10	3	58
4	10	4	32
4	10	5	126
4	11	2	60
4	11	3	46
4	11	4	35
4	11	5	59
4	12	2	64
4	12	3	20
4	12	4	37
4	12	5	37
4	13	2	31
4	13	3	47
4	13	4	19
4	13	5	51
4	14	2	22
4	14	3	39
4	14	4	38
4	14	5	88
4	15	2	64
4	15	3	78
4	15	4	27
4	15	5	67
4	16	2	12
4	16	3	41
4	16	4	58
4	16	5	84
4	17	2	67
4	17	3	26
4	17	4	19
4	17	5	112
4	18	2	38
4	18	4	31
4	18	5	95
4	19	2	39
4	19	3	43
4	19	4	44
4	19	5	55
4	20	2	12
4	20	3	40
4	20	4	52
4	20	5	71
4	21	2	57
4	21	3	21
4	21	4	70
4	21	5	66
4	22	2	51
4	22	3	73
4	22	4	43
4	22	5	87
4	23	2	39
4	23	3	26
4	23	4	42
4	23	5	95
4	24	2	45
4	24	3	27
4	24	4	45
4	24	5	60
4	25	2	53
4	25	3	23
4	25	4	39
4	25	5	61
4	26	2	13
4	26	3	52
4	26	5	89
4	27	2	37
4	27	3	9
4	27	4	27
4	27	5	102
4	28	2	50
4	28	3	1
4	28	4	32
4	28	5	80
4	29	2	41
4	29	3	43
4	29	4	39
4	29	5	59
4	30	2	37
4	30	3	18
4	30	4	22
4	30	5	88
4	31	2	16
4	31	3	46
4	31	4	43
4	31	5	103
4	32	2	47
4	32	3	61
4	32	4	43
4	32	5	142
4	33	2	39
4	33	3	16
4	33	4	48
4	33	5	83
4	34	2	42
4	34	3	57
4	34	4	50
4	34	5	79
4	35	2	38
4	35	3	42
4	35	4	35
4	35	5	111
4	36	2	31
4	36	3	75
4	36	4	49
4	36	5	63
4	37	2	29
4	37	3	47
4	37	4	40
4	37	5	90
4	38	2	42
4	38	3	23
4	38	4	67
4	38	5	97
4	39	2	43
4	39	3	62
4	39	4	35
4	39	5	104
4	40	2	13
4	40	3	2
4	40	4	27
4	40	5	90
4	41	2	32
4	41	3	26
4	41	4	34
4	41	5	107
4	42	2	22
4	42	3	32
4	42	4	34
4	42	5	73
4	43	2	38
4	43	3	32
4	43	4	63
4	43	5	97
4	44	2	19
4	44	3	60
4	44	4	32
4	44	5	95
4	45	2	29
4	45	3	56
4	45	4	41
4	45	5	72
4	46	2	21
4	46	3	24
4	46	4	48
4	46	5	98
4	47	2	28
4	47	3	47
4	47	4	32
4	47	5	99
4	48	2	33
4	48	3	60
4	48	4	38
4	48	5	76
4	49	2	40
4	49	3	51
4	49	4	12
4	49	5	117
4	50	2	33
4	50	3	28
4	50	4	60
4	50	5	115
5	1	2	49
5	1	3	45
5	1	4	90
5	1	5	52
5	2	2	54
5	2	3	54
5	2	4	86
5	2	5	37
5	3	2	26
5	3	3	54
5	3	4	61
5	3	5	27
5	4	2	44
5	4	3	51
5	4	4	77
5	4	5	51
5	5	2	6
5	5	3	48
5	5	4	83
5	5	5	40
5	6	2	55
5	6	3	57
5	6	4	108
5	6	5	15
5	7	2	45
5	7	3	76
5	7	4	48
5	7	5	36
5	8	2	62
5	8	3	29
5	8	4	106
5	8	5	55
5	9	2	64
5	9	3	35
5	9	4	95
5	9	5	27
5	10	2	23
5	10	3	43
5	10	4	58
5	10	5	56
5	11	2	28
5	11	3	27
5	11	4	118
5	11	5	24
5	12	2	44
5	12	3	47
5	12	4	105
5	12	5	23
5	13	2	40
5	13	3	21
5	13	4	60
5	13	5	65
5	14	2	14
5	14	3	52
5	14	4	94
5	14	5	31
5	15	2	13
5	15	3	24
5	15	4	79
5	15	5	43
5	16	2	32
5	16	3	38
5	16	4	60
5	16	5	46
5	17	2	8
5	17	4	95
5	17	5	37
5	18	2	33
5	18	3	33
5	18	4	141
5	18	5	13
5	19	2	42
5	19	3	40
5	19	4	105
5	19	5	32
5	20	2	67
5	20	3	52
5	20	4	51
5	20	5	46
5	21	2	31
5	21	3	62
5	21	4	76
5	21	5	44
5	22	2	42
5	22	3	44
5	22	4	139
5	22	5	26
5	23	2	67
5	23	3	56
5	23	4	108
5	23	5	44
5	24	2	34
5	24	3	77
5	24	4	96
5	24	5	44
5	25	2	37
5	25	3	55
5	25	4	79
5	25	5	53
5	26	2	36
5	26	3	35
5	26	4	77
5	26	5	70
5	27	2	33
5	27	3	29
5	27	4	56
5	27	5	40
5	28	2	58
5	28	3	61
5	28	4	82
5	28	5	29
5	29	2	50
5	29	3	34
5	29	4	90
5	29	5	61
5	30	2	56
5	30	3	14
5	30	4	87
5	31	2	41
5	31	3	41
5	31	4	66
5	31	5	47
5	32	2	42
5	32	3	37
5	32	4	91
5	32	5	35
5	33	2	41
5	33	3	50
5	33	4	60
5	33	5	42
5	34	2	39
5	34	3	29
5	34	4	77
5	34	5	44
5	35	2	49
5	35	3	41
5	35	4	74
5	35	5	27
5	36	2	27
5	36	3	44
5	36	4	116
5	36	5	25
5	37	2	33
5	37	3	36
5	37	4	55
5	37	5	38
5	38	2	30
5	38	3	49
5	38	4	113
5	38	5	42
5	39	2	45
5	39	3	44
5	39	4	95
5	39	5	30
5	40	2	73
5	40	3	20
5	40	4	74
5	40	5	74
5	41	2	23
5	41	3	29
5	41	4	57
5	41	5	18
5	42	2	34
5	42	3	40
5	42	4	83
5	42	5	22
5	43	2	42
5	43	3	37
5	43	4	84
5	43	5	40
5	44	2	29
5	44	3	32
5	44	4	76
5	44	5	19
5	45	2	40
5	45	3	37
5	45	4	76
5	45	5	47
5	46	2	21
5	46	3	71
5	46	4	57
5	46	5	64
5	47	2	40
5	47	3	54
5	47	4	78
5	47	5	27
5	48	2	45
5	48	3	48
5	48	4	82
5	48	5	44
5	49	2	64
5	49	3	35
5	49	4	92
5	49	5	61
5	50	2	50
5	50	3	35
5	50	4	48
5	50	5	32
6	1	2	49
6	1	3	39
6	1	4	24
6	1	5	38
6	2	2	47
6	2	3	69
6	2	4	50
6	2	5	90
6	3	2	49
6	3	3	59
6	3	4	25
6	3	5	58
6	4	2	30
6	4	3	28
6	4	4	40
6	4	5	51
6	5	2	57
6	5	3	56
6	5	4	32
6	5	5	79
6	6	2	62
6	6	3	60
6	6	4	61
6	6	5	67
6	7	2	59
6	7	3	32
6	7	4	38
6	7	5	82
6	8	2	43
6	8	3	21
6	8	4	45
6	8	5	74
6	9	2	27
6	9	3	40
6	9	5	52
6	10	2	30
6	10	3	31
6	10	4	63
6	10	5	88
6	11	2	32
6	11	3	19
6	11	4	62
6	11	5	52
6	12	2	8
6	12	3	52
6	12	4	46
6	12	5	97
6	13	2	49
6	13	3	84
6	13	4	65
6	13	5	90
6	14	2	34
6	14	3	38
6	14	4	31
6	14	5	109
6	15	2	46
6	15	3	55
6	15	4	44
6	15	5	61
6	16	2	15
6	16	3	52
6	16	4	43
6	16	5	89
6	17	2	59
6	17	3	21
6	17	4	51
6	17	5	74
6	18	2	49
6	18	3	48
6	18	4	72
6	18	5	83
6	19	2	46
6	19	3	59
6	19	4	40
6	19	5	24
6	20	2	19
6	20	3	35
6	20	4	68
6	20	5	117
6	21	2	40
6	21	3	43
6	21	4	27
6	21	5	90
6	22	2	49
6	22	3	52
6	22	4	56
6	22	5	85
6	23	2	31
6	23	3	29
6	23	4	41
6	23	5	74
6	24	2	26
6	24	3	75
6	24	4	62
6	24	5	77
6	25	2	37
6	25	3	57
6	25	4	37
6	25	5	97
6	26	2	24
6	26	3	58
6	26	4	39
6	26	5	87
6	27	2	25
6	27	3	22
6	27	4	55
6	27	5	96
6	28	2	50
6	28	3	54
6	28	4	51
6	28	5	102
6	29	2	53
6	29	3	30
6	29	4	46
6	29	5	75
6	30	2	38
6	30	3	42
6	30	4	19
6	30	5	32
6	31	2	45
6	31	3	30
6	31	4	67
6	31	5	82
6	32	2	32
6	32	3	44
6	32	4	41
6	32	5	60
6	33	2	64
6	33	3	45
6	33	4	29
6	33	5	65
6	34	2	46
6	34	3	11
6	34	4	24
6	34	5	121
6	35	2	37
6	35	3	44
6	35	4	26
6	35	5	82
6	36	2	19
6	36	3	42
6	36	4	40
6	36	5	111
6	37	2	14
6	37	3	44
6	37	4	30
6	37	5	111
6	38	2	16
6	38	3	34
6	38	4	15
6	38	5	68
6	39	2	23
6	39	3	18
6	39	4	41
6	39	5	65
6	40	2	55
6	40	3	19
6	40	4	36
6	40	5	58
6	41	2	40
6	41	3	44
6	41	4	70
6	41	5	86
6	42	2	36
6	42	3	36
6	42	4	25
6	42	5	68
6	43	2	39
6	43	3	32
6	43	4	61
6	43	5	87
6	44	2	38
6	44	3	45
6	44	4	39
6	44	5	41
6	45	2	47
6	45	3	58
6	45	4	48
6	45	5	108
6	46	2	7
6	46	3	30
6	46	4	52
6	46	5	97
6	47	2	50
6	47	3	19
6	47	4	29
6	47	5	63
6	48	2	36
6	48	3	36
6	48	4	62
6	48	5	46
6	49	2	61
6	49	3	46
6	49	4	41
6	49	5	58
6	50	2	12
6	50	3	27
6	50	4	4
6	50	5	55
7	1	2	114
7	1	3	46
7	1	4	54
7	2	2	114
7	2	3	67
7	2	4	45
7	3	2	137
7	3	3	15
7	3	4	32
7	4	2	115
7	4	3	37
7	4	4	47
7	5	2	137
7	5	3	2
7	5	4	37
7	6	2	136
7	6	3	45
7	6	4	58
7	7	2	136
7	7	3	82
7	7	4	38
7	8	2	121
7	8	3	53
7	8	4	48
7	9	2	117
7	9	3	48
7	9	4	43
7	10	2	163
7	10	3	45
7	10	4	33
7	11	2	162
7	11	3	39
7	11	4	52
7	12	2	135
7	12	3	55
7	12	4	61
7	13	2	150
7	13	3	37
7	13	4	31
7	14	2	122
7	14	3	51
7	14	4	21
7	15	2	105
7	15	3	23
7	15	4	36
7	16	2	104
7	16	3	13
7	16	4	30
7	17	2	132
7	17	3	46
7	17	4	32
7	18	2	140
7	18	3	43
7	18	4	52
7	19	2	101
7	19	3	79
7	19	4	21
7	20	2	90
7	20	3	67
7	20	4	13
7	21	2	133
7	21	3	71
7	21	4	36
7	22	2	111
7	22	3	53
7	22	4	54
7	23	2	100
7	23	3	48
7	23	4	52
7	24	2	145
7	24	3	30
7	24	4	34
7	25	2	87
7	25	3	44
7	25	4	19
7	26	2	127
7	26	3	26
7	26	4	29
7	27	2	109
7	27	3	52
7	27	4	15
7	28	2	79
7	28	3	28
7	28	4	15
7	29	2	153
7	29	3	66
7	29	4	28
7	30	2	122
7	30	3	37
7	30	4	58
7	31	2	151
7	31	3	52
7	31	4	50
7	32	2	123
7	32	3	44
7	32	4	36
7	33	2	154
7	33	3	41
7	33	4	60
7	34	2	100
7	34	3	54
7	34	4	48
7	35	2	124
7	35	3	26
7	35	4	44
7	36	2	179
7	36	3	64
7	36	4	25
7	37	2	106
7	37	3	42
7	37	4	33
7	38	2	120
7	38	3	28
7	38	4	47
7	39	2	101
7	39	3	44
7	39	4	27
7	40	2	197
7	40	3	42
7	40	4	33
7	41	2	131
7	41	3	64
7	41	4	68
7	42	2	149
7	42	3	38
7	42	4	59
7	43	2	120
7	43	3	30
7	43	4	55
7	44	2	111
7	44	3	59
7	44	4	43
7	45	2	116
7	45	3	56
7	45	4	40
7	46	2	98
7	46	3	31
7	46	4	50
7	47	2	155
7	47	3	10
7	47	4	57
7	48	2	92
7	48	3	43
7	48	4	67
7	49	2	111
7	49	3	35
7	49	4	50
7	50	2	140
7	50	3	42
7	50	4	56
8	1	2	77
8	1	3	28
8	1	4	74
8	1	5	89
8	2	2	39
8	2	3	28
8	2	4	21
8	2	5	101
8	3	2	6
8	3	3	49
8	3	4	41
8	3	5	80
8	4	2	31
8	4	3	53
8	4	4	19
8	4	5	95
8	5	2	67
8	5	3	46
8	5	4	15
8	5	5	72
8	6	2	30
8	6	3	70
8	6	4	35
8	6	5	104
8	7	2	32
8	7	3	45
8	7	4	39
8	7	5	102
8	8	2	30
8	8	3	16
8	8	4	53
8	8	5	81
8	9	2	52
8	9	3	10
8	9	4	50
8	9	5	28
8	10	2	41
8	10	3	39
8	10	4	41
8	10	5	84
8	11	2	34
8	11	3	34
8	11	4	49
8	11	5	94
8	12	2	25
8	12	3	57
8	12	4	30
8	12	5	65
8	13	2	49
8	13	3	28
8	13	4	59
8	13	5	75
8	14	2	52
8	14	3	40
8	14	4	53
8	14	5	114
8	15	2	60
8	15	3	45
8	15	4	57
8	15	5	70
8	16	2	56
8	16	3	35
8	16	4	30
8	16	5	105
8	17	2	70
8	17	3	43
8	17	4	48
8	17	5	64
8	18	2	36
8	18	3	26
8	18	4	31
8	18	5	123
8	19	2	11
8	19	3	58
8	19	5	91
8	20	2	32
8	20	3	28
8	20	4	52
8	20	5	92
8	21	2	10
8	21	3	31
8	21	4	68
8	21	5	65
8	22	2	34
8	22	3	29
8	22	4	52
8	22	5	123
8	23	2	45
8	23	3	18
8	23	4	18
8	23	5	72
8	24	2	45
8	24	3	27
8	24	4	39
8	24	5	70
8	25	2	23
8	25	3	52
8	25	4	22
8	25	5	85
8	26	2	23
8	26	3	24
8	26	4	38
8	26	5	104
8	27	2	47
8	27	3	33
8	27	4	39
8	27	5	52
8	28	2	37
8	28	3	59
8	28	4	34
8	28	5	58
8	29	2	54
8	29	3	55
8	29	4	3
8	29	5	105
8	30	2	37
8	30	3	25
8	30	4	24
8	30	5	80
8	31	2	51
8	31	3	41
8	31	4	57
8	31	5	62
8	32	2	4
8	32	3	36
8	32	4	20
8	32	5	77
8	33	2	73
8	33	3	42
8	33	4	36
8	33	5	90
8	34	2	18
8	34	3	40
8	34	4	35
8	34	5	27
8	35	2	47
8	35	3	26
8	35	4	4
8	35	5	83
8	36	2	43
8	36	3	37
8	36	4	25
8	36	5	89
8	37	2	24
8	37	3	57
8	37	4	29
8	37	5	102
8	38	2	51
8	38	3	43
8	38	4	45
8	38	5	45
8	39	2	38
8	39	3	30
8	39	4	61
8	39	5	67
8	40	2	23
8	40	3	34
8	40	4	54
8	40	5	54
8	41	2	54
8	41	3	36
8	41	4	11
8	41	5	77
8	42	2	41
8	42	3	29
8	42	4	8
8	42	5	74
8	43	2	25
8	43	3	23
8	43	4	2
8	43	5	91
8	44	2	37
8	44	3	52
8	44	4	59
8	44	5	67
8	45	2	42
8	45	3	65
8	45	4	36
8	45	5	66
8	46	2	56
8	46	3	62
8	46	4	34
8	46	5	121
8	47	2	33
8	47	3	51
8	47	4	30
8	47	5	75
8	48	2	64
8	48	3	70
8	48	4	31
8	48	5	84
8	49	2	28
8	49	3	42
8	49	4	41
8	49	5	83
8	50	2	52
8	50	3	42
8	50	4	27
8	50	5	89
9	1	2	82
9	1	3	51
9	1	4	22
9	1	5	53
9	2	2	100
9	2	3	29
9	2	4	26
9	2	5	46
9	3	2	101
9	3	3	49
9	3	4	50
9	3	5	49
9	4	2	80
9	4	3	63
9	4	4	23
9	4	5	41
9	5	2	68
9	5	3	15
9	5	4	28
9	5	5	62
9	6	2	94
9	6	3	47
9	6	4	34
9	6	5	45
9	7	2	136
9	7	3	65
9	7	4	31
9	7	5	20
9	8	2	40
9	8	3	32
9	8	4	61
9	8	5	31
9	9	2	93
9	9	3	54
9	9	4	51
9	9	5	36
9	10	2	77
9	10	3	24
9	10	4	63
9	10	5	28
9	11	2	82
9	11	3	18
9	11	4	29
9	11	5	39
9	12	2	88
9	12	3	62
9	12	4	24
9	12	5	47
9	13	2	98
9	13	3	36
9	13	4	50
9	13	5	31
9	14	2	82
9	14	3	38
9	14	4	45
9	14	5	34
9	15	2	79
9	15	3	53
9	15	4	53
9	15	5	31
9	16	2	59
9	16	3	46
9	16	4	29
9	16	5	58
9	17	2	50
9	17	3	35
9	17	4	38
9	17	5	32
9	18	2	84
9	18	3	19
9	18	4	44
9	18	5	48
9	19	2	83
9	19	3	32
9	19	4	62
9	19	5	43
9	20	2	56
9	20	3	37
9	20	4	19
9	20	5	82
9	21	2	80
9	21	3	44
9	21	4	20
9	21	5	21
9	22	2	84
9	22	3	40
9	22	4	45
9	22	5	45
9	23	2	66
9	23	3	46
9	23	4	26
9	23	5	16
9	24	2	87
9	24	3	65
9	24	4	26
9	24	5	59
9	25	2	98
9	25	3	44
9	25	4	45
9	25	5	22
9	26	2	82
9	26	3	59
9	26	4	32
9	26	5	27
9	27	2	46
9	27	3	6
9	27	4	59
9	27	5	81
9	28	2	95
9	28	3	54
9	28	4	12
9	28	5	76
9	29	2	63
9	29	3	27
9	29	4	32
9	29	5	29
9	30	2	108
9	30	3	20
9	30	4	53
9	30	5	29
9	31	2	121
9	31	3	47
9	31	4	25
9	31	5	35
9	32	2	92
9	32	3	40
9	32	4	69
9	32	5	43
9	33	2	75
9	33	3	26
9	33	4	26
9	33	5	43
9	34	2	92
9	34	3	16
9	34	4	42
9	34	5	31
9	35	2	105
9	35	3	34
9	35	4	27
9	35	5	41
9	36	2	73
9	36	3	61
9	36	4	34
9	36	5	39
9	37	2	87
9	37	3	19
9	37	4	50
9	37	5	28
9	38	2	117
9	38	3	12
9	38	4	35
9	38	5	45
9	39	2	71
9	39	3	49
9	39	4	28
9	39	5	49
9	40	2	109
9	40	3	30
9	40	4	35
9	40	5	27
9	41	2	77
9	41	3	31
9	41	4	49
9	41	5	38
9	42	2	59
9	42	3	48
9	42	4	49
9	42	5	45
9	43	2	76
9	43	3	15
9	43	4	20
9	43	5	18
9	44	2	93
9	44	3	39
9	44	4	67
9	44	5	67
9	45	2	98
9	45	3	56
9	45	4	52
9	45	5	45
9	46	2	90
9	46	3	30
9	46	4	37
9	46	5	49
9	47	2	84
9	47	3	56
9	47	4	54
9	47	5	24
9	48	2	61
9	48	3	22
9	48	4	36
9	48	5	18
9	49	2	79
9	49	3	43
9	49	4	8
9	49	5	10
9	50	2	101
9	50	3	28
9	50	4	32
9	50	5	45
10	1	2	24
10	1	3	15
10	1	4	50
10	1	5	106
10	2	2	51
10	2	3	60
10	2	4	45
10	2	5	80
10	3	2	60
10	3	3	45
10	3	4	22
10	3	5	101
10	4	2	42
10	4	3	54
10	4	4	20
10	4	5	83
10	5	2	30
10	5	3	35
10	5	4	42
10	5	5	68
10	6	2	24
10	6	3	21
10	6	4	55
10	6	5	67
10	7	2	15
10	7	3	63
10	7	4	19
10	7	5	66
10	8	2	19
10	8	3	57
10	8	4	41
10	8	5	64
10	9	2	39
10	9	3	41
10	9	4	40
10	9	5	127
10	10	2	57
10	10	3	35
10	10	4	53
10	10	5	52
10	11	2	41
10	11	3	9
10	11	4	58
10	11	5	65
10	12	2	59
10	12	3	19
10	12	4	26
10	12	5	51
10	13	2	31
10	13	3	24
10	13	5	82
10	14	2	46
10	14	3	31
10	14	4	59
10	14	5	94
10	15	2	39
10	15	3	35
10	15	4	20
10	15	5	69
10	16	2	48
10	16	3	39
10	16	4	44
10	16	5	119
10	17	2	20
10	17	3	51
10	17	4	72
10	17	5	100
10	18	2	25
10	18	3	54
10	18	4	37
10	18	5	27
10	19	2	1
10	19	3	46
10	19	4	37
10	19	5	52
10	20	2	52
10	20	3	32
10	20	4	36
10	20	5	64
10	21	2	55
10	21	3	52
10	21	4	50
10	21	5	88
10	22	2	31
10	22	3	49
10	22	4	57
10	22	5	88
10	23	2	36
10	23	3	29
10	23	4	49
10	23	5	89
10	24	2	12
10	24	3	38
10	24	4	26
10	24	5	61
10	25	2	30
10	25	3	30
10	25	4	35
10	25	5	47
10	26	2	63
10	26	3	48
10	26	4	25
10	26	5	53
10	27	2	25
10	27	3	14
10	27	4	36
10	27	5	83
10	28	2	28
10	28	3	42
10	28	4	40
10	28	5	81
10	29	2	37
10	29	3	27
10	29	4	42
10	29	5	101
10	30	2	26
10	30	3	32
10	30	4	28
10	30	5	53
10	31	2	41
10	31	3	60
10	31	4	48
10	31	5	89
10	32	2	32
10	32	3	10
10	32	4	36
10	32	5	89
10	33	2	40
10	33	3	38
10	33	4	39
10	33	5	47
10	34	2	37
10	34	3	79
10	34	4	25
10	34	5	82
10	35	2	25
10	35	3	8
10	35	4	37
10	35	5	84
10	36	2	19
10	36	3	52
10	36	4	55
10	36	5	72
10	37	2	14
10	37	3	63
10	37	4	37
10	37	5	94
10	38	2	22
10	38	3	57
10	38	4	55
10	38	5	107
10	39	2	46
10	39	3	35
10	39	4	36
10	39	5	61
10	40	2	40
10	40	3	52
10	40	4	39
10	40	5	104
10	41	2	60
10	41	3	34
10	41	4	34
10	41	5	85
10	42	2	43
10	42	3	35
10	42	4	37
10	42	5	65
10	43	2	34
10	43	3	48
10	43	4	41
10	43	5	36
10	44	2	38
10	44	3	48
10	44	4	33
10	44	5	92
10	45	2	35
10	45	3	24
10	45	4	45
10	45	5	124
10	46	2	32
10	46	3	41
10	46	4	50
10	46	5	111
10	47	2	47
10	47	3	13
10	47	4	32
10	47	5	157
10	48	2	42
10	48	3	56
10	48	4	35
10	48	5	100
10	49	2	75
10	49	3	54
10	49	4	42
10	49	5	54
10	50	2	43
10	50	3	58
10	50	4	29
10	50	5	79


Warehouse Inventory (W P T):
1	930		930		405		618		0		930	
2	543		543		0		1010		431		543	
3	577		577		0		755		295		577	
4	877		877		401		530		0		877	
5	1001		1001		425		475		0		1001	
6	1010		1010		437		644		0		1010	
7	1537		1537		984		431		0		1537	
8	474		474		0		1043		428		474	
9	731		731		184		533		0		731	
10	1345		1345		847		647		0		1345	
11	543		543		0		1404		781		543	
12	1208		1208		653		647		0		1208	
13	543		543		0		1154		654		543	
14	517		517		0		636		39		517	
15	1321		1321		812		573		0		1321	
16	435		435		0		592		48		435	
17	0		0		1449		1127		536		0	
18	0		0		1489		1138		506		0	
19	0		0		1423		969		405		0	
20	0		0		1555		1145		632		0	
21	0		0		1542		1023		514		0	
22	0		0		1657		1254		627		0	
23	0		0		1474		1073		457		0	
24	0		0		1496		1061		511		0	
25	0		0		1349		922		514		0	
26	0		0		1361		966		550		0	
27	0		0		1347		1097		567		0	
28	0		0		1420		972		554		0	
29	0		0		1428		1030		542		0	
30	0		0		1198		925		433		0	
31	0		0		1488		1070		553		0	
32	0		0		1541		1191		598		0	
33	77		77		817		479		0		77	
34	948		948		1038		625		0		948	
35	30		30		864		545		0		30	
36	1189		1189		1067		539		0		1189	
37	0		0		1407		1004		437		0	
38	0		0		1097		695		33		0	
39	486		486		1001		552		0		486	
40	903		903		866		530		0		903	
41	102		102		969		560		0		102	
42	275		275		901		562		0		275	
43	73		73		857		520		0		73	
44	0		0		1610		1108		523		0	
45	0		0		1207		773		150		0	
46	589		589		983		523		0		589	
47	0		0		1537		1191		586		0	
48	1402		1402		1097		658		0		1402	
49	1087		1087		937		549		0		1087	
50	0		0		1415		1028		548		0	

Store Inventory (S P T):
Store1
1	31		0		0		0		31		31	
2	53		0		0		0		53		53	
3	53		0		0		0		53		53	
4	58		0		0		0		58		58	
5	16		0		0		0		16		16	
6	24		0		0		0		24		24	
7	42		0		0		0		42		42	
8	32		0		0		0		32		32	
9	31		0		0		0		31		31	
10	73		0		0		0		73		73	
11	35		0		0		0		35		35	
12	76		0		0		0		76		76	
13	11		0		0		0		11		11	
14	37		0		0		0		37		37	
15	47		0		0		0		47		47	
16	29		0		0		0		29		29	
17	26		0		0		0		26		26	
18	33		0		0		0		33		33	
19	42		0		0		0		42		42	
20	50		0		0		0		50		50	
21	38		0		0		0		38		38	
22	18		0		0		0		18		18	
23	52		0		0		0		52		52	
24	44		0		0		0		44		44	
25	20		0		0		0		20		20	
26	18		0		0		0		18		18	
27	52		0		0		0		52		52	
28	16		0		0		0		16		16	
29	37		0		0		0		37		37	
30	45		0		0		0		45		45	
31	59		0		0		0		59		59	
32	38		0		0		0		38		38	
33	43		0		0		0		43		43	
34	68		0		0		0		68		68	
35	78		0		0		0		78		78	
36	7		0		0		0		7		7	
37	42		0		0		0		42		42	
38	40		0		0		0		40		40	
39	29		0		0		0		29		29	
40	18		0		0		0		18		18	
41	39		0		0		0		39		39	
42	38		0		0		0		38		38	
43	24		0		0		0		24		24	
44	28		0		0		0		28		28	
45	22		0		0		0		22		22	
46	39		0		0		0		39		39	
47	33		0		0		0		33		33	
48	40		0		0		0		40		40	
49	36		0		0		0		36		36	
50	31		0		0		0		31		31	
Store2
1	41		0		0		0		0		41	
2	52		0		0		0		0		52	
3	42		0		0		0		0		42	
4	32		0		0		0		0		32	
5	38		0		0		0		0		38	
6	38		0		0		0		0		38	
7	48		0		0		0		0		48	
8	50		0		0		0		0		50	
9	34		0		0		0		0		34	
10	16		0		0		0		0		16	
11	42		0		0		0		0		42	
12	52		0		0		0		0		52	
13	24		0		0		0		0		24	
14	50		0		0		0		0		50	
15	48		0		0		0		0		48	
16	43		0		0		0		0		43	
17	31		0		0		0		0		31	
18	36		0		0		0		0		36	
19	31		0		0		0		0		31	
20	59		0		0		0		0		59	
21	52		0		0		0		0		52	
22	78		0		0		0		0		78	
23	20		0		0		0		0		20	
24	42		0		0		0		0		42	
25	38		0		0		0		0		38	
26	43		0		0		0		0		43	
27	46		0		0		0		0		46	
28	38		0		0		0		0		38	
29	12		0		0		0		0		12	
30	32		0		0		0		0		32	
31	38		0		0		0		0		38	
32	36		0		0		0		0		36	
33	59		0		0		0		0		59	
34	30		0		0		0		0		30	
35	75		0		0		0		0		75	
36	26		0		0		0		0		26	
37	55		0		0		0		0		55	
38	26		0		0		0		0		26	
39	65		0		0		0		0		65	
40	42		0		0		0		0		42	
41	35		0		0		0		0		35	
42	30		0		0		0		0		30	
43	54		0		0		0		0		54	
44	44		0		0		0		0		44	
45	40		0		0		0		0		40	
46	45		0		0		0		0		45	
47	24		0		0		0		0		24	
48	19		0		0		0		0		19	
49	56		0		0		0		0		56	
50	35		0		0		0		0		35	
Store3
1	26		0		0		0		69		26	
2	33		0		0		0		72		33	
3	52		0		0		0		85		52	
4	54		0		0		0		99		54	
5	18		0		0		0		64		18	
6	55		0		0		0		85		55	
7	48		0		0		0		80		48	
8	24		0		0		0		91		24	
9	21		0		0		0		46		21	
10	59		0		0		0		97		59	
11	31		0		0		0		76		31	
12	28		0		0		0		79		28	
13	22		0		0		0		58		22	
14	74		0		0		0		74		74	
15	52		0		0		0		71		52	
16	53		0		0		0		92		53	
17	37		0		0		0		79		37	
18	40		0		0		0		62		40	
19	24		0		0		0		68		24	
20	26		0		0		0		51		26	
21	42		0		0		0		42		42	
22	55		0		0		0		83		55	
23	53		0		0		0		97		53	
24	44		0		0		0		69		44	
25	46		0		0		0		55		46	
26	34		0		0		0		73		34	
27	43		0		0		0		52		43	
28	45		0		0		0		87		45	
29	39		0		0		0		87		39	
30	27		0		0		0		51		27	
31	21		0		0		0		32		21	
32	36		0		0		0		50		36	
33	27		0		0		0		69		27	
34	42		0		0		0		92		42	
35	62		0		0		0		86		62	
36	23		0		0		0		45		23	
37	55		0		0		0		106		55	
38	40		0		0		0		72		40	
39	53		0		0		0		95		53	
40	26		0		0		0		70		26	
41	37		0		0		0		78		37	
42	44		0		0		0		90		44	
43	24		0		0		0		64		24	
44	38		0		0		0		57		38	
45	51		0		0		0		124		51	
46	15		0		0		0		52		15	
47	52		0		0		0		111		52	
48	63		0		0		0		145		63	
49	34		0		0		0		116		34	
50	54		0		0		0		120		54	
Store4
1	32		0		0		0		0		32	
2	9		0		0		0		0		9	
3	27		0		0		0		0		27	
4	47		0		0		0		0		47	
5	29		0		0		0		0		29	
6	0		0		0		0		0		0	
7	31		0		0		0		0		31	
8	57		0		0		0		0		57	
9	26		0		0		0		0		26	
10	72		0		0		0		0		72	
11	23		0		0		0		0		23	
12	19		0		0		0		0		19	
13	17		0		0		0		0		17	
14	39		0		0		0		0		39	
15	0		0		0		0		0		0	
16	39		0		0		0		0		39	
17	59		0		0		0		0		59	
18	58		0		0		0		0		58	
19	41		0		0		0		0		41	
20	26		0		0		0		0		26	
21	33		0		0		0		0		33	
22	46		0		0		0		0		46	
23	34		0		0		0		0		34	
24	35		0		0		0		0		35	
25	30		0		0		0		0		30	
26	41		0		0		0		0		41	
27	41		0		0		0		0		41	
28	22		0		0		0		0		22	
29	8		0		0		0		0		8	
30	43		0		0		0		0		43	
31	71		0		0		0		0		71	
32	71		0		0		0		0		71	
33	20		0		0		0		0		20	
34	47		0		0		0		0		47	
35	39		0		0		0		0		39	
36	31		0		0		0		0		31	
37	39		0		0		0		0		39	
38	47		0		0		0		0		47	
39	72		0		0		0		0		72	
40	28		0		0		0		0		28	
41	65		0		0		0		0		65	
42	50		0		0		0		0		50	
43	58		0		0		0		0		58	
44	62		0		0		0		0		62	
45	36		0		0		0		0		36	
46	41		0		0		0		0		41	
47	57		0		0		0		0		57	
48	52		0		0		0		0		52	
49	67		0		0		0		0		67	
50	60		0		0		0		0		60	
Store5
1	48		0		0		0		48		48	
2	34		0		0		0		34		34	
3	45		0		0		0		45		45	
4	22		0		0		0		22		22	
5	26		0		0		0		26		26	
6	38		0		0		0		38		38	
7	18		0		0		0		18		18	
8	60		0		0		0		60		60	
9	46		0		0		0		46		46	
10	18		0		0		0		18		18	
11	47		0		0		0		47		47	
12	59		0		0		0		59		59	
13	38		0		0		0		38		38	
14	47		0		0		0		47		47	
15	29		0		0		0		29		29	
16	45		0		0		0		45		45	
17	58		0		0		0		58		58	
18	77		0		0		0		77		77	
19	67		0		0		0		67		67	
20	14		0		0		0		14		14	
21	41		0		0		0		41		41	
22	51		0		0		0		51		51	
23	53		0		0		0		53		53	
24	54		0		0		0		54		54	
25	45		0		0		0		45		45	
26	29		0		0		0		29		29	
27	48		0		0		0		48		48	
28	37		0		0		0		37		37	
29	45		0		0		0		45		45	
30	48		0		0		0		48		48	
31	32		0		0		0		32		32	
32	52		0		0		0		52		52	
33	38		0		0		0		38		38	
34	54		0		0		0		54		54	
35	26		0		0		0		26		26	
36	59		0		0		0		59		59	
37	31		0		0		0		31		31	
38	47		0		0		0		47		47	
39	31		0		0		0		31		31	
40	47		0		0		0		47		47	
41	47		0		0		0		47		47	
42	44		0		0		0		44		44	
43	45		0		0		0		45		45	
44	29		0		0		0		29		29	
45	45		0		0		0		45		45	
46	28		0		0		0		28		28	
47	55		0		0		0		55		55	
48	40		0		0		0		40		40	
49	52		0		0		0		52		52	
50	10		0		0		0		10		10	
Store6
1	31		0		0		0		0		31	
2	31		0		0		0		0		31	
3	20		0		0		0		0		20	
4	23		0		0		0		0		23	
5	47		0		0		0		0		47	
6	45		0		0		0		0		45	
7	43		0		0		0		0		43	
8	37		0		0		0		0		37	
9	10		0		0		0		0		10	
10	37		0		0		0		0		37	
11	33		0		0		0		0		33	
12	66		0		0		0		0		66	
13	58		0		0		0		0		58	
14	65		0		0		0		0		65	
15	40		0		0		0		0		40	
16	46		0		0		0		0		46	
17	33		0		0		0		0		33	
18	50		0		0		0		0		50	
19	10		0		0		0		0		10	
20	55		0		0		0		0		55	
21	50		0		0		0		0		50	
22	38		0		0		0		0		38	
23	30		0		0		0		0		30	
24	62		0		0		0		0		62	
25	47		0		0		0		0		47	
26	56		0		0		0		0		56	
27	55		0		0		0		0		55	
28	28		0		0		0		0		28	
29	32		0		0		0		0		32	
30	18		0		0		0		0		18	
31	49		0		0		0		0		49	
32	16		0		0		0		0		16	
33	46		0		0		0		0		46	
34	40		0		0		0		0		40	
35	51		0		0		0		0		51	
36	38		0		0		0		0		38	
37	50		0		0		0		0		50	
38	34		0		0		0		0		34	
39	24		0		0		0		0		24	
40	7		0		0		0		0		7	
41	35		0		0		0		0		35	
42	35		0		0		0		0		35	
43	14		0		0		0		0		14	
44	27		0		0		0		0		27	
45	69		0		0		0		0		69	
46	42		0		0		0		0		42	
47	24		0		0		0		0		24	
48	20		0		0		0		0		20	
49	3		0		0		0		0		3	
50	32		0		0		0		0		32	
Store7
1	55		0		101		101		101		55	
2	27		0		79		79		79		27	
3	48		0		79		79		79		48	
4	36		0		74		74		74		36	
5	45		0		109		109		109		45	
6	25		0		86		86		86		25	
7	42		0		82		82		82		42	
8	31		0		85		85		85		31	
9	51		0		72		72		72		51	
10	55		0		103		103		103		55	
11	53		0		119		119		119		53	
12	44		0		109		109		109		44	
13	56		0		93		93		93		56	
14	49		0		100		100		100		49	
15	50		0		88		88		88		50	
16	17		0		68		68		68		17	
17	24		0		77		77		77		24	
18	56		0		101		101		101		56	
19	30		0		69		69		69		30	
20	12		0		44		44		44		12	
21	41		0		100		100		100		41	
22	41		0		78		78		78		41	
23	33		0		66		66		66		33	
24	26		0		88		88		88		26	
25	53		0		78		78		78		53	
26	35		0		69		69		69		35	
27	53		0		75		75		75		53	
28	35		0		73		73		73		35	
29	74		0		102		102		102		74	
30	27		0		85		85		85		27	
31	50		0		99		99		99		50	
32	19		0		74		74		74		19	
33	65		0		102		102		102		65	
34	27		0		65		65		65		27	
35	51		0		88		88		88		51	
36	55		0		112		112		112		55	
37	28		0		67		67		67		28	
38	62		0		85		85		85		62	
39	24		0		59		59		59		24	
40	64		0		124		124		124		64	
41	32		0		80		80		80		32	
42	52		0		91		91		91		52	
43	40		0		56		56		56		40	
44	61		0		92		92		92		61	
45	54		0		85		85		85		54	
46	26		0		70		70		70		26	
47	64		0		95		95		95		64	
48	16		0		67		67		67		16	
49	46		0		73		73		73		46	
50	55		0		97		97		97		55	
Store8
1	30		0		0		0		0		30	
2	68		0		0		0		0		68	
3	39		0		0		0		0		39	
4	47		0		0		0		0		47	
5	29		0		0		0		0		29	
6	53		0		0		0		0		53	
7	48		0		0		0		0		48	
8	47		0		0		0		0		47	
9	16		0		0		0		0		16	
10	50		0		0		0		0		50	
11	39		0		0		0		0		39	
12	28		0		0		0		0		28	
13	38		0		0		0		0		38	
14	39		0		0		0		0		39	
15	49		0		0		0		0		49	
16	65		0		0		0		0		65	
17	15		0		0		0		0		15	
18	51		0		0		0		0		51	
19	62		0		0		0		0		62	
20	50		0		0		0		0		50	
21	28		0		0		0		0		28	
22	60		0		0		0		0		60	
23	50		0		0		0		0		50	
24	45		0		0		0		0		45	
25	46		0		0		0		0		46	
26	62		0		0		0		0		62	
27	18		0		0		0		0		18	
28	17		0		0		0		0		17	
29	63		0		0		0		0		63	
30	37		0		0		0		0		37	
31	20		0		0		0		0		20	
32	38		0		0		0		0		38	
33	46		0		0		0		0		46	
34	20		0		0		0		0		20	
35	37		0		0		0		0		37	
36	35		0		0		0		0		35	
37	41		0		0		0		0		41	
38	10		0		0		0		0		10	
39	52		0		0		0		0		52	
40	39		0		0		0		0		39	
41	45		0		0		0		0		45	
42	26		0		0		0		0		26	
43	41		0		0		0		0		41	
44	27		0		0		0		0		27	
45	38		0		0		0		0		38	
46	48		0		0		0		0		48	
47	17		0		0		0		0		17	
48	46		0		0		0		0		46	
49	50		0		0		0		0		50	
50	36		0		0		0		0		36	
Store9
1	57		0		57		57		57		57	
2	48		0		48		48		48		48	
3	67		0		67		67		67		67	
4	40		0		40		40		40		40	
5	28		0		28		28		28		28	
6	55		0		55		55		55		55	
7	52		0		52		52		52		52	
8	34		0		34		34		34		34	
9	32		0		32		32		32		32	
10	20		0		20		20		20		20	
11	52		0		52		52		52		52	
12	45		0		45		45		45		45	
13	51		0		51		51		51		51	
14	71		0		71		71		71		71	
15	32		0		32		32		32		32	
16	6		0		6		6		6		6	
17	17		0		17		17		17		17	
18	51		0		51		51		51		51	
19	32		0		32		32		32		32	
20	37		0		37		37		37		37	
21	39		0		39		39		39		39	
22	30		0		30		30		30		30	
23	41		0		41		41		41		41	
24	55		0		55		55		55		55	
25	45		0		45		45		45		45	
26	22		0		22		22		22		22	
27	27		0		27		27		27		27	
28	53		0		53		53		53		53	
29	34		0		34		34		34		34	
30	77		0		77		77		77		77	
31	58		0		58		58		58		58	
32	58		0		58		58		58		58	
33	50		0		50		50		50		50	
34	54		0		54		54		54		54	
35	49		0		49		49		49		49	
36	40		0		40		40		40		40	
37	50		0		50		50		50		50	
38	53		0		53		53		53		53	
39	41		0		41		41		41		41	
40	33		0		33		33		33		33	
41	28		0		28		28		28		28	
42	31		0		31		31		31		31	
43	25		0		25		25		25		25	
44	36		0		36		36		36		36	
45	50		0		50		50		50		50	
46	45		0		45		45		45		45	
47	50		0		50		50		50		50	
48	36		0		36		36		36		36	
49	28		0		28		28		28		28	
50	61		0		61		61		61		61	
Store10
1	57		0		0		0		0		57	
2	39		0		0		0		0		39	
3	60		0		0		0		0		60	
4	31		0		0		0		0		31	
5	15		0		0		0		0		15	
6	39		0		0		0		0		39	
7	36		0		0		0		0		36	
8	31		0		0		0		0		31	
9	75		0		0		0		0		75	
10	10		0		0		0		0		10	
11	49		0		0		0		0		49	
12	35		0		0		0		0		35	
13	50		0		0		0		0		50	
14	46		0		0		0		0		46	
15	39		0		0		0		0		39	
16	45		0		0		0		0		45	
17	51		0		0		0		0		51	
18	27		0		0		0		0		27	
19	35		0		0		0		0		35	
20	33		0		0		0		0		33	
21	29		0		0		0		0		29	
22	55		0		0		0		0		55	
23	42		0		0		0		0		42	
24	44		0		0		0		0		44	
25	27		0		0		0		0		27	
26	20		0		0		0		0		20	
27	36		0		0		0		0		36	
28	51		0		0		0		0		51	
29	47		0		0		0		0		47	
30	31		0		0		0		0		31	
31	29		0		0		0		0		29	
32	34		0		0		0		0		34	
33	47		0		0		0		0		47	
34	42		0		0		0		0		42	
35	44		0		0		0		0		44	
36	18		0		0		0		0		18	
37	34		0		0		0		0		34	
38	69		0		0		0		0		69	
39	38		0		0		0		0		38	
40	44		0		0		0		0		44	
41	53		0		0		0		0		53	
42	41		0		0		0		0		41	
43	1		0		0		0		0		1	
44	47		0		0		0		0		47	
45	49		0		0		0		0		49	
46	57		0		0		0		0		57	
47	90		0		0		0		0		90	
48	56		0		0		0		0		56	
49	35		0		0		0		0		35	
50	39		0		0		0		0		39	


Shipments from Vendor to Warehouse (V T):
0	0	0.4654427	0	0.681376	
0	0.9562993	0	0	0	
0	0.9354646	0	0	0.6287926	

Shipments from Warehouse to Stores (S T):
1	2	0.1037473
1	3	0.2217313
1	4	0.180374
1	5	0.224306
2	2	0.108736
2	3	0.21296
2	4	0.1339567
2	5	0.311062
3	2	0.15638
3	3	0.1352953
3	4	0.272798
3	5	0.1075567
4	2	0.1067193
4	3	0.1768173
4	4	0.149772
4	5	0.2654987
5	2	0.1137127
5	3	0.1761407
5	4	0.237052
5	5	0.254938
6	2	0.114268
6	3	0.1620753
6	4	0.146508
6	5	0.302808
7	2	0.2577074
7	3	0.1526953
7	4	0.1978067
7	5	0.1359867
8	2	0.1699153
8	3	0.166214
8	4	0.1629
8	5	0.2890213
9	2	0.181014
9	3	0.149874
9	4	0.1643893
9	5	0.242896
10	2	0.1305287
10	3	0.1463387
10	4	0.1896053
10	5	0.3309893


Required Putaway workers (Sol T):
3	3	2	2	2	

No of required pickers (T):
0	5	6	6	9	

No of part-time putaway workers (T):
1	1	0	0	0	

No of part-time pickers (T):
0	0	0	0	3	

Best Putaway Technology: 2400
Best Picking Technology: 1000

Required Fashion Putaway Hours:
20.45208	0	9.95	10.61875	0	

Required Basic Putaway Hours:
0	22.2425	5.501667	0	13.93792	

Required Total Putaway Hours:
20.45208	22.2425	15.45167	10.61875	13.93792	

No of required fashion pick hours:
0	11.49	23.09	20.26	43.61	

No of required basic pick hours:
0	26.1	20.143	27.644	26.15	

No of required total pick hours:
0	37.59	43.233	47.904	69.76	

List of all the costs: 
MHECost		444
PutawayTechCost		3540
PickingTechCost		9130
WhBasicInvCost		1440.89
BasicInbCost		6421.868
WhFashionInvCost		1686.75
FashionInbCost		7128.98
PutawayCost		3680
StoreBasicInvCost		2355.6
StoreFashionInvCost		9968
OutboundCost		42353.41
PickingCost		10320
Total		98469.5

List of Top5 Technologies: 
Tech1		3	6	$ 98469.5
Tech2		4	6	$ 99608.81
Tech3		4	5	$ 108523.1
Tech4		2	1	$ 194151.5
Tech5		4	1	$ 194203.2
The start time is 1/1/2015 2:15:14 AM
The End time is 1/1/2015 2:16:15 AM
