Results from Tech10
Putaway Technology: 1200.0
Picking Technology: 500.0

Full-Time Putaway workers: 2.0
Full-Time Picking workers: 4.0

Cost Breakdown:
	MHECost              $324.00
	PutawayTechCost      $1,060.00
	PickingTechCost      $3,195.00
	WhBasicInvCost       $460.44
	BasicInbCost         $3,274.51
	WhFashionInvCost     $1,156.05
	FashionInbCost       $3,241.74
	PutawayCost          $3,680.00
	StoreBasicInvCost    $2,811.90
	StoreFashionInvCost  $5,413.75
	OutboundCost         $8,192.01
	PickingCost          $7,840.00
	Total                $40,649.40


Printing New Fashion Solution:

Inbound Fashion Solution
1 	1 	2 	4635
1 	10 	1 	3850
1 	2 	2 	4890
1 	3 	2 	5495
1 	4 	1 	5795
1 	5 	1 	5665
1 	6 	2 	4780
1 	7 	1 	6710
1 	8 	2 	3940
1 	9 	2 	4705

Outbound Solution
1 	1 	5 	1645
1 	10 	5 	1140
1 	2 	5 	1560
1 	3 	5 	1335
1 	4 	5 	700
1 	5 	5 	1195
1 	6 	5 	1060
1 	7 	5 	1700
1 	8 	5 	215
1 	9 	5 	535
2 	1 	4 	715
2 	10 	5 	0
2 	2 	4 	1150
2 	3 	4 	1550
2 	4 	2 	1430
2 	5 	2 	1185
2 	6 	4 	775
2 	7 	2 	1265
2 	8 	4 	1105
2 	9 	4 	1235
3 	1 	5 	860
3 	10 	2 	1180
3 	2 	5 	1025
3 	3 	5 	1085
3 	4 	2 	2035
3 	5 	5 	1485
3 	6 	5 	1055
3 	7 	2 	1220
3 	8 	5 	500
3 	9 	5 	1180
4 	1 	3 	700
4 	10 	3 	1235
4 	2 	3 	160
4 	3 	3 	915
4 	4 	3 	1160
4 	5 	3 	630
4 	6 	3 	1135
4 	7 	3 	1360
4 	8 	3 	650
4 	9 	3 	1045
5 	1 	4 	715
5 	10 	4 	295
5 	2 	4 	995
5 	3 	4 	610
5 	4 	4 	470
5 	5 	4 	1170
5 	6 	4 	755
5 	7 	4 	1165
5 	8 	4 	1470
5 	9 	4 	710

Store Inventory
Store1
1 0          0          0          0          1645      
1 0          0          0          0          1140      
1 0          0          0          0          1560      
1 0          0          0          0          1335      
1 0          0          0          0          700       
1 0          0          0          0          1195      
1 0          0          0          0          1060      
1 0          0          0          0          1700      
1 0          0          0          0          215       
1 0          0          0          0          535       
Store2
1 0          0          0          715        715       
1 0          0          0          0          0         
1 0          0          0          1150       1150      
1 0          0          0          1550       1550      
1 0          1430       1430       1430       1430      
1 0          1185       1185       1185       1185      
1 0          0          0          775        775       
1 0          1265       1265       1265       1265      
1 0          0          0          1105       1105      
1 0          0          0          1235       1235      
Store3
1 0          0          0          0          860       
1 0          1180       1180       1180       1180      
1 0          0          0          0          1025      
1 0          0          0          0          1085      
1 0          2035       2035       2035       2035      
1 0          0          0          0          1485      
1 0          0          0          0          1055      
1 0          1220       1220       1220       1220      
1 0          0          0          0          500       
1 0          0          0          0          1180      
Store4
1 0          0          700        700        700       
1 0          0          1235       1235       1235      
1 0          0          160        160        160       
1 0          0          915        915        915       
1 0          0          1160       1160       1160      
1 0          0          630        630        630       
1 0          0          1135       1135       1135      
1 0          0          1360       1360       1360      
1 0          0          650        650        650       
1 0          0          1045       1045       1045      
Store5
1 0          0          0          715        715       
1 0          0          0          295        295       
1 0          0          0          995        995       
1 0          0          0          610        610       
1 0          0          0          470        470       
1 0          0          0          1170       1170      
1 0          0          0          755        755       
1 0          0          0          1165       1165      
1 0          0          0          1470       1470      
1 0          0          0          710        710       

Shipments from (Basic) Vendor to Warehouse
1          1          0          0          0         

Printing New Basic Solution:


Inbound Solution
1 	1 	1 	0
1 	1 	2 	0
1 	1 	3 	1595
1 	1 	4 	3262
1 	1 	5 	0
1 	10 	1 	0
1 	10 	2 	0
1 	10 	3 	934
1 	10 	4 	679
1 	10 	5 	3248
1 	2 	1 	0
1 	2 	2 	0
1 	2 	3 	688
1 	2 	4 	3938
1 	2 	5 	0
1 	3 	1 	0
1 	3 	2 	0
1 	3 	3 	1085
1 	3 	4 	883
1 	3 	5 	2932
1 	4 	1 	0
1 	4 	2 	0
1 	4 	3 	1042
1 	4 	4 	737
1 	4 	5 	2830
1 	5 	1 	0
1 	5 	2 	0
1 	5 	3 	1041
1 	5 	4 	782
1 	5 	5 	3324
1 	6 	1 	0
1 	6 	2 	0
1 	6 	3 	985
1 	6 	4 	909
1 	6 	5 	2874
1 	7 	1 	0
1 	7 	2 	0
1 	7 	3 	1003
1 	7 	4 	949
1 	7 	5 	3028
1 	8 	1 	0
1 	8 	2 	0
1 	8 	3 	922
1 	8 	4 	2856
1 	8 	5 	964
1 	9 	1 	0
1 	9 	2 	0
1 	9 	3 	1216
1 	9 	4 	4205
1 	9 	5 	0

Outbound Solution
Store1
1 719        0          0          0          220       
10 1105       0          0          0          140       
2 717        0          0          0          382       
3 900        0          0          0          252       
4 631        0          0          0          256       
5 884        0          0          0          243       
6 527        0          0          0          172       
7 822        0          0          0          261       
8 693        0          0          0          240       
9 883        0          0          0          167       
Store2
1 0          542        0          550        0         
10 0          341        0          359        0         
2 0          394        0          478        0         
3 0          366        0          580        0         
4 0          270        0          462        0         
5 0          423        0          406        0         
6 0          416        0          708        0         
7 0          292        0          558        0         
8 0          405        0          651        0         
9 0          604        0          551        0         
Store3
1 0          777        0          0          285       
10 0          640        0          0          227       
2 0          658        0          0          339       
3 0          685        0          0          226       
4 0          712        0          0          338       
5 0          527        0          0          601       
6 0          649        0          0          417       
7 0          578        0          0          505       
8 0          386        0          0          260       
9 0          544        0          0          194       
Store4
1 0          0          889        0          0         
10 0          0          934        0          0         
2 0          0          688        0          0         
3 0          0          1085       0          0         
4 0          0          1042       0          0         
5 0          0          1041       0          0         
6 0          0          985        0          0         
7 0          0          1003       0          0         
8 0          0          922        0          0         
9 0          0          1216       0          0         
Store5
1 485        0          0          390        0         
10 795        0          0          320        0         
2 403        0          0          567        0         
3 503        0          0          303        0         
4 623        0          0          275        0         
5 646        0          0          376        0         
6 693        0          0          201        0         
7 570        0          0          391        0         
8 810        0          0          375        0         
9 684        0          0          578        0         

Warehouse Inventory
1 1319       0          706        3028       2523      
10 981        0          0          0          2881      
2 1052       0          0          2893       2172      
3 1051       0          0          0          2454      
4 982        0          0          0          2236      
5 950        0          0          0          2480      
6 1065       0          0          0          2285      
7 870        0          0          0          2262      
8 791        0          0          1830       2294      
9 1148       0          0          3076       2715      

Store Inventory
Store1
1 548        396        330        0          0         
10 739        420        145        0          0         
2 575        438        281        0          0         
3 765        622        314        0          0         
4 460        302        146        0          0         
5 547        400        183        0          0         
6 460        459        182        0          0         
7 652        489        245        0          0         
8 504        412        120        0          0         
9 671        456        291        0          0         
Store2
1 0          224        0          331        144       
10 0          123        0          260        103       
2 0          251        0          377        224       
3 0          222        0          281        170       
4 0          160        0          197        19        
5 0          175        0          117        30        
6 0          277        0          563        248       
7 0          156        0          405        211       
8 0          253        0          296        106       
9 0          311        0          307        117       
Store3
1 0          571        254        0          97        
10 0          442        258        0          112       
2 0          444        245        0          172       
3 0          562        339        100        178       
4 0          465        219        0          149       
5 0          368        102        0          256       
6 0          353        173        0          132       
7 0          430        237        0          259       
8 0          204        204        0          86        
9 0          372        103        0          14        
Store4
1 237        0          620        416        347       
10 190        0          762        560        344       
2 222        0          585        476        389       
3 269        0          935        846        613       
4 187        0          821        563        392       
5 255        0          825        626        535       
6 142        0          863        707        442       
7 239        0          909        719        487       
8 160        0          775        730        520       
9 198        0          992        796        533       
Store5
1 341        170        0          237        0         
10 464        225        0          275        0         
2 177        5          0          176        0         
3 299        138        0          146        0         
4 501        227        0          161        0         
5 431        274        0          225        0         
6 511        175        0          125        0         
7 362        128        0          270        0         
8 520        277        0          132        0         
9 391        191        0          347        0         

Shipments from (Basic) Vendor to Warehouse
0          0          1          1          1         

Shipments from (Fashion) Vendor to Warehouse
1          1          0          0          0         

Shipments from Warehouse to Stores
1 1          0          0          0          1         
2 0          1          0          1          0         
3 0          1          0          0          1         
4 0          0          1          0          0         
5 1          0          0          1          0         

No of part-time putaway workers:
1          1          0          0          0         

No of part-time picking workers:
0          1          1          2          2         
