Printing New Fashion Solution:

Inbound Fashion Solution (V F T):
1	1	2	4255
1	2	2	3875
1	3	2	5905
1	4	4	5855
1	5	4	6220
1	6	2	6210
1	7	2	6075
1	8	4	4980
1	9	4	4935
1	10	2	3685


Outbound Fashion Solution(S F T):
1	1	4	525
1	2	4	455
1	3	4	720
1	4	5	1270
1	5	5	2070
1	6	4	920
1	7	4	1285
1	8	5	1035
1	9	5	710
1	10	4	340
2	1	3	605
2	2	4	1355
2	3	3	1125
2	4	5	575
2	5	5	530
2	6	4	1275
2	7	3	555
2	8	5	530
2	9	5	1010
2	10	4	890
3	1	4	660
3	2	4	700
3	3	4	1760
3	4	5	1490
3	5	5	1280
3	6	3	1035
3	7	3	1530
3	8	5	1510
3	9	5	1220
3	10	4	650
4	1	4	1135
4	2	4	120
4	3	4	1230
4	4	5	1135
4	5	5	965
4	6	4	1850
4	7	4	1665
4	8	5	835
4	9	5	1230
4	10	4	1150
5	1	4	1330
5	2	4	1245
5	3	4	1070
5	4	5	1385
5	5	5	1375
5	6	4	1130
5	7	4	1040
5	8	5	1070
5	9	5	765
5	10	4	655


Warehouse Fashion Inventory (W F T):
1	0		4255		3650		0		0	
2	0		3875		3875		0		0	
3	0		5905		4780		0		0	
4	0		0		0		5855		0	
5	0		0		0		6220		0	
6	0		6210		5175		0		0	
7	0		6075		3990		0		0	
8	0		0		0		4980		0	
9	0		0		0		4935		0	
10	0		3685		3685		0		0	

Store Fashion Inventory (S F T):
Store1
1	0		0		525		525	
2	0		0		455		455	
3	0		0		720		720	
4	0		0		0		1270	
5	0		0		0		2070	
6	0		0		920		920	
7	0		0		1285		1285	
8	0		0		0		1035	
9	0		0		0		710	
10	0		0		340		340	
Store2
1	0		605		605		605	
2	0		0		1355		1355	
3	0		1125		1125		1125	
4	0		0		0		575	
5	0		0		0		530	
6	0		0		1275		1275	
7	0		555		555		555	
8	0		0		0		530	
9	0		0		0		1010	
10	0		0		890		890	
Store3
1	0		0		660		660	
2	0		0		700		700	
3	0		0		1760		1760	
4	0		0		0		1490	
5	0		0		0		1280	
6	0		1035		1035		1035	
7	0		1530		1530		1530	
8	0		0		0		1510	
9	0		0		0		1220	
10	0		0		650		650	
Store4
1	0		0		1135		1135	
2	0		0		120		120	
3	0		0		1230		1230	
4	0		0		0		1135	
5	0		0		0		965	
6	0		0		1850		1850	
7	0		0		1665		1665	
8	0		0		0		835	
9	0		0		0		1230	
10	0		0		1150		1150	
Store5
1	0		0		1330		1330	
2	0		0		1245		1245	
3	0		0		1070		1070	
4	0		0		0		1385	
5	0		0		0		1375	
6	0		0		1130		1130	
7	0		0		1040		1040	
8	0		0		0		1070	
9	0		0		0		765	
10	0		0		655		655	


Fashion Shipments from Vendor to Warehouse (V T):
0	1.084997	0	0.9297566	

Printing New Basic Solution:

Inbound Solution (V P T):
1	1	1	1890
1	1	3	2833
1	2	1	1993
1	2	3	2988
1	3	1	3778
1	3	3	944
1	4	1	4624
1	4	3	1155
1	5	1	2150
1	5	3	3224
1	6	1	501
1	6	3	4502
1	7	1	486
1	7	3	4369
1	8	1	1020
1	8	3	4080
1	9	1	5120
1	10	1	5138
1	10	3	570


Outbound Solution(S P T):
1	1	1	853
1	1	4	122
1	2	1	877
1	2	4	155
1	3	1	595
1	3	4	214
1	4	1	880
1	4	4	316
1	5	1	964
1	5	4	320
1	6	1	921
1	6	4	381
1	7	1	1048
1	7	4	146
1	8	1	745
1	8	4	193
1	9	1	683
1	9	4	353
1	10	1	937
1	10	4	190
2	1	3	611
2	1	5	256
2	2	3	908
2	2	5	203
2	3	3	799
2	3	5	264
2	4	3	850
2	4	5	314
2	5	3	879
2	5	5	207
2	6	3	710
2	6	5	294
2	7	3	664
2	7	5	130
2	8	3	964
2	8	5	53
2	9	3	716
2	9	5	193
2	10	3	924
2	10	5	216
3	1	3	992
3	2	3	646
3	2	5	142
3	3	3	809
3	3	5	150
3	4	3	946
3	4	5	285
3	5	3	883
3	5	5	58
3	6	3	712
3	6	5	194
3	7	3	862
3	7	5	219
3	8	3	910
3	8	5	259
3	9	3	937
3	9	5	192
3	10	3	1262
3	10	5	122
4	1	1	778
4	2	1	1023
4	3	1	950
4	4	1	1485
4	5	1	819
4	6	1	786
4	7	1	933
4	8	1	865
4	9	1	946
4	10	1	987
5	1	2	883
5	1	5	228
5	2	2	751
5	2	5	276
5	3	2	747
5	3	5	194
5	4	2	486
5	4	5	217
5	5	2	1083
5	5	5	161
5	6	2	811
5	6	5	194
5	7	2	691
5	7	5	162
5	8	2	763
5	8	5	348
5	9	2	943
5	9	5	157
5	10	2	835
5	10	5	235


Warehouse Inventory (W P T):
1	624		883		0		1230		1108		624	
2	658		751		0		1434		1279		658	
3	0		2233		1486		822		608		0	
4	0		2259		1773		1132		816		0	
5	716		1083		0		1462		1142		716	
6	2017		811		0		3080		2699		2017	
7	2186		691		0		2843		2697		2186	
8	1353		763		0		2206		2013		1353	
9	0		3491		2548		895		542		0	
10	0		3214		2379		763		573		0	

Store Inventory (S P T):
Store1
1	0		682		470		187		187		0	
2	0		680		366		169		169		0	
3	0		383		162		43		43		0	
4	0		740		666		410		410		0	
5	0		816		533		253		253		0	
6	0		647		448		381		381		0	
7	0		827		517		249		249		0	
8	0		573		338		138		138		0	
9	0		403		362		158		158		0	
10	0		712		520		253		253		0	
Store2
1	356		218		0		559		356		356	
2	357		194		0		555		357		357	
3	320		246		0		546		320		320	
4	310		222		0		559		310		310	
5	465		312		0		634		465		465	
6	341		204		0		531		341		341	
7	512		343		0		604		512		512	
8	532		243		0		768		532		532	
9	440		132		0		593		440		440	
10	282		150		0		646		282		282	
Store3
1	379		84		0		692		379		379	
2	319		226		0		423		319		319	
3	373		215		0		625		373		373	
4	641		320		0		763		641		641	
5	334		235		0		673		334		334	
6	455		268		0		553		455		455	
7	359		130		0		567		359		359	
8	387		122		0		713		387		387	
9	486		308		0		778		486		486	
10	676		371		0		946		676		676	
Store4
1	0		514		368		272		135		0	
2	0		992		739		388		82		0	
3	0		557		526		411		120		0	
4	0		1292		1042		701		290		0	
5	0		606		491		262		81		0	
6	0		485		477		268		71		0	
7	0		629		425		144		80		0	
8	0		689		454		229		50		0	
9	0		795		525		278		180		0	
10	0		816		712		509		195		0	
Store5
1	207		0		569		475		207		207	
2	144		0		587		446		144		144	
3	171		0		582		399		171		171	
4	91		0		346		217		91		91	
5	238		0		826		574		238		238	
6	168		0		635		396		168		168	
7	178		0		520		296		178		178	
8	185		0		636		543		185		185	
9	196		0		722		426		196		196	
10	199		0		662		432		199		199	


Shipments from Vendor to Warehouse (V T):
0.885596	0	0.5756906	0	0	

Shipments from Warehouse to Stores (S T):
1	1	0.240034
1	4	0.23245
1	5	0.21566
2	3	0.3017967
2	4	0.1257833
2	5	0.172476
3	3	0.3767187
3	4	0.09990667
3	5	0.2734327
4	1	0.268136
4	4	0.25564
4	5	0.17479
5	2	0.2359493
5	4	0.24737
5	5	0.2558967


Required Putaway workers (Sol T):
3	4	3	3	0	

No of required pickers (T):
5	2	6	7	7	

No of part-time putaway workers (T):
0	1	0	0	0	

No of part-time pickers (T):
0	0	1	2	2	

Best Putaway Technology: 1200
Best Picking Technology: 500

Required Fashion Putaway Hours:
0	25.00417	0	18.325	0	

Required Basic Putaway Hours:
22.25	0	20.55417	0	0	

Required Total Putaway Hours:
22.25	25.00417	20.55417	18.325	0	

No of required fashion pick hours:
0	0	9.7	50.31	43.98	

No of required basic pick hours:
36.15	15.986	33.968	4.78	11.846	

No of required total pick hours:
36.15	15.986	43.668	55.09	55.826	

List of all the costs: 
MHECost		432
PutawayTechCost		1060
PickingTechCost		3195
WhBasicInvCost		612.6299
BasicInbCost		3743.753
WhFashionInvCost		771.4999
FashionInbCost		8317.778
PutawayCost		5040
StoreBasicInvCost		4048.45
StoreFashionInvCost		4342.5
OutboundCost		16790.84
PickingCost		9200
Total		57554.45

List of Top5 Technologies: 
Tech1		2	5	$ 57554.45
Tech2		3	5	$ 59049.91
Tech3		3	6	$ 65578.14
Tech4		3	1	$ 100507.3
Tech5		1	1	$ 133129.4
The start time is 12/23/2014 7:19:32 PM
The End time is 12/23/2014 7:19:42 PM
