Printing New Fashion Solution:

Inbound Fashion Solution (V F T):
1	1	1	4255
1	2	2	3875
1	3	4	5905
1	4	1	5855
1	5	4	6220
1	6	1	6210
1	7	2	6075
1	8	1	4980
1	9	2	4935
1	10	1	3685


Outbound Fashion Solution(S F T):
1	1	3	525
1	2	4	455
1	3	5	720
1	4	4	1270
1	5	5	2070
1	6	5	920
1	7	5	1285
1	8	4	1035
1	9	5	710
1	10	4	340
2	1	3	605
2	2	4	1355
2	3	5	1125
2	4	5	575
2	5	5	530
2	6	3	1275
2	7	5	555
2	8	4	530
2	9	5	1010
2	10	4	890
3	1	4	660
3	2	4	700
3	3	5	1760
3	4	4	1490
3	5	5	1280
3	6	4	1035
3	7	5	1530
3	8	4	1510
3	9	5	1220
3	10	3	650
4	1	4	1135
4	2	5	120
4	3	5	1230
4	4	4	1135
4	5	5	965
4	6	5	1850
4	7	5	1665
4	8	5	835
4	9	4	1230
4	10	4	1150
5	1	4	1330
5	2	4	1245
5	3	5	1070
5	4	4	1385
5	5	5	1375
5	6	3	1130
5	7	5	1040
5	8	4	1070
5	9	4	765
5	10	5	655


Warehouse Fashion Inventory (W F T):
1	4255		4255		3125		0		0	
2	0		3875		3875		120		0	
3	0		0		0		5905		0	
4	5855		5855		5855		575		0	
5	0		0		0		6220		0	
6	6210		6210		3805		2770		0	
7	0		6075		6075		6075		0	
8	4980		4980		4980		835		0	
9	0		4935		4935		2940		0	
10	3685		3685		3035		655		0	

Store Fashion Inventory (S F T):
Store1
1	0		525		525		525	
2	0		0		455		455	
3	0		0		0		720	
4	0		0		1270		1270	
5	0		0		0		2070	
6	0		0		0		920	
7	0		0		0		1285	
8	0		0		1035		1035	
9	0		0		0		710	
10	0		0		340		340	
Store2
1	0		605		605		605	
2	0		0		1355		1355	
3	0		0		0		1125	
4	0		0		0		575	
5	0		0		0		530	
6	0		1275		1275		1275	
7	0		0		0		555	
8	0		0		530		530	
9	0		0		0		1010	
10	0		0		890		890	
Store3
1	0		0		660		660	
2	0		0		700		700	
3	0		0		0		1760	
4	0		0		1490		1490	
5	0		0		0		1280	
6	0		0		1035		1035	
7	0		0		0		1530	
8	0		0		1510		1510	
9	0		0		0		1220	
10	0		650		650		650	
Store4
1	0		0		1135		1135	
2	0		0		0		120	
3	0		0		0		1230	
4	0		0		1135		1135	
5	0		0		0		965	
6	0		0		0		1850	
7	0		0		0		1665	
8	0		0		0		835	
9	0		0		1230		1230	
10	0		0		1150		1150	
Store5
1	0		0		1330		1330	
2	0		0		1245		1245	
3	0		0		0		1070	
4	0		0		1385		1385	
5	0		0		0		1375	
6	0		1130		1130		1130	
7	0		0		0		1040	
8	0		0		1070		1070	
9	0		0		765		765	
10	0		0		0		655	


Fashion Shipments from Vendor to Warehouse (V T):
0.9766233	0.7217766	0	0.3163533	

Printing New Basic Solution:

Inbound Solution (V P T):
1	1	3	2834
1	1	5	1889
1	2	3	3985
1	2	5	996
1	3	3	1889
1	3	5	2833
1	4	3	578
1	4	5	5201
1	5	3	3225
1	5	5	2149
1	6	3	4503
1	6	5	500
1	7	3	1942
1	7	5	2913
1	8	3	1531
1	8	5	3569
1	9	3	5120
1	10	3	2854
1	10	5	2854


Outbound Solution(S P T):
1	1	1	334
1	1	3	641
1	2	1	469
1	2	3	563
1	3	1	435
1	3	3	374
1	4	1	390
1	4	3	806
1	5	1	603
1	5	3	681
1	6	1	580
1	6	3	722
1	7	1	456
1	7	3	738
1	8	1	428
1	8	3	510
1	9	1	394
1	9	3	642
1	10	1	382
1	10	3	745
2	1	3	867
2	2	3	1111
2	3	3	1063
2	4	3	1164
2	5	3	1086
2	6	3	1004
2	7	3	794
2	8	3	1017
2	9	3	909
2	10	3	1140
3	1	3	300
3	1	4	313
3	1	5	379
3	2	3	223
3	2	4	104
3	2	5	461
3	3	3	184
3	3	4	252
3	3	5	523
3	4	3	183
3	4	4	122
3	4	5	926
3	5	3	210
3	5	4	339
3	5	5	392
3	6	3	159
3	6	4	98
3	6	5	649
3	7	3	295
3	7	4	208
3	7	5	578
3	8	3	197
3	8	4	326
3	8	5	646
3	9	3	159
3	9	4	292
3	9	5	678
3	10	3	316
3	10	4	270
3	10	5	798
4	1	4	643
4	1	5	135
4	2	4	941
4	2	5	82
4	3	4	830
4	3	5	120
4	4	4	1195
4	4	5	290
4	5	4	738
4	5	5	81
4	6	4	715
4	6	5	71
4	7	4	853
4	7	5	80
4	8	4	815
4	8	5	50
4	9	4	766
4	9	5	180
4	10	4	792
4	10	5	195
5	1	1	615
5	1	4	268
5	1	5	228
5	2	1	449
5	2	4	302
5	2	5	276
5	3	1	519
5	3	4	228
5	3	5	194
5	4	1	360
5	4	4	126
5	4	5	217
5	5	1	747
5	5	4	336
5	5	5	161
5	6	1	583
5	6	4	228
5	6	5	194
5	7	1	573
5	7	4	118
5	7	5	162
5	8	1	405
5	8	4	358
5	8	5	348
5	9	1	713
5	9	4	230
5	9	5	157
5	10	1	602
5	10	4	233
5	10	5	235


Warehouse Inventory (W P T):
1	1147		198		198		1224		0		1147	
2	918		0		0		2088		741		918	
3	1996		1042		1042		1310		0		1996	
4	3768		3018		3018		1443		0		3768	
5	1515		165		165		1413		0		1515	
6	1163		0		0		2618		1577		1163	
7	2093		1064		1064		1179		0		2093	
8	2525		1692		1692		1499		0		2525	
9	1107		0		0		3410		2122		1107	
10	1626		642		642		1295		0		1626	

Store Inventory (S P T):
Store1
1	49		212		0		358		236		49	
2	42		314		0		366		211		42	
3	0		223		2		257		43		0	
4	0		250		176		726		410		0	
5	0		455		172		573		253		0	
6	0		306		107		762		381		0	
7	75		310		0		470		324		75	
8	0		256		21		331		138		0	
9	0		114		73		511		158		0	
10	35		192		0		478		288		35	
Store2
1	356		218		0		815		612		356	
2	357		194		0		758		560		357	
3	320		246		0		810		584		320	
4	310		222		0		873		624		310	
5	465		312		0		841		672		465	
6	341		204		0		825		635		341	
7	512		343		0		734		642		512	
8	532		243		0		821		585		532	
9	440		132		0		786		633		440	
10	282		150		0		862		498		282	
Store3
1	379		84		0		0		0		379	
2	319		226		0		0		0		319	
3	373		215		0		0		0		373	
4	641		320		0		0		0		641	
5	334		235		0		0		0		334	
6	455		268		0		0		0		455	
7	359		130		0		0		0		359	
8	387		122		0		0		0		387	
9	486		308		0		0		0		486	
10	676		371		0		0		0		676	
Store4
1	506		242		96		0		506		506	
2	635		604		351		0		635		635	
3	539		146		115		0		539		539	
4	784		591		341		0		784		784	
5	557		344		229		0		557		557	
6	518		217		209		0		518		518	
7	789		485		281		0		789		789	
8	636		460		225		0		636		636	
9	668		517		247		0		668		668	
10	478		307		203		0		478		478	
Store5
1	0		408		94		0		0		0	
2	0		305		141		0		0		0	
3	0		348		183		0		0		0	
4	0		269		129		0		0		0	
5	0		509		252		0		0		0	
6	0		415		239		0		0		0	
7	0		395		224		0		0		0	
8	0		220		93		0		0		0	
9	0		517		296		0		0		0	
10	0		403		230		0		0		0	


Shipments from Vendor to Warehouse (V T):
0	0	0.9473214	0	0.5139653	

Shipments from Warehouse to Stores (S T):
1	1	0.1240807
1	3	0.2105033
1	4	0.1309433
1	5	0.2226167
2	3	0.360936
2	4	0.1114167
2	5	0.1277033
3	3	0.08076867
3	4	0.29648
3	5	0.3728094
4	4	0.4122047
4	5	0.2863613
5	1	0.1643287
5	3	0.03465333
5	4	0.336094
5	5	0.20414


Required Putaway workers (Sol T):
3	2	3	2	3	

No of required pickers (T):
3	0	6	9	9	

No of part-time putaway workers (T):
1	0	1	0	1	

No of part-time pickers (T):
0	0	0	3	3	

Best Putaway Technology: 1200
Best Picking Technology: 500

Required Fashion Putaway Hours:
20.82083	12.40417	0	10.10417	0	

Required Basic Putaway Hours:
0	0	23.7175	0	19.08667	

Required Total Putaway Hours:
20.82083	12.40417	23.7175	10.10417	19.08667	

No of required fashion pick hours:
0	0	8.37	43.43	52.19	

No of required basic pick hours:
20.074	0	37.606	26.078	18.972	

No of required total pick hours:
20.074	0	45.976	69.508	71.162	

List of all the costs: 
MHECost		351
PutawayTechCost		1060
PickingTechCost		3195
WhBasicInvCost		554.19
BasicInbCost		3743.753
WhFashionInvCost		1266.35
FashionInbCost		8317.779
PutawayCost		3920
StoreBasicInvCost		3089.75
StoreFashionInvCost		4104
OutboundCost		16877.03
PickingCost		11040
Total		57518.85

List of Top5 Technologies: 
Tech1		3	5	$ 59291.14
Tech2		2	5	$ 61242.4
Tech3		4	5	$ 61588.55
Tech4		4	1	$ 97723.45
Tech5		1	1	$ 113425.7
The start time is 12/23/2014 7:19:32 PM
The End time is 12/23/2014 7:19:43 PM
