WarehouseVolume:[
(1)	[100000000]
]
StoreVolume:[
(1)	[10000000]
(2)	[10000000]
(3)	[10000000]
(4)	[10000000]
(5)	[10000000]
]
StoreDemand:[
(1	1	1)	[171]
(1	1	2)	[212]
(1	1	3)	[283]
(1	1	4)	[122]
(1	1	5)	[187]
(1	2	1)	[197]
(1	2	2)	[314]
(1	2	3)	[197]
(1	2	4)	[155]
(1	2	5)	[169]
(1	3	1)	[212]
(1	3	2)	[221]
(1	3	3)	[119]
(1	3	4)	[214]
(1	3	5)	[43]
(1	4	1)	[140]
(1	4	2)	[74]
(1	4	3)	[256]
(1	4	4)	[316]
(1	4	5)	[410]
(1	5	1)	[148]
(1	5	2)	[283]
(1	5	3)	[280]
(1	5	4)	[320]
(1	5	5)	[253]
(1	6	1)	[274]
(1	6	2)	[199]
(1	6	3)	[67]
(1	6	4)	[381]
(1	6	5)	[381]
(1	7	1)	[221]
(1	7	2)	[310]
(1	7	3)	[268]
(1	7	4)	[146]
(1	7	5)	[249]
(1	8	1)	[172]
(1	8	2)	[235]
(1	8	3)	[200]
(1	8	4)	[193]
(1	8	5)	[138]
(1	9	1)	[280]
(1	9	2)	[41]
(1	9	3)	[204]
(1	9	4)	[353]
(1	9	5)	[158]
(1	10	1)	[225]
(1	10	2)	[192]
(1	10	3)	[267]
(1	10	4)	[190]
(1	10	5)	[253]
(2	1	1)	[138]
(2	1	2)	[218]
(2	1	3)	[52]
(2	1	4)	[203]
(2	1	5)	[256]
(2	2	1)	[163]
(2	2	2)	[194]
(2	2	3)	[353]
(2	2	4)	[198]
(2	2	5)	[203]
(2	3	1)	[74]
(2	3	2)	[246]
(2	3	3)	[253]
(2	3	4)	[226]
(2	3	5)	[264]
(2	4	1)	[88]
(2	4	2)	[222]
(2	4	3)	[291]
(2	4	4)	[249]
(2	4	5)	[314]
(2	5	1)	[153]
(2	5	2)	[312]
(2	5	3)	[245]
(2	5	4)	[169]
(2	5	5)	[207]
(2	6	1)	[137]
(2	6	2)	[204]
(2	6	3)	[179]
(2	6	4)	[190]
(2	6	5)	[294]
(2	7	1)	[169]
(2	7	2)	[343]
(2	7	3)	[60]
(2	7	4)	[92]
(2	7	5)	[130]
(2	8	1)	[289]
(2	8	2)	[243]
(2	8	3)	[196]
(2	8	4)	[236]
(2	8	5)	[53]
(2	9	1)	[308]
(2	9	2)	[132]
(2	9	3)	[123]
(2	9	4)	[153]
(2	9	5)	[193]
(2	10	1)	[132]
(2	10	2)	[150]
(2	10	3)	[278]
(2	10	4)	[364]
(2	10	5)	[216]
(3	1	1)	[295]
(3	1	2)	[84]
(3	1	3)	[300]
(3	1	4)	[313]
(3	1	5)	[0]
(3	2	1)	[93]
(3	2	2)	[226]
(3	2	3)	[223]
(3	2	4)	[104]
(3	2	5)	[142]
(3	3	1)	[158]
(3	3	2)	[215]
(3	3	3)	[184]
(3	3	4)	[252]
(3	3	5)	[150]
(3	4	1)	[321]
(3	4	2)	[320]
(3	4	3)	[183]
(3	4	4)	[122]
(3	4	5)	[285]
(3	5	1)	[99]
(3	5	2)	[235]
(3	5	3)	[210]
(3	5	4)	[339]
(3	5	5)	[58]
(3	6	1)	[187]
(3	6	2)	[268]
(3	6	3)	[159]
(3	6	4)	[98]
(3	6	5)	[194]
(3	7	1)	[229]
(3	7	2)	[130]
(3	7	3)	[295]
(3	7	4)	[208]
(3	7	5)	[219]
(3	8	1)	[265]
(3	8	2)	[122]
(3	8	3)	[197]
(3	8	4)	[326]
(3	8	5)	[259]
(3	9	1)	[178]
(3	9	2)	[308]
(3	9	3)	[159]
(3	9	4)	[292]
(3	9	5)	[192]
(3	10	1)	[305]
(3	10	2)	[371]
(3	10	3)	[316]
(3	10	4)	[270]
(3	10	5)	[122]
(4	1	1)	[264]
(4	1	2)	[146]
(4	1	3)	[96]
(4	1	4)	[137]
(4	1	5)	[135]
(4	2	1)	[31]
(4	2	2)	[253]
(4	2	3)	[351]
(4	2	4)	[306]
(4	2	5)	[82]
(4	3	1)	[393]
(4	3	2)	[31]
(4	3	3)	[115]
(4	3	4)	[291]
(4	3	5)	[120]
(4	4	1)	[193]
(4	4	2)	[250]
(4	4	3)	[341]
(4	4	4)	[411]
(4	4	5)	[290]
(4	5	1)	[213]
(4	5	2)	[115]
(4	5	3)	[229]
(4	5	4)	[181]
(4	5	5)	[81]
(4	6	1)	[301]
(4	6	2)	[8]
(4	6	3)	[209]
(4	6	4)	[197]
(4	6	5)	[71]
(4	7	1)	[304]
(4	7	2)	[204]
(4	7	3)	[281]
(4	7	4)	[64]
(4	7	5)	[80]
(4	8	1)	[176]
(4	8	2)	[235]
(4	8	3)	[225]
(4	8	4)	[179]
(4	8	5)	[50]
(4	9	1)	[151]
(4	9	2)	[270]
(4	9	3)	[247]
(4	9	4)	[98]
(4	9	5)	[180]
(4	10	1)	[171]
(4	10	2)	[104]
(4	10	3)	[203]
(4	10	4)	[314]
(4	10	5)	[195]
(5	1	1)	[207]
(5	1	2)	[314]
(5	1	3)	[94]
(5	1	4)	[268]
(5	1	5)	[228]
(5	2	1)	[144]
(5	2	2)	[164]
(5	2	3)	[141]
(5	2	4)	[302]
(5	2	5)	[276]
(5	3	1)	[171]
(5	3	2)	[165]
(5	3	3)	[183]
(5	3	4)	[228]
(5	3	5)	[194]
(5	4	1)	[91]
(5	4	2)	[140]
(5	4	3)	[129]
(5	4	4)	[126]
(5	4	5)	[217]
(5	5	1)	[238]
(5	5	2)	[257]
(5	5	3)	[252]
(5	5	4)	[336]
(5	5	5)	[161]
(5	6	1)	[168]
(5	6	2)	[176]
(5	6	3)	[239]
(5	6	4)	[228]
(5	6	5)	[194]
(5	7	1)	[178]
(5	7	2)	[171]
(5	7	3)	[224]
(5	7	4)	[118]
(5	7	5)	[162]
(5	8	1)	[185]
(5	8	2)	[127]
(5	8	3)	[93]
(5	8	4)	[358]
(5	8	5)	[348]
(5	9	1)	[196]
(5	9	2)	[221]
(5	9	3)	[296]
(5	9	4)	[230]
(5	9	5)	[157]
(5	10	1)	[199]
(5	10	2)	[173]
(5	10	3)	[230]
(5	10	4)	[233]
(5	10	5)	[235]
]
FixedCostVendorToWarehouse:[
(1	1)	[253.17]
]
FixedCostWarehouseToStore:[
(1	1)	[85.67]
(1	2)	[253.17]
(1	3)	[253.17]
(1	4)	[253.17]
(1	5)	[75.28]
]
Variable_FixedCostVendorToWarehouse:[
(1	1)	[884.41]
]
VariableCostVendorToWarehouse:[
(1	1)	[0.067]
]
Variable_FixedCostWarehouseToStore:[
(1	1)	[541.39]
(1	2)	[884.41]
(1	3)	[884.41]
(1	4)	[884.41]
(1	5)	[521.43]
]
VariableCostWarehouseToStore:[
(1	1)	[0.041]
(1	2)	[0.067]
(1	3)	[0.067]
(1	4)	[0.067]
(1	5)	[0.036]
]
ProductVolume:[
(1)	[0.37]
(2)	[0.5]
(3)	[0.75]
(4)	[0.49]
(5)	[0.72]
(6)	[0.74]
(7)	[0.2]
(8)	[0.95]
(9)	[0.21]
(10)	[0.04]
]
ProductWeight:[
(1)	[0.49]
(2)	[0.77]
(3)	[0.21]
(4)	[0.25]
(5)	[0.45]
(6)	[0.33]
(7)	[0.12]
(8)	[0.14]
(9)	[0.72]
(10)	[0.75]
]
MapVendorToProduct:[
(1	1)	[1]
(1	2)	[1]
(1	3)	[1]
(1	4)	[1]
(1	5)	[1]
(1	6)	[1]
(1	7)	[1]
(1	8)	[1]
(1	9)	[1]
(1	10)	[1]
]
LeadTimeWarehouseToStores:[
(1	1)	[0]
(1	2)	[0]
(1	3)	[0]
(1	4)	[0]
(1	5)	[0]
]
StoreDemandForFashionProducts:[
(1	1)	[525]
(1	2)	[455]
(1	3)	[720]
(1	4)	[1270]
(1	5)	[2070]
(1	6)	[920]
(1	7)	[1285]
(1	8)	[1035]
(1	9)	[710]
(1	10)	[340]
(2	1)	[605]
(2	2)	[1355]
(2	3)	[1125]
(2	4)	[575]
(2	5)	[530]
(2	6)	[1275]
(2	7)	[555]
(2	8)	[530]
(2	9)	[1010]
(2	10)	[890]
(3	1)	[660]
(3	2)	[700]
(3	3)	[1760]
(3	4)	[1490]
(3	5)	[1280]
(3	6)	[1035]
(3	7)	[1530]
(3	8)	[1510]
(3	9)	[1220]
(3	10)	[650]
(4	1)	[1135]
(4	2)	[120]
(4	3)	[1230]
(4	4)	[1135]
(4	5)	[965]
(4	6)	[1850]
(4	7)	[1665]
(4	8)	[835]
(4	9)	[1230]
(4	10)	[1150]
(5	1)	[1330]
(5	2)	[1245]
(5	3)	[1070]
(5	4)	[1385]
(5	5)	[1375]
(5	6)	[1130]
(5	7)	[1040]
(5	8)	[1070]
(5	9)	[765]
(5	10)	[655]
]
FixedCostFashionVendorToWarehouse:[
(1	1)	[468.61]
]
Variable_FixedCostFashionVendorToWarehouse:[
(1	1)	[1306.68]
]
VariableCostFashionVendorToWarehouse:[
(1	1)	[0.099]
]
FashionProductVolume:[
(1)	[0.17]
(2)	[0.32]
(3)	[0.64]
(4)	[0.4]
(5)	[0.95]
(6)	[0.27]
(7)	[0.47]
(8)	[0.22]
(9)	[0.44]
(10)	[0.41]
]
FashionProductWeight:[
(1)	[0.77]
(2)	[0.71]
(3)	[0.14]
(4)	[0.62]
(5)	[0.63]
(6)	[0.46]
(7)	[0.85]
(8)	[0.7]
(9)	[0.59]
(10)	[0.38]
]
MapFashionVendorToProduct:[
(1	1)	[1]
(1	2)	[1]
(1	3)	[1]
(1	4)	[1]
(1	5)	[1]
(1	6)	[1]
(1	7)	[1]
(1	8)	[1]
(1	9)	[1]
(1	10)	[1]
]
