Printing New Fashion Solution:

Inbound Fashion Solution (V F T):
1	1	3	1970
1	2	3	2245
1	3	1	2365
1	4	1	2160
1	5	1	2380
1	6	3	2395
1	7	3	1630
1	8	1	1570
1	9	1	1915
1	10	3	1865
1	11	1	1750
1	12	3	2105
1	13	3	2140
1	14	3	2205
1	15	3	1745
1	16	3	2090
1	17	3	1670
1	18	1	1960
1	19	1	2420
1	20	3	1965
1	21	1	2020
1	22	1	1950
1	23	3	1985
1	24	3	1635
1	25	1	1945
2	26	2	2345
2	27	4	2140
2	28	2	2145
2	29	4	2335
2	30	4	1920
2	31	2	1840
2	32	4	1940
2	33	4	2265
2	34	4	2115
2	35	2	1855
2	36	4	1625
2	37	4	1875
2	38	4	2230
2	39	2	1985
2	40	2	2165
2	41	2	1655
2	42	4	1960
2	43	4	1805
2	44	4	2140
2	45	4	2045
2	46	2	2150
2	47	4	1560
2	48	4	2430
2	49	2	2130
2	50	4	1755


Outbound Fashion Solution(S F T):
1	1	5	140
1	2	5	90
1	3	5	290
1	4	3	315
1	5	3	305
1	6	5	270
1	7	5	275
1	8	4	170
1	9	5	95
1	10	5	155
1	11	4	200
1	12	4	285
1	13	5	275
1	14	4	250
1	15	5	220
1	16	5	195
1	17	5	210
1	18	5	240
1	19	3	210
1	20	5	5
1	21	5	155
1	22	4	110
1	23	5	265
1	24	5	155
1	25	4	275
1	26	5	200
1	27	5	250
1	28	4	140
1	29	5	220
1	30	5	295
1	31	4	230
1	32	5	255
1	33	5	225
1	34	5	215
1	35	4	235
1	36	5	195
1	37	5	25
1	38	5	150
1	39	4	180
1	40	4	310
1	41	4	190
1	42	5	110
1	43	5	260
1	44	5	350
1	45	5	275
1	46	4	145
1	47	5	145
1	48	5	170
1	49	4	345
1	50	5	325
2	1	5	255
2	2	5	140
2	3	5	230
2	4	3	210
2	5	3	140
2	6	5	170
2	7	5	115
2	8	4	135
2	9	5	115
2	10	5	120
2	11	3	135
2	12	4	250
2	13	5	350
2	14	4	285
2	15	4	155
2	16	4	195
2	17	5	210
2	18	5	160
2	19	5	330
2	20	5	220
2	21	4	195
2	22	4	210
2	23	4	195
2	24	5	120
2	25	3	245
2	26	4	160
2	27	5	195
2	28	4	235
2	29	5	235
2	30	5	115
2	31	4	145
2	32	5	210
2	33	5	140
2	34	5	230
2	35	4	65
2	36	5	285
2	37	5	170
2	38	5	295
2	39	4	230
2	40	4	165
2	41	4	65
2	42	5	340
2	43	5	205
2	44	5	200
2	45	5	130
2	46	3	220
2	47	5	75
2	48	5	90
2	49	3	110
2	50	5	315
3	1	5	220
3	2	5	150
3	3	5	245
3	4	3	205
3	5	5	250
3	6	5	250
3	7	5	135
3	8	5	65
3	9	5	140
3	10	5	85
3	11	3	145
3	12	5	105
3	13	5	205
3	14	4	180
3	15	4	165
3	16	5	295
3	17	5	10
3	18	5	115
3	19	3	275
3	20	5	340
3	21	4	105
3	22	5	165
3	23	5	255
3	24	5	35
3	25	3	65
3	26	4	310
3	27	5	115
3	28	4	310
3	29	5	120
3	30	5	190
3	31	4	170
3	32	5	150
3	33	5	270
3	34	5	175
3	35	4	265
3	36	5	95
3	37	5	230
3	38	5	380
3	39	4	270
3	40	4	305
3	41	4	140
3	42	5	205
3	43	5	70
3	44	5	175
3	45	5	210
3	46	4	300
3	47	5	185
3	48	5	215
3	49	3	230
3	50	5	250
4	1	5	85
4	2	5	340
4	3	5	230
4	4	4	215
4	5	3	300
4	6	5	290
4	7	5	265
4	8	4	105
4	9	5	180
4	10	5	195
4	11	3	160
4	12	4	250
4	13	5	200
4	14	5	220
4	15	4	200
4	16	4	105
4	17	5	150
4	18	5	145
4	19	4	270
4	21	4	160
4	22	5	255
4	23	5	85
4	24	5	290
4	25	4	210
4	26	4	370
4	27	5	220
4	28	4	175
4	29	5	225
4	30	5	215
4	31	4	240
4	32	5	210
4	33	5	130
4	34	5	230
4	35	4	250
4	36	5	170
4	37	5	190
4	38	5	165
4	39	4	105
4	40	4	165
4	41	3	155
4	42	5	245
4	43	5	325
4	44	5	135
4	45	5	185
4	46	4	125
4	47	5	140
4	48	5	360
4	49	3	110
4	50	5	130
5	1	5	175
5	2	5	180
5	3	5	230
5	4	3	185
5	5	3	230
5	6	5	340
5	7	5	15
5	8	4	250
5	9	5	255
5	10	5	280
5	11	4	260
5	12	4	340
5	13	5	240
5	14	5	95
5	15	5	195
5	16	4	175
5	17	5	175
5	18	5	290
5	19	3	335
5	20	5	335
5	21	4	300
5	22	5	100
5	23	4	325
5	24	5	335
5	25	3	175
5	26	5	285
5	27	5	125
5	28	3	320
5	29	5	200
5	30	5	95
5	31	3	210
5	32	5	85
5	33	5	335
5	34	5	105
5	35	4	175
5	36	5	240
5	37	5	310
5	38	5	235
5	39	4	150
5	40	4	200
5	41	4	105
5	42	5	245
5	43	5	255
5	44	5	335
5	45	5	145
5	46	4	270
5	47	5	100
5	48	5	410
5	49	4	240
5	50	5	95
6	1	5	110
6	2	5	250
6	3	5	225
6	4	3	160
6	5	4	160
6	6	5	190
6	7	5	110
6	8	5	300
6	9	5	345
6	10	5	300
6	11	4	145
6	12	4	105
6	13	5	220
6	14	4	255
6	15	4	100
6	16	4	210
6	17	5	65
6	18	5	195
6	19	3	160
6	20	5	225
6	21	5	180
6	22	4	325
6	23	4	345
6	24	5	220
6	25	4	245
6	26	4	135
6	27	5	235
6	28	4	240
6	29	5	240
6	30	5	210
6	31	3	280
6	32	5	180
6	33	5	245
6	34	5	285
6	35	4	270
6	36	5	220
6	37	5	140
6	38	5	205
6	39	4	150
6	40	3	190
6	41	4	140
6	42	5	140
6	43	5	95
6	44	5	185
6	45	5	230
6	46	4	225
6	47	5	150
6	48	5	255
6	49	4	265
6	50	5	145
7	1	5	210
7	2	5	375
7	3	5	230
7	4	3	310
7	5	4	390
7	6	5	280
7	7	5	260
7	9	5	190
7	10	5	180
7	11	3	145
7	12	5	190
7	13	5	100
7	14	5	45
7	15	4	225
7	16	4	240
7	17	5	305
7	18	5	225
7	19	4	85
7	20	5	85
7	21	4	290
7	22	4	175
7	23	4	140
7	24	5	90
7	25	4	70
7	26	4	200
7	27	5	300
7	28	4	250
7	29	5	345
7	30	5	215
7	31	4	190
7	32	5	130
7	33	5	210
7	34	5	145
7	35	4	240
7	36	5	115
7	37	5	315
7	38	5	200
7	39	4	200
7	40	4	260
7	41	4	270
7	42	5	220
7	43	5	140
7	44	5	250
7	45	5	205
7	46	4	250
7	47	5	50
7	48	5	315
7	49	4	95
8	1	5	345
8	2	5	185
8	3	5	240
8	4	4	200
8	5	5	140
8	6	5	240
8	7	5	65
8	8	5	140
8	9	5	235
8	10	5	320
8	11	3	190
8	12	4	85
8	13	5	170
8	14	5	425
8	15	4	220
8	16	5	305
8	17	5	170
8	18	5	180
8	19	4	195
8	20	5	285
8	21	4	235
8	22	5	30
8	23	5	130
8	24	5	55
8	25	3	215
8	26	4	250
8	27	5	285
8	28	4	205
8	29	5	210
8	30	5	105
8	31	4	130
8	32	5	210
8	33	5	220
8	34	5	205
8	35	5	150
8	36	5	65
8	37	5	210
8	38	5	280
8	39	4	270
8	40	4	285
8	41	4	25
8	42	5	150
8	43	5	150
8	44	5	175
8	45	5	325
8	46	4	205
8	47	5	200
8	48	5	270
8	49	4	250
8	50	5	180
9	1	5	320
9	2	5	310
9	3	5	260
9	4	3	155
9	5	3	160
9	6	5	205
9	7	5	240
9	8	4	280
9	9	5	140
9	10	5	120
9	11	3	200
9	12	4	200
9	13	5	245
9	14	4	230
9	15	4	60
9	16	4	145
9	17	5	210
9	18	5	250
9	19	4	310
9	20	5	285
9	21	5	210
9	22	4	325
9	23	4	180
9	24	5	295
9	25	3	225
9	26	4	230
9	27	5	275
9	28	4	100
9	29	5	225
9	30	5	225
9	31	4	40
9	32	5	225
9	33	5	255
9	34	5	205
9	35	4	80
9	36	5	225
9	37	5	150
9	38	5	125
9	39	4	250
9	41	4	210
9	42	5	80
9	43	5	185
9	44	5	100
9	45	5	230
9	46	4	200
9	47	5	190
9	48	5	215
9	49	4	265
9	50	5	170
10	1	5	110
10	2	5	225
10	3	5	185
10	4	4	205
10	5	3	305
10	6	5	160
10	7	5	150
10	8	4	125
10	9	5	220
10	10	5	110
10	11	3	170
10	12	4	295
10	13	5	135
10	14	4	220
10	15	4	205
10	16	4	225
10	17	5	165
10	18	5	160
10	19	4	250
10	20	5	185
10	21	4	190
10	22	5	255
10	23	5	65
10	24	5	40
10	25	4	220
10	26	4	205
10	27	5	140
10	28	3	170
10	29	5	315
10	30	5	255
10	31	4	205
10	32	5	285
10	33	5	235
10	34	5	320
10	35	4	125
10	36	5	15
10	37	5	135
10	38	5	195
10	39	4	180
10	40	4	285
10	41	3	355
10	42	5	225
10	43	5	120
10	44	5	235
10	45	5	110
10	46	4	210
10	47	5	325
10	48	5	130
10	49	4	220
10	50	5	145


Warehouse Fashion Inventory (W F T):
1	0		0		1970		1970		0	
2	0		0		2245		2245		0	
3	2365		2365		2365		2365		0	
4	2160		2160		620		0		0	
5	2380		2380		940		390		0	
6	0		0		2395		2395		0	
7	0		0		1630		1630		0	
8	1570		1570		1570		505		0	
9	1915		1915		1915		1915		0	
10	0		0		1865		1865		0	
11	1750		1750		605		0		0	
12	0		0		2105		295		0	
13	0		0		2140		2140		0	
14	0		0		2205		785		0	
15	0		0		1745		415		0	
16	0		0		2090		795		0	
17	0		0		1670		1670		0	
18	1960		1960		1960		1960		0	
19	2420		2420		1440		330		0	
20	0		0		1965		1965		0	
21	2020		2020		2020		545		0	
22	1950		1950		1950		805		0	
23	0		0		1985		800		0	
24	0		0		1635		1635		0	
25	1945		1945		1020		0		0	
26	0		2345		2345		485		0	
27	0		0		0		2140		0	
28	0		2145		1655		0		0	
29	0		0		0		2335		0	
30	0		0		0		1920		0	
31	0		1840		1350		0		0	
32	0		0		0		1940		0	
33	0		0		0		2265		0	
34	0		0		0		2115		0	
35	0		1855		1855		150		0	
36	0		0		0		1625		0	
37	0		0		0		1875		0	
38	0		0		0		2230		0	
39	0		1985		1985		0		0	
40	0		2165		1975		0		0	
41	0		1655		1145		0		0	
42	0		0		0		1960		0	
43	0		0		0		1805		0	
44	0		0		0		2140		0	
45	0		0		0		2045		0	
46	0		2150		1930		0		0	
47	0		0		0		1560		0	
48	0		0		0		2430		0	
49	0		2130		1680		0		0	
50	0		0		0		1755		0	

Store Fashion Inventory (S F T):
Store1
1	0		0		0		140	
2	0		0		0		90	
3	0		0		0		290	
4	0		315		315		315	
5	0		305		305		305	
6	0		0		0		270	
7	0		0		0		275	
8	0		0		170		170	
9	0		0		0		95	
10	0		0		0		155	
11	0		0		200		200	
12	0		0		285		285	
13	0		0		0		275	
14	0		0		250		250	
15	0		0		0		220	
16	0		0		0		195	
17	0		0		0		210	
18	0		0		0		240	
19	0		210		210		210	
20	0		0		0		5	
21	0		0		0		155	
22	0		0		110		110	
23	0		0		0		265	
24	0		0		0		155	
25	0		0		275		275	
26	0		0		0		200	
27	0		0		0		250	
28	0		0		140		140	
29	0		0		0		220	
30	0		0		0		295	
31	0		0		230		230	
32	0		0		0		255	
33	0		0		0		225	
34	0		0		0		215	
35	0		0		235		235	
36	0		0		0		195	
37	0		0		0		25	
38	0		0		0		150	
39	0		0		180		180	
40	0		0		310		310	
41	0		0		190		190	
42	0		0		0		110	
43	0		0		0		260	
44	0		0		0		350	
45	0		0		0		275	
46	0		0		145		145	
47	0		0		0		145	
48	0		0		0		170	
49	0		0		345		345	
50	0		0		0		325	
Store2
1	0		0		0		255	
2	0		0		0		140	
3	0		0		0		230	
4	0		210		210		210	
5	0		140		140		140	
6	0		0		0		170	
7	0		0		0		115	
8	0		0		135		135	
9	0		0		0		115	
10	0		0		0		120	
11	0		135		135		135	
12	0		0		250		250	
13	0		0		0		350	
14	0		0		285		285	
15	0		0		155		155	
16	0		0		195		195	
17	0		0		0		210	
18	0		0		0		160	
19	0		0		0		330	
20	0		0		0		220	
21	0		0		195		195	
22	0		0		210		210	
23	0		0		195		195	
24	0		0		0		120	
25	0		245		245		245	
26	0		0		160		160	
27	0		0		0		195	
28	0		0		235		235	
29	0		0		0		235	
30	0		0		0		115	
31	0		0		145		145	
32	0		0		0		210	
33	0		0		0		140	
34	0		0		0		230	
35	0		0		65		65	
36	0		0		0		285	
37	0		0		0		170	
38	0		0		0		295	
39	0		0		230		230	
40	0		0		165		165	
41	0		0		65		65	
42	0		0		0		340	
43	0		0		0		205	
44	0		0		0		200	
45	0		0		0		130	
46	0		220		220		220	
47	0		0		0		75	
48	0		0		0		90	
49	0		110		110		110	
50	0		0		0		315	
Store3
1	0		0		0		220	
2	0		0		0		150	
3	0		0		0		245	
4	0		205		205		205	
5	0		0		0		250	
6	0		0		0		250	
7	0		0		0		135	
8	0		0		0		65	
9	0		0		0		140	
10	0		0		0		85	
11	0		145		145		145	
12	0		0		0		105	
13	0		0		0		205	
14	0		0		180		180	
15	0		0		165		165	
16	0		0		0		295	
17	0		0		0		10	
18	0		0		0		115	
19	0		275		275		275	
20	0		0		0		340	
21	0		0		105		105	
22	0		0		0		165	
23	0		0		0		255	
24	0		0		0		35	
25	0		65		65		65	
26	0		0		310		310	
27	0		0		0		115	
28	0		0		310		310	
29	0		0		0		120	
30	0		0		0		190	
31	0		0		170		170	
32	0		0		0		150	
33	0		0		0		270	
34	0		0		0		175	
35	0		0		265		265	
36	0		0		0		95	
37	0		0		0		230	
38	0		0		0		380	
39	0		0		270		270	
40	0		0		305		305	
41	0		0		140		140	
42	0		0		0		205	
43	0		0		0		70	
44	0		0		0		175	
45	0		0		0		210	
46	0		0		300		300	
47	0		0		0		185	
48	0		0		0		215	
49	0		230		230		230	
50	0		0		0		250	
Store4
1	0		0		0		85	
2	0		0		0		340	
3	0		0		0		230	
4	0		0		215		215	
5	0		300		300		300	
6	0		0		0		290	
7	0		0		0		265	
8	0		0		105		105	
9	0		0		0		180	
10	0		0		0		195	
11	0		160		160		160	
12	0		0		250		250	
13	0		0		0		200	
14	0		0		0		220	
15	0		0		200		200	
16	0		0		105		105	
17	0		0		0		150	
18	0		0		0		145	
19	0		0		270		270	
20	0		0		0		0	
21	0		0		160		160	
22	0		0		0		255	
23	0		0		0		85	
24	0		0		0		290	
25	0		0		210		210	
26	0		0		370		370	
27	0		0		0		220	
28	0		0		175		175	
29	0		0		0		225	
30	0		0		0		215	
31	0		0		240		240	
32	0		0		0		210	
33	0		0		0		130	
34	0		0		0		230	
35	0		0		250		250	
36	0		0		0		170	
37	0		0		0		190	
38	0		0		0		165	
39	0		0		105		105	
40	0		0		165		165	
41	0		155		155		155	
42	0		0		0		245	
43	0		0		0		325	
44	0		0		0		135	
45	0		0		0		185	
46	0		0		125		125	
47	0		0		0		140	
48	0		0		0		360	
49	0		110		110		110	
50	0		0		0		130	
Store5
1	0		0		0		175	
2	0		0		0		180	
3	0		0		0		230	
4	0		185		185		185	
5	0		230		230		230	
6	0		0		0		340	
7	0		0		0		15	
8	0		0		250		250	
9	0		0		0		255	
10	0		0		0		280	
11	0		0		260		260	
12	0		0		340		340	
13	0		0		0		240	
14	0		0		0		95	
15	0		0		0		195	
16	0		0		175		175	
17	0		0		0		175	
18	0		0		0		290	
19	0		335		335		335	
20	0		0		0		335	
21	0		0		300		300	
22	0		0		0		100	
23	0		0		325		325	
24	0		0		0		335	
25	0		175		175		175	
26	0		0		0		285	
27	0		0		0		125	
28	0		320		320		320	
29	0		0		0		200	
30	0		0		0		95	
31	0		210		210		210	
32	0		0		0		85	
33	0		0		0		335	
34	0		0		0		105	
35	0		0		175		175	
36	0		0		0		240	
37	0		0		0		310	
38	0		0		0		235	
39	0		0		150		150	
40	0		0		200		200	
41	0		0		105		105	
42	0		0		0		245	
43	0		0		0		255	
44	0		0		0		335	
45	0		0		0		145	
46	0		0		270		270	
47	0		0		0		100	
48	0		0		0		410	
49	0		0		240		240	
50	0		0		0		95	
Store6
1	0		0		0		110	
2	0		0		0		250	
3	0		0		0		225	
4	0		160		160		160	
5	0		0		160		160	
6	0		0		0		190	
7	0		0		0		110	
8	0		0		0		300	
9	0		0		0		345	
10	0		0		0		300	
11	0		0		145		145	
12	0		0		105		105	
13	0		0		0		220	
14	0		0		255		255	
15	0		0		100		100	
16	0		0		210		210	
17	0		0		0		65	
18	0		0		0		195	
19	0		160		160		160	
20	0		0		0		225	
21	0		0		0		180	
22	0		0		325		325	
23	0		0		345		345	
24	0		0		0		220	
25	0		0		245		245	
26	0		0		135		135	
27	0		0		0		235	
28	0		0		240		240	
29	0		0		0		240	
30	0		0		0		210	
31	0		280		280		280	
32	0		0		0		180	
33	0		0		0		245	
34	0		0		0		285	
35	0		0		270		270	
36	0		0		0		220	
37	0		0		0		140	
38	0		0		0		205	
39	0		0		150		150	
40	0		190		190		190	
41	0		0		140		140	
42	0		0		0		140	
43	0		0		0		95	
44	0		0		0		185	
45	0		0		0		230	
46	0		0		225		225	
47	0		0		0		150	
48	0		0		0		255	
49	0		0		265		265	
50	0		0		0		145	
Store7
1	0		0		0		210	
2	0		0		0		375	
3	0		0		0		230	
4	0		310		310		310	
5	0		0		390		390	
6	0		0		0		280	
7	0		0		0		260	
8	0		0		0		0	
9	0		0		0		190	
10	0		0		0		180	
11	0		145		145		145	
12	0		0		0		190	
13	0		0		0		100	
14	0		0		0		45	
15	0		0		225		225	
16	0		0		240		240	
17	0		0		0		305	
18	0		0		0		225	
19	0		0		85		85	
20	0		0		0		85	
21	0		0		290		290	
22	0		0		175		175	
23	0		0		140		140	
24	0		0		0		90	
25	0		0		70		70	
26	0		0		200		200	
27	0		0		0		300	
28	0		0		250		250	
29	0		0		0		345	
30	0		0		0		215	
31	0		0		190		190	
32	0		0		0		130	
33	0		0		0		210	
34	0		0		0		145	
35	0		0		240		240	
36	0		0		0		115	
37	0		0		0		315	
38	0		0		0		200	
39	0		0		200		200	
40	0		0		260		260	
41	0		0		270		270	
42	0		0		0		220	
43	0		0		0		140	
44	0		0		0		250	
45	0		0		0		205	
46	0		0		250		250	
47	0		0		0		50	
48	0		0		0		315	
49	0		0		95		95	
50	0		0		0		0	
Store8
1	0		0		0		345	
2	0		0		0		185	
3	0		0		0		240	
4	0		0		200		200	
5	0		0		0		140	
6	0		0		0		240	
7	0		0		0		65	
8	0		0		0		140	
9	0		0		0		235	
10	0		0		0		320	
11	0		190		190		190	
12	0		0		85		85	
13	0		0		0		170	
14	0		0		0		425	
15	0		0		220		220	
16	0		0		0		305	
17	0		0		0		170	
18	0		0		0		180	
19	0		0		195		195	
20	0		0		0		285	
21	0		0		235		235	
22	0		0		0		30	
23	0		0		0		130	
24	0		0		0		55	
25	0		215		215		215	
26	0		0		250		250	
27	0		0		0		285	
28	0		0		205		205	
29	0		0		0		210	
30	0		0		0		105	
31	0		0		130		130	
32	0		0		0		210	
33	0		0		0		220	
34	0		0		0		205	
35	0		0		0		150	
36	0		0		0		65	
37	0		0		0		210	
38	0		0		0		280	
39	0		0		270		270	
40	0		0		285		285	
41	0		0		25		25	
42	0		0		0		150	
43	0		0		0		150	
44	0		0		0		175	
45	0		0		0		325	
46	0		0		205		205	
47	0		0		0		200	
48	0		0		0		270	
49	0		0		250		250	
50	0		0		0		180	
Store9
1	0		0		0		320	
2	0		0		0		310	
3	0		0		0		260	
4	0		155		155		155	
5	0		160		160		160	
6	0		0		0		205	
7	0		0		0		240	
8	0		0		280		280	
9	0		0		0		140	
10	0		0		0		120	
11	0		200		200		200	
12	0		0		200		200	
13	0		0		0		245	
14	0		0		230		230	
15	0		0		60		60	
16	0		0		145		145	
17	0		0		0		210	
18	0		0		0		250	
19	0		0		310		310	
20	0		0		0		285	
21	0		0		0		210	
22	0		0		325		325	
23	0		0		180		180	
24	0		0		0		295	
25	0		225		225		225	
26	0		0		230		230	
27	0		0		0		275	
28	0		0		100		100	
29	0		0		0		225	
30	0		0		0		225	
31	0		0		40		40	
32	0		0		0		225	
33	0		0		0		255	
34	0		0		0		205	
35	0		0		80		80	
36	0		0		0		225	
37	0		0		0		150	
38	0		0		0		125	
39	0		0		250		250	
40	0		0		0		0	
41	0		0		210		210	
42	0		0		0		80	
43	0		0		0		185	
44	0		0		0		100	
45	0		0		0		230	
46	0		0		200		200	
47	0		0		0		190	
48	0		0		0		215	
49	0		0		265		265	
50	0		0		0		170	
Store10
1	0		0		0		110	
2	0		0		0		225	
3	0		0		0		185	
4	0		0		205		205	
5	0		305		305		305	
6	0		0		0		160	
7	0		0		0		150	
8	0		0		125		125	
9	0		0		0		220	
10	0		0		0		110	
11	0		170		170		170	
12	0		0		295		295	
13	0		0		0		135	
14	0		0		220		220	
15	0		0		205		205	
16	0		0		225		225	
17	0		0		0		165	
18	0		0		0		160	
19	0		0		250		250	
20	0		0		0		185	
21	0		0		190		190	
22	0		0		0		255	
23	0		0		0		65	
24	0		0		0		40	
25	0		0		220		220	
26	0		0		205		205	
27	0		0		0		140	
28	0		170		170		170	
29	0		0		0		315	
30	0		0		0		255	
31	0		0		205		205	
32	0		0		0		285	
33	0		0		0		235	
34	0		0		0		320	
35	0		0		125		125	
36	0		0		0		15	
37	0		0		0		135	
38	0		0		0		195	
39	0		0		180		180	
40	0		0		285		285	
41	0		355		355		355	
42	0		0		0		225	
43	0		0		0		120	
44	0		0		0		235	
45	0		0		0		110	
46	0		0		210		210	
47	0		0		0		325	
48	0		0		0		130	
49	0		0		220		220	
50	0		0		0		145	


Fashion Shipments from Vendor to Warehouse (V T):
0.8169367	0	0.97496	0	
0	0.7358333	0	0.9365966	

Printing New Basic Solution:

Inbound Solution (V P T):
1	1	2	1855
1	1	5	206
1	2	2	929
1	2	5	928
1	3	2	2079
1	4	2	578
1	4	5	1347
1	5	2	195
1	5	5	1746
1	6	2	2005
1	7	5	2054
1	8	2	1021
1	8	5	1020
1	9	2	1803
1	9	5	200
1	10	2	403
1	10	5	1608
1	11	2	748
1	11	5	1120
1	12	2	1375
1	12	5	589
1	13	2	1401
1	13	5	600
1	14	5	1855
1	15	2	1047
1	15	5	1047
1	16	2	1608
1	16	5	402
2	17	5	2033
2	18	1	1602
2	18	5	401
2	19	1	816
2	19	5	1225
2	20	1	2046
2	21	1	842
2	21	5	1265
2	22	1	341
2	22	5	1367
2	23	1	1847
2	23	5	206
2	24	5	1920
2	25	1	1784
2	25	5	199
2	26	1	1294
2	26	5	555
2	27	1	1642
2	27	5	183
2	28	1	393
2	28	5	1572
2	29	1	210
2	29	5	1892
2	30	1	1157
2	30	5	772
2	31	1	195
2	31	5	1760
2	32	1	1434
2	32	5	615
3	33	3	1054
3	33	4	1053
3	34	3	709
3	34	4	1652
3	35	3	1060
3	35	4	1059
3	36	3	1017
3	36	4	1017
3	37	3	1602
3	37	4	177
3	38	3	1910
3	39	3	1462
3	39	4	626
3	40	3	568
3	40	4	1322
3	41	3	959
3	41	4	958
3	42	3	203
3	42	4	1818
3	43	3	909
3	43	4	1363
3	44	3	1487
3	44	4	636
3	45	3	2027
3	46	3	1066
3	46	4	1065
3	47	3	362
3	47	4	1445
3	48	3	1388
3	48	4	594
3	49	3	380
3	49	4	1520
3	50	3	779
3	50	4	1168


Outbound Solution(S P T):
1	1	1	130
1	1	4	42
1	1	5	42
1	2	1	83
1	2	4	30
1	2	5	55
1	3	1	125
1	3	4	36
1	3	5	63
1	4	1	141
1	4	4	33
1	4	5	24
1	5	1	118
1	5	4	22
1	5	5	33
1	6	1	104
1	6	4	46
1	6	5	45
1	7	1	71
1	7	4	66
1	7	5	43
1	8	1	153
1	8	4	29
1	8	5	56
1	9	1	120
1	9	4	32
1	9	5	49
1	10	1	138
1	10	4	48
1	10	5	34
1	11	1	154
1	11	4	42
1	11	5	31
1	12	1	102
1	12	4	49
1	12	5	53
1	13	1	137
1	13	4	15
1	13	5	62
1	14	1	77
1	14	4	22
1	14	5	50
1	15	1	120
1	15	4	18
1	15	5	46
1	16	1	144
1	16	4	48
1	16	5	45
1	17	1	108
1	17	4	18
1	17	5	52
1	18	1	108
1	18	4	30
1	18	5	19
1	19	1	112
1	19	4	61
1	19	5	47
1	20	1	185
1	20	4	52
1	20	5	64
1	21	1	98
1	21	4	58
1	21	5	64
1	22	1	109
1	22	4	32
1	23	1	136
1	23	4	7
1	23	5	69
1	24	1	84
1	24	4	61
1	24	5	35
1	25	1	88
1	25	4	56
1	25	5	57
1	26	1	138
1	26	4	52
1	26	5	28
1	27	1	135
1	27	4	38
1	27	5	65
1	28	1	125
1	28	4	41
1	28	5	44
1	29	1	158
1	29	4	71
1	29	5	44
1	30	1	102
1	30	4	40
1	30	5	31
1	31	1	116
1	31	4	28
1	31	5	43
1	32	1	105
1	32	4	35
1	32	5	34
1	33	1	113
1	33	4	40
1	33	5	77
1	34	1	134
1	34	4	23
1	34	5	50
1	35	1	64
1	35	4	57
1	35	5	38
1	36	1	144
1	36	4	27
1	36	5	26
1	37	1	132
1	37	4	32
1	37	5	23
1	38	1	104
1	38	4	54
1	38	5	39
1	39	1	143
1	39	4	42
1	39	5	30
1	40	1	148
1	40	4	33
1	40	5	32
1	41	1	96
1	41	4	19
1	41	5	64
1	42	1	136
1	42	4	29
1	42	5	29
1	43	1	165
1	43	4	34
1	43	5	44
1	44	1	119
1	44	4	54
1	44	5	50
1	45	1	109
1	45	4	66
1	45	5	46
1	46	1	148
1	46	4	56
1	46	5	53
1	47	1	137
1	47	4	9
1	47	5	34
1	48	1	104
1	48	4	41
1	48	5	43
1	49	1	130
1	49	4	42
1	49	5	86
1	50	1	85
1	50	4	17
1	50	5	24
2	1	3	211
2	2	3	249
2	3	3	186
2	4	3	186
2	5	3	234
2	6	3	225
2	7	3	215
2	8	3	159
2	9	3	204
2	10	3	158
2	11	3	223
2	12	3	182
2	13	3	190
2	14	3	232
2	15	3	205
2	16	3	177
2	17	3	194
2	18	3	290
2	19	3	240
2	20	3	186
2	21	3	193
2	22	3	204
2	23	3	187
2	24	3	202
2	25	3	243
2	26	3	158
2	27	3	184
2	28	3	182
2	29	3	227
2	30	3	208
2	31	3	164
2	32	3	150
2	33	3	170
2	34	3	210
2	35	3	242
2	36	3	203
2	37	3	224
2	38	3	178
2	39	3	188
2	40	3	186
2	41	3	170
2	42	3	182
2	43	3	225
2	44	3	218
2	45	3	197
2	46	3	222
2	47	3	233
2	48	3	217
2	49	3	161
2	50	3	187
3	1	3	25
3	1	4	175
3	2	3	10
3	2	4	140
3	3	3	53
3	3	4	152
3	4	3	44
3	4	4	113
3	5	3	46
3	5	4	168
3	6	3	29
3	6	4	114
3	7	3	44
3	7	4	142
3	8	3	59
3	8	4	180
3	9	3	73
3	9	4	200
3	10	3	29
3	10	4	224
3	11	3	39
3	11	4	149
3	12	3	48
3	12	4	195
3	13	3	36
3	13	4	138
3	14	3	30
3	14	4	146
3	15	3	39
3	15	4	188
3	16	3	65
3	16	4	127
3	17	3	63
3	17	4	147
3	18	3	27
3	18	4	134
3	19	3	31
3	19	4	153
3	20	3	25
3	20	4	205
3	21	3	43
3	21	4	218
3	22	3	59
3	22	4	124
3	23	3	31
3	23	4	203
3	24	3	27
3	24	4	152
3	25	3	36
3	25	4	157
3	26	3	20
3	26	4	162
3	27	3	26
3	27	4	91
3	28	4	143
3	29	3	35
3	29	4	136
3	30	3	41
3	30	4	153
3	31	3	33
3	31	4	117
3	32	3	40
3	32	4	198
3	33	3	48
3	33	4	145
3	34	3	46
3	34	4	179
3	35	3	31
3	35	4	125
3	36	3	38
3	36	4	204
3	37	3	40
3	37	4	146
3	38	3	36
3	38	4	158
3	39	3	29
3	39	4	175
3	40	3	54
3	40	4	170
3	41	3	31
3	41	4	137
3	42	3	27
3	42	4	108
3	43	3	33
3	43	4	146
3	44	3	37
3	44	4	174
3	45	3	1
3	45	4	207
3	46	3	33
3	46	4	200
3	47	3	6
3	47	4	149
3	48	3	12
3	48	4	175
3	49	3	25
3	49	4	123
3	50	3	28
3	50	4	174
4	1	3	45
4	1	4	129
4	2	3	23
4	2	4	176
4	3	3	48
4	3	4	187
4	4	3	33
4	4	4	182
4	5	3	44
4	5	4	140
4	6	3	23
4	6	4	146
4	7	3	50
4	7	4	146
4	8	3	61
4	8	4	204
4	9	3	38
4	9	4	136
4	10	3	31
4	10	4	175
4	11	3	26
4	11	4	156
4	12	3	39
4	12	4	171
4	13	3	60
4	13	4	151
4	14	3	12
4	14	4	149
4	15	3	59
4	15	4	136
4	16	3	27
4	16	4	183
4	17	3	71
4	17	4	178
4	18	3	49
4	18	4	151
4	19	3	60
4	19	4	144
4	20	3	49
4	20	4	146
4	21	3	54
4	21	4	166
4	22	4	152
4	23	3	43
4	23	4	141
4	24	3	24
4	24	4	137
4	25	3	31
4	25	4	183
4	26	3	43
4	26	4	128
4	27	3	57
4	27	4	160
4	28	3	63
4	28	4	152
4	29	3	47
4	29	4	168
4	30	3	50
4	30	4	204
4	31	3	21
4	31	4	166
4	32	3	29
4	32	4	177
4	33	3	69
4	33	4	193
4	34	3	32
4	34	4	211
4	35	3	21
4	35	4	194
4	36	3	5
4	36	4	171
4	37	3	52
4	37	4	118
4	38	3	71
4	38	4	114
4	39	3	59
4	39	4	231
4	40	3	49
4	40	4	135
4	41	3	29
4	41	4	140
4	42	3	40
4	42	4	159
4	43	3	28
4	43	4	166
4	44	3	11
4	44	4	161
4	45	3	38
4	45	4	182
4	46	3	52
4	46	4	115
4	47	3	50
4	47	4	118
4	48	3	20
4	48	4	137
4	49	3	57
4	49	4	100
4	50	3	46
4	50	4	193
5	1	3	231
5	2	3	188
5	3	3	194
5	4	3	212
5	5	3	214
5	6	3	220
5	7	3	189
5	8	3	206
5	9	3	162
5	10	3	221
5	11	3	187
5	12	3	183
5	13	3	237
5	14	3	166
5	15	3	178
5	16	3	215
5	17	3	200
5	18	3	149
5	19	3	171
5	20	3	239
5	21	3	236
5	22	3	168
5	23	3	253
5	24	3	234
5	25	3	225
5	26	3	199
5	27	3	170
5	28	3	175
5	29	3	211
5	30	3	156
5	31	3	159
5	32	3	227
5	33	3	219
5	34	3	202
5	35	3	193
5	36	3	181
5	37	3	150
5	38	3	162
5	39	3	211
5	40	3	192
5	41	3	182
5	42	3	264
5	43	3	302
5	44	3	239
5	45	3	242
5	46	3	204
5	47	3	200
5	48	3	237
5	49	3	200
5	50	3	207
6	1	3	126
6	1	4	111
6	2	3	58
6	2	4	103
6	3	3	80
6	3	4	129
6	4	3	89
6	4	4	99
6	5	3	31
6	5	4	147
6	6	3	85
6	6	4	133
6	7	3	69
6	7	4	152
6	8	3	108
6	8	4	88
6	9	3	67
6	9	4	146
6	10	3	63
6	10	4	116
6	11	3	63
6	11	4	98
6	12	3	86
6	12	4	72
6	13	3	97
6	13	4	78
6	14	3	43
6	14	4	130
6	15	3	89
6	15	4	149
6	16	3	133
6	16	4	107
6	17	3	135
6	17	4	131
6	18	3	94
6	18	4	97
6	19	3	101
6	19	4	115
6	20	3	68
6	20	4	97
6	21	3	107
6	21	4	118
6	22	3	56
6	22	4	77
6	23	3	73
6	23	4	108
6	24	3	87
6	24	4	92
6	25	3	74
6	25	4	75
6	26	3	34
6	26	4	119
6	27	3	54
6	27	4	98
6	28	3	76
6	28	4	148
6	29	3	56
6	29	4	174
6	30	3	78
6	30	4	113
6	31	3	119
6	31	4	114
6	32	3	139
6	32	4	136
6	33	3	83
6	33	4	129
6	34	3	84
6	34	4	170
6	35	3	117
6	35	4	156
6	36	3	77
6	36	4	108
6	37	3	49
6	37	4	146
6	38	3	63
6	38	4	98
6	39	3	96
6	39	4	96
6	40	3	66
6	40	4	85
6	41	3	78
6	41	4	121
6	42	3	86
6	42	4	151
6	43	3	63
6	43	4	180
6	44	3	118
6	44	4	125
6	45	3	73
6	45	4	104
6	46	3	78
6	46	4	139
6	47	3	43
6	47	4	133
6	48	3	85
6	48	4	113
6	49	3	90
6	49	4	132
6	50	3	78
6	50	4	121
7	1	3	55
7	1	4	113
7	2	3	46
7	2	4	76
7	3	3	31
7	3	4	137
7	4	3	57
7	4	4	138
7	5	3	58
7	5	4	64
7	6	3	110
7	6	4	50
7	7	3	68
7	7	4	170
7	8	3	86
7	8	4	114
7	9	3	84
7	9	4	104
7	10	3	81
7	10	4	106
7	11	3	98
7	11	4	85
7	12	3	77
7	12	4	130
7	13	3	56
7	13	4	124
7	14	3	44
7	14	4	153
7	15	3	90
7	15	4	132
7	16	3	57
7	16	4	154
7	17	3	57
7	17	4	92
7	18	3	103
7	18	4	53
7	19	3	82
7	19	4	124
7	20	3	56
7	20	4	138
7	21	3	68
7	21	4	117
7	22	3	79
7	22	4	103
7	23	3	85
7	23	4	104
7	24	3	74
7	24	4	84
7	25	3	99
7	25	4	143
7	26	3	89
7	26	4	99
7	27	3	74
7	27	4	81
7	28	3	64
7	28	4	132
7	29	3	84
7	29	4	125
7	30	3	118
7	30	4	116
7	31	3	98
7	31	4	126
7	32	3	89
7	32	4	129
7	33	3	90
7	33	4	124
7	34	3	113
7	34	4	186
7	35	3	120
7	35	4	152
7	36	3	54
7	36	4	160
7	37	3	101
7	37	4	103
7	38	3	80
7	38	4	108
7	39	3	60
7	39	4	129
7	40	3	75
7	40	4	141
7	41	3	96
7	41	4	171
7	42	3	77
7	42	4	136
7	43	3	94
7	43	4	166
7	44	3	66
7	44	4	153
7	45	3	66
7	45	4	109
7	46	3	82
7	46	4	118
7	47	3	48
7	47	4	116
7	48	3	116
7	48	4	121
7	49	3	95
7	49	4	114
7	50	3	101
7	50	4	103
8	1	3	188
8	2	3	176
8	3	3	238
8	4	3	166
8	5	3	230
8	6	3	200
8	7	3	187
8	8	3	166
8	9	3	198
8	10	3	218
8	11	3	225
8	12	3	173
8	13	3	222
8	14	3	228
8	15	3	232
8	16	3	91
8	17	3	224
8	18	3	269
8	19	3	172
8	20	3	178
8	21	3	213
8	22	3	195
8	23	3	237
8	24	3	172
8	25	3	178
8	26	3	234
8	27	3	190
8	28	3	215
8	29	3	177
8	30	3	219
8	31	3	194
8	32	3	151
8	33	3	172
8	34	3	183
8	35	3	170
8	36	3	246
8	37	3	176
8	38	3	235
8	39	3	231
8	40	3	168
8	41	3	186
8	42	3	190
8	43	3	232
8	44	3	227
8	45	3	172
8	46	3	167
8	47	3	206
8	48	3	169
8	49	3	183
8	50	3	205
9	1	3	50
9	1	4	49
9	1	5	109
9	2	3	50
9	2	5	127
9	3	3	14
9	3	4	58
9	3	5	147
9	4	3	57
9	4	4	32
9	4	5	111
9	5	3	24
9	5	4	56
9	5	5	105
9	6	3	50
9	6	4	50
9	6	5	116
9	7	3	48
9	7	4	70
9	7	5	140
9	8	3	49
9	8	4	15
9	8	5	124
9	9	3	28
9	9	4	39
9	9	5	117
9	10	3	19
9	10	4	31
9	10	5	85
9	11	3	29
9	11	4	30
9	11	5	94
9	12	3	30
9	12	4	20
9	12	5	113
9	13	3	65
9	13	4	22
9	13	5	113
9	14	3	45
9	14	4	22
9	14	5	118
9	15	3	28
9	15	4	34
9	15	5	130
9	16	3	52
9	16	4	52
9	16	5	147
9	17	3	46
9	17	4	44
9	17	5	100
9	18	3	39
9	18	4	36
9	18	5	132
9	19	3	81
9	19	4	43
9	19	5	149
9	20	3	52
9	20	4	37
9	20	5	67
9	21	3	28
9	21	4	33
9	21	5	147
9	22	3	51
9	22	4	46
9	22	5	96
9	23	3	89
9	23	4	22
9	23	5	98
9	24	3	35
9	24	4	19
9	24	5	145
9	25	3	59
9	25	4	33
9	25	5	102
9	26	3	47
9	26	4	34
9	26	5	118
9	27	3	41
9	27	4	19
9	27	5	155
9	28	3	52
9	28	4	40
9	28	5	144
9	29	3	53
9	29	4	50
9	29	5	93
9	30	3	44
9	30	4	28
9	30	5	97
9	31	3	53
9	31	4	55
9	31	5	145
9	32	3	33
9	32	4	67
9	32	5	116
9	33	3	24
9	33	4	76
9	33	5	92
9	34	3	81
9	34	4	76
9	34	5	129
9	35	3	36
9	35	4	30
9	35	5	144
9	36	3	13
9	36	4	49
9	36	5	131
9	37	3	15
9	37	4	33
9	37	5	76
9	38	3	17
9	38	4	58
9	38	5	110
9	39	3	21
9	39	4	52
9	39	5	109
9	40	3	27
9	40	4	22
9	40	5	107
9	41	3	45
9	41	4	63
9	41	5	153
9	42	3	35
9	42	4	30
9	42	5	136
9	43	3	37
9	43	4	28
9	43	5	128
9	44	3	34
9	44	4	54
9	44	5	128
9	45	3	69
9	45	4	36
9	45	5	128
9	46	3	55
9	46	4	42
9	46	5	132
9	47	3	37
9	47	4	44
9	47	5	69
9	48	3	42
9	48	4	48
9	48	5	98
9	49	3	21
9	49	4	33
9	49	5	139
9	50	3	13
9	50	4	38
9	50	5	132
10	1	3	41
10	1	4	189
10	2	3	25
10	2	4	242
10	3	3	41
10	3	4	160
10	4	3	66
10	4	4	142
10	5	3	48
10	5	4	159
10	6	3	47
10	6	4	212
10	7	3	39
10	7	4	145
10	8	3	38
10	8	4	146
10	9	3	40
10	9	4	166
10	10	3	20
10	10	4	214
10	11	3	45
10	11	4	94
10	12	3	57
10	12	4	184
10	13	3	31
10	13	4	167
10	14	3	38
10	14	4	150
10	15	3	46
10	15	4	175
10	16	3	30
10	16	4	156
10	17	3	47
10	17	4	126
10	18	3	50
10	18	4	173
10	19	3	57
10	19	4	98
10	20	3	33
10	20	4	169
10	21	3	25
10	21	4	121
10	22	3	38
10	22	4	119
10	23	3	24
10	23	4	143
10	24	3	60
10	24	4	196
10	25	3	26
10	25	4	118
10	26	4	147
10	27	3	42
10	27	4	145
10	28	3	35
10	28	4	134
10	29	3	31
10	29	4	162
10	30	3	24
10	30	4	107
10	31	3	45
10	31	4	159
10	32	3	34
10	32	4	160
10	33	3	43
10	33	4	200
10	34	3	71
10	34	4	181
10	35	3	47
10	35	4	182
10	36	3	47
10	36	4	150
10	37	3	34
10	37	4	129
10	38	3	51
10	38	4	174
10	39	3	50
10	39	4	136
10	40	3	53
10	40	4	147
10	41	3	12
10	41	4	124
10	42	3	62
10	42	4	144
10	43	3	48
10	43	4	153
10	44	3	18
10	44	4	137
10	45	3	53
10	45	4	129
10	46	3	49
10	46	4	186
10	47	3	55
10	47	4	120
10	48	3	34
10	48	4	170
10	49	3	17
10	49	4	152
10	50	3	42
10	50	4	153


Warehouse Inventory (W P T):
1	130		0		1855		883		75		130	
2	746		663		1592		767		0		746	
3	125		0		2079		1194		335		125	
4	1212		1071		1649		739		0		1212	
5	1608		1490		1685		756		0		1608	
6	104		0		2005		1016		265		104	
7	1871		1800		1800		891		0		1871	
8	840		687		1708		776		0		840	
9	120		0		1803		909		86		120	
10	1489		1351		1754		914		0		1489	
11	995		841		1589		654		0		995	
12	423		321		1696		821		0		423	
13	425		288		1689		695		0		425	
14	1687		1610		1610		772		0		1687	
15	871		751		1798		832		0		871	
16	210		66		1674		827		0		210	
17	1881		1773		1773		736		0		1881	
18	250		1744		1744		674		0		250	
19	1029		1733		1733		738		0		1029	
20	0		1861		1861		975		131		0	
21	1054		1798		1798		831		0		1054	
22	1271		1503		1503		653		0		1271	
23	39		1750		1750		728		0		39	
24	1740		1656		1656		741		0		1740	
25	40		1736		1736		765		0		40	
26	409		1565		1565		741		0		409	
27	0		1507		1507		669		37		0	
28	1384		1652		1652		790		0		1384	
29	1755		1807		1807		886		0		1755	
30	644		1699		1699		761		0		644	
31	1572		1651		1651		765		0		1572	
32	465		1794		1794		902		0		465	
33	113		0		0		136		282		113	
34	447		313		313		0		626		447	
35	64		0		0		83		246		64	
36	144		0		0		153		301		144	
37	132		0		0		761		231		132	
38	104		0		0		1017		253		104	
39	143		0		0		517		282		143	
40	450		302		302		0		589		450	
41	96		0		0		130		313		96	
42	896		760		760		0		1061		896	
43	318		153		153		0		490		318	
44	119		0		0		519		297		119	
45	109		0		0		1116		283		109	
46	148		0		0		124		333		148	
47	653		516		516		0		756		653	
48	104		0		0		456		245		104	
49	599		469		469		0		824		599	
50	213		128		128		0		369		213	

Store Inventory (S P T):
Store1
1	0		98		29		0		0		0	
2	0		35		0		0		0		0	
3	0		84		33		0		0		0	
4	0		96		51		0		0		0	
5	0		86		6		0		0		0	
6	0		104		44		0		0		0	
7	0		71		48		0		0		0	
8	0		110		39		0		0		0	
9	0		94		44		0		0		0	
10	0		110		67		0		0		0	
11	0		110		50		0		0		0	
12	0		58		32		0		0		0	
13	0		111		57		0		0		0	
14	0		15		0		0		0		0	
15	0		77		30		0		0		0	
16	0		113		68		0		0		0	
17	0		68		40		0		0		0	
18	0		65		27		0		0		0	
19	0		52		10		0		0		0	
20	0		140		55		0		0		0	
21	0		60		33		0		0		0	
22	0		98		60		0		0		0	
23	0		86		52		0		0		0	
24	0		57		24		0		0		0	
25	0		42		42		0		0		0	
26	0		75		33		0		0		0	
27	0		82		44		0		0		0	
28	0		90		41		0		0		0	
29	0		94		65		0		0		0	
30	0		52		33		0		0		0	
31	0		50		11		0		0		0	
32	0		69		30		0		0		0	
33	0		56		34		0		0		0	
34	0		75		44		0		0		0	
35	0		29		5		0		0		0	
36	0		94		52		0		0		0	
37	0		95		43		0		0		0	
38	0		69		36		0		0		0	
39	0		79		45		0		0		0	
40	0		91		29		0		0		0	
41	0		77		52		0		0		0	
42	0		92		39		0		0		0	
43	0		115		49		0		0		0	
44	0		73		46		0		0		0	
45	0		72		25		0		0		0	
46	0		93		37		0		0		0	
47	0		102		44		0		0		0	
48	0		37		10		0		0		0	
49	0		81		30		0		0		0	
50	0		69		37		0		0		0	
Store2
1	75		31		0		162		113		75	
2	110		57		0		199		157		110	
3	68		15		0		140		113		68	
4	54		35		0		144		126		54	
5	82		42		0		175		142		82	
6	66		40		0		166		104		66	
7	97		46		0		151		128		97	
8	77		18		0		109		109		77	
9	107		43		0		179		158		107	
10	71		33		0		152		90		71	
11	122		81		0		201		151		122	
12	74		13		0		145		96		74	
13	109		61		0		142		120		109	
14	100		68		0		214		175		100	
15	76		21		0		168		122		76	
16	61		30		0		118		106		61	
17	67		40		0		136		117		67	
18	90		39		0		226		146		90	
19	77		26		0		177		118		77	
20	77		33		0		159		112		77	
21	98		33		0		153		115		98	
22	88		41		0		182		133		88	
23	46		25		0		119		64		46	
24	68		24		0		156		114		68	
25	96		45		0		205		134		96	
26	54		12		0		101		67		54	
27	74		31		0		156		93		74	
28	69		16		0		173		129		69	
29	114		65		0		211		126		114	
30	99		35		0		165		117		99	
31	53		31		0		112		92		53	
32	29		15		0		111		75		29	
33	99		48		0		163		128		99	
34	109		53		0		183		142		109	
35	82		55		0		190		155		82	
36	97		40		0		179		132		97	
37	79		45		0		161		94		79	
38	67		41		0		115		80		67	
39	74		33		0		183		127		74	
40	48		36		0		138		115		48	
41	68		34		0		127		116		68	
42	54		28		0		145		88		54	
43	65		44		0		152		104		65	
44	104		41		0		193		159		104	
45	85		50		0		133		121		85	
46	132		63		0		214		182		132	
47	133		68		0		169		169		133	
48	86		41		0		175		100		86	
49	70		29		0		151		123		70	
50	62		25		0		143		105		62	
Store3
1	86		54		0		0		131		86	
2	51		38		0		0		108		51	
3	58		10		0		0		96		58	
4	51		32		0		0		90		51	
5	66		35		0		0		128		66	
6	42		34		0		0		83		42	
7	60		43		0		0		106		60	
8	106		69		0		0		120		106	
9	94		48		0		0		139		94	
10	114		59		0		0		181		114	
11	71		50		0		0		106		71	
12	124		61		0		0		158		124	
13	66		55		0		0		104		66	
14	64		26		0		0		108		64	
15	91		45		0		0		151		91	
16	52		1		0		0		61		52	
17	75		41		0		0		131		75	
18	68		32		0		0		87		68	
19	70		32		0		0		101		70	
20	98		46		0		0		173		98	
21	120		76		0		0		186		120	
22	61		29		0		0		105		61	
23	85		73		0		0		137		85	
24	52		42		0		0		126		52	
25	89		31		0		0		128		89	
26	83		53		0		0		111		83	
27	38		31		0		0		65		38	
28	69		34		0		0		118		69	
29	79		38		0		0		96		79	
30	86		60		0		0		117		86	
31	54		23		0		0		91		54	
32	101		47		0		0		145		101	
33	69		23		0		0		109		69	
34	80		48		0		0		121		80	
35	47		21		0		0		77		47	
36	114		59		0		0		132		114	
37	58		33		0		0		101		58	
38	85		37		0		0		144		85	
39	90		37		0		0		124		90	
40	103		58		0		0		154		103	
41	40		19		0		0		80		40	
42	46		37		0		0		62		46	
43	66		18		0		0		107		66	
44	80		37		0		0		135		80	
45	105		46		0		0		144		105	
46	88		59		0		0		173		88	
47	77		50		0		0		107		77	
48	75		36		0		0		121		75	
49	68		40		0		0		69		68	
50	88		53		0		0		117		88	
Store4
1	80		42		0		0		124		80	
2	99		32		0		0		152		99	
3	78		25		0		0		155		78	
4	90		47		0		0		127		90	
5	68		35		0		0		100		68	
6	67		18		0		0		110		67	
7	71		28		0		0		139		71	
8	100		58		0		0		157		100	
9	57		18		0		0		104		57	
10	104		69		0		0		130		104	
11	90		34		0		0		118		90	
12	90		51		0		0		150		90	
13	78		36		0		0		124		78	
14	55		6		0		0		108		55	
15	92		45		0		0		102		92	
16	86		46		0		0		135		86	
17	85		37		0		0		149		85	
18	78		57		0		0		103		78	
19	60		52		0		0		90		60	
20	42		31		0		0		122		42	
21	83		60		0		0		124		83	
22	70		18		0		0		105		70	
23	102		62		0		0		125		102	
24	62		14		0		0		86		62	
25	61		17		0		0		142		61	
26	70		34		0		0		76		70	
27	112		58		0		0		139		112	
28	90		49		0		0		132		90	
29	75		27		0		0		129		75	
30	144		57		0		0		185		144	
31	78		31		0		0		114		78	
32	94		50		0		0		125		94	
33	80		21		0		0		147		80	
34	104		49		0		0		148		104	
35	103		53		0		0		162		103	
36	66		37		0		0		114		66	
37	81		44		0		0		81		81	
38	63		48		0		0		89		63	
39	106		65		0		0		158		106	
40	51		27		0		0		92		51	
41	93		76		0		0		102		93	
42	90		56		0		0		103		90	
43	82		52		0		0		133		82	
44	106		68		0		0		135		106	
45	62		42		0		0		103		62	
46	63		19		0		0		92		63	
47	88		46		0		0		113		88	
48	94		47		0		0		122		94	
49	54		21		0		0		83		54	
50	104		28		0		0		169		104	
Store5
1	69		37		0		184		114		69	
2	63		31		0		146		67		63	
3	105		63		0		157		122		105	
4	70		46		0		178		125		70	
5	93		47		0		195		154		93	
6	105		49		0		206		161		105	
7	44		20		0		133		92		44	
8	107		37		0		165		130		107	
9	57		15		0		106		75		57	
10	101		58		0		156		140		101	
11	75		33		0		153		121		75	
12	75		21		0		167		130		75	
13	88		37		0		186		138		88	
14	70		36		0		145		119		70	
15	61		27		0		132		83		61	
16	83		49		0		173		141		83	
17	81		49		0		182		132		81	
18	66		14		0		133		116		66	
19	82		49		0		143		129		82	
20	92		56		0		196		144		92	
21	79		36		0		168		119		79	
22	80		30		0		112		83		80	
23	128		72		0		194		129		128	
24	106		30		0		208		156		106	
25	80		43		0		168		119		80	
26	56		14		0		140		107		56	
27	60		23		0		146		98		60	
28	52		45		0		143		93		52	
29	97		57		0		198		170		97	
30	34		34		0		103		71		34	
31	103		59		0		140		124		103	
32	92		55		0		170		121		92	
33	61		29		0		158		111		61	
34	88		50		0		178		135		88	
35	71		9		0		157		130		71	
36	72		35		0		130		92		72	
37	55		7		0		116		75		55	
38	42		11		0		136		103		42	
39	96		48		0		194		134		96	
40	83		31		0		149		131		83	
41	56		19		0		159		117		56	
42	109		51		0		214		158		109	
43	140		73		0		262		208		140	
44	92		42		0		171		153		92	
45	68		40		0		195		116		68	
46	46		17		0		160		106		46	
47	102		35		0		142		123		102	
48	121		56		0		207		174		121	
49	69		40		0		144		116		69	
50	56		32		0		161		108		56	
Store6
1	56		26		0		61		117		56	
2	71		34		0		15		86		71	
3	84		30		0		15		99		84	
4	58		41		0		48		106		58	
5	102		50		0		24		126		102	
6	92		30		0		43		135		92	
7	114		53		0		48		162		114	
8	59		42		0		69		128		59	
9	96		39		0		37		133		96	
10	67		31		0		37		104		67	
11	56		8		0		30		86		56	
12	39		21		0		47		86		39	
13	40		26		0		17		57		40	
14	58		30		0		15		73		58	
15	95		54		0		33		128		95	
16	71		31		0		67		138		71	
17	94		31		0		60		154		94	
18	75		27		0		43		118		75	
19	52		25		0		62		114		52	
20	65		18		0		39		104		65	
21	74		52		0		52		126		74	
22	45		30		0		33		78		45	
23	84		26		0		39		123		84	
24	58		33		0		40		98		58	
25	44		20		0		55		99		44	
26	75		44		0		0		75		75	
27	77		35		0		27		104		77	
28	91		60		0		19		110		91	
29	107		51		0		39		146		107	
30	68		29		0		37		105		68	
31	79		47		0		85		164		79	
32	90		39		0		88		178		90	
33	90		45		0		17		107		90	
34	104		52		0		39		143		104	
35	114		49		0		66		180		114	
36	52		21		0		18		70		52	
37	100		63		0		25		125		100	
38	70		0		0		33		103		70	
39	78		31		0		44		122		78	
40	60		42		0		46		106		60	
41	74		42		0		41		115		74	
42	94		38		0		53		147		94	
43	126		55		0		28		154		126	
44	75		53		0		56		131		75	
45	77		40		0		43		120		77	
46	81		34		0		19		100		81	
47	94		64		0		19		113		94	
48	90		17		0		40		130		90	
49	98		63		0		54		152		98	
50	65		35		0		32		97		65	
Store7
1	77		39		0		34		111		77	
2	34		0		0		6		40		34	
3	102		34		0		25		127		102	
4	95		37		0		29		124		95	
5	61		36		0		44		105		61	
6	37		0		0		37		74		37	
7	117		59		0		18		135		117	
8	44		18		0		52		96		44	
9	87		54		0		50		137		87	
10	74		10		0		19		93		74	
11	42		33		0		47		89		42	
12	98		45		0		54		152		98	
13	107		55		0		22		129		107	
14	95		39		0		20		115		95	
15	93		23		0		49		142		93	
16	114		62		0		11		125		114	
17	69		48		0		23		92		69	
18	52		29		0		66		118		52	
19	50		34		0		30		80		50	
20	105		69		0		38		143		105	
21	78		23		0		26		104		78	
22	78		40		0		33		111		78	
23	60		31		0		29		89		60	
24	84		40		0		26		110		84	
25	93		66		0		31		124		93	
26	56		37		0		40		96		56	
27	74		31		0		34		108		74	
28	87		56		0		55		142		87	
29	84		29		0		44		128		84	
30	54		7		0		41		95		54	
31	91		44		0		31		122		91	
32	87		59		0		43		130		87	
33	95		55		0		47		142		95	
34	124		54		0		70		194		124	
35	107		43		0		69		176		107	
36	86		39		0		20		106		86	
37	103		55		0		50		153		103	
38	63		16		0		54		117		63	
39	61		28		0		50		111		61	
40	98		36		0		36		134		98	
41	101		43		0		32		133		101	
42	121		44		0		44		165		121	
43	92		32		0		59		151		92	
44	121		66		0		21		142		121	
45	88		41		0		32		120		88	
46	62		33		0		38		100		62	
47	93		44		0		28		121		93	
48	88		66		0		60		148		88	
49	87		29		0		50		137		87	
50	83		46		0		40		123		83	
Store8
1	92		57		0		153		109		92	
2	58		15		0		109		69		58	
3	91		52		0		177		127		91	
4	95		44		0		124		96		95	
5	104		71		0		194		150		104	
6	99		56		0		132		132		99	
7	75		40		0		134		108		75	
8	57		32		0		131		82		57	
9	80		45		0		161		94		80	
10	57		33		0		170		131		57	
11	126		64		0		204		180		126	
12	57		20		0		135		104		57	
13	97		50		0		188		154		97	
14	61		56		0		156		118		61	
15	114		46		0		159		159		114	
16	47		25		0		60		48		47	
17	76		50		0		176		132		76	
18	85		40		0		202		154		85	
19	78		23		0		132		113		78	
20	64		46		0		158		127		64	
21	88		41		0		193		149		88	
22	94		51		0		161		120		94	
23	117		62		0		189		136		117	
24	58		19		0		126		91		58	
25	43		43		0		130		52		43	
26	81		47		0		197		147		81	
27	65		42		0		155		103		65	
28	64		24		0		160		123		64	
29	78		42		0		143		103		78	
30	71		29		0		198		145		71	
31	76		29		0		141		104		76	
32	44		26		0		125		74		44	
33	71		46		0		131		109		71	
34	59		25		0		114		82		59	
35	86		47		0		133		91		86	
36	122		65		0		199		156		122	
37	86		56		0		146		105		86	
38	110		75		0		198		161		110	
39	70		24		0		189		127		70	
40	69		17		0		153		105		69	
41	73		31		0		161		105		73	
42	68		33		0		148		103		68	
43	69		26		0		172		122		69	
44	123		42		0		202		152		123	
45	57		33		0		139		99		57	
46	62		30		0		110		88		62	
47	78		21		0		172		122		78	
48	96		20		0		141		120		96	
49	99		59		0		151		139		99	
50	65		24		0		148		107		65	
Store9
1	61		36		0		0		0		61	
2	81		58		0		0		0		81	
3	115		60		0		0		0		115	
4	79		32		0		0		0		79	
5	66		38		0		0		0		66	
6	79		42		0		0		0		79	
7	83		42		0		0		0		83	
8	101		38		0		0		0		101	
9	73		49		0		0		0		73	
10	54		14		0		0		0		54	
11	76		34		0		0		0		76	
12	84		42		0		0		0		84	
13	68		36		0		0		0		68	
14	101		61		0		0		0		101	
15	91		54		0		0		0		91	
16	86		46		0		0		0		86	
17	66		31		0		0		0		66	
18	83		35		0		0		0		83	
19	101		63		0		0		0		101	
20	58		34		0		0		0		58	
21	99		50		0		0		0		99	
22	63		43		0		0		0		63	
23	45		11		0		0		0		45	
24	96		51		0		0		0		96	
25	74		32		0		0		0		74	
26	66		17		0		0		0		66	
27	106		48		0		0		0		106	
28	106		49		0		0		0		106	
29	80		25		0		0		0		80	
30	78		34		0		0		0		78	
31	97		40		0		0		0		97	
32	81		47		0		0		0		81	
33	65		32		0		0		0		65	
34	83		34		0		0		0		83	
35	87		56		0		0		0		87	
36	96		45		0		0		0		96	
37	67		19		0		0		0		67	
38	53		24		0		0		0		53	
39	59		25		0		0		0		59	
40	71		31		0		0		0		71	
41	106		53		0		0		0		106	
42	95		38		0		0		0		95	
43	78		30		0		0		0		78	
44	91		41		0		0		0		91	
45	70		52		0		0		0		70	
46	96		32		0		0		0		96	
47	59		7		0		0		0		59	
48	51		30		0		0		0		51	
49	89		39		0		0		0		89	
50	69		25		0		0		0		69	
Store10
1	86		36		0		0		158		86	
2	95		18		0		0		173		95	
3	45		6		0		0		110		45	
4	81		38		0		0		142		81	
5	82		53		0		0		105		82	
6	109		46		0		0		136		109	
7	64		21		0		0		106		64	
8	70		57		0		0		112		70	
9	94		57		0		0		134		94	
10	122		73		0		0		144		122	
11	34		20		0		0		44		34	
12	100		50		0		0		142		100	
13	94		56		0		0		125		94	
14	82		53		0		0		135		82	
15	81		26		0		0		135		81	
16	87		37		0		0		134		87	
17	75		51		0		0		105		75	
18	91		36		0		0		141		91	
19	23		15		0		0		43		23	
20	113		56		0		0		145		113	
21	32		29		0		0		78		32	
22	82		43		0		0		97		82	
23	50		37		0		0		101		50	
24	111		58		0		0		147		111	
25	67		37		0		0		112		67	
26	41		36		0		0		103		41	
27	54		23		0		0		104		54	
28	66		40		0		0		97		66	
29	81		32		0		0		120		81	
30	37		26		0		0		65		37	
31	84		52		0		0		105		84	
32	90		40		0		0		118		90	
33	95		49		0		0		135		95	
34	94		38		0		0		130		94	
35	103		41		0		0		141		103	
36	88		32		0		0		123		88	
37	97		50		0		0		118		97	
38	95		51		0		0		110		95	
39	60		41		0		0		103		60	
40	56		17		0		0		102		56	
41	73		45		0		0		110		73	
42	69		32		0		0		87		69	
43	67		35		0		0		106		67	
44	90		40		0		0		115		90	
45	59		42		0		0		89		59	
46	94		61		0		0		172		94	
47	58		36		0		0		69		58	
48	85		53		0		0		142		85	
49	39		30		0		0		80		39	
50	67		39		0		0		94		67	


Shipments from Vendor to Warehouse (V T):
0	0.7249388	0	0	0.468952	
0.533848	0	0	0	0.613412	
0	0	0.700738	0.6564133	0	

Shipments from Warehouse to Stores (S T):
1	1	0.2265547
1	3	0.02746667
1	4	0.1952253
1	5	0.2968946
2	3	0.411368
2	4	0.1013733
2	5	0.1727867
3	3	0.1087633
3	4	0.384826
3	5	0.1904567
4	3	0.1048407
4	4	0.4052773
4	5	0.2119033
5	3	0.4210414
5	4	0.1100733
5	5	0.2309366
6	3	0.184694
6	4	0.343934
6	5	0.2063267
7	3	0.1752713
7	4	0.3415347
7	5	0.1961933
8	3	0.3857774
8	4	0.09342001
8	5	0.2183434
9	3	0.1003
9	4	0.2037253
9	5	0.4061507
10	3	0.1152253
10	4	0.4100013
10	5	0.1819433


Required Putaway workers (Sol T):
2	2	3	3	2	

No of required pickers (T):
1	0	7	9	9	

No of part-time putaway workers (T):
0	0	1	1	0	

No of part-time pickers (T):
0	0	1	3	3	

Best Putaway Technology: 2400
Best Picking Technology: 1000

Required Fashion Putaway Hours:
9.347917	7.6125	11.51875	13.39167	0	

Required Basic Putaway Hours:
6.50125	7.102917	7.8925	7.280416	12.78625	

Required Total Putaway Hours:
15.84917	14.71542	19.41125	20.67208	12.78625	

No of required fashion pick hours:
0	0	8.38	29.915	62.195	

No of required basic pick hours:
6.035	0	45.985	39.576	8.156	

No of required total pick hours:
6.035	0	54.365	69.491	70.351	

List of all the costs: 
MHECost		444
PutawayTechCost		3540
PickingTechCost		9130
WhBasicInvCost		1694.29
BasicInbCost		9539.68
WhFashionInvCost		1853.05
FashionInbCost		10567.5
PutawayCost		3680
StoreBasicInvCost		6731.3
StoreFashionInvCost		7358.25
OutboundCost		24198.41
PickingCost		11280
Total		90016.48

List of Top5 Technologies: 
Tech1		3	6	$ 90016.48
Tech2		2	6	$ 91737.43
Tech3		2	5	$ 100429.7
Tech4		2	1	$ 161605.3
Tech5		6	1	$ 203178.8
The start time is 12/30/2014 5:15:25 PM
The End time is 12/30/2014 5:16:27 PM
