Printing New Fashion Solution:

Inbound Fashion Solution (V F T):
1	1	1	1970
1	2	1	2245
1	3	1	2365
1	4	1	2160
1	5	1	2380
1	6	1	2395
1	7	1	1630
1	8	1	1570
1	9	1	1915
1	10	1	1865
1	11	1	1750
1	12	1	2105
1	13	1	2140
1	14	1	2205
1	15	1	1745
1	16	1	2090
1	17	1	1670
1	18	1	1960
1	19	1	2420
1	20	1	1965
1	21	1	2020
1	22	1	1950
1	23	1	1985
1	24	1	1635
1	25	1	1945
2	26	4	2345
2	27	4	2140
2	28	4	2145
2	29	3	2335
2	30	3	1920
2	31	3	1840
2	32	4	1940
2	33	3	2265
2	34	3	2115
2	35	4	1855
2	36	4	1625
2	37	4	1875
2	38	3	2230
2	39	4	1985
2	40	4	2165
2	41	4	1655
2	42	4	1960
2	43	3	1805
2	44	4	2140
2	45	3	2045
2	46	3	2150
2	47	3	1560
2	48	4	2430
2	49	4	2130
2	50	4	1755


Outbound Fashion Solution(S F T):
1	1	3	140
1	2	2	90
1	3	4	290
1	4	2	315
1	5	3	305
1	6	3	270
1	7	4	275
1	8	3	170
1	9	4	95
1	10	4	155
1	11	4	200
1	12	4	285
1	13	2	275
1	14	2	250
1	15	3	220
1	16	3	195
1	17	3	210
1	18	2	240
1	19	4	210
1	20	2	5
1	21	3	155
1	22	3	110
1	23	2	265
1	24	3	155
1	25	3	275
1	26	5	200
1	27	5	250
1	28	5	140
1	29	5	220
1	30	5	295
1	31	5	230
1	32	5	255
1	33	4	225
1	34	5	215
1	35	5	235
1	36	5	195
1	37	5	25
1	38	5	150
1	39	5	180
1	40	5	310
1	41	5	190
1	42	5	110
1	43	4	260
1	44	5	350
1	45	5	275
1	46	5	145
1	47	4	145
1	48	5	170
1	49	5	345
1	50	5	325
2	1	4	255
2	2	4	140
2	3	2	230
2	4	3	210
2	5	2	140
2	6	4	170
2	7	4	115
2	8	4	135
2	9	2	115
2	10	2	120
2	11	4	135
2	12	4	250
2	13	4	350
2	14	3	285
2	15	3	155
2	16	3	195
2	17	2	210
2	18	2	160
2	19	4	330
2	20	3	220
2	21	3	195
2	22	3	210
2	23	2	195
2	24	3	120
2	25	3	245
2	26	5	160
2	27	5	195
2	28	5	235
2	29	5	235
2	30	4	115
2	31	5	145
2	32	5	210
2	33	5	140
2	34	5	230
2	35	5	65
2	36	5	285
2	37	5	170
2	38	4	295
2	39	5	230
2	40	5	165
2	41	5	65
2	42	5	340
2	43	5	205
2	44	5	200
2	45	5	130
2	46	4	220
2	47	5	75
2	48	5	90
2	49	5	110
2	50	5	315
3	1	3	220
3	2	3	150
3	3	2	245
3	4	3	205
3	5	2	250
3	6	4	250
3	7	3	135
3	8	3	65
3	9	2	140
3	10	2	85
3	11	4	145
3	12	4	105
3	13	3	205
3	14	3	180
3	15	4	165
3	16	3	295
3	17	3	10
3	18	4	115
3	19	4	275
3	20	3	340
3	21	3	105
3	22	2	165
3	23	2	255
3	24	3	35
3	25	2	65
3	26	5	310
3	27	5	115
3	28	5	310
3	29	4	120
3	30	4	190
3	31	5	170
3	32	5	150
3	33	5	270
3	34	5	175
3	35	5	265
3	36	5	95
3	37	5	230
3	38	5	380
3	39	5	270
3	40	5	305
3	41	5	140
3	42	5	205
3	43	5	70
3	44	5	175
3	45	4	210
3	46	5	300
3	47	5	185
3	48	5	215
3	49	5	230
3	50	5	250
4	1	4	85
4	2	3	340
4	3	3	230
4	4	3	215
4	5	4	300
4	6	2	290
4	7	3	265
4	8	2	105
4	9	4	180
4	10	4	195
4	11	3	160
4	12	4	250
4	13	3	200
4	14	2	220
4	15	2	200
4	16	2	105
4	17	3	150
4	18	3	145
4	19	3	270
4	21	4	160
4	22	4	255
4	23	4	85
4	24	3	290
4	25	4	210
4	26	5	370
4	27	5	220
4	28	5	175
4	29	5	225
4	30	4	215
4	31	5	240
4	32	5	210
4	33	5	130
4	34	5	230
4	35	5	250
4	36	5	170
4	37	5	190
4	38	4	165
4	39	5	105
4	40	5	165
4	41	5	155
4	42	5	245
4	43	5	325
4	44	5	135
4	45	4	185
4	46	5	125
4	47	4	140
4	48	5	360
4	49	5	110
4	50	5	130
5	1	3	175
5	2	4	180
5	3	2	230
5	4	3	185
5	5	4	230
5	6	3	340
5	7	2	15
5	8	3	250
5	9	3	255
5	10	4	280
5	11	3	260
5	12	4	340
5	13	4	240
5	14	4	95
5	15	2	195
5	16	3	175
5	17	4	175
5	18	3	290
5	19	4	335
5	20	3	335
5	21	4	300
5	22	2	100
5	23	4	325
5	24	4	335
5	25	4	175
5	26	5	285
5	27	5	125
5	28	5	320
5	29	4	200
5	30	5	95
5	31	4	210
5	32	5	85
5	33	5	335
5	34	5	105
5	35	5	175
5	36	5	240
5	37	5	310
5	38	5	235
5	39	5	150
5	40	5	200
5	41	5	105
5	42	5	245
5	43	5	255
5	44	5	335
5	45	4	145
5	46	4	270
5	47	4	100
5	48	5	410
5	49	5	240
5	50	5	95
6	1	3	110
6	2	3	250
6	3	3	225
6	4	4	160
6	5	4	160
6	6	2	190
6	7	4	110
6	8	3	300
6	9	2	345
6	10	4	300
6	11	2	145
6	12	3	105
6	13	4	220
6	14	3	255
6	15	4	100
6	16	3	210
6	17	4	65
6	18	4	195
6	19	3	160
6	20	2	225
6	21	4	180
6	22	2	325
6	23	4	345
6	24	3	220
6	25	2	245
6	26	5	135
6	27	5	235
6	28	5	240
6	29	5	240
6	30	5	210
6	31	5	280
6	32	5	180
6	33	5	245
6	34	5	285
6	35	5	270
6	36	5	220
6	37	5	140
6	38	4	205
6	39	5	150
6	40	5	190
6	41	5	140
6	42	5	140
6	43	4	95
6	44	5	185
6	45	4	230
6	46	5	225
6	47	4	150
6	48	5	255
6	49	5	265
6	50	5	145
7	1	2	210
7	2	4	375
7	3	2	230
7	4	3	310
7	5	4	390
7	6	2	280
7	7	4	260
7	9	4	190
7	10	3	180
7	11	2	145
7	12	3	190
7	13	4	100
7	14	3	45
7	15	3	225
7	16	4	240
7	17	3	305
7	18	3	225
7	19	2	85
7	20	3	85
7	21	3	290
7	22	2	175
7	23	3	140
7	24	3	90
7	25	3	70
7	26	5	200
7	27	5	300
7	28	5	250
7	29	5	345
7	30	5	215
7	31	4	190
7	32	5	130
7	33	5	210
7	34	5	145
7	35	5	240
7	36	5	115
7	37	5	315
7	38	5	200
7	39	5	200
7	40	5	260
7	41	5	270
7	42	5	220
7	43	4	140
7	44	5	250
7	45	5	205
7	46	5	250
7	47	5	50
7	48	5	315
7	49	5	95
8	1	4	345
8	2	3	185
8	3	4	240
8	4	2	200
8	5	2	140
8	6	4	240
8	7	3	65
8	8	2	140
8	9	4	235
8	10	4	320
8	11	2	190
8	12	2	85
8	13	2	170
8	14	3	425
8	15	2	220
8	16	4	305
8	17	3	170
8	18	4	180
8	19	2	195
8	20	3	285
8	21	4	235
8	22	3	30
8	23	3	130
8	24	2	55
8	25	3	215
8	26	5	250
8	27	5	285
8	28	5	205
8	29	4	210
8	30	5	105
8	31	5	130
8	32	5	210
8	33	4	220
8	34	5	205
8	35	5	150
8	36	5	65
8	37	5	210
8	38	5	280
8	39	5	270
8	40	5	285
8	41	5	25
8	42	5	150
8	43	4	150
8	44	5	175
8	45	4	325
8	46	5	205
8	47	5	200
8	48	5	270
8	49	5	250
8	50	5	180
9	1	4	320
9	2	4	310
9	3	3	260
9	4	2	155
9	5	3	160
9	6	3	205
9	7	2	240
9	8	4	280
9	9	4	140
9	10	2	120
9	11	2	200
9	12	3	200
9	13	2	245
9	14	3	230
9	15	3	60
9	16	4	145
9	17	4	210
9	18	3	250
9	19	2	310
9	20	3	285
9	21	2	210
9	22	4	325
9	23	4	180
9	24	3	295
9	25	2	225
9	26	5	230
9	27	5	275
9	28	5	100
9	29	5	225
9	30	5	225
9	31	5	40
9	32	5	225
9	33	5	255
9	34	4	205
9	35	5	80
9	36	5	225
9	37	5	150
9	38	4	125
9	39	5	250
9	41	5	210
9	42	5	80
9	43	4	185
9	44	5	100
9	45	4	230
9	46	5	200
9	47	5	190
9	48	5	215
9	49	5	265
9	50	5	170
10	1	4	110
10	2	4	225
10	3	4	185
10	4	4	205
10	5	2	305
10	6	3	160
10	7	3	150
10	8	3	125
10	9	4	220
10	10	3	110
10	11	2	170
10	12	4	295
10	13	4	135
10	14	2	220
10	15	4	205
10	16	3	225
10	17	4	165
10	18	4	160
10	19	3	250
10	20	2	185
10	21	3	190
10	22	3	255
10	23	2	65
10	24	2	40
10	25	3	220
10	26	5	205
10	27	5	140
10	28	5	170
10	29	5	315
10	30	4	255
10	31	5	205
10	32	5	285
10	33	5	235
10	34	4	320
10	35	5	125
10	36	5	15
10	37	5	135
10	38	5	195
10	39	5	180
10	40	5	285
10	41	5	355
10	42	5	225
10	43	5	120
10	44	5	235
10	45	5	110
10	46	5	210
10	47	5	325
10	48	5	130
10	49	5	220
10	50	5	145


Warehouse Fashion Inventory (W F T):
1	1970		1760		1115		0		0	
2	2245		2155		1230		0		0	
3	2365		1430		715		0		0	
4	2160		1490		365		0		0	
5	2380		1545		1080		0		0	
6	2395		1635		660		0		0	
7	1630		1375		760		0		0	
8	1570		1325		415		0		0	
9	1915		1315		1060		0		0	
10	1865		1540		1250		0		0	
11	1750		900		480		0		0	
12	2105		2020		1525		0		0	
13	2140		1450		1045		0		0	
14	2205		1515		95		0		0	
15	1745		1130		470		0		0	
16	2090		1985		690		0		0	
17	1670		1460		615		0		0	
18	1960		1560		650		0		0	
19	2420		1830		1150		0		0	
20	1965		1550		0		0		0	
21	2020		1810		875		0		0	
22	1950		1185		580		0		0	
23	1985		1205		935		0		0	
24	1635		1540		335		0		0	
25	1945		1410		385		0		0	
26	0		0		0		2345		0	
27	0		0		0		2140		0	
28	0		0		0		2145		0	
29	0		0		2335		1805		0	
30	0		0		1920		1145		0	
31	0		0		1840		1440		0	
32	0		0		0		1940		0	
33	0		0		2265		1820		0	
34	0		0		2115		1590		0	
35	0		0		0		1855		0	
36	0		0		0		1625		0	
37	0		0		0		1875		0	
38	0		0		2230		1440		0	
39	0		0		0		1985		0	
40	0		0		0		2165		0	
41	0		0		0		1655		0	
42	0		0		0		1960		0	
43	0		0		1805		975		0	
44	0		0		0		2140		0	
45	0		0		2045		720		0	
46	0		0		2150		1660		0	
47	0		0		1560		1025		0	
48	0		0		0		2430		0	
49	0		0		0		2130		0	
50	0		0		0		1755		0	

Store Fashion Inventory (S F T):
Store1
1	0		140		140		140	
2	90		90		90		90	
3	0		0		290		290	
4	315		315		315		315	
5	0		305		305		305	
6	0		270		270		270	
7	0		0		275		275	
8	0		170		170		170	
9	0		0		95		95	
10	0		0		155		155	
11	0		0		200		200	
12	0		0		285		285	
13	275		275		275		275	
14	250		250		250		250	
15	0		220		220		220	
16	0		195		195		195	
17	0		210		210		210	
18	240		240		240		240	
19	0		0		210		210	
20	5		5		5		5	
21	0		155		155		155	
22	0		110		110		110	
23	265		265		265		265	
24	0		155		155		155	
25	0		275		275		275	
26	0		0		0		200	
27	0		0		0		250	
28	0		0		0		140	
29	0		0		0		220	
30	0		0		0		295	
31	0		0		0		230	
32	0		0		0		255	
33	0		0		225		225	
34	0		0		0		215	
35	0		0		0		235	
36	0		0		0		195	
37	0		0		0		25	
38	0		0		0		150	
39	0		0		0		180	
40	0		0		0		310	
41	0		0		0		190	
42	0		0		0		110	
43	0		0		260		260	
44	0		0		0		350	
45	0		0		0		275	
46	0		0		0		145	
47	0		0		145		145	
48	0		0		0		170	
49	0		0		0		345	
50	0		0		0		325	
Store2
1	0		0		255		255	
2	0		0		140		140	
3	230		230		230		230	
4	0		210		210		210	
5	140		140		140		140	
6	0		0		170		170	
7	0		0		115		115	
8	0		0		135		135	
9	115		115		115		115	
10	120		120		120		120	
11	0		0		135		135	
12	0		0		250		250	
13	0		0		350		350	
14	0		285		285		285	
15	0		155		155		155	
16	0		195		195		195	
17	210		210		210		210	
18	160		160		160		160	
19	0		0		330		330	
20	0		220		220		220	
21	0		195		195		195	
22	0		210		210		210	
23	195		195		195		195	
24	0		120		120		120	
25	0		245		245		245	
26	0		0		0		160	
27	0		0		0		195	
28	0		0		0		235	
29	0		0		0		235	
30	0		0		115		115	
31	0		0		0		145	
32	0		0		0		210	
33	0		0		0		140	
34	0		0		0		230	
35	0		0		0		65	
36	0		0		0		285	
37	0		0		0		170	
38	0		0		295		295	
39	0		0		0		230	
40	0		0		0		165	
41	0		0		0		65	
42	0		0		0		340	
43	0		0		0		205	
44	0		0		0		200	
45	0		0		0		130	
46	0		0		220		220	
47	0		0		0		75	
48	0		0		0		90	
49	0		0		0		110	
50	0		0		0		315	
Store3
1	0		220		220		220	
2	0		150		150		150	
3	245		245		245		245	
4	0		205		205		205	
5	250		250		250		250	
6	0		0		250		250	
7	0		135		135		135	
8	0		65		65		65	
9	140		140		140		140	
10	85		85		85		85	
11	0		0		145		145	
12	0		0		105		105	
13	0		205		205		205	
14	0		180		180		180	
15	0		0		165		165	
16	0		295		295		295	
17	0		10		10		10	
18	0		0		115		115	
19	0		0		275		275	
20	0		340		340		340	
21	0		105		105		105	
22	165		165		165		165	
23	255		255		255		255	
24	0		35		35		35	
25	65		65		65		65	
26	0		0		0		310	
27	0		0		0		115	
28	0		0		0		310	
29	0		0		120		120	
30	0		0		190		190	
31	0		0		0		170	
32	0		0		0		150	
33	0		0		0		270	
34	0		0		0		175	
35	0		0		0		265	
36	0		0		0		95	
37	0		0		0		230	
38	0		0		0		380	
39	0		0		0		270	
40	0		0		0		305	
41	0		0		0		140	
42	0		0		0		205	
43	0		0		0		70	
44	0		0		0		175	
45	0		0		210		210	
46	0		0		0		300	
47	0		0		0		185	
48	0		0		0		215	
49	0		0		0		230	
50	0		0		0		250	
Store4
1	0		0		85		85	
2	0		340		340		340	
3	0		230		230		230	
4	0		215		215		215	
5	0		0		300		300	
6	290		290		290		290	
7	0		265		265		265	
8	105		105		105		105	
9	0		0		180		180	
10	0		0		195		195	
11	0		160		160		160	
12	0		0		250		250	
13	0		200		200		200	
14	220		220		220		220	
15	200		200		200		200	
16	105		105		105		105	
17	0		150		150		150	
18	0		145		145		145	
19	0		270		270		270	
20	0		0		0		0	
21	0		0		160		160	
22	0		0		255		255	
23	0		0		85		85	
24	0		290		290		290	
25	0		0		210		210	
26	0		0		0		370	
27	0		0		0		220	
28	0		0		0		175	
29	0		0		0		225	
30	0		0		215		215	
31	0		0		0		240	
32	0		0		0		210	
33	0		0		0		130	
34	0		0		0		230	
35	0		0		0		250	
36	0		0		0		170	
37	0		0		0		190	
38	0		0		165		165	
39	0		0		0		105	
40	0		0		0		165	
41	0		0		0		155	
42	0		0		0		245	
43	0		0		0		325	
44	0		0		0		135	
45	0		0		185		185	
46	0		0		0		125	
47	0		0		140		140	
48	0		0		0		360	
49	0		0		0		110	
50	0		0		0		130	
Store5
1	0		175		175		175	
2	0		0		180		180	
3	230		230		230		230	
4	0		185		185		185	
5	0		0		230		230	
6	0		340		340		340	
7	15		15		15		15	
8	0		250		250		250	
9	0		255		255		255	
10	0		0		280		280	
11	0		260		260		260	
12	0		0		340		340	
13	0		0		240		240	
14	0		0		95		95	
15	195		195		195		195	
16	0		175		175		175	
17	0		0		175		175	
18	0		290		290		290	
19	0		0		335		335	
20	0		335		335		335	
21	0		0		300		300	
22	100		100		100		100	
23	0		0		325		325	
24	0		0		335		335	
25	0		0		175		175	
26	0		0		0		285	
27	0		0		0		125	
28	0		0		0		320	
29	0		0		200		200	
30	0		0		0		95	
31	0		0		210		210	
32	0		0		0		85	
33	0		0		0		335	
34	0		0		0		105	
35	0		0		0		175	
36	0		0		0		240	
37	0		0		0		310	
38	0		0		0		235	
39	0		0		0		150	
40	0		0		0		200	
41	0		0		0		105	
42	0		0		0		245	
43	0		0		0		255	
44	0		0		0		335	
45	0		0		145		145	
46	0		0		270		270	
47	0		0		100		100	
48	0		0		0		410	
49	0		0		0		240	
50	0		0		0		95	
Store6
1	0		110		110		110	
2	0		250		250		250	
3	0		225		225		225	
4	0		0		160		160	
5	0		0		160		160	
6	190		190		190		190	
7	0		0		110		110	
8	0		300		300		300	
9	345		345		345		345	
10	0		0		300		300	
11	145		145		145		145	
12	0		105		105		105	
13	0		0		220		220	
14	0		255		255		255	
15	0		0		100		100	
16	0		210		210		210	
17	0		0		65		65	
18	0		0		195		195	
19	0		160		160		160	
20	225		225		225		225	
21	0		0		180		180	
22	325		325		325		325	
23	0		0		345		345	
24	0		220		220		220	
25	245		245		245		245	
26	0		0		0		135	
27	0		0		0		235	
28	0		0		0		240	
29	0		0		0		240	
30	0		0		0		210	
31	0		0		0		280	
32	0		0		0		180	
33	0		0		0		245	
34	0		0		0		285	
35	0		0		0		270	
36	0		0		0		220	
37	0		0		0		140	
38	0		0		205		205	
39	0		0		0		150	
40	0		0		0		190	
41	0		0		0		140	
42	0		0		0		140	
43	0		0		95		95	
44	0		0		0		185	
45	0		0		230		230	
46	0		0		0		225	
47	0		0		150		150	
48	0		0		0		255	
49	0		0		0		265	
50	0		0		0		145	
Store7
1	210		210		210		210	
2	0		0		375		375	
3	230		230		230		230	
4	0		310		310		310	
5	0		0		390		390	
6	280		280		280		280	
7	0		0		260		260	
8	0		0		0		0	
9	0		0		190		190	
10	0		180		180		180	
11	145		145		145		145	
12	0		190		190		190	
13	0		0		100		100	
14	0		45		45		45	
15	0		225		225		225	
16	0		0		240		240	
17	0		305		305		305	
18	0		225		225		225	
19	85		85		85		85	
20	0		85		85		85	
21	0		290		290		290	
22	175		175		175		175	
23	0		140		140		140	
24	0		90		90		90	
25	0		70		70		70	
26	0		0		0		200	
27	0		0		0		300	
28	0		0		0		250	
29	0		0		0		345	
30	0		0		0		215	
31	0		0		190		190	
32	0		0		0		130	
33	0		0		0		210	
34	0		0		0		145	
35	0		0		0		240	
36	0		0		0		115	
37	0		0		0		315	
38	0		0		0		200	
39	0		0		0		200	
40	0		0		0		260	
41	0		0		0		270	
42	0		0		0		220	
43	0		0		140		140	
44	0		0		0		250	
45	0		0		0		205	
46	0		0		0		250	
47	0		0		0		50	
48	0		0		0		315	
49	0		0		0		95	
50	0		0		0		0	
Store8
1	0		0		345		345	
2	0		185		185		185	
3	0		0		240		240	
4	200		200		200		200	
5	140		140		140		140	
6	0		0		240		240	
7	0		65		65		65	
8	140		140		140		140	
9	0		0		235		235	
10	0		0		320		320	
11	190		190		190		190	
12	85		85		85		85	
13	170		170		170		170	
14	0		425		425		425	
15	220		220		220		220	
16	0		0		305		305	
17	0		170		170		170	
18	0		0		180		180	
19	195		195		195		195	
20	0		285		285		285	
21	0		0		235		235	
22	0		30		30		30	
23	0		130		130		130	
24	55		55		55		55	
25	0		215		215		215	
26	0		0		0		250	
27	0		0		0		285	
28	0		0		0		205	
29	0		0		210		210	
30	0		0		0		105	
31	0		0		0		130	
32	0		0		0		210	
33	0		0		220		220	
34	0		0		0		205	
35	0		0		0		150	
36	0		0		0		65	
37	0		0		0		210	
38	0		0		0		280	
39	0		0		0		270	
40	0		0		0		285	
41	0		0		0		25	
42	0		0		0		150	
43	0		0		150		150	
44	0		0		0		175	
45	0		0		325		325	
46	0		0		0		205	
47	0		0		0		200	
48	0		0		0		270	
49	0		0		0		250	
50	0		0		0		180	
Store9
1	0		0		320		320	
2	0		0		310		310	
3	0		260		260		260	
4	155		155		155		155	
5	0		160		160		160	
6	0		205		205		205	
7	240		240		240		240	
8	0		0		280		280	
9	0		0		140		140	
10	120		120		120		120	
11	200		200		200		200	
12	0		200		200		200	
13	245		245		245		245	
14	0		230		230		230	
15	0		60		60		60	
16	0		0		145		145	
17	0		0		210		210	
18	0		250		250		250	
19	310		310		310		310	
20	0		285		285		285	
21	210		210		210		210	
22	0		0		325		325	
23	0		0		180		180	
24	0		295		295		295	
25	225		225		225		225	
26	0		0		0		230	
27	0		0		0		275	
28	0		0		0		100	
29	0		0		0		225	
30	0		0		0		225	
31	0		0		0		40	
32	0		0		0		225	
33	0		0		0		255	
34	0		0		205		205	
35	0		0		0		80	
36	0		0		0		225	
37	0		0		0		150	
38	0		0		125		125	
39	0		0		0		250	
40	0		0		0		0	
41	0		0		0		210	
42	0		0		0		80	
43	0		0		185		185	
44	0		0		0		100	
45	0		0		230		230	
46	0		0		0		200	
47	0		0		0		190	
48	0		0		0		215	
49	0		0		0		265	
50	0		0		0		170	
Store10
1	0		0		110		110	
2	0		0		225		225	
3	0		0		185		185	
4	0		0		205		205	
5	305		305		305		305	
6	0		160		160		160	
7	0		150		150		150	
8	0		125		125		125	
9	0		0		220		220	
10	0		110		110		110	
11	170		170		170		170	
12	0		0		295		295	
13	0		0		135		135	
14	220		220		220		220	
15	0		0		205		205	
16	0		225		225		225	
17	0		0		165		165	
18	0		0		160		160	
19	0		250		250		250	
20	185		185		185		185	
21	0		190		190		190	
22	0		255		255		255	
23	65		65		65		65	
24	40		40		40		40	
25	0		220		220		220	
26	0		0		0		205	
27	0		0		0		140	
28	0		0		0		170	
29	0		0		0		315	
30	0		0		255		255	
31	0		0		0		205	
32	0		0		0		285	
33	0		0		0		235	
34	0		0		320		320	
35	0		0		0		125	
36	0		0		0		15	
37	0		0		0		135	
38	0		0		0		195	
39	0		0		0		180	
40	0		0		0		285	
41	0		0		0		355	
42	0		0		0		225	
43	0		0		0		120	
44	0		0		0		235	
45	0		0		0		110	
46	0		0		0		210	
47	0		0		0		325	
48	0		0		0		130	
49	0		0		0		220	
50	0		0		0		145	


Fashion Shipments from Vendor to Warehouse (V T):
1.791897	0	0	0	
0	0	0.6753634	0.9970666	

Printing New Basic Solution:

Inbound Solution (V P T):
1	1	2	1443
1	1	4	618
1	2	2	372
1	2	4	1485
1	3	2	624
1	3	4	1455
1	4	2	1348
1	4	4	577
1	5	2	195
1	5	4	1746
1	6	2	1604
1	6	4	401
1	7	4	2054
1	8	2	613
1	8	4	1428
1	9	2	401
1	9	4	1602
1	10	2	1006
1	10	4	1005
1	11	2	934
1	11	4	934
1	12	2	786
1	12	4	1178
1	13	2	1801
1	13	4	200
1	14	2	1299
1	14	4	556
1	15	2	2094
1	16	2	1005
1	16	4	1005
2	17	3	610
2	17	5	1423
2	18	3	2003
2	19	3	409
2	19	5	1632
2	20	5	2046
2	21	3	1054
2	21	5	1053
2	22	3	1025
2	22	5	683
2	23	3	1848
2	23	5	205
2	24	3	384
2	24	5	1536
2	25	3	794
2	25	5	1189
2	26	3	925
2	26	5	924
2	27	3	1278
2	27	5	547
2	28	3	983
2	28	5	982
2	29	3	1472
2	29	5	630
2	30	3	1544
2	30	5	385
2	31	3	782
2	31	5	1173
2	32	3	410
2	32	5	1639
3	33	2	422
3	33	5	1685
3	34	2	473
3	34	5	1888
3	35	2	1696
3	35	5	423
3	36	2	1628
3	36	5	406
3	37	2	1602
3	37	5	177
3	38	2	1146
3	38	5	764
3	39	2	1044
3	39	5	1044
3	40	2	568
3	40	5	1322
3	41	2	1151
3	41	5	766
3	42	2	1819
3	42	5	202
3	43	2	1591
3	43	5	681
3	44	2	2123
3	45	2	1419
3	45	5	608
3	46	2	1918
3	46	5	213
3	47	2	543
3	47	5	1264
3	48	2	1388
3	48	5	594
3	49	2	380
3	49	5	1520
3	50	2	1753
3	50	5	194


Outbound Solution(S P T):
1	1	2	69
1	1	3	29
1	1	4	42
1	1	5	74
1	2	2	35
1	2	4	30
1	2	5	103
1	3	2	51
1	3	3	33
1	3	4	36
1	3	5	104
1	4	2	45
1	4	3	51
1	4	4	33
1	4	5	69
1	5	2	80
1	5	3	6
1	5	4	22
1	5	5	65
1	6	2	60
1	6	3	44
1	6	4	46
1	6	5	45
1	7	2	23
1	7	3	48
1	7	4	66
1	7	5	43
1	8	2	71
1	8	3	39
1	8	4	29
1	8	5	99
1	9	2	50
1	9	3	44
1	9	4	32
1	9	5	75
1	10	2	43
1	10	3	67
1	10	4	48
1	10	5	62
1	11	2	60
1	11	3	50
1	11	4	42
1	11	5	75
1	12	2	26
1	12	3	32
1	12	4	49
1	12	5	97
1	13	2	54
1	13	3	57
1	13	4	15
1	13	5	88
1	14	2	15
1	14	4	22
1	14	5	112
1	15	2	47
1	15	3	30
1	15	4	18
1	15	5	89
1	16	2	45
1	16	3	68
1	16	4	48
1	16	5	76
1	17	2	28
1	17	3	40
1	17	4	18
1	17	5	92
1	18	2	38
1	18	3	27
1	18	4	30
1	18	5	62
1	19	2	42
1	19	3	10
1	19	4	61
1	19	5	107
1	20	2	85
1	20	3	55
1	20	4	52
1	20	5	109
1	21	2	27
1	21	3	33
1	21	4	58
1	21	5	102
1	22	2	38
1	22	3	60
1	22	4	32
1	22	5	11
1	23	2	34
1	23	3	52
1	23	4	7
1	23	5	119
1	24	2	33
1	24	3	24
1	24	4	61
1	24	5	62
1	25	3	42
1	25	4	56
1	25	5	103
1	26	2	42
1	26	3	33
1	26	4	52
1	26	5	91
1	27	2	38
1	27	3	44
1	27	4	38
1	27	5	118
1	28	2	49
1	28	3	41
1	28	4	41
1	28	5	79
1	29	2	29
1	29	3	65
1	29	4	71
1	29	5	108
1	30	2	19
1	30	3	33
1	30	4	40
1	30	5	81
1	31	2	39
1	31	3	11
1	31	4	28
1	31	5	109
1	32	2	39
1	32	3	30
1	32	4	35
1	32	5	70
1	33	2	22
1	33	3	34
1	33	4	40
1	33	5	134
1	34	2	31
1	34	3	44
1	34	4	23
1	34	5	109
1	35	2	24
1	35	3	5
1	35	4	57
1	35	5	73
1	36	2	42
1	36	3	52
1	36	4	27
1	36	5	76
1	37	2	52
1	37	3	43
1	37	4	32
1	37	5	60
1	38	2	33
1	38	3	36
1	38	4	54
1	38	5	74
1	39	2	34
1	39	3	45
1	39	4	42
1	39	5	94
1	40	2	62
1	40	3	29
1	40	4	33
1	40	5	89
1	41	2	25
1	41	3	52
1	41	4	19
1	41	5	83
1	42	2	53
1	42	3	39
1	42	4	29
1	42	5	73
1	43	2	66
1	43	3	49
1	43	4	34
1	43	5	94
1	44	2	27
1	44	3	46
1	44	4	54
1	44	5	96
1	45	2	47
1	45	3	25
1	45	4	66
1	45	5	83
1	46	2	56
1	46	3	37
1	46	4	56
1	46	5	108
1	47	2	58
1	47	3	44
1	47	4	9
1	47	5	69
1	48	2	27
1	48	3	10
1	48	4	41
1	48	5	110
1	49	2	51
1	49	3	30
1	49	4	42
1	49	5	135
1	50	2	32
1	50	3	37
1	50	4	17
1	50	5	40
2	1	2	31
2	1	3	49
2	1	4	93
2	1	5	38
2	2	2	57
2	2	3	50
2	2	4	95
2	2	5	47
2	3	2	15
2	3	3	46
2	3	4	80
2	3	5	45
2	4	2	35
2	4	3	42
2	4	4	37
2	4	5	72
2	5	2	42
2	5	3	59
2	5	4	73
2	5	5	60
2	6	2	40
2	6	3	59
2	6	4	88
2	6	5	38
2	7	2	46
2	7	3	64
2	7	4	74
2	7	5	31
2	8	2	18
2	8	3	50
2	8	4	59
2	8	5	32
2	9	2	43
2	9	3	25
2	9	4	85
2	9	5	51
2	10	2	33
2	10	3	6
2	10	4	100
2	10	5	19
2	11	2	81
2	11	3	22
2	11	4	91
2	11	5	29
2	12	2	13
2	12	3	37
2	12	4	110
2	12	5	22
2	13	2	61
2	13	3	48
2	13	4	70
2	13	5	11
2	14	2	68
2	14	3	18
2	14	4	71
2	14	5	75
2	15	2	21
2	15	3	37
2	15	4	101
2	15	5	46
2	16	2	30
2	16	3	59
2	16	4	43
2	16	5	45
2	17	2	40
2	17	3	58
2	17	4	46
2	17	5	50
2	18	2	39
2	18	3	64
2	18	4	131
2	18	5	56
2	19	2	26
2	19	3	63
2	19	4	110
2	19	5	41
2	20	2	33
2	20	3	27
2	20	4	91
2	20	5	35
2	21	2	33
2	21	3	40
2	21	4	103
2	21	5	17
2	22	2	41
2	22	3	22
2	22	4	96
2	22	5	45
2	23	2	25
2	23	3	68
2	23	4	76
2	23	5	18
2	24	2	24
2	24	3	46
2	24	4	86
2	24	5	46
2	25	2	45
2	25	3	38
2	25	4	122
2	25	5	38
2	26	2	12
2	26	3	57
2	26	4	76
2	26	5	13
2	27	2	31
2	27	3	28
2	27	4	106
2	27	5	19
2	28	2	16
2	28	3	9
2	28	4	97
2	28	5	60
2	29	2	65
2	29	3	16
2	29	4	134
2	29	5	12
2	30	2	35
2	30	3	43
2	30	4	112
2	30	5	18
2	31	2	31
2	31	3	52
2	31	4	42
2	31	5	39
2	32	2	15
2	32	3	39
2	32	4	50
2	32	5	46
2	33	2	48
2	33	3	7
2	33	4	86
2	33	5	29
2	34	2	53
2	34	3	27
2	34	4	97
2	34	5	33
2	35	2	55
2	35	3	52
2	35	4	62
2	35	5	73
2	36	2	40
2	36	3	24
2	36	4	104
2	36	5	35
2	37	2	45
2	37	3	63
2	37	4	101
2	37	5	15
2	38	2	41
2	38	3	63
2	38	4	61
2	38	5	13
2	39	2	33
2	39	3	5
2	39	4	97
2	39	5	53
2	40	2	36
2	40	3	48
2	40	4	35
2	40	5	67
2	41	2	34
2	41	3	43
2	41	4	45
2	41	5	48
2	42	2	28
2	42	3	37
2	42	4	83
2	42	5	34
2	43	2	44
2	43	3	73
2	43	4	69
2	43	5	39
2	44	2	41
2	44	3	25
2	44	4	97
2	44	5	55
2	45	2	50
2	45	3	64
2	45	4	47
2	45	5	36
2	46	2	63
2	46	3	8
2	46	4	101
2	46	5	50
2	47	2	68
2	47	3	64
2	47	4	65
2	47	5	36
2	48	2	41
2	48	3	42
2	48	4	120
2	48	5	14
2	49	2	29
2	49	3	10
2	49	4	69
2	49	5	53
2	50	2	25
2	50	3	44
2	50	4	75
2	50	5	43
3	1	2	54
3	1	3	25
3	1	4	44
3	1	5	77
3	2	2	38
3	2	3	10
3	2	4	32
3	2	5	70
3	3	2	10
3	3	3	53
3	3	4	56
3	3	5	86
3	4	2	32
3	4	3	44
3	4	4	23
3	4	5	58
3	5	2	35
3	5	3	46
3	5	4	40
3	5	5	93
3	6	2	34
3	6	3	29
3	6	4	31
3	6	5	49
3	7	2	43
3	7	3	44
3	7	4	36
3	7	5	63
3	8	2	69
3	8	3	59
3	8	4	60
3	8	5	51
3	9	2	48
3	9	3	73
3	9	4	61
3	9	5	91
3	10	2	59
3	10	3	29
3	10	4	43
3	10	5	122
3	11	2	50
3	11	3	39
3	11	4	43
3	11	5	56
3	12	2	61
3	12	3	48
3	12	4	37
3	12	5	97
3	13	2	55
3	13	3	36
3	13	4	34
3	13	5	49
3	14	2	26
3	14	3	30
3	14	4	38
3	14	5	82
3	15	2	45
3	15	3	39
3	15	4	37
3	15	5	106
3	16	2	1
3	16	3	65
3	16	4	66
3	16	5	60
3	17	2	41
3	17	3	63
3	17	4	16
3	17	5	90
3	18	2	32
3	18	3	27
3	18	4	47
3	18	5	55
3	19	2	32
3	19	3	31
3	19	4	52
3	19	5	69
3	20	2	46
3	20	3	25
3	20	4	32
3	20	5	127
3	21	2	76
3	21	3	43
3	21	4	32
3	21	5	110
3	22	2	29
3	22	3	59
3	22	4	19
3	22	5	76
3	23	2	73
3	23	3	31
3	23	4	66
3	23	5	64
3	24	2	42
3	24	3	27
3	24	4	26
3	24	5	84
3	25	2	31
3	25	3	36
3	25	4	29
3	25	5	97
3	26	2	53
3	26	3	20
3	26	4	51
3	26	5	58
3	27	2	31
3	27	3	26
3	27	4	26
3	27	5	34
3	28	2	34
3	28	4	25
3	28	5	84
3	29	2	38
3	29	3	35
3	29	4	40
3	29	5	58
3	30	2	60
3	30	3	41
3	30	4	36
3	30	5	57
3	31	2	23
3	31	3	33
3	31	4	26
3	31	5	68
3	32	2	47
3	32	3	40
3	32	4	53
3	32	5	98
3	33	2	23
3	33	3	48
3	33	4	36
3	33	5	86
3	34	2	48
3	34	3	46
3	34	4	58
3	34	5	73
3	35	2	21
3	35	3	31
3	35	4	48
3	35	5	56
3	36	2	59
3	36	3	38
3	36	4	72
3	36	5	73
3	37	2	33
3	37	3	40
3	37	4	45
3	37	5	68
3	38	2	37
3	38	3	36
3	38	4	14
3	38	5	107
3	39	2	37
3	39	3	29
3	39	4	51
3	39	5	87
3	40	2	58
3	40	3	54
3	40	4	16
3	40	5	96
3	41	2	19
3	41	3	31
3	41	4	57
3	41	5	61
3	42	2	37
3	42	3	27
3	42	4	46
3	42	5	25
3	43	2	18
3	43	3	33
3	43	4	39
3	43	5	89
3	44	2	37
3	44	3	37
3	44	4	39
3	44	5	98
3	45	2	46
3	45	3	1
3	45	4	63
3	45	5	98
3	46	2	59
3	46	3	33
3	46	4	27
3	46	5	114
3	47	2	50
3	47	3	6
3	47	4	42
3	47	5	57
3	48	2	36
3	48	3	12
3	48	4	54
3	48	5	85
3	49	2	40
3	49	3	25
3	49	4	54
3	49	5	29
3	50	2	53
3	50	3	28
3	50	4	57
3	50	5	64
4	1	2	42
4	1	3	83
4	1	4	5
4	1	5	44
4	2	2	32
4	2	3	90
4	2	4	24
4	2	5	53
4	3	2	25
4	3	3	101
4	3	4	32
4	3	5	77
4	4	2	47
4	4	3	76
4	4	4	55
4	4	5	37
4	5	2	35
4	5	3	77
4	5	4	40
4	5	5	32
4	6	2	18
4	6	3	72
4	6	4	36
4	6	5	43
4	7	2	28
4	7	3	93
4	7	4	7
4	7	5	68
4	8	2	58
4	8	3	103
4	8	4	47
4	8	5	57
4	9	2	18
4	9	3	77
4	9	4	32
4	9	5	47
4	10	2	69
4	10	3	66
4	10	4	45
4	10	5	26
4	11	2	34
4	11	3	82
4	11	4	38
4	11	5	28
4	12	2	51
4	12	3	78
4	12	4	21
4	12	5	60
4	13	2	36
4	13	3	102
4	13	4	27
4	13	5	46
4	14	2	6
4	14	3	61
4	14	4	41
4	14	5	53
4	15	2	45
4	15	3	106
4	15	4	34
4	15	5	10
4	16	2	46
4	16	3	67
4	16	4	48
4	16	5	49
4	17	2	37
4	17	3	119
4	17	4	29
4	17	5	64
4	18	2	57
4	18	3	70
4	18	4	48
4	18	5	25
4	19	2	52
4	19	3	68
4	19	4	54
4	19	5	30
4	20	2	31
4	20	3	60
4	20	4	24
4	20	5	80
4	21	2	60
4	21	3	77
4	21	4	42
4	21	5	41
4	22	2	18
4	22	3	52
4	22	4	47
4	22	5	35
4	23	2	62
4	23	3	83
4	23	4	16
4	23	5	23
4	24	2	14
4	24	3	72
4	24	4	51
4	24	5	24
4	25	2	17
4	25	3	75
4	25	4	41
4	25	5	81
4	26	2	34
4	26	3	79
4	26	4	52
4	26	5	6
4	27	2	58
4	27	3	111
4	27	4	21
4	27	5	27
4	28	2	49
4	28	3	104
4	28	4	20
4	28	5	42
4	29	2	27
4	29	3	95
4	29	4	39
4	29	5	54
4	30	2	57
4	30	3	137
4	30	4	19
4	30	5	41
4	31	2	31
4	31	3	68
4	31	4	52
4	31	5	36
4	32	2	50
4	32	3	73
4	32	4	52
4	32	5	31
4	33	2	21
4	33	3	128
4	33	4	46
4	33	5	67
4	34	2	49
4	34	3	87
4	34	4	63
4	34	5	44
4	35	2	53
4	35	3	71
4	35	4	32
4	35	5	59
4	36	2	37
4	36	3	34
4	36	4	57
4	36	5	48
4	37	2	44
4	37	3	89
4	37	4	37
4	38	2	48
4	38	3	86
4	38	4	25
4	38	5	26
4	39	2	65
4	39	3	100
4	39	4	73
4	39	5	52
4	40	2	27
4	40	3	73
4	40	4	43
4	40	5	41
4	41	2	76
4	41	3	46
4	41	4	38
4	41	5	9
4	42	2	56
4	42	3	74
4	42	4	56
4	42	5	13
4	43	2	52
4	43	3	58
4	43	4	33
4	43	5	51
4	44	2	68
4	44	3	49
4	44	4	26
4	44	5	29
4	45	2	42
4	45	3	58
4	45	4	79
4	45	5	41
4	46	2	19
4	46	3	96
4	46	4	23
4	46	5	29
4	47	2	46
4	47	3	92
4	47	4	5
4	47	5	25
4	48	2	47
4	48	3	67
4	48	4	15
4	48	5	28
4	49	2	21
4	49	3	90
4	49	4	17
4	49	5	29
4	50	2	28
4	50	3	122
4	50	4	24
4	50	5	65
5	1	2	37
5	1	3	47
5	1	4	70
5	1	5	77
5	2	2	31
5	2	3	42
5	2	4	79
5	2	5	36
5	3	2	63
5	3	3	37
5	3	4	35
5	3	5	59
5	4	2	46
5	4	3	34
5	4	4	53
5	4	5	79
5	5	2	47
5	5	3	19
5	5	4	41
5	5	5	107
5	6	2	49
5	6	3	14
5	6	4	45
5	6	5	112
5	7	2	20
5	7	3	56
5	7	4	41
5	7	5	72
5	8	2	37
5	8	3	41
5	8	4	35
5	8	5	93
5	9	2	15
5	9	3	56
5	9	4	31
5	9	5	60
5	10	2	58
5	10	3	65
5	10	4	16
5	10	5	82
5	11	2	33
5	11	3	34
5	11	4	32
5	11	5	88
5	12	2	21
5	12	3	16
5	12	4	37
5	12	5	109
5	13	2	37
5	13	3	51
5	13	4	48
5	13	5	101
5	14	2	36
5	14	3	21
5	14	4	26
5	14	5	83
5	15	2	27
5	15	3	46
5	15	4	49
5	15	5	56
5	16	2	49
5	16	3	42
5	16	4	32
5	16	5	92
5	17	2	49
5	17	3	18
5	17	4	50
5	17	5	83
5	18	2	14
5	18	3	16
5	18	4	17
5	18	5	102
5	19	2	49
5	19	3	28
5	19	4	14
5	19	5	80
5	20	2	56
5	20	3	43
5	20	4	52
5	20	5	88
5	21	2	36
5	21	3	68
5	21	4	49
5	21	5	83
5	22	2	30
5	22	3	56
5	22	4	29
5	22	5	53
5	23	2	72
5	23	3	59
5	23	4	65
5	23	5	57
5	24	2	30
5	24	3	26
5	24	4	52
5	24	5	126
5	25	2	43
5	25	3	57
5	25	4	49
5	25	5	76
5	26	2	14
5	26	3	59
5	26	4	33
5	26	5	93
5	27	2	23
5	27	3	24
5	27	4	48
5	27	5	75
5	28	2	45
5	28	3	32
5	28	4	50
5	28	5	48
5	29	2	57
5	29	3	13
5	29	4	28
5	29	5	113
5	30	2	34
5	30	3	53
5	30	4	32
5	30	5	37
5	31	2	59
5	31	3	19
5	31	4	16
5	31	5	65
5	32	2	55
5	32	3	57
5	32	4	49
5	32	5	66
5	33	2	29
5	33	3	61
5	33	4	47
5	33	5	82
5	34	2	50
5	34	3	24
5	34	4	43
5	34	5	85
5	35	2	9
5	35	3	36
5	35	4	27
5	35	5	121
5	36	2	35
5	36	3	51
5	36	4	38
5	36	5	57
5	37	2	7
5	37	3	34
5	37	4	41
5	37	5	68
5	38	2	11
5	38	3	26
5	38	4	33
5	38	5	92
5	39	2	48
5	39	3	17
5	39	4	60
5	39	5	86
5	40	2	31
5	40	3	43
5	40	4	18
5	40	5	100
5	41	2	19
5	41	3	23
5	41	4	42
5	41	5	98
5	42	2	51
5	42	3	50
5	42	4	56
5	42	5	107
5	43	2	73
5	43	3	40
5	43	4	54
5	43	5	135
5	44	2	42
5	44	3	68
5	44	4	18
5	44	5	111
5	45	2	40
5	45	3	47
5	45	4	79
5	45	5	76
5	46	2	17
5	46	3	44
5	46	4	54
5	46	5	89
5	47	2	35
5	47	3	58
5	47	4	19
5	47	5	88
5	48	2	56
5	48	3	30
5	48	4	33
5	48	5	118
5	49	2	40
5	49	3	56
5	49	4	28
5	49	5	76
5	50	2	32
5	50	3	46
5	50	4	53
5	50	5	76
6	1	2	56
6	1	3	65
6	1	4	55
6	1	5	61
6	2	2	71
6	2	3	43
6	2	4	32
6	2	5	15
6	3	2	84
6	3	3	65
6	3	4	45
6	3	5	15
6	4	2	58
6	4	3	41
6	4	4	41
6	4	5	48
6	5	2	102
6	5	3	7
6	5	4	45
6	5	5	24
6	6	2	92
6	6	3	42
6	6	4	41
6	6	5	43
6	7	2	114
6	7	3	21
6	7	4	38
6	7	5	48
6	8	2	59
6	8	3	39
6	8	4	29
6	8	5	69
6	9	2	96
6	9	3	30
6	9	4	50
6	9	5	37
6	10	2	67
6	10	3	26
6	10	4	49
6	10	5	37
6	11	2	56
6	11	3	33
6	11	4	42
6	11	5	30
6	12	2	39
6	12	3	39
6	12	4	33
6	12	5	47
6	13	2	40
6	13	3	80
6	13	4	38
6	13	5	17
6	14	2	58
6	14	3	28
6	14	4	72
6	14	5	15
6	15	2	95
6	15	3	56
6	15	4	54
6	15	5	33
6	16	2	71
6	16	3	66
6	16	4	36
6	16	5	67
6	17	2	94
6	17	3	75
6	17	4	37
6	17	5	60
6	18	2	75
6	18	3	51
6	18	4	22
6	18	5	43
6	19	2	52
6	19	3	39
6	19	4	63
6	19	5	62
6	20	2	65
6	20	3	29
6	20	4	32
6	20	5	39
6	21	2	74
6	21	3	55
6	21	4	44
6	21	5	52
6	22	2	45
6	22	3	23
6	22	4	32
6	22	5	33
6	23	2	84
6	23	3	34
6	23	4	24
6	23	5	39
6	24	2	58
6	24	3	47
6	24	4	34
6	24	5	40
6	25	2	44
6	25	3	19
6	25	4	31
6	25	5	55
6	26	2	75
6	26	3	34
6	26	4	44
6	27	2	77
6	27	3	27
6	27	4	21
6	27	5	27
6	28	2	91
6	28	3	57
6	28	4	57
6	28	5	19
6	29	2	107
6	29	3	17
6	29	4	67
6	29	5	39
6	30	2	68
6	30	3	41
6	30	4	45
6	30	5	37
6	31	2	79
6	31	3	34
6	31	4	35
6	31	5	85
6	32	2	90
6	32	3	51
6	32	4	46
6	32	5	88
6	33	2	90
6	33	3	66
6	33	4	39
6	33	5	17
6	34	2	104
6	34	3	45
6	34	4	66
6	34	5	39
6	35	2	114
6	35	3	51
6	35	4	42
6	35	5	66
6	36	2	52
6	36	3	59
6	36	4	56
6	36	5	18
6	37	2	100
6	37	3	24
6	37	4	46
6	37	5	25
6	38	2	70
6	38	3	30
6	38	4	28
6	38	5	33
6	39	2	78
6	39	3	52
6	39	4	18
6	39	5	44
6	40	2	60
6	40	3	20
6	40	4	25
6	40	5	46
6	41	2	74
6	41	3	37
6	41	4	47
6	41	5	41
6	42	2	94
6	42	3	33
6	42	4	57
6	42	5	53
6	43	2	126
6	43	3	35
6	43	4	54
6	43	5	28
6	44	2	75
6	44	3	62
6	44	4	50
6	44	5	56
6	45	2	77
6	45	3	30
6	45	4	27
6	45	5	43
6	46	2	81
6	46	3	59
6	46	4	58
6	46	5	19
6	47	2	94
6	47	3	24
6	47	4	39
6	47	5	19
6	48	2	90
6	48	3	45
6	48	4	23
6	48	5	40
6	49	2	98
6	49	3	36
6	49	4	34
6	49	5	54
6	50	2	65
6	50	3	46
6	50	4	56
6	50	5	32
7	1	2	39
7	1	3	59
7	1	4	36
7	1	5	34
7	2	3	74
7	2	4	42
7	2	5	6
7	3	2	34
7	3	3	74
7	3	4	35
7	3	5	25
7	4	2	37
7	4	3	86
7	4	4	43
7	4	5	29
7	5	2	36
7	5	3	39
7	5	4	3
7	5	5	44
7	6	3	110
7	6	4	13
7	6	5	37
7	7	2	59
7	7	3	108
7	7	4	53
7	7	5	18
7	8	2	18
7	8	3	60
7	8	4	70
7	8	5	52
7	9	2	54
7	9	3	67
7	9	4	17
7	9	5	50
7	10	2	10
7	10	3	126
7	10	4	32
7	10	5	19
7	11	2	33
7	11	3	60
7	11	4	43
7	11	5	47
7	12	2	45
7	12	3	76
7	12	4	32
7	12	5	54
7	13	2	55
7	13	3	86
7	13	4	17
7	13	5	22
7	14	2	39
7	14	3	80
7	14	4	58
7	14	5	20
7	15	2	23
7	15	3	111
7	15	4	39
7	15	5	49
7	16	2	62
7	16	3	98
7	16	4	40
7	16	5	11
7	17	2	48
7	17	3	55
7	17	4	23
7	17	5	23
7	18	2	29
7	18	3	60
7	18	4	1
7	18	5	66
7	19	2	34
7	19	3	68
7	19	4	74
7	19	5	30
7	20	2	69
7	20	3	54
7	20	4	33
7	20	5	38
7	21	2	23
7	21	3	97
7	21	4	39
7	21	5	26
7	22	2	40
7	22	3	84
7	22	4	25
7	22	5	33
7	23	2	31
7	23	3	85
7	23	4	44
7	23	5	29
7	24	2	40
7	24	3	92
7	24	5	26
7	25	2	66
7	25	3	95
7	25	4	50
7	25	5	31
7	26	2	37
7	26	3	68
7	26	4	43
7	26	5	40
7	27	2	31
7	27	3	83
7	27	4	7
7	27	5	34
7	28	2	56
7	28	3	40
7	28	4	45
7	28	5	55
7	29	2	29
7	29	3	95
7	29	4	41
7	29	5	44
7	30	2	7
7	30	3	124
7	30	4	62
7	30	5	41
7	31	2	44
7	31	3	114
7	31	4	35
7	31	5	31
7	32	2	59
7	32	3	74
7	32	4	42
7	32	5	43
7	33	2	55
7	33	3	83
7	33	4	29
7	33	5	47
7	34	2	54
7	34	3	113
7	34	4	62
7	34	5	70
7	35	2	43
7	35	3	115
7	35	4	45
7	35	5	69
7	36	2	39
7	36	3	81
7	36	4	74
7	36	5	20
7	37	2	55
7	37	3	99
7	37	5	50
7	38	2	16
7	38	3	73
7	38	4	45
7	38	5	54
7	39	2	28
7	39	3	43
7	39	4	68
7	39	5	50
7	40	2	36
7	40	3	101
7	40	4	43
7	40	5	36
7	41	2	43
7	41	3	122
7	41	4	70
7	41	5	32
7	42	2	44
7	42	3	110
7	42	4	15
7	42	5	44
7	43	2	32
7	43	3	95
7	43	4	74
7	43	5	59
7	44	2	66
7	44	3	100
7	44	4	32
7	44	5	21
7	45	2	41
7	45	3	81
7	45	4	21
7	45	5	32
7	46	2	33
7	46	3	73
7	46	4	56
7	46	5	38
7	47	2	44
7	47	3	69
7	47	4	23
7	47	5	28
7	48	2	66
7	48	3	78
7	48	4	33
7	48	5	60
7	49	2	29
7	49	3	103
7	49	4	27
7	49	5	50
7	50	2	46
7	50	3	98
7	50	4	20
7	50	5	40
8	1	2	57
8	1	3	35
8	1	4	44
8	1	5	52
8	2	2	15
8	2	3	67
8	2	4	40
8	2	5	54
8	3	2	52
8	3	3	61
8	3	4	50
8	3	5	75
8	4	2	44
8	4	3	42
8	4	4	28
8	4	5	52
8	5	2	71
8	5	3	36
8	5	4	44
8	5	5	79
8	6	2	56
8	6	3	68
8	6	5	76
8	7	2	40
8	7	3	53
8	7	4	26
8	7	5	68
8	8	2	32
8	8	3	35
8	8	4	49
8	8	5	50
8	9	2	45
8	9	3	37
8	9	4	67
8	9	5	49
8	10	2	33
8	10	3	48
8	10	4	39
8	10	5	98
8	11	2	64
8	11	3	21
8	11	4	24
8	11	5	116
8	12	2	20
8	12	3	38
8	12	4	31
8	12	5	84
8	13	2	50
8	13	3	34
8	13	4	34
8	13	5	104
8	14	2	56
8	14	3	72
8	14	4	38
8	14	5	62
8	15	2	46
8	15	3	73
8	15	5	113
8	16	2	25
8	16	3	31
8	16	4	12
8	16	5	23
8	17	2	50
8	17	3	48
8	17	4	44
8	17	5	82
8	18	2	40
8	18	3	67
8	18	4	48
8	18	5	114
8	19	2	23
8	19	3	40
8	19	4	19
8	19	5	90
8	20	2	46
8	20	3	20
8	20	4	31
8	20	5	81
8	21	2	41
8	21	3	20
8	21	4	44
8	21	5	108
8	22	2	51
8	22	3	34
8	22	4	41
8	22	5	69
8	23	2	62
8	23	3	48
8	23	4	53
8	23	5	74
8	24	2	19
8	24	3	46
8	24	4	35
8	24	5	72
8	25	2	43
8	25	3	48
8	25	4	78
8	25	5	9
8	26	2	47
8	26	3	37
8	26	4	50
8	26	5	100
8	27	2	42
8	27	3	35
8	27	4	52
8	27	5	61
8	28	2	24
8	28	3	55
8	28	4	37
8	28	5	99
8	29	2	42
8	29	3	34
8	29	4	40
8	29	5	61
8	30	2	29
8	30	3	21
8	30	4	53
8	30	5	116
8	31	2	29
8	31	3	53
8	31	4	37
8	31	5	75
8	32	2	26
8	32	3	26
8	32	4	51
8	32	5	48
8	33	2	46
8	33	3	41
8	33	4	22
8	33	5	63
8	34	2	25
8	34	3	69
8	34	4	32
8	34	5	57
8	35	2	47
8	35	3	37
8	35	4	42
8	35	5	44
8	36	2	65
8	36	3	47
8	36	4	43
8	36	5	91
8	37	2	56
8	37	3	30
8	37	4	41
8	37	5	49
8	38	2	75
8	38	3	37
8	38	4	37
8	38	5	86
8	39	2	24
8	39	3	42
8	39	4	62
8	39	5	103
8	40	2	17
8	40	3	15
8	40	4	48
8	40	5	88
8	41	2	31
8	41	3	25
8	41	4	56
8	41	5	74
8	42	2	33
8	42	3	42
8	42	4	45
8	42	5	70
8	43	2	26
8	43	3	60
8	43	4	50
8	43	5	96
8	44	2	42
8	44	3	25
8	44	4	50
8	44	5	110
8	45	2	33
8	45	3	33
8	45	4	40
8	45	5	66
8	46	2	30
8	46	3	57
8	46	4	22
8	46	5	58
8	47	2	21
8	47	3	34
8	47	4	50
8	47	5	101
8	48	2	20
8	48	3	28
8	48	4	21
8	48	5	100
8	49	2	59
8	49	3	32
8	49	4	12
8	49	5	80
8	50	2	24
8	50	3	57
8	50	4	41
8	50	5	83
9	1	2	36
9	1	3	75
9	1	4	49
9	1	5	48
9	2	2	58
9	2	3	73
9	2	5	46
9	3	2	60
9	3	3	69
9	3	4	58
9	3	5	32
9	4	2	32
9	4	3	104
9	4	4	32
9	4	5	32
9	5	2	38
9	5	3	52
9	5	4	56
9	5	5	39
9	6	2	42
9	6	3	87
9	6	4	50
9	6	5	37
9	7	2	42
9	7	3	89
9	7	4	70
9	7	5	57
9	8	2	38
9	8	3	112
9	8	4	15
9	8	5	23
9	9	2	49
9	9	3	52
9	9	4	39
9	9	5	44
9	10	2	14
9	10	3	59
9	10	4	31
9	10	5	31
9	11	2	34
9	11	3	71
9	11	4	30
9	11	5	18
9	12	2	42
9	12	3	72
9	12	4	20
9	12	5	29
9	13	2	36
9	13	3	97
9	13	4	22
9	13	5	45
9	14	2	61
9	14	3	85
9	14	4	22
9	14	5	17
9	15	2	54
9	15	3	65
9	15	4	34
9	15	5	39
9	16	2	46
9	16	3	92
9	16	4	52
9	16	5	61
9	17	2	31
9	17	3	81
9	17	4	44
9	17	5	34
9	18	2	35
9	18	3	87
9	18	4	36
9	18	5	49
9	19	2	63
9	19	3	119
9	19	4	43
9	19	5	48
9	20	2	34
9	20	3	76
9	20	4	37
9	20	5	9
9	21	2	50
9	21	3	77
9	21	4	33
9	21	5	48
9	22	2	43
9	22	3	71
9	22	4	46
9	22	5	33
9	23	2	11
9	23	3	123
9	23	4	22
9	23	5	53
9	24	2	51
9	24	3	80
9	24	4	19
9	24	5	49
9	25	2	32
9	25	3	101
9	25	4	33
9	25	5	28
9	26	2	17
9	26	3	96
9	26	4	34
9	26	5	52
9	27	2	48
9	27	3	99
9	27	4	19
9	27	5	49
9	28	2	49
9	28	3	109
9	28	4	40
9	28	5	38
9	29	2	25
9	29	3	108
9	29	4	50
9	29	5	13
9	30	2	34
9	30	3	88
9	30	4	28
9	30	5	19
9	31	2	40
9	31	3	110
9	31	4	55
9	31	5	48
9	32	2	47
9	32	3	67
9	32	4	67
9	32	5	35
9	33	2	32
9	33	3	57
9	33	4	76
9	33	5	27
9	34	2	34
9	34	3	130
9	34	4	76
9	34	5	46
9	35	2	56
9	35	3	67
9	35	4	30
9	35	5	57
9	36	2	45
9	36	3	64
9	36	4	49
9	36	5	35
9	37	2	19
9	37	3	63
9	37	4	33
9	37	5	9
9	38	2	24
9	38	3	46
9	38	4	58
9	38	5	57
9	39	2	25
9	39	3	55
9	39	4	52
9	39	5	50
9	40	2	31
9	40	3	67
9	40	4	22
9	40	5	36
9	41	2	53
9	41	3	98
9	41	4	63
9	41	5	47
9	42	2	38
9	42	3	92
9	42	4	30
9	42	5	41
9	43	2	30
9	43	3	85
9	43	4	28
9	43	5	50
9	44	2	41
9	44	3	84
9	44	4	54
9	44	5	37
9	45	2	52
9	45	3	87
9	45	4	36
9	45	5	58
9	46	2	32
9	46	3	119
9	46	4	42
9	46	5	36
9	47	2	7
9	47	3	89
9	47	4	44
9	47	5	10
9	48	2	30
9	48	3	63
9	48	4	48
9	48	5	47
9	49	2	39
9	49	3	71
9	49	4	33
9	49	5	50
9	50	2	25
9	50	3	57
9	50	4	38
9	50	5	63
10	1	2	36
10	1	3	91
10	1	4	31
10	1	5	72
10	2	2	18
10	2	3	102
10	2	4	69
10	2	5	78
10	3	2	6
10	3	3	80
10	3	4	50
10	3	5	65
10	4	2	38
10	4	3	109
10	4	5	61
10	5	2	53
10	5	3	77
10	5	4	54
10	5	5	23
10	6	2	46
10	6	3	110
10	6	4	76
10	6	5	27
10	7	2	21
10	7	3	82
10	7	4	39
10	7	5	42
10	8	2	57
10	8	3	51
10	8	4	34
10	8	5	42
10	9	2	57
10	9	3	77
10	9	4	32
10	9	5	40
10	10	2	73
10	10	3	69
10	10	4	70
10	10	5	22
10	11	2	20
10	11	3	59
10	11	4	50
10	11	5	10
10	12	2	50
10	12	3	107
10	12	4	42
10	12	5	42
10	13	2	56
10	13	3	69
10	13	4	42
10	13	5	31
10	14	2	53
10	14	3	67
10	14	4	15
10	14	5	53
10	15	2	26
10	15	3	101
10	15	4	40
10	15	5	54
10	16	2	37
10	16	3	80
10	16	4	22
10	16	5	47
10	17	2	51
10	17	3	71
10	17	4	21
10	17	5	30
10	18	2	36
10	18	3	105
10	18	4	32
10	18	5	50
10	19	2	15
10	19	3	65
10	19	4	55
10	19	5	20
10	20	2	56
10	20	3	90
10	20	4	24
10	20	5	32
10	21	2	29
10	21	3	28
10	21	4	43
10	21	5	46
10	22	2	43
10	22	3	77
10	22	4	22
10	22	5	15
10	23	2	37
10	23	3	37
10	23	4	42
10	23	5	51
10	24	2	58
10	24	3	113
10	24	4	49
10	24	5	36
10	25	2	37
10	25	3	56
10	25	4	6
10	25	5	45
10	26	2	36
10	26	3	5
10	26	4	44
10	26	5	62
10	27	2	23
10	27	3	73
10	27	4	41
10	27	5	50
10	28	2	40
10	28	3	61
10	28	4	37
10	28	5	31
10	29	2	32
10	29	3	80
10	29	4	42
10	29	5	39
10	30	2	26
10	30	3	35
10	30	4	42
10	30	5	28
10	31	2	52
10	31	3	77
10	31	4	54
10	31	5	21
10	32	2	40
10	32	3	84
10	32	4	42
10	32	5	28
10	33	2	49
10	33	3	89
10	33	4	65
10	33	5	40
10	34	2	38
10	34	3	127
10	34	4	51
10	34	5	36
10	35	2	41
10	35	3	109
10	35	4	41
10	35	5	38
10	36	2	32
10	36	3	103
10	36	4	27
10	36	5	35
10	37	2	50
10	37	3	81
10	37	4	11
10	37	5	21
10	38	2	51
10	38	3	95
10	38	4	64
10	38	5	15
10	39	2	41
10	39	3	69
10	39	4	33
10	39	5	43
10	40	2	17
10	40	3	92
10	40	4	45
10	40	5	46
10	41	2	45
10	41	3	40
10	41	4	14
10	41	5	37
10	42	2	32
10	42	3	99
10	42	4	57
10	42	5	18
10	43	2	35
10	43	3	80
10	43	4	47
10	43	5	39
10	44	2	40
10	44	3	68
10	44	4	22
10	44	5	25
10	45	2	42
10	45	3	70
10	45	4	40
10	45	5	30
10	46	2	61
10	46	3	82
10	46	4	14
10	46	5	78
10	47	2	36
10	47	3	77
10	47	4	51
10	47	5	11
10	48	2	53
10	48	3	66
10	48	4	28
10	48	5	57
10	49	2	30
10	49	3	26
10	49	4	72
10	49	5	41
10	50	2	39
10	50	3	70
10	50	4	59
10	50	5	27


Warehouse Inventory (W P T):
1	0		0		986		428		577		0	
2	534		534		551		0		1042		534	
3	395		395		619		0		978		395	
4	0		0		934		305		537		0	
5	762		762		418		0		1328		762	
6	0		0		1167		532		507		0	
7	1094		1094		658		0		1604		1094	
8	433		433		589		0		1001		433	
9	612		612		538		0		1156		612	
10	14		14		561		0		532		14	
11	2		2		471		0		499		2	
12	125		125		543		0		766		125	
13	0		0		1321		661		514		0	
14	0		0		881		419		572		0	
15	0		0		1665		1001		595		0	
16	75		75		668		0		606		75	
17	815		815		346		328		0		815	
18	395		395		0		1429		1017		395	
19	1055		1055		667		545		0		1055	
20	1408		1408		887		408		0		1408	
21	449		449		0		516		29		449	
22	378		378		0		487		98		378	
23	491		491		0		1228		813		491	
24	971		971		602		413		0		971	
25	626		626		268		495		0		626	
26	409		409		42		479		0		409	
27	402		402		0		728		349		402	
28	453		453		0		475		26		453	
29	451		451		0		914		362		451	
30	369		369		0		928		459		369	
31	596		596		169		380		0		596	
32	1086		1086		618		487		0		1086	
33	1093		1093		1100		486		0		1093	
34	1296		1296		1283		571		0		1296	
35	0		0		1233		659		233		0	
36	0		0		1182		629		82		0	
37	0		0		1141		575		188		0	
38	207		207		947		419		0		207	
39	382		382		1013		556		0		382	
40	677		677		870		328		0		677	
41	236		236		968		451		0		236	
42	0		0		1353		750		276		0	
43	1		1		1090		482		0		1	
44	0		0		1644		1080		638		0	
45	45		45		994		498		0		45	
46	0		0		1467		859		406		0	
47	820		820		904		347		0		820	
48	0		0		922		481		65		0	
49	923		923		867		388		0		923	
50	0		0		1384		779		339		0	

Store Inventory (S P T):
Store1
1	32		0		0		0		0		32	
2	48		0		0		0		0		48	
3	41		0		0		0		0		41	
4	45		0		0		0		0		45	
5	32		0		0		0		0		32	
6	0		0		0		0		0		0	
7	0		0		0		0		0		0	
8	43		0		0		0		0		43	
9	26		0		0		0		0		26	
10	28		0		0		0		0		28	
11	44		0		0		0		0		44	
12	44		0		0		0		0		44	
13	26		0		0		0		0		26	
14	62		0		0		0		0		62	
15	43		0		0		0		0		43	
16	31		0		0		0		0		31	
17	40		0		0		0		0		40	
18	43		0		0		0		0		43	
19	60		0		0		0		0		60	
20	45		0		0		0		0		45	
21	38		0		0		0		0		38	
22	11		0		0		0		0		11	
23	50		0		0		0		0		50	
24	27		0		0		0		0		27	
25	46		0		0		0		0		46	
26	63		0		0		0		0		63	
27	53		0		0		0		0		53	
28	35		0		0		0		0		35	
29	64		0		0		0		0		64	
30	50		0		0		0		0		50	
31	66		0		0		0		0		66	
32	36		0		0		0		0		36	
33	57		0		0		0		0		57	
34	59		0		0		0		0		59	
35	35		0		0		0		0		35	
36	50		0		0		0		0		50	
37	37		0		0		0		0		37	
38	35		0		0		0		0		35	
39	64		0		0		0		0		64	
40	57		0		0		0		0		57	
41	19		0		0		0		0		19	
42	44		0		0		0		0		44	
43	50		0		0		0		0		50	
44	46		0		0		0		0		46	
45	37		0		0		0		0		37	
46	55		0		0		0		0		55	
47	35		0		0		0		0		35	
48	67		0		0		0		0		67	
49	49		0		0		0		0		49	
50	16		0		0		0		0		16	
Store2
1	44		0		0		0		44		44	
2	53		0		0		0		53		53	
3	53		0		0		0		53		53	
4	19		0		0		0		19		19	
5	40		0		0		0		40		40	
6	26		0		0		0		26		26	
7	51		0		0		0		51		51	
8	59		0		0		0		59		59	
9	64		0		0		0		64		64	
10	38		0		0		0		38		38	
11	41		0		0		0		41		41	
12	61		0		0		0		61		61	
13	48		0		0		0		48		48	
14	32		0		0		0		32		32	
15	55		0		0		0		55		55	
16	31		0		0		0		31		31	
17	27		0		0		0		27		27	
18	51		0		0		0		51		51	
19	51		0		0		0		51		51	
20	44		0		0		0		44		44	
21	65		0		0		0		65		65	
22	47		0		0		0		47		47	
23	21		0		0		0		21		21	
24	44		0		0		0		44		44	
25	51		0		0		0		51		51	
26	42		0		0		0		42		42	
27	43		0		0		0		43		43	
28	53		0		0		0		53		53	
29	49		0		0		0		49		49	
30	64		0		0		0		64		64	
31	22		0		0		0		22		22	
32	14		0		0		0		14		14	
33	51		0		0		0		51		51	
34	56		0		0		0		56		56	
35	27		0		0		0		27		27	
36	57		0		0		0		57		57	
37	34		0		0		0		34		34	
38	26		0		0		0		26		26	
39	41		0		0		0		41		41	
40	12		0		0		0		12		12	
41	34		0		0		0		34		34	
42	26		0		0		0		26		26	
43	21		0		0		0		21		21	
44	63		0		0		0		63		63	
45	35		0		0		0		35		35	
46	69		0		0		0		69		69	
47	65		0		0		0		65		65	
48	45		0		0		0		45		45	
49	41		0		0		0		41		41	
50	37		0		0		0		37		37	
Store3
1	32		0		0		0		0		32	
2	13		0		0		0		0		13	
3	48		0		0		0		0		48	
4	19		0		0		0		0		19	
5	31		0		0		0		0		31	
6	8		0		0		0		0		8	
7	17		0		0		0		0		17	
8	37		0		0		0		0		37	
9	46		0		0		0		0		46	
10	55		0		0		0		0		55	
11	21		0		0		0		0		21	
12	63		0		0		0		0		63	
13	11		0		0		0		0		11	
14	38		0		0		0		0		38	
15	46		0		0		0		0		46	
16	51		0		0		0		0		51	
17	34		0		0		0		0		34	
18	36		0		0		0		0		36	
19	38		0		0		0		0		38	
20	52		0		0		0		0		52	
21	44		0		0		0		0		44	
22	32		0		0		0		0		32	
23	12		0		0		0		0		12	
24	10		0		0		0		0		10	
25	58		0		0		0		0		58	
26	30		0		0		0		0		30	
27	7		0		0		0		0		7	
28	35		0		0		0		0		35	
29	41		0		0		0		0		41	
30	26		0		0		0		0		26	
31	31		0		0		0		0		31	
32	54		0		0		0		0		54	
33	46		0		0		0		0		46	
34	32		0		0		0		0		32	
35	26		0		0		0		0		26	
36	55		0		0		0		0		55	
37	25		0		0		0		0		25	
38	48		0		0		0		0		48	
39	53		0		0		0		0		53	
40	45		0		0		0		0		45	
41	21		0		0		0		0		21	
42	9		0		0		0		0		9	
43	48		0		0		0		0		48	
44	43		0		0		0		0		43	
45	59		0		0		0		0		59	
46	29		0		0		0		0		29	
47	27		0		0		0		0		27	
48	39		0		0		0		0		39	
49	28		0		0		0		0		28	
50	35		0		0		0		0		35	
Store4
1	38		0		0		38		38		38	
2	67		0		0		67		67		67	
3	53		0		0		53		53		53	
4	43		0		0		43		43		43	
5	33		0		0		33		33		33	
6	49		0		0		49		49		49	
7	43		0		0		43		43		43	
8	42		0		0		42		42		42	
9	39		0		0		39		39		39	
10	35		0		0		35		35		35	
11	56		0		0		56		56		56	
12	39		0		0		39		39		39	
13	42		0		0		42		42		42	
14	49		0		0		49		49		49	
15	47		0		0		47		47		47	
16	40		0		0		40		40		40	
17	48		0		0		48		48		48	
18	21		0		0		21		21		21	
19	8		0		0		8		8		8	
20	11		0		0		11		11		11	
21	23		0		0		23		23		23	
22	52		0		0		52		52		52	
23	40		0		0		40		40		40	
24	48		0		0		48		48		48	
25	44		0		0		44		44		44	
26	36		0		0		36		36		36	
27	54		0		0		54		54		54	
28	41		0		0		41		41		41	
29	48		0		0		48		48		48	
30	87		0		0		87		87		87	
31	47		0		0		47		47		47	
32	44		0		0		44		44		44	
33	59		0		0		59		59		59	
34	55		0		0		55		55		55	
35	50		0		0		50		50		50	
36	29		0		0		29		29		29	
37	37		0		0		37		37		37	
38	15		0		0		15		15		15	
39	41		0		0		41		41		41	
40	24		0		0		24		24		24	
41	17		0		0		17		17		17	
42	34		0		0		34		34		34	
43	30		0		0		30		30		30	
44	38		0		0		38		38		38	
45	20		0		0		20		20		20	
46	44		0		0		44		44		44	
47	42		0		0		42		42		42	
48	47		0		0		47		47		47	
49	33		0		0		33		33		33	
50	76		0		0		76		76		76	
Store5
1	32		0		0		0		0		32	
2	32		0		0		0		0		32	
3	42		0		0		0		0		42	
4	24		0		0		0		0		24	
5	46		0		0		0		0		46	
6	56		0		0		0		0		56	
7	24		0		0		0		0		24	
8	70		0		0		0		0		70	
9	42		0		0		0		0		42	
10	43		0		0		0		0		43	
11	42		0		0		0		0		42	
12	54		0		0		0		0		54	
13	51		0		0		0		0		51	
14	34		0		0		0		0		34	
15	34		0		0		0		0		34	
16	34		0		0		0		0		34	
17	32		0		0		0		0		32	
18	52		0		0		0		0		52	
19	33		0		0		0		0		33	
20	36		0		0		0		0		36	
21	43		0		0		0		0		43	
22	50		0		0		0		0		50	
23	56		0		0		0		0		56	
24	76		0		0		0		0		76	
25	37		0		0		0		0		37	
26	42		0		0		0		0		42	
27	37		0		0		0		0		37	
28	7		0		0		0		0		7	
29	40		0		0		0		0		40	
30	0		0		0		0		0		0	
31	44		0		0		0		0		44	
32	37		0		0		0		0		37	
33	32		0		0		0		0		32	
34	38		0		0		0		0		38	
35	62		0		0		0		0		62	
36	37		0		0		0		0		37	
37	48		0		0		0		0		48	
38	31		0		0		0		0		31	
39	48		0		0		0		0		48	
40	52		0		0		0		0		52	
41	37		0		0		0		0		37	
42	58		0		0		0		0		58	
43	67		0		0		0		0		67	
44	50		0		0		0		0		50	
45	28		0		0		0		0		28	
46	29		0		0		0		0		29	
47	67		0		0		0		0		67	
48	65		0		0		0		0		65	
49	29		0		0		0		0		29	
50	24		0		0		0		0		24	
Store6
1	30		0		30		30		30		30	
2	37		0		37		37		37		37	
3	54		0		54		54		54		54	
4	17		0		17		17		17		17	
5	52		0		52		52		52		52	
6	62		0		62		62		62		62	
7	61		0		61		61		61		61	
8	17		0		17		17		17		17	
9	57		0		57		57		57		57	
10	36		0		36		36		36		36	
11	48		0		48		48		48		48	
12	18		0		18		18		18		18	
13	14		0		14		14		14		14	
14	28		0		28		28		28		28	
15	41		0		41		41		41		41	
16	40		0		40		40		40		40	
17	63		0		63		63		63		63	
18	48		0		48		48		48		48	
19	27		0		27		27		27		27	
20	47		0		47		47		47		47	
21	22		0		22		22		22		22	
22	15		0		15		15		15		15	
23	58		0		58		58		58		58	
24	25		0		25		25		25		25	
25	24		0		24		24		24		24	
26	31		0		31		31		31		31	
27	42		0		42		42		42		42	
28	31		0		31		31		31		31	
29	56		0		56		56		56		56	
30	39		0		39		39		39		39	
31	32		0		32		32		32		32	
32	51		0		51		51		51		51	
33	45		0		45		45		45		45	
34	52		0		52		52		52		52	
35	65		0		65		65		65		65	
36	31		0		31		31		31		31	
37	37		0		37		37		37		37	
38	70		0		70		70		70		70	
39	47		0		47		47		47		47	
40	18		0		18		18		18		18	
41	32		0		32		32		32		32	
42	56		0		56		56		56		56	
43	71		0		71		71		71		71	
44	22		0		22		22		22		22	
45	37		0		37		37		37		37	
46	47		0		47		47		47		47	
47	30		0		30		30		30		30	
48	73		0		73		73		73		73	
49	35		0		35		35		35		35	
50	30		0		30		30		30		30	
Store7
1	38		0		0		38		38		38	
2	34		0		0		34		34		34	
3	68		0		0		68		68		68	
4	58		0		0		58		58		58	
5	25		0		0		25		25		25	
6	37		0		0		37		37		37	
7	58		0		0		58		58		58	
8	26		0		0		26		26		26	
9	33		0		0		33		33		33	
10	64		0		0		64		64		64	
11	9		0		0		9		9		9	
12	53		0		0		53		53		53	
13	52		0		0		52		52		52	
14	56		0		0		56		56		56	
15	70		0		0		70		70		70	
16	52		0		0		52		52		52	
17	21		0		0		21		21		21	
18	23		0		0		23		23		23	
19	16		0		0		16		16		16	
20	36		0		0		36		36		36	
21	55		0		0		55		55		55	
22	38		0		0		38		38		38	
23	29		0		0		29		29		29	
24	44		0		0		44		44		44	
25	27		0		0		27		27		27	
26	19		0		0		19		19		19	
27	43		0		0		43		43		43	
28	31		0		0		31		31		31	
29	55		0		0		55		55		55	
30	47		0		0		47		47		47	
31	47		0		0		47		47		47	
32	28		0		0		28		28		28	
33	40		0		0		40		40		40	
34	70		0		0		70		70		70	
35	64		0		0		64		64		64	
36	47		0		0		47		47		47	
37	48		0		0		48		48		48	
38	47		0		0		47		47		47	
39	33		0		0		33		33		33	
40	62		0		0		62		62		62	
41	58		0		0		58		58		58	
42	77		0		0		77		77		77	
43	60		0		0		60		60		60	
44	55		0		0		55		55		55	
45	47		0		0		47		47		47	
46	29		0		0		29		29		29	
47	49		0		0		49		49		49	
48	22		0		0		22		22		22	
49	58		0		0		58		58		58	
50	37		0		0		37		37		37	
Store8
1	35		0		0		0		0		35	
2	43		0		0		0		0		43	
3	39		0		0		0		0		39	
4	51		0		0		0		0		51	
5	33		0		0		0		0		33	
6	43		0		0		0		0		43	
7	35		0		0		0		0		35	
8	25		0		0		0		0		25	
9	35		0		0		0		0		35	
10	24		0		0		0		0		24	
11	62		0		0		0		0		62	
12	37		0		0		0		0		37	
13	47		0		0		0		0		47	
14	5		0		0		0		0		5	
15	68		0		0		0		0		68	
16	22		0		0		0		0		22	
17	26		0		0		0		0		26	
18	45		0		0		0		0		45	
19	55		0		0		0		0		55	
20	18		0		0		0		0		18	
21	47		0		0		0		0		47	
22	43		0		0		0		0		43	
23	55		0		0		0		0		55	
24	39		0		0		0		0		39	
25	0		0		0		0		0		0	
26	34		0		0		0		0		34	
27	23		0		0		0		0		23	
28	40		0		0		0		0		40	
29	36		0		0		0		0		36	
30	42		0		0		0		0		42	
31	47		0		0		0		0		47	
32	18		0		0		0		0		18	
33	25		0		0		0		0		25	
34	34		0		0		0		0		34	
35	39		0		0		0		0		39	
36	57		0		0		0		0		57	
37	30		0		0		0		0		30	
38	35		0		0		0		0		35	
39	46		0		0		0		0		46	
40	52		0		0		0		0		52	
41	42		0		0		0		0		42	
42	35		0		0		0		0		35	
43	43		0		0		0		0		43	
44	81		0		0		0		0		81	
45	24		0		0		0		0		24	
46	32		0		0		0		0		32	
47	57		0		0		0		0		57	
48	76		0		0		0		0		76	
49	40		0		0		0		0		40	
50	41		0		0		0		0		41	
Store9
1	25		0		0		25		25		25	
2	23		0		0		23		23		23	
3	55		0		0		55		55		55	
4	47		0		0		47		47		47	
5	28		0		0		28		28		28	
6	37		0		0		37		37		37	
7	41		0		0		41		41		41	
8	63		0		0		63		63		63	
9	24		0		0		24		24		24	
10	40		0		0		40		40		40	
11	42		0		0		42		42		42	
12	42		0		0		42		42		42	
13	32		0		0		32		32		32	
14	40		0		0		40		40		40	
15	37		0		0		37		37		37	
16	40		0		0		40		40		40	
17	35		0		0		35		35		35	
18	48		0		0		48		48		48	
19	38		0		0		38		38		38	
20	24		0		0		24		24		24	
21	49		0		0		49		49		49	
22	20		0		0		20		20		20	
23	34		0		0		34		34		34	
24	45		0		0		45		45		45	
25	42		0		0		42		42		42	
26	49		0		0		49		49		49	
27	58		0		0		58		58		58	
28	57		0		0		57		57		57	
29	55		0		0		55		55		55	
30	44		0		0		44		44		44	
31	57		0		0		57		57		57	
32	34		0		0		34		34		34	
33	33		0		0		33		33		33	
34	49		0		0		49		49		49	
35	31		0		0		31		31		31	
36	51		0		0		51		51		51	
37	48		0		0		48		48		48	
38	29		0		0		29		29		29	
39	34		0		0		34		34		34	
40	40		0		0		40		40		40	
41	53		0		0		53		53		53	
42	57		0		0		57		57		57	
43	48		0		0		48		48		48	
44	50		0		0		50		50		50	
45	18		0		0		18		18		18	
46	64		0		0		64		64		64	
47	52		0		0		52		52		52	
48	21		0		0		21		21		21	
49	50		0		0		50		50		50	
50	44		0		0		44		44		44	
Store10
1	50		0		0		50		50		50	
2	77		0		0		77		77		77	
3	39		0		0		39		39		39	
4	43		0		0		43		43		43	
5	29		0		0		29		29		29	
6	63		0		0		63		63		63	
7	43		0		0		43		43		43	
8	13		0		0		13		13		13	
9	37		0		0		37		37		37	
10	49		0		0		49		49		49	
11	14		0		0		14		14		14	
12	50		0		0		50		50		50	
13	38		0		0		38		38		38	
14	29		0		0		29		29		29	
15	55		0		0		55		55		55	
16	50		0		0		50		50		50	
17	24		0		0		24		24		24	
18	55		0		0		55		55		55	
19	8		0		0		8		8		8	
20	57		0		0		57		57		57	
21	3		0		0		3		3		3	
22	39		0		0		39		39		39	
23	13		0		0		13		13		13	
24	53		0		0		53		53		53	
25	30		0		0		30		30		30	
26	5		0		0		5		5		5	
27	31		0		0		31		31		31	
28	26		0		0		26		26		26	
29	49		0		0		49		49		49	
30	11		0		0		11		11		11	
31	32		0		0		32		32		32	
32	50		0		0		50		50		50	
33	46		0		0		46		46		46	
34	56		0		0		56		56		56	
35	62		0		0		62		62		62	
36	56		0		0		56		56		56	
37	47		0		0		47		47		47	
38	44		0		0		44		44		44	
39	19		0		0		19		19		19	
40	39		0		0		39		39		39	
41	28		0		0		28		28		28	
42	37		0		0		37		37		37	
43	32		0		0		32		32		32	
44	50		0		0		50		50		50	
45	17		0		0		17		17		17	
46	33		0		0		33		33		33	
47	22		0		0		22		22		22	
48	32		0		0		32		32		32	
49	9		0		0		9		9		9	
50	28		0		0		28		28		28	


Shipments from Vendor to Warehouse (V T):
0	0.5899727	0	0.603918	0	
0	0	0.5578153	0	0.5894446	
0	0.8901981	0	0	0.4669534	

Shipments from Warehouse to Stores (S T):
1	2	0.1333747
1	3	0.1408813
1	4	0.146692
1	5	0.3251933
2	2	0.09691133
2	3	0.1452473
2	4	0.2552107
2	5	0.1881587
3	2	0.109148
3	3	0.1367233
3	4	0.1331413
3	5	0.3050333
4	2	0.1152853
4	3	0.2387347
4	4	0.1596267
4	5	0.2083747
5	2	0.08427066
5	3	0.1721533
5	4	0.2068213
5	5	0.298806
6	2	0.205794
6	3	0.1485207
6	4	0.1589733
6	5	0.2216667
7	2	0.1138613
7	3	0.236008
7	4	0.133636
7	5	0.229494
8	2	0.1292513
8	3	0.114918
8	4	0.17222
8	5	0.2811513
9	2	0.137256
9	3	0.2120746
9	4	0.1604987
9	5	0.2003467
10	2	0.100778
10	3	0.2088533
10	4	0.1608127
10	5	0.236726


Required Putaway workers (Sol T):
3	2	2	3	2	

No of required pickers (T):
0	5	6	6	9	

No of part-time putaway workers (T):
1	0	0	1	0	

No of part-time pickers (T):
0	0	0	0	3	

Best Putaway Technology: 2400
Best Picking Technology: 1000

Required Fashion Putaway Hours:
20.86667	0	8.44375	12.56042	0	

Required Basic Putaway Hours:
0	15.91208	6.467083	6.768333	12.41583	

Required Total Putaway Hours:
20.86667	15.91208	14.91083	19.32875	12.41583	

No of required fashion pick hours:
0	11.96	19.64	25.125	43.765	

No of required basic pick hours:
0	21.738	28.128	21.974	27.912	

No of required total pick hours:
0	33.698	47.768	47.099	71.677	

List of all the costs: 
MHECost		444
PutawayTechCost		3540
PickingTechCost		9130
WhBasicInvCost		1188.09
BasicInbCost		9539.68
WhFashionInvCost		1707.1
FashionInbCost		10567.5
PutawayCost		3680
StoreBasicInvCost		2234.95
StoreFashionInvCost		10038.75
OutboundCost		30197.2
PickingCost		10320
Total		92587.27

List of Top5 Technologies: 
Tech1		3	6	$ 92587.27
Tech2		3	1	$ 164988.1
Tech3		2	1	$ 190004.7
Tech4		5	1	$ 191253.2
Tech5		6	1	$ 194613.4
The start time is 12/30/2014 5:15:25 PM
The End time is 12/30/2014 5:16:13 PM
