Printing New Fashion Solution:

Inbound Fashion Solution (V F T):
1	1	4	1970
1	2	4	2245
1	3	1	2365
1	4	4	2160
1	5	1	2380
1	6	1	2395
1	7	4	1630
1	8	1	1570
1	9	4	1915
1	10	4	1865
1	11	1	1750
1	12	4	2105
1	13	1	2140
1	14	4	2205
1	15	4	1745
1	16	1	2090
1	17	4	1670
1	18	1	1960
1	19	1	2420
1	20	1	1965
1	21	1	2020
1	22	4	1950
1	23	4	1985
1	24	1	1635
1	25	4	1945
2	26	3	2345
2	27	3	2140
2	28	4	2145
2	29	4	2335
2	30	4	1920
2	31	3	1840
2	32	4	1940
2	33	3	2265
2	34	4	2115
2	35	3	1855
2	36	4	1625
2	37	4	1875
2	38	4	2230
2	39	3	1985
2	40	4	2165
2	41	3	1655
2	42	4	1960
2	43	3	1805
2	44	3	2140
2	45	4	2045
2	46	3	2150
2	47	3	1560
2	48	4	2430
2	49	3	2130
2	50	4	1755


Outbound Fashion Solution(S F T):
1	1	5	140
1	2	5	90
1	3	5	290
1	4	5	315
1	5	5	305
1	6	5	270
1	7	5	275
1	8	5	170
1	9	5	95
1	10	5	155
1	11	5	200
1	12	5	285
1	13	5	275
1	14	5	250
1	15	5	220
1	16	4	195
1	17	5	210
1	18	5	240
1	19	4	210
1	20	4	5
1	21	5	155
1	22	5	110
1	23	5	265
1	24	5	155
1	25	5	275
1	26	5	200
1	27	5	250
1	28	5	140
1	29	5	220
1	30	5	295
1	31	5	230
1	32	5	255
1	33	5	225
1	34	5	215
1	35	5	235
1	36	5	195
1	37	5	25
1	38	5	150
1	39	5	180
1	40	5	310
1	41	5	190
1	42	5	110
1	43	5	260
1	44	5	350
1	45	5	275
1	46	5	145
1	47	5	145
1	48	5	170
1	49	5	345
1	50	5	325
2	1	5	255
2	2	5	140
2	3	5	230
2	4	5	210
2	5	5	140
2	6	4	170
2	7	5	115
2	8	5	135
2	9	5	115
2	10	5	120
2	11	5	135
2	12	5	250
2	13	5	350
2	14	5	285
2	15	5	155
2	16	5	195
2	17	5	210
2	18	5	160
2	19	5	330
2	20	4	220
2	21	4	195
2	22	5	210
2	23	5	195
2	24	5	120
2	25	5	245
2	26	5	160
2	27	5	195
2	28	5	235
2	29	5	235
2	30	5	115
2	31	5	145
2	32	5	210
2	33	5	140
2	34	5	230
2	35	5	65
2	36	5	285
2	37	5	170
2	38	5	295
2	39	5	230
2	40	5	165
2	41	5	65
2	42	5	340
2	43	5	205
2	44	5	200
2	45	5	130
2	46	5	220
2	47	5	75
2	48	5	90
2	49	5	110
2	50	5	315
3	1	5	220
3	2	5	150
3	3	5	245
3	4	5	205
3	5	5	250
3	6	4	250
3	7	5	135
3	8	5	65
3	9	5	140
3	10	5	85
3	11	5	145
3	12	5	105
3	13	5	205
3	14	5	180
3	15	5	165
3	16	4	295
3	17	5	10
3	18	5	115
3	19	4	275
3	20	4	340
3	21	4	105
3	22	5	165
3	23	5	255
3	24	5	35
3	25	5	65
3	26	5	310
3	27	5	115
3	28	5	310
3	29	5	120
3	30	5	190
3	31	5	170
3	32	5	150
3	33	5	270
3	34	5	175
3	35	5	265
3	36	5	95
3	37	5	230
3	38	5	380
3	39	5	270
3	40	5	305
3	41	5	140
3	42	5	205
3	43	5	70
3	44	5	175
3	45	5	210
3	46	5	300
3	47	5	185
3	48	5	215
3	49	5	230
3	50	5	250
4	1	5	85
4	2	5	340
4	3	4	230
4	4	5	215
4	5	5	300
4	6	5	290
4	7	5	265
4	8	5	105
4	9	5	180
4	10	5	195
4	11	5	160
4	12	5	250
4	13	5	200
4	14	5	220
4	15	5	200
4	16	4	105
4	17	5	150
4	18	5	145
4	19	4	270
4	21	4	160
4	22	5	255
4	23	5	85
4	24	5	290
4	25	5	210
4	26	5	370
4	27	5	220
4	28	5	175
4	29	5	225
4	30	5	215
4	31	5	240
4	32	5	210
4	33	5	130
4	34	5	230
4	35	5	250
4	36	5	170
4	37	5	190
4	38	5	165
4	39	5	105
4	40	5	165
4	41	5	155
4	42	5	245
4	43	5	325
4	44	5	135
4	45	5	185
4	46	5	125
4	47	5	140
4	48	5	360
4	49	5	110
4	50	5	130
5	1	5	175
5	2	5	180
5	3	4	230
5	4	5	185
5	5	5	230
5	6	5	340
5	7	5	15
5	8	5	250
5	9	5	255
5	10	5	280
5	11	5	260
5	12	5	340
5	13	5	240
5	14	5	95
5	15	5	195
5	16	5	175
5	17	5	175
5	18	5	290
5	19	4	335
5	20	5	335
5	21	5	300
5	22	5	100
5	23	5	325
5	24	5	335
5	25	5	175
5	26	5	285
5	27	5	125
5	28	5	320
5	29	5	200
5	30	5	95
5	31	5	210
5	32	5	85
5	33	5	335
5	34	5	105
5	35	5	175
5	36	5	240
5	37	5	310
5	38	5	235
5	39	5	150
5	40	5	200
5	41	5	105
5	42	5	245
5	43	5	255
5	44	5	335
5	45	5	145
5	46	5	270
5	47	5	100
5	48	5	410
5	49	5	240
5	50	5	95
6	1	5	110
6	2	5	250
6	3	5	225
6	4	5	160
6	5	5	160
6	6	5	190
6	7	5	110
6	8	5	300
6	9	5	345
6	10	5	300
6	11	5	145
6	12	5	105
6	13	5	220
6	14	5	255
6	15	5	100
6	16	4	210
6	17	5	65
6	18	5	195
6	19	4	160
6	20	4	225
6	21	4	180
6	22	5	325
6	23	5	345
6	24	5	220
6	25	5	245
6	26	5	135
6	27	5	235
6	28	5	240
6	29	5	240
6	30	5	210
6	31	5	280
6	32	5	180
6	33	5	245
6	34	5	285
6	35	5	270
6	36	5	220
6	37	5	140
6	38	5	205
6	39	5	150
6	40	5	190
6	41	5	140
6	42	5	140
6	43	5	95
6	44	5	185
6	45	5	230
6	46	5	225
6	47	5	150
6	48	5	255
6	49	5	265
6	50	5	145
7	1	5	210
7	2	5	375
7	3	4	230
7	4	5	310
7	5	5	390
7	6	4	280
7	7	5	260
7	9	5	190
7	10	5	180
7	11	5	145
7	12	5	190
7	13	5	100
7	14	5	45
7	15	5	225
7	16	5	240
7	17	5	305
7	18	5	225
7	19	4	85
7	20	4	85
7	21	5	290
7	22	5	175
7	23	5	140
7	24	5	90
7	25	5	70
7	26	5	200
7	27	5	300
7	28	5	250
7	29	5	345
7	30	5	215
7	31	5	190
7	32	5	130
7	33	5	210
7	34	5	145
7	35	5	240
7	36	5	115
7	37	5	315
7	38	5	200
7	39	5	200
7	40	5	260
7	41	5	270
7	42	5	220
7	43	5	140
7	44	5	250
7	45	5	205
7	46	5	250
7	47	5	50
7	48	5	315
7	49	5	95
8	1	5	345
8	2	5	185
8	3	5	240
8	4	5	200
8	5	5	140
8	6	4	240
8	7	5	65
8	8	5	140
8	9	5	235
8	10	5	320
8	11	5	190
8	12	5	85
8	13	5	170
8	14	5	425
8	15	5	220
8	16	5	305
8	17	5	170
8	18	5	180
8	19	4	195
8	20	5	285
8	21	4	235
8	22	5	30
8	23	5	130
8	24	5	55
8	25	5	215
8	26	5	250
8	27	5	285
8	28	5	205
8	29	5	210
8	30	5	105
8	31	5	130
8	32	5	210
8	33	5	220
8	34	5	205
8	35	5	150
8	36	5	65
8	37	5	210
8	38	5	280
8	39	5	270
8	40	5	285
8	41	5	25
8	42	5	150
8	43	5	150
8	44	5	175
8	45	5	325
8	46	5	205
8	47	5	200
8	48	5	270
8	49	5	250
8	50	5	180
9	1	5	320
9	2	5	310
9	3	4	260
9	4	5	155
9	5	5	160
9	6	5	205
9	7	5	240
9	8	5	280
9	9	5	140
9	10	5	120
9	11	5	200
9	12	5	200
9	13	5	245
9	14	5	230
9	15	5	60
9	16	4	145
9	17	5	210
9	18	5	250
9	19	4	310
9	20	5	285
9	21	4	210
9	22	5	325
9	23	5	180
9	24	5	295
9	25	5	225
9	26	5	230
9	27	5	275
9	28	5	100
9	29	5	225
9	30	5	225
9	31	5	40
9	32	5	225
9	33	5	255
9	34	5	205
9	35	5	80
9	36	5	225
9	37	5	150
9	38	5	125
9	39	5	250
9	41	5	210
9	42	5	80
9	43	5	185
9	44	5	100
9	45	5	230
9	46	5	200
9	47	5	190
9	48	5	215
9	49	5	265
9	50	5	170
10	1	5	110
10	2	5	225
10	3	4	185
10	4	5	205
10	5	5	305
10	6	4	160
10	7	5	150
10	8	5	125
10	9	5	220
10	10	5	110
10	11	5	170
10	12	5	295
10	13	5	135
10	14	5	220
10	15	5	205
10	16	4	225
10	17	5	165
10	18	5	160
10	19	5	250
10	20	5	185
10	21	4	190
10	22	5	255
10	23	5	65
10	24	5	40
10	25	5	220
10	26	5	205
10	27	5	140
10	28	5	170
10	29	5	315
10	30	5	255
10	31	5	205
10	32	5	285
10	33	5	235
10	34	5	320
10	35	5	125
10	36	5	15
10	37	5	135
10	38	5	195
10	39	5	180
10	40	5	285
10	41	5	355
10	42	5	225
10	43	5	120
10	44	5	235
10	45	5	110
10	46	5	210
10	47	5	325
10	48	5	130
10	49	5	220
10	50	5	145


Warehouse Fashion Inventory (W F T):
1	0		0		0		1970		0	
2	0		0		0		2245		0	
3	2365		2365		2365		1230		0	
4	0		0		0		2160		0	
5	2380		2380		2380		2380		0	
6	2395		2395		2395		1295		0	
7	0		0		0		1630		0	
8	1570		1570		1570		1570		0	
9	0		0		0		1915		0	
10	0		0		0		1865		0	
11	1750		1750		1750		1750		0	
12	0		0		0		2105		0	
13	2140		2140		2140		2140		0	
14	0		0		0		2205		0	
15	0		0		0		1745		0	
16	2090		2090		2090		915		0	
17	0		0		0		1670		0	
18	1960		1960		1960		1960		0	
19	2420		2420		2420		580		0	
20	1965		1965		1965		1090		0	
21	2020		2020		2020		745		0	
22	0		0		0		1950		0	
23	0		0		0		1985		0	
24	1635		1635		1635		1635		0	
25	0		0		0		1945		0	
26	0		0		2345		2345		0	
27	0		0		2140		2140		0	
28	0		0		0		2145		0	
29	0		0		0		2335		0	
30	0		0		0		1920		0	
31	0		0		1840		1840		0	
32	0		0		0		1940		0	
33	0		0		2265		2265		0	
34	0		0		0		2115		0	
35	0		0		1855		1855		0	
36	0		0		0		1625		0	
37	0		0		0		1875		0	
38	0		0		0		2230		0	
39	0		0		1985		1985		0	
40	0		0		0		2165		0	
41	0		0		1655		1655		0	
42	0		0		0		1960		0	
43	0		0		1805		1805		0	
44	0		0		2140		2140		0	
45	0		0		0		2045		0	
46	0		0		2150		2150		0	
47	0		0		1560		1560		0	
48	0		0		0		2430		0	
49	0		0		2130		2130		0	
50	0		0		0		1755		0	

Store Fashion Inventory (S F T):
Store1
1	0		0		0		140	
2	0		0		0		90	
3	0		0		0		290	
4	0		0		0		315	
5	0		0		0		305	
6	0		0		0		270	
7	0		0		0		275	
8	0		0		0		170	
9	0		0		0		95	
10	0		0		0		155	
11	0		0		0		200	
12	0		0		0		285	
13	0		0		0		275	
14	0		0		0		250	
15	0		0		0		220	
16	0		0		195		195	
17	0		0		0		210	
18	0		0		0		240	
19	0		0		210		210	
20	0		0		5		5	
21	0		0		0		155	
22	0		0		0		110	
23	0		0		0		265	
24	0		0		0		155	
25	0		0		0		275	
26	0		0		0		200	
27	0		0		0		250	
28	0		0		0		140	
29	0		0		0		220	
30	0		0		0		295	
31	0		0		0		230	
32	0		0		0		255	
33	0		0		0		225	
34	0		0		0		215	
35	0		0		0		235	
36	0		0		0		195	
37	0		0		0		25	
38	0		0		0		150	
39	0		0		0		180	
40	0		0		0		310	
41	0		0		0		190	
42	0		0		0		110	
43	0		0		0		260	
44	0		0		0		350	
45	0		0		0		275	
46	0		0		0		145	
47	0		0		0		145	
48	0		0		0		170	
49	0		0		0		345	
50	0		0		0		325	
Store2
1	0		0		0		255	
2	0		0		0		140	
3	0		0		0		230	
4	0		0		0		210	
5	0		0		0		140	
6	0		0		170		170	
7	0		0		0		115	
8	0		0		0		135	
9	0		0		0		115	
10	0		0		0		120	
11	0		0		0		135	
12	0		0		0		250	
13	0		0		0		350	
14	0		0		0		285	
15	0		0		0		155	
16	0		0		0		195	
17	0		0		0		210	
18	0		0		0		160	
19	0		0		0		330	
20	0		0		220		220	
21	0		0		195		195	
22	0		0		0		210	
23	0		0		0		195	
24	0		0		0		120	
25	0		0		0		245	
26	0		0		0		160	
27	0		0		0		195	
28	0		0		0		235	
29	0		0		0		235	
30	0		0		0		115	
31	0		0		0		145	
32	0		0		0		210	
33	0		0		0		140	
34	0		0		0		230	
35	0		0		0		65	
36	0		0		0		285	
37	0		0		0		170	
38	0		0		0		295	
39	0		0		0		230	
40	0		0		0		165	
41	0		0		0		65	
42	0		0		0		340	
43	0		0		0		205	
44	0		0		0		200	
45	0		0		0		130	
46	0		0		0		220	
47	0		0		0		75	
48	0		0		0		90	
49	0		0		0		110	
50	0		0		0		315	
Store3
1	0		0		0		220	
2	0		0		0		150	
3	0		0		0		245	
4	0		0		0		205	
5	0		0		0		250	
6	0		0		250		250	
7	0		0		0		135	
8	0		0		0		65	
9	0		0		0		140	
10	0		0		0		85	
11	0		0		0		145	
12	0		0		0		105	
13	0		0		0		205	
14	0		0		0		180	
15	0		0		0		165	
16	0		0		295		295	
17	0		0		0		10	
18	0		0		0		115	
19	0		0		275		275	
20	0		0		340		340	
21	0		0		105		105	
22	0		0		0		165	
23	0		0		0		255	
24	0		0		0		35	
25	0		0		0		65	
26	0		0		0		310	
27	0		0		0		115	
28	0		0		0		310	
29	0		0		0		120	
30	0		0		0		190	
31	0		0		0		170	
32	0		0		0		150	
33	0		0		0		270	
34	0		0		0		175	
35	0		0		0		265	
36	0		0		0		95	
37	0		0		0		230	
38	0		0		0		380	
39	0		0		0		270	
40	0		0		0		305	
41	0		0		0		140	
42	0		0		0		205	
43	0		0		0		70	
44	0		0		0		175	
45	0		0		0		210	
46	0		0		0		300	
47	0		0		0		185	
48	0		0		0		215	
49	0		0		0		230	
50	0		0		0		250	
Store4
1	0		0		0		85	
2	0		0		0		340	
3	0		0		230		230	
4	0		0		0		215	
5	0		0		0		300	
6	0		0		0		290	
7	0		0		0		265	
8	0		0		0		105	
9	0		0		0		180	
10	0		0		0		195	
11	0		0		0		160	
12	0		0		0		250	
13	0		0		0		200	
14	0		0		0		220	
15	0		0		0		200	
16	0		0		105		105	
17	0		0		0		150	
18	0		0		0		145	
19	0		0		270		270	
20	0		0		0		0	
21	0		0		160		160	
22	0		0		0		255	
23	0		0		0		85	
24	0		0		0		290	
25	0		0		0		210	
26	0		0		0		370	
27	0		0		0		220	
28	0		0		0		175	
29	0		0		0		225	
30	0		0		0		215	
31	0		0		0		240	
32	0		0		0		210	
33	0		0		0		130	
34	0		0		0		230	
35	0		0		0		250	
36	0		0		0		170	
37	0		0		0		190	
38	0		0		0		165	
39	0		0		0		105	
40	0		0		0		165	
41	0		0		0		155	
42	0		0		0		245	
43	0		0		0		325	
44	0		0		0		135	
45	0		0		0		185	
46	0		0		0		125	
47	0		0		0		140	
48	0		0		0		360	
49	0		0		0		110	
50	0		0		0		130	
Store5
1	0		0		0		175	
2	0		0		0		180	
3	0		0		230		230	
4	0		0		0		185	
5	0		0		0		230	
6	0		0		0		340	
7	0		0		0		15	
8	0		0		0		250	
9	0		0		0		255	
10	0		0		0		280	
11	0		0		0		260	
12	0		0		0		340	
13	0		0		0		240	
14	0		0		0		95	
15	0		0		0		195	
16	0		0		0		175	
17	0		0		0		175	
18	0		0		0		290	
19	0		0		335		335	
20	0		0		0		335	
21	0		0		0		300	
22	0		0		0		100	
23	0		0		0		325	
24	0		0		0		335	
25	0		0		0		175	
26	0		0		0		285	
27	0		0		0		125	
28	0		0		0		320	
29	0		0		0		200	
30	0		0		0		95	
31	0		0		0		210	
32	0		0		0		85	
33	0		0		0		335	
34	0		0		0		105	
35	0		0		0		175	
36	0		0		0		240	
37	0		0		0		310	
38	0		0		0		235	
39	0		0		0		150	
40	0		0		0		200	
41	0		0		0		105	
42	0		0		0		245	
43	0		0		0		255	
44	0		0		0		335	
45	0		0		0		145	
46	0		0		0		270	
47	0		0		0		100	
48	0		0		0		410	
49	0		0		0		240	
50	0		0		0		95	
Store6
1	0		0		0		110	
2	0		0		0		250	
3	0		0		0		225	
4	0		0		0		160	
5	0		0		0		160	
6	0		0		0		190	
7	0		0		0		110	
8	0		0		0		300	
9	0		0		0		345	
10	0		0		0		300	
11	0		0		0		145	
12	0		0		0		105	
13	0		0		0		220	
14	0		0		0		255	
15	0		0		0		100	
16	0		0		210		210	
17	0		0		0		65	
18	0		0		0		195	
19	0		0		160		160	
20	0		0		225		225	
21	0		0		180		180	
22	0		0		0		325	
23	0		0		0		345	
24	0		0		0		220	
25	0		0		0		245	
26	0		0		0		135	
27	0		0		0		235	
28	0		0		0		240	
29	0		0		0		240	
30	0		0		0		210	
31	0		0		0		280	
32	0		0		0		180	
33	0		0		0		245	
34	0		0		0		285	
35	0		0		0		270	
36	0		0		0		220	
37	0		0		0		140	
38	0		0		0		205	
39	0		0		0		150	
40	0		0		0		190	
41	0		0		0		140	
42	0		0		0		140	
43	0		0		0		95	
44	0		0		0		185	
45	0		0		0		230	
46	0		0		0		225	
47	0		0		0		150	
48	0		0		0		255	
49	0		0		0		265	
50	0		0		0		145	
Store7
1	0		0		0		210	
2	0		0		0		375	
3	0		0		230		230	
4	0		0		0		310	
5	0		0		0		390	
6	0		0		280		280	
7	0		0		0		260	
8	0		0		0		0	
9	0		0		0		190	
10	0		0		0		180	
11	0		0		0		145	
12	0		0		0		190	
13	0		0		0		100	
14	0		0		0		45	
15	0		0		0		225	
16	0		0		0		240	
17	0		0		0		305	
18	0		0		0		225	
19	0		0		85		85	
20	0		0		85		85	
21	0		0		0		290	
22	0		0		0		175	
23	0		0		0		140	
24	0		0		0		90	
25	0		0		0		70	
26	0		0		0		200	
27	0		0		0		300	
28	0		0		0		250	
29	0		0		0		345	
30	0		0		0		215	
31	0		0		0		190	
32	0		0		0		130	
33	0		0		0		210	
34	0		0		0		145	
35	0		0		0		240	
36	0		0		0		115	
37	0		0		0		315	
38	0		0		0		200	
39	0		0		0		200	
40	0		0		0		260	
41	0		0		0		270	
42	0		0		0		220	
43	0		0		0		140	
44	0		0		0		250	
45	0		0		0		205	
46	0		0		0		250	
47	0		0		0		50	
48	0		0		0		315	
49	0		0		0		95	
50	0		0		0		0	
Store8
1	0		0		0		345	
2	0		0		0		185	
3	0		0		0		240	
4	0		0		0		200	
5	0		0		0		140	
6	0		0		240		240	
7	0		0		0		65	
8	0		0		0		140	
9	0		0		0		235	
10	0		0		0		320	
11	0		0		0		190	
12	0		0		0		85	
13	0		0		0		170	
14	0		0		0		425	
15	0		0		0		220	
16	0		0		0		305	
17	0		0		0		170	
18	0		0		0		180	
19	0		0		195		195	
20	0		0		0		285	
21	0		0		235		235	
22	0		0		0		30	
23	0		0		0		130	
24	0		0		0		55	
25	0		0		0		215	
26	0		0		0		250	
27	0		0		0		285	
28	0		0		0		205	
29	0		0		0		210	
30	0		0		0		105	
31	0		0		0		130	
32	0		0		0		210	
33	0		0		0		220	
34	0		0		0		205	
35	0		0		0		150	
36	0		0		0		65	
37	0		0		0		210	
38	0		0		0		280	
39	0		0		0		270	
40	0		0		0		285	
41	0		0		0		25	
42	0		0		0		150	
43	0		0		0		150	
44	0		0		0		175	
45	0		0		0		325	
46	0		0		0		205	
47	0		0		0		200	
48	0		0		0		270	
49	0		0		0		250	
50	0		0		0		180	
Store9
1	0		0		0		320	
2	0		0		0		310	
3	0		0		260		260	
4	0		0		0		155	
5	0		0		0		160	
6	0		0		0		205	
7	0		0		0		240	
8	0		0		0		280	
9	0		0		0		140	
10	0		0		0		120	
11	0		0		0		200	
12	0		0		0		200	
13	0		0		0		245	
14	0		0		0		230	
15	0		0		0		60	
16	0		0		145		145	
17	0		0		0		210	
18	0		0		0		250	
19	0		0		310		310	
20	0		0		0		285	
21	0		0		210		210	
22	0		0		0		325	
23	0		0		0		180	
24	0		0		0		295	
25	0		0		0		225	
26	0		0		0		230	
27	0		0		0		275	
28	0		0		0		100	
29	0		0		0		225	
30	0		0		0		225	
31	0		0		0		40	
32	0		0		0		225	
33	0		0		0		255	
34	0		0		0		205	
35	0		0		0		80	
36	0		0		0		225	
37	0		0		0		150	
38	0		0		0		125	
39	0		0		0		250	
40	0		0		0		0	
41	0		0		0		210	
42	0		0		0		80	
43	0		0		0		185	
44	0		0		0		100	
45	0		0		0		230	
46	0		0		0		200	
47	0		0		0		190	
48	0		0		0		215	
49	0		0		0		265	
50	0		0		0		170	
Store10
1	0		0		0		110	
2	0		0		0		225	
3	0		0		185		185	
4	0		0		0		205	
5	0		0		0		305	
6	0		0		160		160	
7	0		0		0		150	
8	0		0		0		125	
9	0		0		0		220	
10	0		0		0		110	
11	0		0		0		170	
12	0		0		0		295	
13	0		0		0		135	
14	0		0		0		220	
15	0		0		0		205	
16	0		0		225		225	
17	0		0		0		165	
18	0		0		0		160	
19	0		0		0		250	
20	0		0		0		185	
21	0		0		190		190	
22	0		0		0		255	
23	0		0		0		65	
24	0		0		0		40	
25	0		0		0		220	
26	0		0		0		205	
27	0		0		0		140	
28	0		0		0		170	
29	0		0		0		315	
30	0		0		0		255	
31	0		0		0		205	
32	0		0		0		285	
33	0		0		0		235	
34	0		0		0		320	
35	0		0		0		125	
36	0		0		0		15	
37	0		0		0		135	
38	0		0		0		195	
39	0		0		0		180	
40	0		0		0		285	
41	0		0		0		355	
42	0		0		0		225	
43	0		0		0		120	
44	0		0		0		235	
45	0		0		0		110	
46	0		0		0		210	
47	0		0		0		325	
48	0		0		0		130	
49	0		0		0		220	
50	0		0		0		145	


Fashion Shipments from Vendor to Warehouse (V T):
0.8332866	0	0	0.9586099	
0	0	0.9427032	0.7297267	

Printing New Basic Solution:

Inbound Solution (V P T):
1	1	2	1442
1	1	5	619
1	2	2	1114
1	2	5	743
1	3	2	831
1	3	5	1248
1	4	2	1925
1	5	2	1164
1	5	5	777
1	6	2	1002
1	6	5	1003
1	7	2	821
1	7	5	1233
1	8	2	1632
1	8	5	409
1	9	2	1201
1	9	5	802
1	10	2	603
1	10	5	1408
1	11	2	1307
1	11	5	561
1	12	2	785
1	12	5	1179
1	13	2	1800
1	13	5	201
1	14	2	1113
1	14	5	742
1	15	2	1047
1	15	5	1047
1	16	2	1608
1	16	5	402
2	17	1	1830
2	17	2	203
2	18	1	1403
2	18	2	600
2	19	1	613
2	19	2	1428
2	20	2	2046
2	21	1	422
2	21	2	1685
2	22	1	1538
2	22	2	170
2	23	1	616
2	23	2	1437
2	24	1	1536
2	24	2	384
2	25	1	595
2	25	2	1388
2	26	1	740
2	26	2	1109
2	27	1	1460
2	27	2	365
2	28	2	1965
2	29	1	1262
2	29	2	840
2	30	1	193
2	30	2	1736
2	31	1	782
2	31	2	1173
2	32	1	205
2	32	2	1844
3	33	3	210
3	33	5	1897
3	34	3	708
3	34	5	1653
3	35	3	1271
3	35	5	848
3	36	3	1220
3	36	5	814
3	37	3	533
3	37	5	1246
3	38	3	573
3	38	5	1337
3	39	3	1670
3	39	5	418
3	40	3	1701
3	40	5	189
3	41	3	1150
3	41	5	767
3	42	3	808
3	42	5	1213
3	43	5	2272
3	44	3	636
3	44	5	1487
3	45	3	810
3	45	5	1217
3	46	3	852
3	46	5	1279
3	47	3	180
3	47	5	1627
3	48	3	594
3	48	5	1388
3	49	3	570
3	49	5	1330
3	50	3	389
3	50	5	1558


Outbound Solution(S P T):
1	1	4	214
1	2	4	168
1	3	4	224
1	4	4	198
1	5	4	173
1	6	4	195
1	7	4	180
1	8	4	238
1	9	4	201
1	10	4	220
1	11	4	227
1	12	4	204
1	13	4	214
1	14	4	149
1	15	4	184
1	16	4	237
1	17	4	178
1	18	4	157
1	19	4	220
1	20	4	301
1	21	4	220
1	22	4	141
1	23	4	212
1	24	4	180
1	25	4	201
1	26	4	218
1	27	4	238
1	28	4	210
1	29	4	273
1	30	4	173
1	31	4	187
1	32	4	174
1	33	4	230
1	34	4	207
1	35	4	159
1	36	4	197
1	37	4	187
1	38	4	197
1	39	4	215
1	40	4	213
1	41	4	179
1	42	4	194
1	43	4	243
1	44	4	223
1	45	4	221
1	46	4	257
1	47	4	180
1	48	4	188
1	49	4	258
1	50	4	126
2	1	4	211
2	2	4	249
2	3	4	186
2	4	4	186
2	5	4	234
2	6	4	225
2	7	4	215
2	8	4	159
2	9	4	204
2	10	4	158
2	11	4	223
2	12	4	182
2	13	4	190
2	14	4	232
2	15	4	205
2	16	4	177
2	17	4	194
2	18	4	290
2	19	4	240
2	20	4	186
2	21	4	193
2	22	4	204
2	23	4	187
2	24	4	202
2	25	4	243
2	26	4	158
2	27	4	184
2	28	4	182
2	29	4	227
2	30	4	208
2	31	4	164
2	32	4	150
2	33	4	170
2	34	4	210
2	35	4	242
2	36	4	203
2	37	4	224
2	38	4	178
2	39	4	188
2	40	4	186
2	41	4	170
2	42	4	182
2	43	4	225
2	44	4	218
2	45	4	197
2	46	4	222
2	47	4	233
2	48	4	217
2	49	4	161
2	50	4	187
3	1	4	146
3	1	5	54
3	2	4	112
3	2	5	38
3	3	4	195
3	3	5	10
3	4	4	125
3	4	5	32
3	5	4	179
3	5	5	35
3	6	4	109
3	6	5	34
3	7	4	143
3	7	5	43
3	8	4	170
3	8	5	69
3	9	4	225
3	9	5	48
3	10	4	194
3	10	5	59
3	11	4	138
3	11	5	50
3	12	4	182
3	12	5	61
3	13	4	119
3	13	5	55
3	14	4	150
3	14	5	26
3	15	4	182
3	15	5	45
3	16	4	191
3	16	5	1
3	17	4	169
3	17	5	41
3	18	4	129
3	18	5	32
3	19	4	152
3	19	5	32
3	20	4	184
3	20	5	46
3	21	4	185
3	21	5	76
3	22	4	154
3	22	5	29
3	23	4	161
3	23	5	73
3	24	4	137
3	24	5	42
3	25	4	162
3	25	5	31
3	26	4	129
3	26	5	53
3	27	4	86
3	27	5	31
3	28	4	109
3	28	5	34
3	29	4	133
3	29	5	38
3	30	4	134
3	30	5	60
3	31	4	127
3	31	5	23
3	32	4	191
3	32	5	47
3	33	4	170
3	33	5	23
3	34	4	177
3	34	5	48
3	35	4	135
3	35	5	21
3	36	4	183
3	36	5	59
3	37	4	153
3	37	5	33
3	38	4	157
3	38	5	37
3	39	4	167
3	39	5	37
3	40	4	166
3	40	5	58
3	41	4	149
3	41	5	19
3	42	4	98
3	42	5	37
3	43	4	161
3	43	5	18
3	44	4	174
3	44	5	37
3	45	4	162
3	45	5	46
3	46	4	174
3	46	5	59
3	47	4	105
3	47	5	50
3	48	4	151
3	48	5	36
3	49	4	108
3	49	5	40
3	50	4	149
3	50	5	53
4	1	4	174
4	2	4	199
4	3	4	235
4	4	4	215
4	5	4	184
4	6	4	169
4	7	4	196
4	8	4	265
4	9	4	174
4	10	4	206
4	11	4	182
4	12	4	210
4	13	4	211
4	14	4	161
4	15	4	195
4	16	4	210
4	17	4	249
4	18	4	200
4	19	4	204
4	20	4	195
4	21	4	220
4	22	4	152
4	23	4	184
4	24	4	161
4	25	4	214
4	26	4	171
4	27	4	217
4	28	4	215
4	29	4	215
4	30	4	254
4	31	4	187
4	32	4	206
4	33	4	262
4	34	4	243
4	35	4	215
4	36	4	176
4	37	4	170
4	38	4	185
4	39	4	290
4	40	4	184
4	41	4	169
4	42	4	199
4	43	4	194
4	44	4	172
4	45	4	220
4	46	4	167
4	47	4	168
4	48	4	157
4	49	4	157
4	50	4	239
5	1	1	161
5	1	4	70
5	2	1	109
5	2	4	79
5	3	1	159
5	3	4	35
5	4	1	159
5	4	4	53
5	5	1	173
5	5	4	41
5	6	1	175
5	6	4	45
5	7	1	148
5	7	4	41
5	8	1	171
5	8	4	35
5	9	1	131
5	9	4	31
5	10	1	205
5	10	4	16
5	11	1	155
5	11	4	32
5	12	1	146
5	12	4	37
5	13	1	189
5	13	4	48
5	14	1	140
5	14	4	26
5	15	1	129
5	15	4	49
5	16	1	183
5	16	4	32
5	17	1	150
5	17	4	50
5	18	1	132
5	18	4	17
5	19	1	157
5	19	4	14
5	20	1	187
5	20	4	52
5	21	1	187
5	21	4	49
5	22	1	139
5	22	4	29
5	23	1	188
5	23	4	65
5	24	1	182
5	24	4	52
5	25	1	176
5	25	4	49
5	26	1	166
5	26	4	33
5	27	1	122
5	27	4	48
5	28	1	125
5	28	4	50
5	29	1	183
5	29	4	28
5	30	1	124
5	30	4	32
5	31	1	143
5	31	4	16
5	32	1	178
5	32	4	49
5	33	1	172
5	33	4	47
5	34	1	159
5	34	4	43
5	35	1	166
5	35	4	27
5	36	1	143
5	36	4	38
5	37	1	109
5	37	4	41
5	38	1	129
5	38	4	33
5	39	1	151
5	39	4	60
5	40	1	174
5	40	4	18
5	41	1	140
5	41	4	42
5	42	1	208
5	42	4	56
5	43	1	248
5	43	4	54
5	44	1	221
5	44	4	18
5	45	1	163
5	45	4	79
5	46	1	150
5	46	4	54
5	47	1	181
5	47	4	19
5	48	1	204
5	48	4	33
5	49	1	172
5	49	4	28
5	50	1	154
5	50	4	53
6	1	4	237
6	2	4	161
6	3	4	209
6	4	4	188
6	5	4	178
6	6	4	218
6	7	4	221
6	8	4	196
6	9	4	213
6	10	4	179
6	11	4	161
6	12	4	158
6	13	4	175
6	14	4	173
6	15	4	238
6	16	4	240
6	17	4	266
6	18	4	191
6	19	4	216
6	20	4	165
6	21	4	225
6	22	4	133
6	23	4	181
6	24	4	179
6	25	4	149
6	26	4	153
6	27	4	152
6	28	4	224
6	29	4	230
6	30	4	191
6	31	4	233
6	32	4	275
6	33	4	212
6	34	4	254
6	35	4	273
6	36	4	185
6	37	4	195
6	38	4	161
6	39	4	192
6	40	4	151
6	41	4	199
6	42	4	237
6	43	4	243
6	44	4	243
6	45	4	177
6	46	4	217
6	47	4	176
6	48	4	198
6	49	4	222
6	50	4	199
7	1	1	168
7	2	1	122
7	3	1	168
7	4	1	195
7	5	1	122
7	6	1	160
7	7	1	238
7	8	1	200
7	9	1	188
7	10	1	187
7	11	1	183
7	12	1	207
7	13	1	180
7	14	1	197
7	15	1	222
7	16	1	211
7	17	1	149
7	18	1	156
7	19	1	206
7	20	1	194
7	21	1	185
7	22	1	182
7	23	1	189
7	24	1	158
7	25	1	242
7	26	1	188
7	27	1	155
7	28	1	196
7	29	1	209
7	30	1	234
7	31	1	224
7	32	1	218
7	33	1	214
7	34	1	299
7	35	1	272
7	36	1	214
7	37	1	204
7	38	1	188
7	39	1	189
7	40	1	216
7	41	1	267
7	42	1	213
7	43	1	260
7	44	1	219
7	45	1	175
7	46	1	200
7	47	1	164
7	48	1	237
7	49	1	209
7	50	1	204
8	1	4	188
8	2	4	176
8	3	4	238
8	4	4	166
8	5	4	230
8	6	4	200
8	7	4	187
8	8	4	166
8	9	4	198
8	10	4	218
8	11	4	225
8	12	4	173
8	13	4	222
8	14	4	228
8	15	4	232
8	16	4	91
8	17	4	224
8	18	4	269
8	19	4	172
8	20	4	178
8	21	4	213
8	22	4	195
8	23	4	237
8	24	4	172
8	25	4	178
8	26	4	234
8	27	4	190
8	28	4	215
8	29	4	177
8	30	4	219
8	31	4	194
8	32	4	151
8	33	4	172
8	34	4	183
8	35	4	170
8	36	4	246
8	37	4	176
8	38	4	235
8	39	4	231
8	40	4	168
8	41	4	186
8	42	4	190
8	43	4	232
8	44	4	227
8	45	4	172
8	46	4	167
8	47	4	206
8	48	4	169
8	49	4	183
8	50	4	205
9	1	4	208
9	2	4	177
9	3	4	219
9	4	4	200
9	5	4	185
9	6	4	216
9	7	4	258
9	8	4	188
9	9	4	184
9	10	4	135
9	11	4	153
9	12	4	163
9	13	4	200
9	14	4	185
9	15	4	192
9	16	4	251
9	17	4	190
9	18	4	207
9	19	4	273
9	20	4	156
9	21	4	208
9	22	4	193
9	23	4	209
9	24	4	199
9	25	4	194
9	26	4	199
9	27	4	215
9	28	4	236
9	29	4	196
9	30	4	169
9	31	4	253
9	32	4	216
9	33	4	192
9	34	4	286
9	35	4	210
9	36	4	193
9	37	4	124
9	38	4	185
9	39	4	182
9	40	4	156
9	41	4	261
9	42	4	201
9	43	4	193
9	44	4	216
9	45	4	233
9	46	4	229
9	47	4	150
9	48	4	188
9	49	4	193
9	50	4	183
10	1	1	199
10	1	4	31
10	2	1	198
10	2	4	69
10	3	1	151
10	3	4	50
10	4	1	208
10	5	1	153
10	5	4	54
10	6	1	183
10	6	4	76
10	7	1	145
10	7	4	39
10	8	1	150
10	8	4	34
10	9	1	174
10	9	4	32
10	10	1	164
10	10	4	70
10	11	1	89
10	11	4	50
10	12	1	199
10	12	4	42
10	13	1	156
10	13	4	42
10	14	1	173
10	14	4	15
10	15	1	181
10	15	4	40
10	16	1	164
10	16	4	22
10	17	1	152
10	17	4	21
10	18	1	191
10	18	4	32
10	19	1	100
10	19	4	55
10	20	1	178
10	20	4	24
10	21	1	103
10	21	4	43
10	22	1	135
10	22	4	22
10	23	1	125
10	23	4	42
10	24	1	207
10	24	4	49
10	25	1	138
10	25	4	6
10	26	1	103
10	26	4	44
10	27	1	146
10	27	4	41
10	28	1	132
10	28	4	37
10	29	1	151
10	29	4	42
10	30	1	89
10	30	4	42
10	31	1	150
10	31	4	54
10	32	1	152
10	32	4	42
10	33	1	178
10	33	4	65
10	34	1	201
10	34	4	51
10	35	1	188
10	35	4	41
10	36	1	170
10	36	4	27
10	37	1	152
10	37	4	11
10	38	1	161
10	38	4	64
10	39	1	153
10	39	4	33
10	40	1	155
10	40	4	45
10	41	1	122
10	41	4	14
10	42	1	149
10	42	4	57
10	43	1	154
10	43	4	47
10	44	1	133
10	44	4	22
10	45	1	142
10	45	4	40
10	46	1	221
10	46	4	14
10	47	1	124
10	47	4	51
10	48	1	176
10	48	4	28
10	49	1	97
10	49	4	72
10	50	1	136
10	50	4	59


Warehouse Inventory (W P T):
1	565		37		1479		1479		0		565	
2	705		276		1390		1390		0		705	
3	1238		760		1591		1591		0		1238	
4	562		0		1925		1925		594		562	
5	742		294		1458		1458		0		742	
6	969		451		1453		1453		0		969	
7	1190		659		1480		1480		0		1190	
8	521		0		1632		1632		181		521	
9	754		261		1462		1462		0		754	
10	1349		793		1396		1396		0		1349	
11	511		84		1391		1391		0		511	
12	1118		566		1351		1351		0		1118	
13	525		0		1800		1800		379		525	
14	716		206		1319		1319		0		716	
15	1002		470		1517		1517		0		1002	
16	558		0		1608		1608		157		558	
17	0		1379		1582		1582		41		0	
18	0		924		1524		1524		32		0	
19	0		150		1578		1578		32		0	
20	559		0		2046		2046		605		559	
21	53		0		1685		1685		129		53	
22	0		1082		1252		1252		29		0	
23	0		114		1551		1551		73		0	
24	0		989		1373		1373		42		0	
25	0		39		1427		1427		31		0	
26	0		283		1392		1392		53		0	
27	0		1037		1402		1402		31		0	
28	453		0		1965		1965		487		453	
29	0		719		1559		1559		38		0	
30	254		0		1736		1736		314		254	
31	0		265		1438		1438		23		0	
32	343		0		1844		1844		390		343	
33	1874		1310		1310		1520		0		1874	
34	1605		946		946		1654		0		1605	
35	827		201		201		1472		0		827	
36	755		228		228		1448		0		755	
37	1213		748		748		1281		0		1213	
38	1300		822		822		1395		0		1300	
39	493		0		0		1670		112		493	
40	545		0		0		1701		414		545	
41	748		219		219		1369		0		748	
42	1176		606		606		1414		0		1176	
43	2254		1592		1592		1592		0		2254	
44	1450		877		877		1513		0		1450	
45	1171		691		691		1501		0		1171	
46	1220		649		649		1501		0		1220	
47	1577		1108		1108		1288		0		1577	
48	1352		735		735		1329		0		1352	
49	1290		812		812		1382		0		1290	
50	1505		1011		1011		1400		0		1505	

Store Inventory (S P T):
Store1
1	130		98		29		0		172		130	
2	83		35		0		0		138		83	
3	125		84		33		0		188		125	
4	141		96		51		0		165		141	
5	118		86		6		0		151		118	
6	104		104		44		0		149		104	
7	71		71		48		0		114		71	
8	153		110		39		0		209		153	
9	120		94		44		0		169		120	
10	138		110		67		0		172		138	
11	154		110		50		0		185		154	
12	102		58		32		0		155		102	
13	137		111		57		0		199		137	
14	77		15		0		0		127		77	
15	120		77		30		0		166		120	
16	144		113		68		0		189		144	
17	108		68		40		0		160		108	
18	108		65		27		0		127		108	
19	112		52		10		0		159		112	
20	185		140		55		0		249		185	
21	98		60		33		0		162		98	
22	109		98		60		0		109		109	
23	136		86		52		0		205		136	
24	84		57		24		0		119		84	
25	88		42		42		0		145		88	
26	138		75		33		0		166		138	
27	135		82		44		0		200		135	
28	125		90		41		0		169		125	
29	158		94		65		0		202		158	
30	102		52		33		0		133		102	
31	116		50		11		0		159		116	
32	105		69		30		0		139		105	
33	113		56		34		0		190		113	
34	134		75		44		0		184		134	
35	64		29		5		0		102		64	
36	144		94		52		0		170		144	
37	132		95		43		0		155		132	
38	104		69		36		0		143		104	
39	143		79		45		0		173		143	
40	148		91		29		0		180		148	
41	96		77		52		0		160		96	
42	136		92		39		0		165		136	
43	165		115		49		0		209		165	
44	119		73		46		0		169		119	
45	109		72		25		0		155		109	
46	148		93		37		0		201		148	
47	137		102		44		0		171		137	
48	104		37		10		0		147		104	
49	130		81		30		0		216		130	
50	85		69		37		0		109		85	
Store2
1	124		80		49		0		162		124	
2	160		107		50		0		207		160	
3	114		61		46		0		159		114	
4	96		77		42		0		168		96	
5	141		101		59		0		201		141	
6	125		99		59		0		163		125	
7	161		110		64		0		192		161	
8	127		68		50		0		159		127	
9	132		68		25		0		183		132	
10	77		39		6		0		96		77	
11	144		103		22		0		173		144	
12	111		50		37		0		133		111	
13	157		109		48		0		168		157	
14	118		86		18		0		193		118	
15	113		58		37		0		159		113	
16	120		89		59		0		165		120	
17	125		98		58		0		175		125	
18	154		103		64		0		210		154	
19	140		89		63		0		181		140	
20	104		60		27		0		139		104	
21	138		73		40		0		155		138	
22	110		63		22		0		155		110	
23	114		93		68		0		132		114	
24	114		70		46		0		160		114	
25	134		83		38		0		172		134	
26	111		69		57		0		124		111	
27	102		59		28		0		121		102	
28	78		25		9		0		138		78	
29	130		81		16		0		142		130	
30	142		78		43		0		160		142	
31	105		83		52		0		144		105	
32	68		54		39		0		114		68	
33	106		55		7		0		135		106	
34	136		80		27		0		169		136	
35	134		107		52		0		207		134	
36	121		64		24		0		156		121	
37	142		108		63		0		157		142	
38	130		104		63		0		143		130	
39	79		38		5		0		132		79	
40	96		84		48		0		163		96	
41	111		77		43		0		159		111	
42	91		65		37		0		125		91	
43	138		117		73		0		177		138	
44	129		66		25		0		184		129	
45	149		114		64		0		185		149	
46	140		71		8		0		190		140	
47	197		132		64		0		233		197	
48	128		83		42		0		142		128	
49	80		39		10		0		133		80	
50	106		69		44		0		149		106	
Store3
1	111		79		25		0		102		111	
2	61		48		10		0		80		61	
3	111		63		53		0		139		111	
4	95		76		44		0		102		95	
5	112		81		46		0		139		112	
6	71		63		29		0		78		71	
7	104		87		44		0		107		104	
8	165		128		59		0		110		165	
9	167		121		73		0		164		167	
10	143		88		29		0		151		143	
11	110		89		39		0		95		110	
12	172		109		48		0		145		172	
13	102		91		36		0		85		102	
14	94		56		30		0		112		94	
15	130		84		39		0		145		130	
16	117		66		65		0		125		117	
17	138		104		63		0		153		138	
18	95		59		27		0		82		95	
19	101		63		31		0		100		101	
20	123		71		25		0		152		123	
21	163		119		43		0		153		163	
22	120		88		59		0		135		120	
23	116		104		31		0		95		116	
24	79		69		27		0		111		79	
25	125		67		36		0		133		125	
26	103		73		20		0		78		103	
27	64		57		26		0		60		64	
28	69		34		0		0		84		69	
29	114		73		35		0		93		114	
30	127		101		41		0		98		127	
31	87		56		33		0		101		87	
32	141		87		40		0		138		141	
33	117		71		48		0		134		117	
34	126		94		46		0		119		126	
35	78		52		31		0		87		78	
36	152		97		38		0		111		152	
37	98		73		40		0		108		98	
38	121		73		36		0		143		121	
39	119		66		29		0		116		119	
40	157		112		54		0		150		157	
41	71		50		31		0		92		71	
42	73		64		27		0		52		73	
43	99		51		33		0		122		99	
44	117		74		37		0		135		117	
45	106		47		1		0		99		106	
46	121		92		33		0		147		121	
47	83		56		6		0		63		83	
48	87		48		12		0		97		87	
49	93		65		25		0		54		93	
50	116		81		28		0		92		116	
Store4
1	125		87		45		0		169		125	
2	122		55		23		0		175		122	
3	126		73		48		0		203		126	
4	123		80		33		0		160		123	
5	112		79		44		0		144		112	
6	90		41		23		0		133		90	
7	121		78		50		0		189		121	
8	161		119		61		0		218		161	
9	95		56		38		0		142		95	
10	135		100		31		0		161		135	
11	116		60		26		0		144		116	
12	129		90		39		0		189		129	
13	138		96		60		0		184		138	
14	67		18		12		0		120		67	
15	151		104		59		0		161		151	
16	113		73		27		0		162		113	
17	156		108		71		0		220		156	
18	127		106		49		0		152		127	
19	120		112		60		0		150		120	
20	91		80		49		0		171		91	
21	137		114		54		0		178		137	
22	70		18		0		0		105		70	
23	145		105		43		0		168		145	
24	86		38		24		0		110		86	
25	92		48		31		0		173		92	
26	113		77		43		0		119		113	
27	169		115		57		0		196		169	
28	153		112		63		0		195		153	
29	122		74		47		0		176		122	
30	194		107		50		0		235		194	
31	99		52		21		0		135		99	
32	123		79		29		0		154		123	
33	149		90		69		0		216		149	
34	136		81		32		0		180		136	
35	124		74		21		0		183		124	
36	71		42		5		0		119		71	
37	133		96		52		0		133		133	
38	134		119		71		0		160		134	
39	165		124		59		0		217		165	
40	100		76		49		0		141		100	
41	122		105		29		0		131		122	
42	130		96		40		0		143		130	
43	110		80		28		0		161		110	
44	117		79		11		0		146		117	
45	100		80		38		0		141		100	
46	115		71		52		0		144		115	
47	138		96		50		0		163		138	
48	114		67		20		0		142		114	
49	111		78		57		0		140		111	
50	150		74		46		0		215		150	
Store5
1	0		129		92		45		45		0	
2	0		77		46		4		4		0	
3	0		117		54		17		17		0	
4	0		135		89		55		55		0	
5	0		127		80		61		61		0	
6	0		119		70		56		56		0	
7	0		124		104		48		48		0	
8	0		101		64		23		23		0	
9	0		89		74		18		18		0	
10	0		162		104		39		39		0	
11	0		113		80		46		46		0	
12	0		92		71		55		55		0	
13	0		138		101		50		50		0	
14	0		106		70		49		49		0	
15	0		95		68		22		22		0	
16	0		149		100		58		58		0	
17	0		118		69		51		51		0	
18	0		80		66		50		50		0	
19	0		124		75		47		47		0	
20	0		151		95		52		52		0	
21	0		144		108		40		40		0	
22	0		89		59		3		3		0	
23	0		132		60		1		1		0	
24	0		106		76		50		50		0	
25	0		139		96		39		39		0	
26	0		124		110		51		51		0	
27	0		85		62		38		38		0	
28	0		118		73		41		41		0	
29	0		143		86		73		73		0	
30	0		124		90		37		37		0	
31	0		99		40		21		21		0	
32	0		141		86		29		29		0	
33	0		140		111		50		50		0	
34	0		121		71		47		47		0	
35	0		104		95		59		59		0	
36	0		106		71		20		20		0	
37	0		61		54		20		20		0	
38	0		98		87		61		61		0	
39	0		103		55		38		38		0	
40	0		122		91		48		48		0	
41	0		103		84		61		61		0	
42	0		150		99		49		49		0	
43	0		181		108		68		68		0	
44	0		171		129		61		61		0	
45	0		135		95		48		48		0	
46	0		121		104		60		60		0	
47	0		114		79		21		21		0	
48	0		139		83		53		53		0	
49	0		143		103		47		47		0	
50	0		130		98		52		52		0	
Store6
1	121		91		65		0		182		121	
2	114		77		43		0		129		114	
3	149		95		65		0		164		149	
4	99		82		41		0		147		99	
5	109		57		7		0		133		109	
6	134		72		42		0		177		134	
7	135		74		21		0		183		135	
8	98		81		39		0		167		98	
9	126		69		30		0		163		126	
10	93		57		26		0		130		93	
11	89		41		33		0		119		89	
12	78		60		39		0		125		78	
13	120		106		80		0		137		120	
14	86		58		28		0		101		86	
15	151		110		56		0		184		151	
16	137		97		66		0		204		137	
17	169		106		75		0		229		169	
18	126		78		51		0		169		126	
19	91		64		39		0		153		91	
20	94		47		29		0		133		94	
21	129		107		55		0		181		129	
22	68		53		23		0		101		68	
23	118		60		34		0		157		118	
24	105		80		47		0		145		105	
25	63		39		19		0		118		63	
26	109		78		34		0		109		109	
27	104		62		27		0		131		104	
28	148		117		57		0		167		148	
29	124		68		17		0		163		124	
30	109		70		41		0		146		109	
31	113		81		34		0		198		113	
32	141		90		51		0		229		141	
33	156		111		66		0		173		156	
34	149		97		45		0		188		149	
35	165		100		51		0		231		165	
36	111		80		59		0		129		111	
37	124		87		24		0		149		124	
38	100		30		30		0		133		100	
39	130		83		52		0		174		130	
40	80		62		20		0		126		80	
41	111		79		37		0		152		111	
42	127		71		33		0		180		127	
43	161		90		35		0		189		161	
44	137		115		62		0		193		137	
45	107		70		30		0		150		107	
46	140		93		59		0		159		140	
47	118		88		24		0		137		118	
48	135		62		45		0		175		135	
49	134		99		36		0		188		134	
50	111		81		46		0		143		111	
Store7
1	0		130		91		70		34		0	
2	0		88		88		48		6		0	
3	0		100		66		60		25		0	
4	0		137		100		72		29		0	
5	0		97		61		47		44		0	
6	0		123		123		50		37		0	
7	0		180		121		71		18		0	
8	0		174		156		122		52		0	
9	0		155		101		67		50		0	
10	0		123		113		51		19		0	
11	0		174		141		90		47		0	
12	0		154		109		86		54		0	
13	0		128		73		39		22		0	
14	0		141		102		78		20		0	
15	0		152		129		88		49		0	
16	0		159		97		51		11		0	
17	0		128		80		46		23		0	
18	0		133		104		67		66		0	
19	0		190		156		104		30		0	
20	0		158		89		71		38		0	
21	0		130		107		65		26		0	
22	0		144		104		58		33		0	
23	0		160		129		73		29		0	
24	0		114		74		26		26		0	
25	0		215		149		81		31		0	
26	0		169		132		83		40		0	
27	0		112		81		41		34		0	
28	0		165		109		100		55		0	
29	0		154		125		85		44		0	
30	0		187		180		103		41		0	
31	0		177		133		66		31		0	
32	0		190		131		85		43		0	
33	0		174		119		76		47		0	
34	0		229		175		132		70		0	
35	0		208		165		114		69		0	
36	0		167		128		94		20		0	
37	0		156		101		50		50		0	
38	0		141		125		99		54		0	
39	0		156		128		118		50		0	
40	0		154		118		79		36		0	
41	0		209		166		102		32		0	
42	0		136		92		59		44		0	
43	0		200		168		133		59		0	
44	0		164		98		53		21		0	
45	0		128		87		53		32		0	
46	0		171		138		94		38		0	
47	0		115		71		51		28		0	
48	0		215		149		93		60		0	
49	0		151		122		77		50		0	
50	0		167		121		60		40		0	
Store8
1	127		92		35		0		144		127	
2	125		82		67		0		136		125	
3	152		113		61		0		188		152	
4	137		86		42		0		138		137	
5	140		107		36		0		186		140	
6	167		124		68		0		200		167	
7	128		93		53		0		161		128	
8	92		67		35		0		117		92	
9	117		82		37		0		131		117	
10	105		81		48		0		179		105	
11	147		85		21		0		201		147	
12	95		58		38		0		142		95	
13	131		84		34		0		188		131	
14	133		128		72		0		190		133	
15	187		119		73		0		232		187	
16	78		56		31		0		79		78	
17	124		98		48		0		180		124	
18	152		107		67		0		221		152	
19	118		63		40		0		153		118	
20	84		66		20		0		147		84	
21	108		61		20		0		169		108	
22	128		85		34		0		154		128	
23	165		110		48		0		184		165	
24	104		65		46		0		137		104	
25	91		91		48		0		100		91	
26	118		84		37		0		184		118	
27	100		77		35		0		138		100	
28	119		79		55		0		178		119	
29	112		76		34		0		137		112	
30	92		50		21		0		166		92	
31	129		82		53		0		157		129	
32	70		52		26		0		100		70	
33	112		87		41		0		150		112	
34	128		94		69		0		151		128	
35	123		84		37		0		128		123	
36	169		112		47		0		203		169	
37	116		86		30		0		135		116	
38	147		112		37		0		198		147	
39	112		66		42		0		169		112	
40	84		32		15		0		120		84	
41	98		56		25		0		130		98	
42	110		75		42		0		145		110	
43	129		86		60		0		182		129	
44	148		67		25		0		177		148	
45	90		66		33		0		132		90	
46	119		87		57		0		145		119	
47	112		55		34		0		156		112	
48	124		48		28		0		148		124	
49	131		91		32		0		171		131	
50	122		81		57		0		164		122	
Store9
1	111		86		50		0		159		111	
2	131		108		50		0		177		131	
3	129		74		14		0		161		129	
4	136		89		57		0		168		136	
5	90		62		24		0		129		90	
6	129		92		50		0		166		129	
7	131		90		48		0		188		131	
8	150		87		49		0		173		150	
9	101		77		28		0		145		101	
10	73		33		19		0		104		73	
11	105		63		29		0		123		105	
12	114		72		30		0		143		114	
13	133		101		65		0		178		133	
14	146		106		45		0		163		146	
15	119		82		28		0		158		119	
16	138		98		52		0		199		138	
17	112		77		46		0		146		112	
18	122		74		39		0		171		122	
19	182		144		81		0		230		182	
20	110		86		52		0		119		110	
21	127		78		28		0		175		127	
22	114		94		51		0		147		114	
23	134		100		89		0		187		134	
24	131		86		35		0		180		131	
25	133		91		59		0		161		133	
26	113		64		47		0		165		113	
27	147		89		41		0		196		147	
28	158		101		52		0		196		158	
29	133		78		53		0		146		133	
30	122		78		44		0		141		122	
31	150		93		53		0		198		150	
32	114		80		33		0		149		114	
33	89		56		24		0		116		89	
34	164		115		81		0		210		164	
35	123		92		36		0		180		123	
36	109		58		13		0		144		109	
37	82		34		15		0		91		82	
38	70		41		17		0		127		70	
39	80		46		21		0		130		80	
40	98		58		27		0		134		98	
41	151		98		45		0		198		151	
42	130		73		35		0		171		130	
43	115		67		37		0		165		115	
44	125		75		34		0		162		125	
45	139		121		69		0		197		139	
46	151		87		55		0		187		151	
47	96		44		37		0		106		96	
48	93		72		42		0		140		93	
49	110		60		21		0		160		110	
50	82		38		13		0		145		82	
Store10
1	0		149		113		72		72		0	
2	0		121		103		78		78		0	
3	0		112		106		65		65		0	
4	0		165		127		61		61		0	
5	0		124		71		23		23		0	
6	0		120		74		27		27		0	
7	0		102		81		42		42		0	
8	0		137		80		42		42		0	
9	0		137		80		40		40		0	
10	0		115		42		22		22		0	
11	0		75		55		10		10		0	
12	0		149		99		42		42		0	
13	0		118		62		31		31		0	
14	0		144		91		53		53		0	
15	0		126		100		54		54		0	
16	0		114		77		47		47		0	
17	0		128		77		30		30		0	
18	0		136		100		50		50		0	
19	0		92		77		20		20		0	
20	0		121		65		32		32		0	
21	0		100		71		46		46		0	
22	0		96		53		15		15		0	
23	0		112		75		51		51		0	
24	0		154		96		36		36		0	
25	0		108		71		45		45		0	
26	0		98		62		62		62		0	
27	0		115		92		50		50		0	
28	0		106		66		31		31		0	
29	0		102		70		39		39		0	
30	0		78		52		28		28		0	
31	0		118		66		21		21		0	
32	0		102		62		28		28		0	
33	0		132		83		40		40		0	
34	0		145		107		36		36		0	
35	0		126		85		38		38		0	
36	0		114		82		35		35		0	
37	0		105		55		21		21		0	
38	0		117		66		15		15		0	
39	0		134		93		43		43		0	
40	0		116		99		46		46		0	
41	0		94		49		37		37		0	
42	0		112		80		18		18		0	
43	0		122		87		39		39		0	
44	0		83		43		25		25		0	
45	0		125		83		30		30		0	
46	0		188		127		78		78		0	
47	0		102		66		11		11		0	
48	0		144		91		57		57		0	
49	0		88		58		41		41		0	
50	0		108		69		27		27		0	


Shipments from Vendor to Warehouse (V T):
0	0.706548	0	0	0.4873427	
0.4839506	0.6633093	0	0	0	
0	0	0.5626874	0	0.794464	

Shipments from Warehouse to Stores (S T):
1	4	0.3870013
1	5	0.35914
2	4	0.3894447
2	5	0.2960833
3	4	0.3223947
3	5	0.3616513
4	4	0.389548
4	5	0.3324733
5	1	0.3017733
5	4	0.08419801
5	5	0.37608
6	4	0.3956946
6	5	0.33926
7	1	0.3675327
7	4	0.02047667
7	5	0.32499
8	4	0.3958907
8	5	0.30165
9	4	0.3873393
9	5	0.3228367
10	1	0.285144
10	4	0.1016193
10	5	0.3204067


Required Putaway workers (Sol T):
2	2	2	3	2	

No of required pickers (T):
4	0	0	10	12	

No of part-time putaway workers (T):
0	0	0	1	0	

No of part-time pickers (T):
0	0	0	2	4	

Best Putaway Technology: 2400
Best Picking Technology: 1000

Required Fashion Putaway Hours:
10.2875	0	9.945833	21.6375	0	

Required Basic Putaway Hours:
5.497917	15.73667	5.78125	0	14.5475	

Required Total Putaway Hours:
15.78542	15.73667	15.72708	21.6375	14.5475	

No of required fashion pick hours:
0	0	0	7.4	93.09	

No of required basic pick hours:
25.844	0	0	71.849	2.059	

No of required total pick hours:
25.844	0	0	79.249	95.149	

List of all the costs: 
MHECost		407
PutawayTechCost		3540
PickingTechCost		9130
WhBasicInvCost		2038.191
BasicInbCost		9539.68
WhFashionInvCost		1910.3
FashionInbCost		10567.5
PutawayCost		3440
StoreBasicInvCost		9247
StoreFashionInvCost		5394.5
OutboundCost		18747.96
PickingCost		14240
Total		88202.14

List of Top5 Technologies: 
Tech1		3	6	$ 88202.14
Tech2		3	5	$ 97648.59
Tech3		3	1	$ 170301.8
Tech4		4	1	$ 189830.8
Tech5		2	1	$ 190799.4
The start time is 12/30/2014 5:15:25 PM
The End time is 12/30/2014 5:16:24 PM
