Printing New Fashion Solution:

Inbound Fashion Solution (V F T):
1	1	1	1970
1	2	2	2245
1	3	2	2365
1	4	1	2160
1	5	1	2380
1	6	2	2395
1	7	2	1630
1	8	2	1570
1	9	1	1915
1	10	1	1865
1	11	1	1750
1	12	2	2105
1	13	1	2140
1	14	2	2205
1	15	1	1745
1	16	2	2090
1	17	2	1670
1	18	2	1960
1	19	2	2420
1	20	2	1965
1	21	2	2020
1	22	1	1950
1	23	1	1985
1	24	1	1635
1	25	1	1945
2	26	4	2345
2	27	4	2140
2	28	4	2145
2	29	4	2335
2	30	4	1920
2	31	4	1840
2	32	4	1940
2	33	4	2265
2	34	4	2115
2	35	4	1855
2	36	4	1625
2	37	4	1875
2	38	4	2230
2	39	4	1985
2	40	4	2165
2	41	4	1655
2	42	4	1960
2	43	4	1805
2	44	4	2140
2	45	4	2045
2	46	4	2150
2	47	4	1560
2	48	4	2430
2	49	4	2130
2	50	4	1755


Outbound Fashion Solution(S F T):
1	1	2	140
1	2	4	90
1	3	4	290
1	4	4	315
1	5	2	305
1	6	4	270
1	7	4	275
1	8	5	170
1	9	4	95
1	10	3	155
1	11	3	200
1	12	3	285
1	13	3	275
1	14	3	250
1	15	2	220
1	16	4	195
1	17	3	210
1	18	4	240
1	19	3	210
1	20	4	5
1	21	4	155
1	22	3	110
1	23	4	265
1	24	4	155
1	25	3	275
1	26	5	200
1	27	5	250
1	28	5	140
1	29	5	220
1	30	5	295
1	31	5	230
1	32	5	255
1	33	5	225
1	34	5	215
1	35	5	235
1	36	5	195
1	37	5	25
1	38	5	150
1	39	5	180
1	40	5	310
1	41	5	190
1	42	5	110
1	43	5	260
1	44	5	350
1	45	5	275
1	46	5	145
1	47	5	145
1	48	5	170
1	49	5	345
1	50	5	325
2	1	3	255
2	2	4	140
2	3	4	230
2	4	3	210
2	5	3	140
2	6	4	170
2	7	4	115
2	8	3	135
2	9	4	115
2	10	3	120
2	11	4	135
2	12	5	250
2	13	2	350
2	14	4	285
2	15	3	155
2	16	4	195
2	17	3	210
2	18	4	160
2	19	4	330
2	20	3	220
2	21	3	195
2	22	3	210
2	23	3	195
2	24	2	120
2	25	3	245
2	26	5	160
2	27	5	195
2	28	5	235
2	29	5	235
2	30	5	115
2	31	5	145
2	32	5	210
2	33	5	140
2	34	5	230
2	35	5	65
2	36	5	285
2	37	5	170
2	38	5	295
2	39	5	230
2	40	5	165
2	41	5	65
2	42	5	340
2	43	5	205
2	44	5	200
2	45	5	130
2	46	5	220
2	47	5	75
2	48	5	90
2	49	5	110
2	50	5	315
3	1	5	220
3	2	4	150
3	3	4	245
3	4	2	205
3	5	4	250
3	6	4	250
3	7	4	135
3	8	3	65
3	9	4	140
3	10	4	85
3	11	3	145
3	12	4	105
3	13	4	205
3	14	4	180
3	15	2	165
3	16	4	295
3	17	4	10
3	18	3	115
3	19	3	275
3	20	3	340
3	21	4	105
3	22	2	165
3	23	4	255
3	24	3	35
3	25	4	65
3	26	5	310
3	27	5	115
3	28	5	310
3	29	5	120
3	30	5	190
3	31	5	170
3	32	5	150
3	33	5	270
3	34	5	175
3	35	5	265
3	36	5	95
3	37	5	230
3	38	5	380
3	39	5	270
3	40	5	305
3	41	5	140
3	42	5	205
3	43	5	70
3	44	5	175
3	45	5	210
3	46	5	300
3	47	5	185
3	48	5	215
3	49	5	230
3	50	5	250
4	1	4	85
4	2	4	340
4	3	4	230
4	4	3	215
4	5	3	300
4	6	3	290
4	7	4	265
4	8	4	105
4	9	4	180
4	10	2	195
4	11	4	160
4	12	4	250
4	13	4	200
4	14	4	220
4	15	4	200
4	16	3	105
4	17	4	150
4	18	4	145
4	19	3	270
4	21	5	160
4	22	4	255
4	23	2	85
4	24	2	290
4	25	5	210
4	26	5	370
4	27	5	220
4	28	5	175
4	29	5	225
4	30	5	215
4	31	5	240
4	32	5	210
4	33	5	130
4	34	5	230
4	35	5	250
4	36	5	170
4	37	5	190
4	38	5	165
4	39	5	105
4	40	5	165
4	41	5	155
4	42	5	245
4	43	5	325
4	44	5	135
4	45	5	185
4	46	5	125
4	47	5	140
4	48	5	360
4	49	5	110
4	50	5	130
5	1	4	175
5	2	4	180
5	3	4	230
5	4	2	185
5	5	3	230
5	6	3	340
5	7	4	15
5	8	3	250
5	9	5	255
5	10	4	280
5	11	4	260
5	12	3	340
5	13	2	240
5	14	4	95
5	15	5	195
5	16	4	175
5	17	4	175
5	18	4	290
5	19	3	335
5	20	5	335
5	21	4	300
5	22	3	100
5	23	4	325
5	24	4	335
5	25	2	175
5	26	5	285
5	27	5	125
5	28	5	320
5	29	5	200
5	30	5	95
5	31	5	210
5	32	5	85
5	33	5	335
5	34	5	105
5	35	5	175
5	36	5	240
5	37	5	310
5	38	5	235
5	39	5	150
5	40	5	200
5	41	5	105
5	42	5	245
5	43	5	255
5	44	5	335
5	45	5	145
5	46	5	270
5	47	5	100
5	48	5	410
5	49	5	240
5	50	5	95
6	1	4	110
6	2	3	250
6	3	4	225
6	4	2	160
6	5	3	160
6	6	4	190
6	7	4	110
6	8	4	300
6	9	3	345
6	10	4	300
6	11	2	145
6	12	4	105
6	13	4	220
6	14	4	255
6	15	4	100
6	16	3	210
6	17	4	65
6	18	4	195
6	19	4	160
6	20	4	225
6	21	4	180
6	22	4	325
6	23	4	345
6	24	4	220
6	25	2	245
6	26	5	135
6	27	5	235
6	28	5	240
6	29	5	240
6	30	5	210
6	31	5	280
6	32	5	180
6	33	5	245
6	34	5	285
6	35	5	270
6	36	5	220
6	37	5	140
6	38	5	205
6	39	5	150
6	40	5	190
6	41	5	140
6	42	5	140
6	43	5	95
6	44	5	185
6	45	5	230
6	46	5	225
6	47	5	150
6	48	5	255
6	49	5	265
6	50	5	145
7	1	3	210
7	2	4	375
7	3	4	230
7	4	4	310
7	5	3	390
7	6	3	280
7	7	4	260
7	9	3	190
7	10	4	180
7	11	3	145
7	12	4	190
7	13	4	100
7	14	4	45
7	15	4	225
7	16	3	240
7	17	4	305
7	18	4	225
7	19	3	85
7	20	4	85
7	21	4	290
7	22	3	175
7	23	3	140
7	24	4	90
7	25	3	70
7	26	5	200
7	27	5	300
7	28	5	250
7	29	5	345
7	30	5	215
7	31	5	190
7	32	5	130
7	33	5	210
7	34	5	145
7	35	5	240
7	36	5	115
7	37	5	315
7	38	5	200
7	39	5	200
7	40	5	260
7	41	5	270
7	42	5	220
7	43	5	140
7	44	5	250
7	45	5	205
7	46	5	250
7	47	5	50
7	48	5	315
7	49	5	95
8	1	3	345
8	2	4	185
8	3	3	240
8	4	5	200
8	5	4	140
8	6	4	240
8	7	4	65
8	8	3	140
8	9	4	235
8	10	4	320
8	11	3	190
8	12	3	85
8	13	4	170
8	14	4	425
8	15	2	220
8	16	3	305
8	17	3	170
8	18	4	180
8	19	3	195
8	20	4	285
8	21	3	235
8	22	2	30
8	23	4	130
8	24	4	55
8	25	3	215
8	26	5	250
8	27	5	285
8	28	5	205
8	29	5	210
8	30	5	105
8	31	5	130
8	32	5	210
8	33	5	220
8	34	5	205
8	35	5	150
8	36	5	65
8	37	5	210
8	38	5	280
8	39	5	270
8	40	5	285
8	41	5	25
8	42	5	150
8	43	5	150
8	44	5	175
8	45	5	325
8	46	5	205
8	47	5	200
8	48	5	270
8	49	5	250
8	50	5	180
9	1	3	320
9	2	3	310
9	3	3	260
9	4	3	155
9	5	2	160
9	6	3	205
9	7	3	240
9	8	3	280
9	9	2	140
9	10	3	120
9	11	3	200
9	12	3	200
9	13	4	245
9	14	4	230
9	15	2	60
9	16	4	145
9	17	3	210
9	18	5	250
9	19	3	310
9	20	4	285
9	21	4	210
9	22	4	325
9	23	3	180
9	24	2	295
9	25	2	225
9	26	5	230
9	27	5	275
9	28	5	100
9	29	5	225
9	30	5	225
9	31	5	40
9	32	5	225
9	33	5	255
9	34	5	205
9	35	5	80
9	36	5	225
9	37	5	150
9	38	5	125
9	39	5	250
9	41	5	210
9	42	5	80
9	43	5	185
9	44	5	100
9	45	5	230
9	46	5	200
9	47	5	190
9	48	5	215
9	49	5	265
9	50	5	170
10	1	4	110
10	2	3	225
10	3	3	185
10	4	4	205
10	5	2	305
10	6	3	160
10	7	3	150
10	8	4	125
10	9	2	220
10	10	3	110
10	11	4	170
10	12	4	295
10	13	2	135
10	14	3	220
10	15	4	205
10	16	4	225
10	17	4	165
10	18	3	160
10	19	4	250
10	20	3	185
10	21	4	190
10	22	4	255
10	23	3	65
10	24	3	40
10	25	3	220
10	26	5	205
10	27	5	140
10	28	5	170
10	29	5	315
10	30	5	255
10	31	5	205
10	32	5	285
10	33	5	235
10	34	5	320
10	35	5	125
10	36	5	15
10	37	5	135
10	38	5	195
10	39	5	180
10	40	5	285
10	41	5	355
10	42	5	225
10	43	5	120
10	44	5	235
10	45	5	110
10	46	5	210
10	47	5	325
10	48	5	130
10	49	5	220
10	50	5	145


Warehouse Fashion Inventory (W F T):
1	1970		1830		700		220		0	
2	0		2245		1460		0		0	
3	0		2365		1680		0		0	
4	2160		1610		1030		200		0	
5	2380		1610		390		0		0	
6	0		2395		1120		0		0	
7	0		1630		1240		0		0	
8	0		1570		700		170		0	
9	1915		1555		1020		255		0	
10	1865		1670		1165		0		0	
11	1750		1605		725		0		0	
12	0		2105		1195		250		0	
13	2140		1415		1140		0		0	
14	0		2205		1735		0		0	
15	1745		1080		925		195		0	
16	0		2090		1230		0		0	
17	0		1670		870		0		0	
18	0		1960		1685		250		0	
19	0		2420		740		0		0	
20	0		1965		1220		335		0	
21	0		2020		1590		160		0	
22	1950		1755		1160		0		0	
23	1985		1900		1320		0		0	
24	1635		930		855		0		0	
25	1945		1300		275		210		0	
26	0		0		0		2345		0	
27	0		0		0		2140		0	
28	0		0		0		2145		0	
29	0		0		0		2335		0	
30	0		0		0		1920		0	
31	0		0		0		1840		0	
32	0		0		0		1940		0	
33	0		0		0		2265		0	
34	0		0		0		2115		0	
35	0		0		0		1855		0	
36	0		0		0		1625		0	
37	0		0		0		1875		0	
38	0		0		0		2230		0	
39	0		0		0		1985		0	
40	0		0		0		2165		0	
41	0		0		0		1655		0	
42	0		0		0		1960		0	
43	0		0		0		1805		0	
44	0		0		0		2140		0	
45	0		0		0		2045		0	
46	0		0		0		2150		0	
47	0		0		0		1560		0	
48	0		0		0		2430		0	
49	0		0		0		2130		0	
50	0		0		0		1755		0	

Store Fashion Inventory (S F T):
Store1
1	140		140		140		140	
2	0		0		90		90	
3	0		0		290		290	
4	0		0		315		315	
5	305		305		305		305	
6	0		0		270		270	
7	0		0		275		275	
8	0		0		0		170	
9	0		0		95		95	
10	0		155		155		155	
11	0		200		200		200	
12	0		285		285		285	
13	0		275		275		275	
14	0		250		250		250	
15	220		220		220		220	
16	0		0		195		195	
17	0		210		210		210	
18	0		0		240		240	
19	0		210		210		210	
20	0		0		5		5	
21	0		0		155		155	
22	0		110		110		110	
23	0		0		265		265	
24	0		0		155		155	
25	0		275		275		275	
26	0		0		0		200	
27	0		0		0		250	
28	0		0		0		140	
29	0		0		0		220	
30	0		0		0		295	
31	0		0		0		230	
32	0		0		0		255	
33	0		0		0		225	
34	0		0		0		215	
35	0		0		0		235	
36	0		0		0		195	
37	0		0		0		25	
38	0		0		0		150	
39	0		0		0		180	
40	0		0		0		310	
41	0		0		0		190	
42	0		0		0		110	
43	0		0		0		260	
44	0		0		0		350	
45	0		0		0		275	
46	0		0		0		145	
47	0		0		0		145	
48	0		0		0		170	
49	0		0		0		345	
50	0		0		0		325	
Store2
1	0		255		255		255	
2	0		0		140		140	
3	0		0		230		230	
4	0		210		210		210	
5	0		140		140		140	
6	0		0		170		170	
7	0		0		115		115	
8	0		135		135		135	
9	0		0		115		115	
10	0		120		120		120	
11	0		0		135		135	
12	0		0		0		250	
13	350		350		350		350	
14	0		0		285		285	
15	0		155		155		155	
16	0		0		195		195	
17	0		210		210		210	
18	0		0		160		160	
19	0		0		330		330	
20	0		220		220		220	
21	0		195		195		195	
22	0		210		210		210	
23	0		195		195		195	
24	120		120		120		120	
25	0		245		245		245	
26	0		0		0		160	
27	0		0		0		195	
28	0		0		0		235	
29	0		0		0		235	
30	0		0		0		115	
31	0		0		0		145	
32	0		0		0		210	
33	0		0		0		140	
34	0		0		0		230	
35	0		0		0		65	
36	0		0		0		285	
37	0		0		0		170	
38	0		0		0		295	
39	0		0		0		230	
40	0		0		0		165	
41	0		0		0		65	
42	0		0		0		340	
43	0		0		0		205	
44	0		0		0		200	
45	0		0		0		130	
46	0		0		0		220	
47	0		0		0		75	
48	0		0		0		90	
49	0		0		0		110	
50	0		0		0		315	
Store3
1	0		0		0		220	
2	0		0		150		150	
3	0		0		245		245	
4	205		205		205		205	
5	0		0		250		250	
6	0		0		250		250	
7	0		0		135		135	
8	0		65		65		65	
9	0		0		140		140	
10	0		0		85		85	
11	0		145		145		145	
12	0		0		105		105	
13	0		0		205		205	
14	0		0		180		180	
15	165		165		165		165	
16	0		0		295		295	
17	0		0		10		10	
18	0		115		115		115	
19	0		275		275		275	
20	0		340		340		340	
21	0		0		105		105	
22	165		165		165		165	
23	0		0		255		255	
24	0		35		35		35	
25	0		0		65		65	
26	0		0		0		310	
27	0		0		0		115	
28	0		0		0		310	
29	0		0		0		120	
30	0		0		0		190	
31	0		0		0		170	
32	0		0		0		150	
33	0		0		0		270	
34	0		0		0		175	
35	0		0		0		265	
36	0		0		0		95	
37	0		0		0		230	
38	0		0		0		380	
39	0		0		0		270	
40	0		0		0		305	
41	0		0		0		140	
42	0		0		0		205	
43	0		0		0		70	
44	0		0		0		175	
45	0		0		0		210	
46	0		0		0		300	
47	0		0		0		185	
48	0		0		0		215	
49	0		0		0		230	
50	0		0		0		250	
Store4
1	0		0		85		85	
2	0		0		340		340	
3	0		0		230		230	
4	0		215		215		215	
5	0		300		300		300	
6	0		290		290		290	
7	0		0		265		265	
8	0		0		105		105	
9	0		0		180		180	
10	195		195		195		195	
11	0		0		160		160	
12	0		0		250		250	
13	0		0		200		200	
14	0		0		220		220	
15	0		0		200		200	
16	0		105		105		105	
17	0		0		150		150	
18	0		0		145		145	
19	0		270		270		270	
20	0		0		0		0	
21	0		0		0		160	
22	0		0		255		255	
23	85		85		85		85	
24	290		290		290		290	
25	0		0		0		210	
26	0		0		0		370	
27	0		0		0		220	
28	0		0		0		175	
29	0		0		0		225	
30	0		0		0		215	
31	0		0		0		240	
32	0		0		0		210	
33	0		0		0		130	
34	0		0		0		230	
35	0		0		0		250	
36	0		0		0		170	
37	0		0		0		190	
38	0		0		0		165	
39	0		0		0		105	
40	0		0		0		165	
41	0		0		0		155	
42	0		0		0		245	
43	0		0		0		325	
44	0		0		0		135	
45	0		0		0		185	
46	0		0		0		125	
47	0		0		0		140	
48	0		0		0		360	
49	0		0		0		110	
50	0		0		0		130	
Store5
1	0		0		175		175	
2	0		0		180		180	
3	0		0		230		230	
4	185		185		185		185	
5	0		230		230		230	
6	0		340		340		340	
7	0		0		15		15	
8	0		250		250		250	
9	0		0		0		255	
10	0		0		280		280	
11	0		0		260		260	
12	0		340		340		340	
13	240		240		240		240	
14	0		0		95		95	
15	0		0		0		195	
16	0		0		175		175	
17	0		0		175		175	
18	0		0		290		290	
19	0		335		335		335	
20	0		0		0		335	
21	0		0		300		300	
22	0		100		100		100	
23	0		0		325		325	
24	0		0		335		335	
25	175		175		175		175	
26	0		0		0		285	
27	0		0		0		125	
28	0		0		0		320	
29	0		0		0		200	
30	0		0		0		95	
31	0		0		0		210	
32	0		0		0		85	
33	0		0		0		335	
34	0		0		0		105	
35	0		0		0		175	
36	0		0		0		240	
37	0		0		0		310	
38	0		0		0		235	
39	0		0		0		150	
40	0		0		0		200	
41	0		0		0		105	
42	0		0		0		245	
43	0		0		0		255	
44	0		0		0		335	
45	0		0		0		145	
46	0		0		0		270	
47	0		0		0		100	
48	0		0		0		410	
49	0		0		0		240	
50	0		0		0		95	
Store6
1	0		0		110		110	
2	0		250		250		250	
3	0		0		225		225	
4	160		160		160		160	
5	0		160		160		160	
6	0		0		190		190	
7	0		0		110		110	
8	0		0		300		300	
9	0		345		345		345	
10	0		0		300		300	
11	145		145		145		145	
12	0		0		105		105	
13	0		0		220		220	
14	0		0		255		255	
15	0		0		100		100	
16	0		210		210		210	
17	0		0		65		65	
18	0		0		195		195	
19	0		0		160		160	
20	0		0		225		225	
21	0		0		180		180	
22	0		0		325		325	
23	0		0		345		345	
24	0		0		220		220	
25	245		245		245		245	
26	0		0		0		135	
27	0		0		0		235	
28	0		0		0		240	
29	0		0		0		240	
30	0		0		0		210	
31	0		0		0		280	
32	0		0		0		180	
33	0		0		0		245	
34	0		0		0		285	
35	0		0		0		270	
36	0		0		0		220	
37	0		0		0		140	
38	0		0		0		205	
39	0		0		0		150	
40	0		0		0		190	
41	0		0		0		140	
42	0		0		0		140	
43	0		0		0		95	
44	0		0		0		185	
45	0		0		0		230	
46	0		0		0		225	
47	0		0		0		150	
48	0		0		0		255	
49	0		0		0		265	
50	0		0		0		145	
Store7
1	0		210		210		210	
2	0		0		375		375	
3	0		0		230		230	
4	0		0		310		310	
5	0		390		390		390	
6	0		280		280		280	
7	0		0		260		260	
8	0		0		0		0	
9	0		190		190		190	
10	0		0		180		180	
11	0		145		145		145	
12	0		0		190		190	
13	0		0		100		100	
14	0		0		45		45	
15	0		0		225		225	
16	0		240		240		240	
17	0		0		305		305	
18	0		0		225		225	
19	0		85		85		85	
20	0		0		85		85	
21	0		0		290		290	
22	0		175		175		175	
23	0		140		140		140	
24	0		0		90		90	
25	0		70		70		70	
26	0		0		0		200	
27	0		0		0		300	
28	0		0		0		250	
29	0		0		0		345	
30	0		0		0		215	
31	0		0		0		190	
32	0		0		0		130	
33	0		0		0		210	
34	0		0		0		145	
35	0		0		0		240	
36	0		0		0		115	
37	0		0		0		315	
38	0		0		0		200	
39	0		0		0		200	
40	0		0		0		260	
41	0		0		0		270	
42	0		0		0		220	
43	0		0		0		140	
44	0		0		0		250	
45	0		0		0		205	
46	0		0		0		250	
47	0		0		0		50	
48	0		0		0		315	
49	0		0		0		95	
50	0		0		0		0	
Store8
1	0		345		345		345	
2	0		0		185		185	
3	0		240		240		240	
4	0		0		0		200	
5	0		0		140		140	
6	0		0		240		240	
7	0		0		65		65	
8	0		140		140		140	
9	0		0		235		235	
10	0		0		320		320	
11	0		190		190		190	
12	0		85		85		85	
13	0		0		170		170	
14	0		0		425		425	
15	220		220		220		220	
16	0		305		305		305	
17	0		170		170		170	
18	0		0		180		180	
19	0		195		195		195	
20	0		0		285		285	
21	0		235		235		235	
22	30		30		30		30	
23	0		0		130		130	
24	0		0		55		55	
25	0		215		215		215	
26	0		0		0		250	
27	0		0		0		285	
28	0		0		0		205	
29	0		0		0		210	
30	0		0		0		105	
31	0		0		0		130	
32	0		0		0		210	
33	0		0		0		220	
34	0		0		0		205	
35	0		0		0		150	
36	0		0		0		65	
37	0		0		0		210	
38	0		0		0		280	
39	0		0		0		270	
40	0		0		0		285	
41	0		0		0		25	
42	0		0		0		150	
43	0		0		0		150	
44	0		0		0		175	
45	0		0		0		325	
46	0		0		0		205	
47	0		0		0		200	
48	0		0		0		270	
49	0		0		0		250	
50	0		0		0		180	
Store9
1	0		320		320		320	
2	0		310		310		310	
3	0		260		260		260	
4	0		155		155		155	
5	160		160		160		160	
6	0		205		205		205	
7	0		240		240		240	
8	0		280		280		280	
9	140		140		140		140	
10	0		120		120		120	
11	0		200		200		200	
12	0		200		200		200	
13	0		0		245		245	
14	0		0		230		230	
15	60		60		60		60	
16	0		0		145		145	
17	0		210		210		210	
18	0		0		0		250	
19	0		310		310		310	
20	0		0		285		285	
21	0		0		210		210	
22	0		0		325		325	
23	0		180		180		180	
24	295		295		295		295	
25	225		225		225		225	
26	0		0		0		230	
27	0		0		0		275	
28	0		0		0		100	
29	0		0		0		225	
30	0		0		0		225	
31	0		0		0		40	
32	0		0		0		225	
33	0		0		0		255	
34	0		0		0		205	
35	0		0		0		80	
36	0		0		0		225	
37	0		0		0		150	
38	0		0		0		125	
39	0		0		0		250	
40	0		0		0		0	
41	0		0		0		210	
42	0		0		0		80	
43	0		0		0		185	
44	0		0		0		100	
45	0		0		0		230	
46	0		0		0		200	
47	0		0		0		190	
48	0		0		0		215	
49	0		0		0		265	
50	0		0		0		170	
Store10
1	0		0		110		110	
2	0		225		225		225	
3	0		185		185		185	
4	0		0		205		205	
5	305		305		305		305	
6	0		160		160		160	
7	0		150		150		150	
8	0		0		125		125	
9	220		220		220		220	
10	0		110		110		110	
11	0		0		170		170	
12	0		0		295		295	
13	135		135		135		135	
14	0		220		220		220	
15	0		0		205		205	
16	0		0		225		225	
17	0		0		165		165	
18	0		160		160		160	
19	0		0		250		250	
20	0		185		185		185	
21	0		0		190		190	
22	0		0		255		255	
23	0		65		65		65	
24	0		40		40		40	
25	0		220		220		220	
26	0		0		0		205	
27	0		0		0		140	
28	0		0		0		170	
29	0		0		0		315	
30	0		0		0		255	
31	0		0		0		205	
32	0		0		0		285	
33	0		0		0		235	
34	0		0		0		320	
35	0		0		0		125	
36	0		0		0		15	
37	0		0		0		135	
38	0		0		0		195	
39	0		0		0		180	
40	0		0		0		285	
41	0		0		0		355	
42	0		0		0		225	
43	0		0		0		120	
44	0		0		0		235	
45	0		0		0		110	
46	0		0		0		210	
47	0		0		0		325	
48	0		0		0		130	
49	0		0		0		220	
50	0		0		0		145	


Fashion Shipments from Vendor to Warehouse (V T):
0.8981666	0.8937299	0	0	
0	0	0	1.67243	

Printing New Basic Solution:

Inbound Solution (V P T):
1	1	1	824
1	1	5	1237
1	2	1	185
1	2	5	1672
1	3	1	1871
1	3	5	208
1	4	1	1540
1	4	5	385
1	5	1	1552
1	5	5	389
1	6	1	1604
1	6	5	401
1	7	5	2054
1	8	1	1632
1	8	5	409
1	9	1	600
1	9	5	1403
1	10	1	402
1	10	5	1609
1	11	1	373
1	11	5	1495
1	12	1	1374
1	12	5	590
1	13	5	2001
1	14	1	185
1	14	5	1670
1	15	1	209
1	15	5	1885
1	16	1	804
1	16	5	1206
2	17	3	1016
2	17	5	1017
2	18	3	1201
2	18	5	802
2	19	3	1020
2	19	5	1021
2	20	3	409
2	20	5	1637
2	21	3	1053
2	21	5	1054
2	22	3	1537
2	22	5	171
2	23	3	821
2	23	5	1232
2	24	3	1536
2	24	5	384
2	25	3	793
2	25	5	1190
2	26	3	1294
2	26	5	555
2	27	3	1642
2	27	5	183
2	28	3	1179
2	28	5	786
2	29	3	1681
2	29	5	421
2	30	3	1543
2	30	5	386
2	31	3	782
2	31	5	1173
2	32	3	819
2	32	5	1230
3	33	2	1264
3	33	3	843
3	34	2	944
3	34	3	1417
3	35	2	211
3	35	3	1908
3	36	2	610
3	36	3	1424
3	37	2	1779
3	38	2	1146
3	38	3	764
3	39	2	417
3	39	3	1671
3	40	2	945
3	40	3	945
3	41	2	1341
3	41	3	576
3	42	2	808
3	42	3	1213
3	43	2	2272
3	44	2	636
3	44	3	1487
3	45	2	1824
3	45	3	203
3	46	2	639
3	46	3	1492
3	47	2	903
3	47	3	904
3	48	2	1387
3	48	3	595
3	49	2	1900
3	50	2	194
3	50	3	1753


Outbound Solution(S P T):
1	1	2	69
1	1	3	29
1	1	4	116
1	2	2	35
1	2	4	133
1	3	2	51
1	3	3	33
1	3	4	140
1	4	2	45
1	4	3	51
1	4	4	102
1	5	2	80
1	5	3	6
1	5	4	87
1	6	2	60
1	6	3	44
1	6	4	91
1	7	2	23
1	7	3	48
1	7	4	109
1	8	2	71
1	8	3	39
1	8	4	128
1	9	2	50
1	9	3	44
1	9	4	107
1	10	2	43
1	10	3	67
1	10	4	110
1	11	2	60
1	11	3	50
1	11	4	117
1	12	2	26
1	12	3	32
1	12	4	146
1	13	2	54
1	13	3	57
1	13	4	103
1	14	2	15
1	14	4	134
1	15	2	47
1	15	3	30
1	15	4	107
1	16	2	45
1	16	3	68
1	16	4	124
1	17	2	28
1	17	3	40
1	17	4	110
1	18	2	38
1	18	3	27
1	18	4	92
1	19	2	42
1	19	3	10
1	19	4	168
1	20	2	85
1	20	3	55
1	20	4	161
1	21	2	27
1	21	3	33
1	21	4	160
1	22	2	38
1	22	3	60
1	22	4	43
1	23	2	34
1	23	3	52
1	23	4	126
1	24	2	33
1	24	3	24
1	24	4	123
1	25	3	42
1	25	4	159
1	26	2	42
1	26	3	33
1	26	4	143
1	27	2	38
1	27	3	44
1	27	4	156
1	28	2	49
1	28	3	41
1	28	4	120
1	29	2	29
1	29	3	65
1	29	4	179
1	30	2	19
1	30	3	33
1	30	4	121
1	31	2	39
1	31	3	11
1	31	4	137
1	32	2	39
1	32	3	30
1	32	4	105
1	33	2	22
1	33	3	34
1	33	4	174
1	34	2	31
1	34	3	44
1	34	4	132
1	35	2	24
1	35	3	5
1	35	4	130
1	36	2	42
1	36	3	52
1	36	4	103
1	37	2	52
1	37	3	43
1	37	4	92
1	38	2	33
1	38	3	36
1	38	4	128
1	39	2	34
1	39	3	45
1	39	4	136
1	40	2	62
1	40	3	29
1	40	4	122
1	41	2	25
1	41	3	52
1	41	4	102
1	42	2	53
1	42	3	39
1	42	4	102
1	43	2	66
1	43	3	49
1	43	4	128
1	44	2	27
1	44	3	46
1	44	4	150
1	45	2	47
1	45	3	25
1	45	4	149
1	46	2	56
1	46	3	37
1	46	4	164
1	47	2	58
1	47	3	44
1	47	4	78
1	48	2	27
1	48	3	10
1	48	4	151
1	49	2	51
1	49	3	30
1	49	4	177
1	50	2	32
1	50	3	37
1	50	4	57
2	1	2	31
2	1	3	49
2	1	4	93
2	1	5	38
2	2	2	57
2	2	3	50
2	2	4	95
2	2	5	47
2	3	2	15
2	3	3	46
2	3	4	80
2	3	5	45
2	4	2	35
2	4	3	42
2	4	4	37
2	4	5	72
2	5	2	42
2	5	3	59
2	5	4	73
2	5	5	60
2	6	2	40
2	6	3	59
2	6	4	88
2	6	5	38
2	7	2	46
2	7	3	64
2	7	4	74
2	7	5	31
2	8	2	18
2	8	3	50
2	8	4	59
2	8	5	32
2	9	2	43
2	9	3	25
2	9	4	85
2	9	5	51
2	10	2	33
2	10	3	6
2	10	4	100
2	10	5	19
2	11	2	81
2	11	3	22
2	11	4	91
2	11	5	29
2	12	2	13
2	12	3	37
2	12	4	110
2	12	5	22
2	13	2	61
2	13	3	48
2	13	4	70
2	13	5	11
2	14	2	68
2	14	3	18
2	14	4	71
2	14	5	75
2	15	2	21
2	15	3	37
2	15	4	101
2	15	5	46
2	16	2	30
2	16	3	59
2	16	4	43
2	16	5	45
2	17	2	40
2	17	3	58
2	17	4	46
2	17	5	50
2	18	2	39
2	18	3	64
2	18	4	131
2	18	5	56
2	19	2	26
2	19	3	63
2	19	4	110
2	19	5	41
2	20	2	33
2	20	3	27
2	20	4	91
2	20	5	35
2	21	2	33
2	21	3	40
2	21	4	103
2	21	5	17
2	22	2	41
2	22	3	22
2	22	4	96
2	22	5	45
2	23	2	25
2	23	3	68
2	23	4	76
2	23	5	18
2	24	2	24
2	24	3	46
2	24	4	86
2	24	5	46
2	25	2	45
2	25	3	38
2	25	4	122
2	25	5	38
2	26	2	12
2	26	3	57
2	26	4	76
2	26	5	13
2	27	2	31
2	27	3	28
2	27	4	106
2	27	5	19
2	28	2	16
2	28	3	9
2	28	4	97
2	28	5	60
2	29	2	65
2	29	3	16
2	29	4	134
2	29	5	12
2	30	2	35
2	30	3	43
2	30	4	112
2	30	5	18
2	31	2	31
2	31	3	52
2	31	4	42
2	31	5	39
2	32	2	15
2	32	3	39
2	32	4	50
2	32	5	46
2	33	2	48
2	33	3	7
2	33	4	86
2	33	5	29
2	34	2	53
2	34	3	27
2	34	4	97
2	34	5	33
2	35	2	55
2	35	3	52
2	35	4	62
2	35	5	73
2	36	2	40
2	36	3	24
2	36	4	104
2	36	5	35
2	37	2	45
2	37	3	63
2	37	4	101
2	37	5	15
2	38	2	41
2	38	3	63
2	38	4	61
2	38	5	13
2	39	2	33
2	39	3	5
2	39	4	97
2	39	5	53
2	40	2	36
2	40	3	48
2	40	4	35
2	40	5	67
2	41	2	34
2	41	3	43
2	41	4	45
2	41	5	48
2	42	2	28
2	42	3	37
2	42	4	83
2	42	5	34
2	43	2	44
2	43	3	73
2	43	4	69
2	43	5	39
2	44	2	41
2	44	3	25
2	44	4	97
2	44	5	55
2	45	2	50
2	45	3	64
2	45	4	47
2	45	5	36
2	46	2	63
2	46	3	8
2	46	4	101
2	46	5	50
2	47	2	68
2	47	3	64
2	47	4	65
2	47	5	36
2	48	2	41
2	48	3	42
2	48	4	120
2	48	5	14
2	49	2	29
2	49	3	10
2	49	4	69
2	49	5	53
2	50	2	25
2	50	3	44
2	50	4	75
2	50	5	43
3	1	2	54
3	1	3	57
3	1	4	44
3	1	5	45
3	2	2	38
3	2	3	23
3	2	4	32
3	2	5	57
3	3	2	10
3	3	3	101
3	3	4	56
3	3	5	38
3	4	2	32
3	4	3	63
3	4	4	23
3	4	5	39
3	5	2	35
3	5	3	77
3	5	4	40
3	5	5	62
3	6	2	34
3	6	3	37
3	6	4	31
3	6	5	41
3	7	2	43
3	7	3	61
3	7	4	36
3	7	5	46
3	8	2	69
3	8	3	96
3	8	4	60
3	8	5	14
3	9	2	48
3	9	3	119
3	9	4	61
3	9	5	45
3	10	2	59
3	10	3	84
3	10	4	43
3	10	5	67
3	11	2	50
3	11	3	60
3	11	4	43
3	11	5	35
3	12	2	61
3	12	3	111
3	12	4	37
3	12	5	34
3	13	2	55
3	13	3	47
3	13	4	34
3	13	5	38
3	14	2	26
3	14	3	68
3	14	4	38
3	14	5	44
3	15	2	45
3	15	3	85
3	15	4	37
3	15	5	60
3	16	2	1
3	16	3	116
3	16	4	66
3	16	5	9
3	17	2	41
3	17	3	97
3	17	4	16
3	17	5	56
3	18	2	32
3	18	3	63
3	18	4	47
3	18	5	19
3	19	2	32
3	19	3	69
3	19	4	52
3	19	5	31
3	20	2	46
3	20	3	77
3	20	4	32
3	20	5	75
3	21	2	76
3	21	3	87
3	21	4	32
3	21	5	66
3	22	2	29
3	22	3	91
3	22	4	19
3	22	5	44
3	23	2	73
3	23	3	43
3	23	4	66
3	23	5	52
3	24	2	42
3	24	3	37
3	24	4	26
3	24	5	74
3	25	2	31
3	25	3	94
3	25	4	29
3	25	5	39
3	26	2	53
3	26	3	50
3	26	4	51
3	26	5	28
3	27	2	31
3	27	3	33
3	27	4	26
3	27	5	27
3	28	2	34
3	28	3	35
3	28	4	25
3	28	5	49
3	29	2	38
3	29	3	76
3	29	4	40
3	29	5	17
3	30	2	60
3	30	3	67
3	30	4	36
3	30	5	31
3	31	2	23
3	31	3	64
3	31	4	26
3	31	5	37
3	32	2	47
3	32	3	94
3	32	4	53
3	32	5	44
3	33	2	23
3	33	3	94
3	33	4	36
3	33	5	40
3	34	2	48
3	34	3	78
3	34	4	58
3	34	5	41
3	35	2	21
3	35	3	57
3	35	4	48
3	35	5	30
3	36	2	59
3	36	3	93
3	36	4	72
3	36	5	18
3	37	2	33
3	37	3	65
3	37	4	45
3	37	5	43
3	38	2	37
3	38	3	84
3	38	4	14
3	38	5	59
3	39	2	37
3	39	3	82
3	39	4	51
3	39	5	34
3	40	2	58
3	40	3	99
3	40	4	16
3	40	5	51
3	41	2	19
3	41	3	52
3	41	4	57
3	41	5	40
3	42	2	37
3	42	3	36
3	42	4	46
3	42	5	16
3	43	2	18
3	43	3	81
3	43	4	39
3	43	5	41
3	44	2	37
3	44	3	80
3	44	4	39
3	44	5	55
3	45	2	46
3	45	3	60
3	45	4	63
3	45	5	39
3	46	2	59
3	46	3	62
3	46	4	27
3	46	5	85
3	47	2	50
3	47	3	33
3	47	4	42
3	47	5	30
3	48	2	36
3	48	3	51
3	48	4	54
3	48	5	46
3	49	2	40
3	49	3	53
3	49	4	54
3	49	5	1
3	50	2	53
3	50	3	63
3	50	4	57
3	50	5	29
4	1	2	42
4	1	3	45
4	1	4	43
4	1	5	44
4	2	2	32
4	2	3	23
4	2	4	91
4	2	5	53
4	3	2	25
4	3	3	48
4	3	4	85
4	3	5	77
4	4	2	47
4	4	3	33
4	4	4	98
4	4	5	37
4	5	2	35
4	5	3	44
4	5	4	73
4	5	5	32
4	6	2	18
4	6	3	23
4	6	4	85
4	6	5	43
4	7	2	28
4	7	3	50
4	7	4	50
4	7	5	68
4	8	2	58
4	8	3	61
4	8	4	89
4	8	5	57
4	9	2	18
4	9	3	38
4	9	4	71
4	9	5	47
4	10	2	69
4	10	3	31
4	10	4	80
4	10	5	26
4	11	2	34
4	11	3	26
4	11	4	94
4	11	5	28
4	12	2	51
4	12	3	39
4	12	4	60
4	12	5	60
4	13	2	36
4	13	3	60
4	13	4	69
4	13	5	46
4	14	2	6
4	14	3	12
4	14	4	90
4	14	5	53
4	15	2	45
4	15	3	59
4	15	4	81
4	15	5	10
4	16	2	46
4	16	3	27
4	16	4	88
4	16	5	49
4	17	2	37
4	17	3	71
4	17	4	77
4	17	5	64
4	18	2	57
4	18	3	49
4	18	4	69
4	18	5	25
4	19	2	52
4	19	3	60
4	19	4	62
4	19	5	30
4	20	2	31
4	20	3	49
4	20	4	35
4	20	5	80
4	21	2	60
4	21	3	54
4	21	4	65
4	21	5	41
4	22	2	18
4	22	4	99
4	22	5	35
4	23	2	62
4	23	3	43
4	23	4	56
4	23	5	23
4	24	2	14
4	24	3	24
4	24	4	99
4	24	5	24
4	25	2	17
4	25	3	31
4	25	4	85
4	25	5	81
4	26	2	34
4	26	3	43
4	26	4	88
4	26	5	6
4	27	2	58
4	27	3	57
4	27	4	75
4	27	5	27
4	28	2	49
4	28	3	63
4	28	4	61
4	28	5	42
4	29	2	27
4	29	3	47
4	29	4	87
4	29	5	54
4	30	2	57
4	30	3	50
4	30	4	106
4	30	5	41
4	31	2	31
4	31	3	21
4	31	4	99
4	31	5	36
4	32	2	50
4	32	3	29
4	32	4	96
4	32	5	31
4	33	2	21
4	33	3	69
4	33	4	105
4	33	5	67
4	34	2	49
4	34	3	32
4	34	4	118
4	34	5	44
4	35	2	53
4	35	3	21
4	35	4	82
4	35	5	59
4	36	2	37
4	36	3	5
4	36	4	86
4	36	5	48
4	37	2	44
4	37	3	52
4	37	4	74
4	38	2	48
4	38	3	71
4	38	4	40
4	38	5	26
4	39	2	65
4	39	3	59
4	39	4	114
4	39	5	52
4	40	2	27
4	40	3	49
4	40	4	67
4	40	5	41
4	41	2	76
4	41	3	29
4	41	4	55
4	41	5	9
4	42	2	56
4	42	3	40
4	42	4	90
4	42	5	13
4	43	2	52
4	43	3	28
4	43	4	63
4	43	5	51
4	44	2	68
4	44	3	11
4	44	4	64
4	44	5	29
4	45	2	42
4	45	3	38
4	45	4	99
4	45	5	41
4	46	2	19
4	46	3	52
4	46	4	67
4	46	5	29
4	47	2	46
4	47	3	50
4	47	4	47
4	47	5	25
4	48	2	47
4	48	3	20
4	48	4	62
4	48	5	28
4	49	2	21
4	49	3	57
4	49	4	50
4	49	5	29
4	50	2	28
4	50	3	46
4	50	4	100
4	50	5	65
5	1	2	69
5	1	3	47
5	1	4	70
5	1	5	45
5	2	2	63
5	2	3	42
5	2	4	79
5	2	5	4
5	3	2	105
5	3	3	37
5	3	4	35
5	3	5	17
5	4	2	70
5	4	3	34
5	4	4	53
5	4	5	55
5	5	2	93
5	5	3	19
5	5	4	41
5	5	5	61
5	6	2	105
5	6	3	14
5	6	4	45
5	6	5	56
5	7	2	44
5	7	3	56
5	7	4	41
5	7	5	48
5	8	2	107
5	8	3	41
5	8	4	35
5	8	5	23
5	9	2	57
5	9	3	56
5	9	4	31
5	9	5	18
5	10	2	101
5	10	3	65
5	10	4	16
5	10	5	39
5	11	2	75
5	11	3	34
5	11	4	32
5	11	5	46
5	12	2	75
5	12	3	16
5	12	4	37
5	12	5	55
5	13	2	88
5	13	3	51
5	13	4	48
5	13	5	50
5	14	2	70
5	14	3	21
5	14	4	26
5	14	5	49
5	15	2	61
5	15	3	46
5	15	4	49
5	15	5	22
5	16	2	83
5	16	3	42
5	16	4	32
5	16	5	58
5	17	2	81
5	17	3	18
5	17	4	50
5	17	5	51
5	18	2	66
5	18	3	16
5	18	4	17
5	18	5	50
5	19	2	82
5	19	3	28
5	19	4	14
5	19	5	47
5	20	2	92
5	20	3	43
5	20	4	52
5	20	5	52
5	21	2	79
5	21	3	68
5	21	4	49
5	21	5	40
5	22	2	80
5	22	3	56
5	22	4	29
5	22	5	3
5	23	2	128
5	23	3	59
5	23	4	65
5	23	5	1
5	24	2	106
5	24	3	26
5	24	4	52
5	24	5	50
5	25	2	80
5	25	3	57
5	25	4	49
5	25	5	39
5	26	2	56
5	26	3	59
5	26	4	33
5	26	5	51
5	27	2	60
5	27	3	24
5	27	4	48
5	27	5	38
5	28	2	52
5	28	3	32
5	28	4	50
5	28	5	41
5	29	2	97
5	29	3	13
5	29	4	28
5	29	5	73
5	30	2	34
5	30	3	53
5	30	4	32
5	30	5	37
5	31	2	103
5	31	3	19
5	31	4	16
5	31	5	21
5	32	2	92
5	32	3	57
5	32	4	49
5	32	5	29
5	33	2	61
5	33	3	61
5	33	4	47
5	33	5	50
5	34	2	88
5	34	3	24
5	34	4	43
5	34	5	47
5	35	2	71
5	35	3	36
5	35	4	27
5	35	5	59
5	36	2	72
5	36	3	51
5	36	4	38
5	36	5	20
5	37	2	55
5	37	3	34
5	37	4	41
5	37	5	20
5	38	2	42
5	38	3	26
5	38	4	33
5	38	5	61
5	39	2	96
5	39	3	17
5	39	4	60
5	39	5	38
5	40	2	83
5	40	3	43
5	40	4	18
5	40	5	48
5	41	2	56
5	41	3	23
5	41	4	42
5	41	5	61
5	42	2	109
5	42	3	50
5	42	4	56
5	42	5	49
5	43	2	140
5	43	3	40
5	43	4	54
5	43	5	68
5	44	2	92
5	44	3	68
5	44	4	18
5	44	5	61
5	45	2	68
5	45	3	47
5	45	4	79
5	45	5	48
5	46	2	46
5	46	3	44
5	46	4	54
5	46	5	60
5	47	2	102
5	47	3	58
5	47	4	19
5	47	5	21
5	48	2	121
5	48	3	30
5	48	4	33
5	48	5	53
5	49	2	69
5	49	3	56
5	49	4	28
5	49	5	47
5	50	2	56
5	50	3	46
5	50	4	53
5	50	5	52
6	1	2	26
6	1	3	65
6	1	4	85
6	1	5	61
6	2	2	34
6	2	3	43
6	2	4	69
6	2	5	15
6	3	2	30
6	3	3	65
6	3	4	99
6	3	5	15
6	4	2	41
6	4	3	41
6	4	4	58
6	4	5	48
6	5	2	50
6	5	3	7
6	5	4	97
6	5	5	24
6	6	2	30
6	6	3	42
6	6	4	103
6	6	5	43
6	7	2	53
6	7	3	21
6	7	4	99
6	7	5	48
6	8	2	42
6	8	3	39
6	8	4	46
6	8	5	69
6	9	2	39
6	9	3	30
6	9	4	107
6	9	5	37
6	10	2	31
6	10	3	26
6	10	4	85
6	10	5	37
6	11	2	8
6	11	3	33
6	11	4	90
6	11	5	30
6	12	2	21
6	12	3	39
6	12	4	51
6	12	5	47
6	13	2	26
6	13	3	80
6	13	4	52
6	13	5	17
6	14	2	30
6	14	3	28
6	14	4	100
6	14	5	15
6	15	2	54
6	15	3	56
6	15	4	95
6	15	5	33
6	16	2	31
6	16	3	66
6	16	4	76
6	16	5	67
6	17	2	31
6	17	3	75
6	17	4	100
6	17	5	60
6	18	2	27
6	18	3	51
6	18	4	70
6	18	5	43
6	19	2	25
6	19	3	39
6	19	4	90
6	19	5	62
6	20	2	18
6	20	3	29
6	20	4	79
6	20	5	39
6	21	2	52
6	21	3	55
6	21	4	66
6	21	5	52
6	22	2	30
6	22	3	23
6	22	4	47
6	22	5	33
6	23	2	26
6	23	3	34
6	23	4	82
6	23	5	39
6	24	2	33
6	24	3	47
6	24	4	59
6	24	5	40
6	25	2	20
6	25	3	19
6	25	4	55
6	25	5	55
6	26	2	44
6	26	3	34
6	26	4	75
6	27	2	35
6	27	3	27
6	27	4	63
6	27	5	27
6	28	2	60
6	28	3	57
6	28	4	88
6	28	5	19
6	29	2	51
6	29	3	17
6	29	4	123
6	29	5	39
6	30	2	29
6	30	3	41
6	30	4	84
6	30	5	37
6	31	2	47
6	31	3	34
6	31	4	67
6	31	5	85
6	32	2	39
6	32	3	51
6	32	4	97
6	32	5	88
6	33	2	45
6	33	3	66
6	33	4	84
6	33	5	17
6	34	2	52
6	34	3	45
6	34	4	118
6	34	5	39
6	35	2	49
6	35	3	51
6	35	4	107
6	35	5	66
6	36	2	21
6	36	3	59
6	36	4	87
6	36	5	18
6	37	2	63
6	37	3	24
6	37	4	83
6	37	5	25
6	38	3	30
6	38	4	98
6	38	5	33
6	39	2	31
6	39	3	52
6	39	4	65
6	39	5	44
6	40	2	42
6	40	3	20
6	40	4	43
6	40	5	46
6	41	2	42
6	41	3	37
6	41	4	79
6	41	5	41
6	42	2	38
6	42	3	33
6	42	4	113
6	42	5	53
6	43	2	55
6	43	3	35
6	43	4	125
6	43	5	28
6	44	2	53
6	44	3	62
6	44	4	72
6	44	5	56
6	45	2	40
6	45	3	30
6	45	4	64
6	45	5	43
6	46	2	34
6	46	3	59
6	46	4	105
6	46	5	19
6	47	2	64
6	47	3	24
6	47	4	69
6	47	5	19
6	48	2	17
6	48	3	45
6	48	4	96
6	48	5	40
6	49	2	63
6	49	3	36
6	49	4	69
6	49	5	54
6	50	2	35
6	50	3	46
6	50	4	86
6	50	5	32
7	1	3	132
7	1	4	36
7	2	3	80
7	2	4	42
7	3	3	133
7	3	4	35
7	4	3	152
7	4	4	43
7	5	3	119
7	5	4	3
7	6	3	147
7	6	4	13
7	7	3	185
7	7	4	53
7	8	3	130
7	8	4	70
7	9	3	171
7	9	4	17
7	10	3	155
7	10	4	32
7	11	3	140
7	11	4	43
7	12	3	175
7	12	4	32
7	13	3	163
7	13	4	17
7	14	3	139
7	14	4	58
7	15	3	183
7	15	4	39
7	16	3	171
7	16	4	40
7	17	3	126
7	17	4	23
7	18	3	155
7	18	4	1
7	19	3	132
7	19	4	74
7	20	3	161
7	20	4	33
7	21	3	146
7	21	4	39
7	22	3	157
7	22	4	25
7	23	3	145
7	23	4	44
7	24	3	158
7	25	3	192
7	25	4	50
7	26	3	145
7	26	4	43
7	27	3	148
7	27	4	7
7	28	3	151
7	28	4	45
7	29	3	168
7	29	4	41
7	30	3	172
7	30	4	62
7	31	3	189
7	31	4	35
7	32	3	176
7	32	4	42
7	33	3	185
7	33	4	29
7	34	3	237
7	34	4	62
7	35	3	227
7	35	4	45
7	36	3	140
7	36	4	74
7	37	3	204
7	38	3	143
7	38	4	45
7	39	3	121
7	39	4	68
7	40	3	173
7	40	4	43
7	41	3	197
7	41	4	70
7	42	3	198
7	42	4	15
7	43	3	186
7	43	4	74
7	44	3	187
7	44	4	32
7	45	3	154
7	45	4	21
7	46	3	144
7	46	4	56
7	47	3	141
7	47	4	23
7	48	3	204
7	48	4	33
7	49	3	182
7	49	4	27
7	50	3	184
7	50	4	20
8	1	2	92
8	1	3	35
8	1	4	44
8	1	5	17
8	2	2	58
8	2	3	67
8	2	4	40
8	2	5	11
8	3	2	91
8	3	3	61
8	3	4	50
8	3	5	36
8	4	2	95
8	4	3	42
8	4	4	28
8	4	5	1
8	5	2	104
8	5	3	36
8	5	4	44
8	5	5	46
8	6	2	99
8	6	3	68
8	6	5	33
8	7	2	75
8	7	3	53
8	7	4	26
8	7	5	33
8	8	2	57
8	8	3	35
8	8	4	49
8	8	5	25
8	9	2	80
8	9	3	37
8	9	4	67
8	9	5	14
8	10	2	57
8	10	3	48
8	10	4	39
8	10	5	74
8	11	2	126
8	11	3	21
8	11	4	24
8	11	5	54
8	12	2	57
8	12	3	38
8	12	4	31
8	12	5	47
8	13	2	97
8	13	3	34
8	13	4	34
8	13	5	57
8	14	2	61
8	14	3	72
8	14	4	38
8	14	5	57
8	15	2	114
8	15	3	73
8	15	5	45
8	16	2	47
8	16	3	31
8	16	4	12
8	16	5	1
8	17	2	76
8	17	3	48
8	17	4	44
8	17	5	56
8	18	2	85
8	18	3	67
8	18	4	48
8	18	5	69
8	19	2	78
8	19	3	40
8	19	4	19
8	19	5	35
8	20	2	64
8	20	3	20
8	20	4	31
8	20	5	63
8	21	2	88
8	21	3	20
8	21	4	44
8	21	5	61
8	22	2	94
8	22	3	34
8	22	4	41
8	22	5	26
8	23	2	117
8	23	3	48
8	23	4	53
8	23	5	19
8	24	2	58
8	24	3	46
8	24	4	35
8	24	5	33
8	25	2	43
8	25	3	48
8	25	4	78
8	25	5	9
8	26	2	81
8	26	3	37
8	26	4	50
8	26	5	66
8	27	2	65
8	27	3	35
8	27	4	52
8	27	5	38
8	28	2	64
8	28	3	55
8	28	4	37
8	28	5	59
8	29	2	78
8	29	3	34
8	29	4	40
8	29	5	25
8	30	2	71
8	30	3	21
8	30	4	53
8	30	5	74
8	31	2	76
8	31	3	53
8	31	4	37
8	31	5	28
8	32	2	44
8	32	3	26
8	32	4	51
8	32	5	30
8	33	2	71
8	33	3	41
8	33	4	22
8	33	5	38
8	34	2	59
8	34	3	69
8	34	4	32
8	34	5	23
8	35	2	86
8	35	3	37
8	35	4	42
8	35	5	5
8	36	2	122
8	36	3	47
8	36	4	43
8	36	5	34
8	37	2	86
8	37	3	30
8	37	4	41
8	37	5	19
8	38	2	110
8	38	3	37
8	38	4	37
8	38	5	51
8	39	2	70
8	39	3	42
8	39	4	62
8	39	5	57
8	40	2	69
8	40	3	15
8	40	4	48
8	40	5	36
8	41	2	73
8	41	3	25
8	41	4	56
8	41	5	32
8	42	2	68
8	42	3	42
8	42	4	45
8	42	5	35
8	43	2	69
8	43	3	60
8	43	4	50
8	43	5	53
8	44	2	123
8	44	3	25
8	44	4	50
8	44	5	29
8	45	2	57
8	45	3	33
8	45	4	40
8	45	5	42
8	46	2	62
8	46	3	57
8	46	4	22
8	46	5	26
8	47	2	78
8	47	3	34
8	47	4	50
8	47	5	44
8	48	2	96
8	48	3	28
8	48	4	21
8	48	5	24
8	49	2	99
8	49	3	32
8	49	4	12
8	49	5	40
8	50	2	65
8	50	3	57
8	50	4	41
8	50	5	42
9	1	2	61
9	1	3	50
9	1	4	49
9	1	5	48
9	2	2	81
9	2	3	50
9	2	5	46
9	3	2	115
9	3	3	14
9	3	4	58
9	3	5	32
9	4	2	79
9	4	3	57
9	4	4	32
9	4	5	32
9	5	2	66
9	5	3	24
9	5	4	56
9	5	5	39
9	6	2	79
9	6	3	50
9	6	4	50
9	6	5	37
9	7	2	83
9	7	3	48
9	7	4	70
9	7	5	57
9	8	2	101
9	8	3	49
9	8	4	15
9	8	5	23
9	9	2	73
9	9	3	28
9	9	4	39
9	9	5	44
9	10	2	54
9	10	3	19
9	10	4	31
9	10	5	31
9	11	2	76
9	11	3	29
9	11	4	30
9	11	5	18
9	12	2	84
9	12	3	30
9	12	4	20
9	12	5	29
9	13	2	68
9	13	3	65
9	13	4	22
9	13	5	45
9	14	2	101
9	14	3	45
9	14	4	22
9	14	5	17
9	15	2	91
9	15	3	28
9	15	4	34
9	15	5	39
9	16	2	86
9	16	3	52
9	16	4	52
9	16	5	61
9	17	2	66
9	17	3	46
9	17	4	44
9	17	5	34
9	18	2	83
9	18	3	39
9	18	4	36
9	18	5	49
9	19	2	101
9	19	3	81
9	19	4	43
9	19	5	48
9	20	2	58
9	20	3	52
9	20	4	37
9	20	5	9
9	21	2	99
9	21	3	28
9	21	4	33
9	21	5	48
9	22	2	63
9	22	3	51
9	22	4	46
9	22	5	33
9	23	2	45
9	23	3	89
9	23	4	22
9	23	5	53
9	24	2	96
9	24	3	35
9	24	4	19
9	24	5	49
9	25	2	74
9	25	3	59
9	25	4	33
9	25	5	28
9	26	2	66
9	26	3	47
9	26	4	34
9	26	5	52
9	27	2	106
9	27	3	41
9	27	4	19
9	27	5	49
9	28	2	106
9	28	3	52
9	28	4	40
9	28	5	38
9	29	2	80
9	29	3	53
9	29	4	50
9	29	5	13
9	30	2	78
9	30	3	44
9	30	4	28
9	30	5	19
9	31	2	97
9	31	3	53
9	31	4	55
9	31	5	48
9	32	2	81
9	32	3	33
9	32	4	67
9	32	5	35
9	33	2	65
9	33	3	24
9	33	4	76
9	33	5	27
9	34	2	83
9	34	3	81
9	34	4	76
9	34	5	46
9	35	2	87
9	35	3	36
9	35	4	30
9	35	5	57
9	36	2	96
9	36	3	13
9	36	4	49
9	36	5	35
9	37	2	67
9	37	3	15
9	37	4	33
9	37	5	9
9	38	2	53
9	38	3	17
9	38	4	58
9	38	5	57
9	39	2	59
9	39	3	21
9	39	4	52
9	39	5	50
9	40	2	71
9	40	3	27
9	40	4	22
9	40	5	36
9	41	2	106
9	41	3	45
9	41	4	63
9	41	5	47
9	42	2	95
9	42	3	35
9	42	4	30
9	42	5	41
9	43	2	78
9	43	3	37
9	43	4	28
9	43	5	50
9	44	2	91
9	44	3	34
9	44	4	54
9	44	5	37
9	45	2	70
9	45	3	69
9	45	4	36
9	45	5	58
9	46	2	96
9	46	3	55
9	46	4	42
9	46	5	36
9	47	2	59
9	47	3	37
9	47	4	44
9	47	5	10
9	48	2	51
9	48	3	42
9	48	4	48
9	48	5	47
9	49	2	89
9	49	3	21
9	49	4	33
9	49	5	50
9	50	2	69
9	50	3	13
9	50	4	38
9	50	5	63
10	1	2	36
10	1	3	91
10	1	4	31
10	1	5	72
10	2	2	18
10	2	3	102
10	2	4	69
10	2	5	78
10	3	2	6
10	3	3	80
10	3	4	50
10	3	5	65
10	4	2	38
10	4	3	109
10	4	5	61
10	5	2	53
10	5	3	77
10	5	4	54
10	5	5	23
10	6	2	46
10	6	3	110
10	6	4	76
10	6	5	27
10	7	2	21
10	7	3	82
10	7	4	39
10	7	5	42
10	8	2	57
10	8	3	51
10	8	4	34
10	8	5	42
10	9	2	57
10	9	3	77
10	9	4	32
10	9	5	40
10	10	2	73
10	10	3	69
10	10	4	70
10	10	5	22
10	11	2	20
10	11	3	59
10	11	4	50
10	11	5	10
10	12	2	50
10	12	3	107
10	12	4	42
10	12	5	42
10	13	2	56
10	13	3	69
10	13	4	42
10	13	5	31
10	14	2	53
10	14	3	67
10	14	4	15
10	14	5	53
10	15	2	26
10	15	3	101
10	15	4	40
10	15	5	54
10	16	2	37
10	16	3	80
10	16	4	22
10	16	5	47
10	17	2	51
10	17	3	71
10	17	4	21
10	17	5	30
10	18	2	36
10	18	3	105
10	18	4	32
10	18	5	50
10	19	2	15
10	19	3	65
10	19	4	55
10	19	5	20
10	20	2	56
10	20	3	90
10	20	4	24
10	20	5	32
10	21	2	29
10	21	3	28
10	21	4	43
10	21	5	46
10	22	2	43
10	22	3	77
10	22	4	22
10	22	5	15
10	23	2	37
10	23	3	37
10	23	4	42
10	23	5	51
10	24	2	58
10	24	3	113
10	24	4	49
10	24	5	36
10	25	2	37
10	25	3	56
10	25	4	6
10	25	5	45
10	26	2	36
10	26	3	5
10	26	4	44
10	26	5	62
10	27	2	23
10	27	3	73
10	27	4	41
10	27	5	50
10	28	2	40
10	28	3	61
10	28	4	37
10	28	5	31
10	29	2	32
10	29	3	80
10	29	4	42
10	29	5	39
10	30	2	26
10	30	3	35
10	30	4	42
10	30	5	28
10	31	2	52
10	31	3	77
10	31	4	54
10	31	5	21
10	32	2	40
10	32	3	84
10	32	4	42
10	32	5	28
10	33	2	49
10	33	3	89
10	33	4	65
10	33	5	40
10	34	2	38
10	34	3	127
10	34	4	51
10	34	5	36
10	35	2	41
10	35	3	109
10	35	4	41
10	35	5	38
10	36	2	32
10	36	3	103
10	36	4	27
10	36	5	35
10	37	2	50
10	37	3	81
10	37	4	11
10	37	5	21
10	38	2	51
10	38	3	95
10	38	4	64
10	38	5	15
10	39	2	41
10	39	3	69
10	39	4	33
10	39	5	43
10	40	2	17
10	40	3	92
10	40	4	45
10	40	5	46
10	41	2	45
10	41	3	40
10	41	4	14
10	41	5	37
10	42	2	32
10	42	3	99
10	42	4	57
10	42	5	18
10	43	2	35
10	43	3	80
10	43	4	47
10	43	5	39
10	44	2	40
10	44	3	68
10	44	4	22
10	44	5	25
10	45	2	42
10	45	3	70
10	45	4	40
10	45	5	30
10	46	2	61
10	46	3	82
10	46	4	14
10	46	5	78
10	47	2	36
10	47	3	77
10	47	4	51
10	47	5	11
10	48	2	53
10	48	3	66
10	48	4	28
10	48	5	57
10	49	2	30
10	49	3	26
10	49	4	72
10	49	5	41
10	50	2	39
10	50	3	70
10	50	4	59
10	50	5	27


Warehouse Inventory (W P T):
1	867		1691		1211		611		0		867	
2	1361		1546		1130		650		0		1361	
3	0		1871		1423		805		117		0	
4	40		1580		1098		474		0		40	
5	42		1594		1036		568		0		42	
6	83		1687		1176		582		0		83	
7	1681		1681		1265		597		0		1681	
8	124		1756		1176		585		0		124	
9	1107		1707		1242		617		0		1107	
10	1294		1696		1176		606		0		1294	
11	1245		1618		1088		614		0		1245	
12	254		1628		1190		566		0		254	
13	1706		1706		1165		491		0		1706	
14	1307		1492		1062		592		0		1307	
15	1576		1785		1281		583		0		1576	
16	869		1673		1267		555		0		869	
17	616		616		165		531		0		616	
18	463		463		0		565		22		463	
19	707		707		254		687		0		707	
20	1252		1252		769		575		0		1252	
21	683		683		140		634		0		683	
22	436		436		0		966		499		436	
23	976		976		429		632		0		976	
24	464		464		0		980		432		464	
25	856		856		509		666		0		856	
26	424		424		0		784		147		424	
27	447		447		0		1132		539		447	
28	470		470		0		623		23		470	
29	497		497		0		1112		348		497	
30	409		409		0		984		308		409	
31	858		858		359		568		0		858	
32	899		899		452		652		0		899	
33	0		0		859		1032		308		0	
34	0		0		443		1096		309		0	
35	276		276		0		1277		663		276	
36	0		0		89		926		243		0	
37	0		0		1284		673		152		0	
38	0		0		731		893		315		0	
39	49		49		0		1158		420		49	
40	0		0		480		830		371		0	
41	0		0		865		898		315		0	
42	0		0		292		896		259		0	
43	0		0		1715		1046		369		0	
44	0		0		64		945		347		0	
45	0		0		1362		975		337		0	
46	0		0		143		1035		383		0	
47	0		0		342		684		196		0	
48	0		0		898		955		309		0	
49	0		0		1409		906		315		0	
50	208		208		0		1147		561		208	

Store Inventory (S P T):
Store1
1	32		0		0		0		74		32	
2	48		0		0		0		103		48	
3	41		0		0		0		104		41	
4	45		0		0		0		69		45	
5	32		0		0		0		65		32	
6	0		0		0		0		45		0	
7	0		0		0		0		43		0	
8	43		0		0		0		99		43	
9	26		0		0		0		75		26	
10	28		0		0		0		62		28	
11	44		0		0		0		75		44	
12	44		0		0		0		97		44	
13	26		0		0		0		88		26	
14	62		0		0		0		112		62	
15	43		0		0		0		89		43	
16	31		0		0		0		76		31	
17	40		0		0		0		92		40	
18	43		0		0		0		62		43	
19	60		0		0		0		107		60	
20	45		0		0		0		109		45	
21	38		0		0		0		102		38	
22	11		0		0		0		11		11	
23	50		0		0		0		119		50	
24	27		0		0		0		62		27	
25	46		0		0		0		103		46	
26	63		0		0		0		91		63	
27	53		0		0		0		118		53	
28	35		0		0		0		79		35	
29	64		0		0		0		108		64	
30	50		0		0		0		81		50	
31	66		0		0		0		109		66	
32	36		0		0		0		70		36	
33	57		0		0		0		134		57	
34	59		0		0		0		109		59	
35	35		0		0		0		73		35	
36	50		0		0		0		76		50	
37	37		0		0		0		60		37	
38	35		0		0		0		74		35	
39	64		0		0		0		94		64	
40	57		0		0		0		89		57	
41	19		0		0		0		83		19	
42	44		0		0		0		73		44	
43	50		0		0		0		94		50	
44	46		0		0		0		96		46	
45	37		0		0		0		83		37	
46	55		0		0		0		108		55	
47	35		0		0		0		69		35	
48	67		0		0		0		110		67	
49	49		0		0		0		135		49	
50	16		0		0		0		40		16	
Store2
1	44		0		0		0		44		44	
2	53		0		0		0		53		53	
3	53		0		0		0		53		53	
4	19		0		0		0		19		19	
5	40		0		0		0		40		40	
6	26		0		0		0		26		26	
7	51		0		0		0		51		51	
8	59		0		0		0		59		59	
9	64		0		0		0		64		64	
10	38		0		0		0		38		38	
11	41		0		0		0		41		41	
12	61		0		0		0		61		61	
13	48		0		0		0		48		48	
14	32		0		0		0		32		32	
15	55		0		0		0		55		55	
16	31		0		0		0		31		31	
17	27		0		0		0		27		27	
18	51		0		0		0		51		51	
19	51		0		0		0		51		51	
20	44		0		0		0		44		44	
21	65		0		0		0		65		65	
22	47		0		0		0		47		47	
23	21		0		0		0		21		21	
24	44		0		0		0		44		44	
25	51		0		0		0		51		51	
26	42		0		0		0		42		42	
27	43		0		0		0		43		43	
28	53		0		0		0		53		53	
29	49		0		0		0		49		49	
30	64		0		0		0		64		64	
31	22		0		0		0		22		22	
32	14		0		0		0		14		14	
33	51		0		0		0		51		51	
34	56		0		0		0		56		56	
35	27		0		0		0		27		27	
36	57		0		0		0		57		57	
37	34		0		0		0		34		34	
38	26		0		0		0		26		26	
39	41		0		0		0		41		41	
40	12		0		0		0		12		12	
41	34		0		0		0		34		34	
42	26		0		0		0		26		26	
43	21		0		0		0		21		21	
44	63		0		0		0		63		63	
45	35		0		0		0		35		35	
46	69		0		0		0		69		69	
47	65		0		0		0		65		65	
48	45		0		0		0		45		45	
49	41		0		0		0		41		41	
50	37		0		0		0		37		37	
Store3
1	32		0		0		32		32		32	
2	13		0		0		13		13		13	
3	48		0		0		48		48		48	
4	19		0		0		19		19		19	
5	31		0		0		31		31		31	
6	8		0		0		8		8		8	
7	17		0		0		17		17		17	
8	37		0		0		37		37		37	
9	46		0		0		46		46		46	
10	55		0		0		55		55		55	
11	21		0		0		21		21		21	
12	63		0		0		63		63		63	
13	11		0		0		11		11		11	
14	38		0		0		38		38		38	
15	46		0		0		46		46		46	
16	51		0		0		51		51		51	
17	34		0		0		34		34		34	
18	36		0		0		36		36		36	
19	38		0		0		38		38		38	
20	52		0		0		52		52		52	
21	44		0		0		44		44		44	
22	32		0		0		32		32		32	
23	12		0		0		12		12		12	
24	10		0		0		10		10		10	
25	58		0		0		58		58		58	
26	30		0		0		30		30		30	
27	7		0		0		7		7		7	
28	35		0		0		35		35		35	
29	41		0		0		41		41		41	
30	26		0		0		26		26		26	
31	31		0		0		31		31		31	
32	54		0		0		54		54		54	
33	46		0		0		46		46		46	
34	32		0		0		32		32		32	
35	26		0		0		26		26		26	
36	55		0		0		55		55		55	
37	25		0		0		25		25		25	
38	48		0		0		48		48		48	
39	53		0		0		53		53		53	
40	45		0		0		45		45		45	
41	21		0		0		21		21		21	
42	9		0		0		9		9		9	
43	48		0		0		48		48		48	
44	43		0		0		43		43		43	
45	59		0		0		59		59		59	
46	29		0		0		29		29		29	
47	27		0		0		27		27		27	
48	39		0		0		39		39		39	
49	28		0		0		28		28		28	
50	35		0		0		35		35		35	
Store4
1	38		0		0		0		38		38	
2	67		0		0		0		67		67	
3	53		0		0		0		53		53	
4	43		0		0		0		43		43	
5	33		0		0		0		33		33	
6	49		0		0		0		49		49	
7	43		0		0		0		43		43	
8	42		0		0		0		42		42	
9	39		0		0		0		39		39	
10	35		0		0		0		35		35	
11	56		0		0		0		56		56	
12	39		0		0		0		39		39	
13	42		0		0		0		42		42	
14	49		0		0		0		49		49	
15	47		0		0		0		47		47	
16	40		0		0		0		40		40	
17	48		0		0		0		48		48	
18	21		0		0		0		21		21	
19	8		0		0		0		8		8	
20	11		0		0		0		11		11	
21	23		0		0		0		23		23	
22	52		0		0		0		52		52	
23	40		0		0		0		40		40	
24	48		0		0		0		48		48	
25	44		0		0		0		44		44	
26	36		0		0		0		36		36	
27	54		0		0		0		54		54	
28	41		0		0		0		41		41	
29	48		0		0		0		48		48	
30	87		0		0		0		87		87	
31	47		0		0		0		47		47	
32	44		0		0		0		44		44	
33	59		0		0		0		59		59	
34	55		0		0		0		55		55	
35	50		0		0		0		50		50	
36	29		0		0		0		29		29	
37	37		0		0		0		37		37	
38	15		0		0		0		15		15	
39	41		0		0		0		41		41	
40	24		0		0		0		24		24	
41	17		0		0		0		17		17	
42	34		0		0		0		34		34	
43	30		0		0		0		30		30	
44	38		0		0		0		38		38	
45	20		0		0		0		20		20	
46	44		0		0		0		44		44	
47	42		0		0		0		42		42	
48	47		0		0		0		47		47	
49	33		0		0		0		33		33	
50	76		0		0		0		76		76	
Store5
1	32		0		32		32		32		32	
2	32		0		32		32		32		32	
3	42		0		42		42		42		42	
4	24		0		24		24		24		24	
5	46		0		46		46		46		46	
6	56		0		56		56		56		56	
7	24		0		24		24		24		24	
8	70		0		70		70		70		70	
9	42		0		42		42		42		42	
10	43		0		43		43		43		43	
11	42		0		42		42		42		42	
12	54		0		54		54		54		54	
13	51		0		51		51		51		51	
14	34		0		34		34		34		34	
15	34		0		34		34		34		34	
16	34		0		34		34		34		34	
17	32		0		32		32		32		32	
18	52		0		52		52		52		52	
19	33		0		33		33		33		33	
20	36		0		36		36		36		36	
21	43		0		43		43		43		43	
22	50		0		50		50		50		50	
23	56		0		56		56		56		56	
24	76		0		76		76		76		76	
25	37		0		37		37		37		37	
26	42		0		42		42		42		42	
27	37		0		37		37		37		37	
28	7		0		7		7		7		7	
29	40		0		40		40		40		40	
30	0		0		0		0		0		0	
31	44		0		44		44		44		44	
32	37		0		37		37		37		37	
33	32		0		32		32		32		32	
34	38		0		38		38		38		38	
35	62		0		62		62		62		62	
36	37		0		37		37		37		37	
37	48		0		48		48		48		48	
38	31		0		31		31		31		31	
39	48		0		48		48		48		48	
40	52		0		52		52		52		52	
41	37		0		37		37		37		37	
42	58		0		58		58		58		58	
43	67		0		67		67		67		67	
44	50		0		50		50		50		50	
45	28		0		28		28		28		28	
46	29		0		29		29		29		29	
47	67		0		67		67		67		67	
48	65		0		65		65		65		65	
49	29		0		29		29		29		29	
50	24		0		24		24		24		24	
Store6
1	30		0		0		0		30		30	
2	37		0		0		0		37		37	
3	54		0		0		0		54		54	
4	17		0		0		0		17		17	
5	52		0		0		0		52		52	
6	62		0		0		0		62		62	
7	61		0		0		0		61		61	
8	17		0		0		0		17		17	
9	57		0		0		0		57		57	
10	36		0		0		0		36		36	
11	48		0		0		0		48		48	
12	18		0		0		0		18		18	
13	14		0		0		0		14		14	
14	28		0		0		0		28		28	
15	41		0		0		0		41		41	
16	40		0		0		0		40		40	
17	63		0		0		0		63		63	
18	48		0		0		0		48		48	
19	27		0		0		0		27		27	
20	47		0		0		0		47		47	
21	22		0		0		0		22		22	
22	15		0		0		0		15		15	
23	58		0		0		0		58		58	
24	25		0		0		0		25		25	
25	24		0		0		0		24		24	
26	31		0		0		0		31		31	
27	42		0		0		0		42		42	
28	31		0		0		0		31		31	
29	56		0		0		0		56		56	
30	39		0		0		0		39		39	
31	32		0		0		0		32		32	
32	51		0		0		0		51		51	
33	45		0		0		0		45		45	
34	52		0		0		0		52		52	
35	65		0		0		0		65		65	
36	31		0		0		0		31		31	
37	37		0		0		0		37		37	
38	70		0		0		0		70		70	
39	47		0		0		0		47		47	
40	18		0		0		0		18		18	
41	32		0		0		0		32		32	
42	56		0		0		0		56		56	
43	71		0		0		0		71		71	
44	22		0		0		0		22		22	
45	37		0		0		0		37		37	
46	47		0		0		0		47		47	
47	30		0		0		0		30		30	
48	73		0		0		0		73		73	
49	35		0		0		0		35		35	
50	30		0		0		0		30		30	
Store7
1	77		39		0		111		111		77	
2	34		0		0		40		40		34	
3	102		34		0		127		127		102	
4	95		37		0		124		124		95	
5	61		36		0		105		105		61	
6	37		0		0		74		74		37	
7	117		59		0		135		135		117	
8	44		18		0		96		96		44	
9	87		54		0		137		137		87	
10	74		10		0		93		93		74	
11	42		33		0		89		89		42	
12	98		45		0		152		152		98	
13	107		55		0		129		129		107	
14	95		39		0		115		115		95	
15	93		23		0		142		142		93	
16	114		62		0		125		125		114	
17	69		48		0		92		92		69	
18	52		29		0		118		118		52	
19	50		34		0		80		80		50	
20	105		69		0		143		143		105	
21	78		23		0		104		104		78	
22	78		40		0		111		111		78	
23	60		31		0		89		89		60	
24	84		40		0		110		110		84	
25	93		66		0		124		124		93	
26	56		37		0		96		96		56	
27	74		31		0		108		108		74	
28	87		56		0		142		142		87	
29	84		29		0		128		128		84	
30	54		7		0		95		95		54	
31	91		44		0		122		122		91	
32	87		59		0		130		130		87	
33	95		55		0		142		142		95	
34	124		54		0		194		194		124	
35	107		43		0		176		176		107	
36	86		39		0		106		106		86	
37	103		55		0		153		153		103	
38	63		16		0		117		117		63	
39	61		28		0		111		111		61	
40	98		36		0		134		134		98	
41	101		43		0		133		133		101	
42	121		44		0		165		165		121	
43	92		32		0		151		151		92	
44	121		66		0		142		142		121	
45	88		41		0		120		120		88	
46	62		33		0		100		100		62	
47	93		44		0		121		121		93	
48	88		66		0		148		148		88	
49	87		29		0		137		137		87	
50	83		46		0		123		123		83	
Store8
1	35		0		35		35		35		35	
2	43		0		43		43		43		43	
3	39		0		39		39		39		39	
4	51		0		51		51		51		51	
5	33		0		33		33		33		33	
6	43		0		43		43		43		43	
7	35		0		35		35		35		35	
8	25		0		25		25		25		25	
9	35		0		35		35		35		35	
10	24		0		24		24		24		24	
11	62		0		62		62		62		62	
12	37		0		37		37		37		37	
13	47		0		47		47		47		47	
14	5		0		5		5		5		5	
15	68		0		68		68		68		68	
16	22		0		22		22		22		22	
17	26		0		26		26		26		26	
18	45		0		45		45		45		45	
19	55		0		55		55		55		55	
20	18		0		18		18		18		18	
21	47		0		47		47		47		47	
22	43		0		43		43		43		43	
23	55		0		55		55		55		55	
24	39		0		39		39		39		39	
25	0		0		0		0		0		0	
26	34		0		34		34		34		34	
27	23		0		23		23		23		23	
28	40		0		40		40		40		40	
29	36		0		36		36		36		36	
30	42		0		42		42		42		42	
31	47		0		47		47		47		47	
32	18		0		18		18		18		18	
33	25		0		25		25		25		25	
34	34		0		34		34		34		34	
35	39		0		39		39		39		39	
36	57		0		57		57		57		57	
37	30		0		30		30		30		30	
38	35		0		35		35		35		35	
39	46		0		46		46		46		46	
40	52		0		52		52		52		52	
41	42		0		42		42		42		42	
42	35		0		35		35		35		35	
43	43		0		43		43		43		43	
44	81		0		81		81		81		81	
45	24		0		24		24		24		24	
46	32		0		32		32		32		32	
47	57		0		57		57		57		57	
48	76		0		76		76		76		76	
49	40		0		40		40		40		40	
50	41		0		41		41		41		41	
Store9
1	25		0		25		25		25		25	
2	23		0		23		23		23		23	
3	55		0		55		55		55		55	
4	47		0		47		47		47		47	
5	28		0		28		28		28		28	
6	37		0		37		37		37		37	
7	41		0		41		41		41		41	
8	63		0		63		63		63		63	
9	24		0		24		24		24		24	
10	40		0		40		40		40		40	
11	42		0		42		42		42		42	
12	42		0		42		42		42		42	
13	32		0		32		32		32		32	
14	40		0		40		40		40		40	
15	37		0		37		37		37		37	
16	40		0		40		40		40		40	
17	35		0		35		35		35		35	
18	48		0		48		48		48		48	
19	38		0		38		38		38		38	
20	24		0		24		24		24		24	
21	49		0		49		49		49		49	
22	20		0		20		20		20		20	
23	34		0		34		34		34		34	
24	45		0		45		45		45		45	
25	42		0		42		42		42		42	
26	49		0		49		49		49		49	
27	58		0		58		58		58		58	
28	57		0		57		57		57		57	
29	55		0		55		55		55		55	
30	44		0		44		44		44		44	
31	57		0		57		57		57		57	
32	34		0		34		34		34		34	
33	33		0		33		33		33		33	
34	49		0		49		49		49		49	
35	31		0		31		31		31		31	
36	51		0		51		51		51		51	
37	48		0		48		48		48		48	
38	29		0		29		29		29		29	
39	34		0		34		34		34		34	
40	40		0		40		40		40		40	
41	53		0		53		53		53		53	
42	57		0		57		57		57		57	
43	48		0		48		48		48		48	
44	50		0		50		50		50		50	
45	18		0		18		18		18		18	
46	64		0		64		64		64		64	
47	52		0		52		52		52		52	
48	21		0		21		21		21		21	
49	50		0		50		50		50		50	
50	44		0		44		44		44		44	
Store10
1	50		0		0		50		50		50	
2	77		0		0		77		77		77	
3	39		0		0		39		39		39	
4	43		0		0		43		43		43	
5	29		0		0		29		29		29	
6	63		0		0		63		63		63	
7	43		0		0		43		43		43	
8	13		0		0		13		13		13	
9	37		0		0		37		37		37	
10	49		0		0		49		49		49	
11	14		0		0		14		14		14	
12	50		0		0		50		50		50	
13	38		0		0		38		38		38	
14	29		0		0		29		29		29	
15	55		0		0		55		55		55	
16	50		0		0		50		50		50	
17	24		0		0		24		24		24	
18	55		0		0		55		55		55	
19	8		0		0		8		8		8	
20	57		0		0		57		57		57	
21	3		0		0		3		3		3	
22	39		0		0		39		39		39	
23	13		0		0		13		13		13	
24	53		0		0		53		53		53	
25	30		0		0		30		30		30	
26	5		0		0		5		5		5	
27	31		0		0		31		31		31	
28	26		0		0		26		26		26	
29	49		0		0		49		49		49	
30	11		0		0		11		11		11	
31	32		0		0		32		32		32	
32	50		0		0		50		50		50	
33	46		0		0		46		46		46	
34	56		0		0		56		56		56	
35	62		0		0		62		62		62	
36	56		0		0		56		56		56	
37	47		0		0		47		47		47	
38	44		0		0		44		44		44	
39	19		0		0		19		19		19	
40	39		0		0		39		39		39	
41	28		0		0		28		28		28	
42	37		0		0		37		37		37	
43	32		0		0		32		32		32	
44	50		0		0		50		50		50	
45	17		0		0		17		17		17	
46	33		0		0		33		33		33	
47	22		0		0		22		22		22	
48	32		0		0		32		32		32	
49	9		0		0		9		9		9	
50	28		0		0		28		28		28	


Shipments from Vendor to Warehouse (V T):
0.5207727	0	0	0	0.6731181	
0	0	0.649438	0	0.497822	
0	0.717478	0.6396733	0	0	

Shipments from Warehouse to Stores (S T):
1	2	0.09048799
1	3	0.143278
1	4	0.3184454
1	5	0.19393
2	2	0.08850467
2	3	0.149214
2	4	0.218384
2	5	0.2294253
3	2	0.1032813
3	3	0.159168
3	4	0.157758
3	5	0.2638387
4	2	0.107472
4	3	0.1164207
4	4	0.2528273
4	5	0.2453013
5	2	0.1733827
5	3	0.13981
5	4	0.178788
5	5	0.2700706
6	2	0.091928
6	3	0.113424
6	4	0.2885627
6	5	0.24104
7	3	0.3633133
7	4	0.1774027
7	5	0.1722834
8	2	0.1547833
8	3	0.142298
8	4	0.1623733
8	5	0.238086
9	2	0.175804
9	3	0.1841533
9	4	0.1282487
9	5	0.22197
10	2	0.09157132
10	3	0.1937967
10	4	0.165126
10	5	0.256676


Required Putaway workers (Sol T):
4	5	4	6	4	

No of required pickers (T):
0	4	6	7	9	

No of part-time putaway workers (T):
0	1	0	2	0	

No of part-time pickers (T):
0	0	0	1	3	

Best Putaway Technology: 1200
Best Picking Technology: 1000

Required Fashion Putaway Hours:
19.53333	22.2	0	42.00834	0	

Required Basic Putaway Hours:
10.9625	16.01667	29.60083	0	26.54667	

Required Total Putaway Hours:
30.49583	38.21667	29.60083	42.00834	26.54667	

No of required fashion pick hours:
0	5.18	17.73	24.925	52.655	

No of required basic pick hours:
0	23.882	29.601	30.352	15.917	

No of required total pick hours:
0	29.062	47.331	55.277	68.572	

List of all the costs: 
MHECost		621
PutawayTechCost		1060
PickingTechCost		9130
WhBasicInvCost		1428.519
BasicInbCost		9539.68
WhFashionInvCost		1481.65
FashionInbCost		10567.5
PutawayCost		7120
StoreBasicInvCost		3612
StoreFashionInvCost		8820.75
OutboundCost		29710.47
PickingCost		10560
Total		93651.57

List of Top5 Technologies: 
Tech1		2	6	$ 93651.57
Tech2		5	6	$ 100135.5
Tech3		1	6	$ 100574.1
Tech4		1	4	$ 110814.2
Tech5		1	1	$ 184548.2
The start time is 12/30/2014 5:15:25 PM
The End time is 12/30/2014 5:16:23 PM
