Printing New Fashion Solution:

Inbound Fashion Solution (V F T):
1	1	1	1970
1	2	1	2245
1	3	1	2365
1	4	1	2160
1	5	1	2380
1	6	1	2395
1	7	1	1630
1	8	1	1570
1	9	1	1915
1	10	1	1865
1	11	1	1750
1	12	1	2105
1	13	1	2140
1	14	1	2205
1	15	1	1745
1	16	1	2090
1	17	1	1670
1	18	1	1960
1	19	1	2420
1	20	1	1965
1	21	1	2020
1	22	1	1950
1	23	1	1985
1	24	1	1635
1	25	1	1945
2	26	4	2345
2	27	4	2140
2	28	4	2145
2	29	4	2335
2	30	4	1920
2	31	4	1840
2	32	4	1940
2	33	4	2265
2	34	4	2115
2	35	4	1855
2	36	4	1625
2	37	4	1875
2	38	4	2230
2	39	4	1985
2	40	4	2165
2	41	4	1655
2	42	4	1960
2	43	4	1805
2	44	4	2140
2	45	4	2045
2	46	4	2150
2	47	4	1560
2	48	4	2430
2	49	4	2130
2	50	4	1755


Outbound Fashion Solution(S F T):
1	1	3	140
1	2	5	90
1	3	5	290
1	4	3	315
1	5	3	305
1	6	5	270
1	7	5	275
1	8	4	170
1	9	4	95
1	10	4	155
1	11	4	200
1	12	4	285
1	13	5	275
1	14	4	250
1	15	5	220
1	16	5	195
1	17	4	210
1	18	5	240
1	19	4	210
1	20	4	5
1	21	5	155
1	22	3	110
1	23	5	265
1	24	5	155
1	25	4	275
1	26	5	200
1	27	5	250
1	28	5	140
1	29	5	220
1	30	5	295
1	31	5	230
1	32	5	255
1	33	5	225
1	34	5	215
1	35	5	235
1	36	5	195
1	37	5	25
1	38	5	150
1	39	5	180
1	40	5	310
1	41	5	190
1	42	5	110
1	43	5	260
1	44	5	350
1	45	5	275
1	46	5	145
1	47	5	145
1	48	5	170
1	49	5	345
1	50	5	325
2	1	4	255
2	2	5	140
2	3	5	230
2	4	4	210
2	5	3	140
2	6	5	170
2	7	5	115
2	8	5	135
2	9	4	115
2	10	3	120
2	11	4	135
2	12	4	250
2	13	5	350
2	14	4	285
2	15	5	155
2	16	5	195
2	17	4	210
2	18	5	160
2	19	4	330
2	20	5	220
2	21	4	195
2	22	4	210
2	23	5	195
2	24	5	120
2	25	3	245
2	26	5	160
2	27	5	195
2	28	5	235
2	29	5	235
2	30	5	115
2	31	5	145
2	32	5	210
2	33	5	140
2	34	5	230
2	35	5	65
2	36	5	285
2	37	5	170
2	38	5	295
2	39	5	230
2	40	5	165
2	41	5	65
2	42	5	340
2	43	5	205
2	44	5	200
2	45	5	130
2	46	5	220
2	47	5	75
2	48	5	90
2	49	5	110
2	50	5	315
3	1	4	220
3	2	5	150
3	3	5	245
3	4	4	205
3	5	4	250
3	6	5	250
3	7	5	135
3	8	5	65
3	9	5	140
3	10	4	85
3	11	3	145
3	12	5	105
3	13	5	205
3	14	4	180
3	15	5	165
3	16	5	295
3	17	3	10
3	18	5	115
3	19	4	275
3	20	4	340
3	21	3	105
3	22	5	165
3	23	5	255
3	24	5	35
3	25	3	65
3	26	5	310
3	27	5	115
3	28	5	310
3	29	5	120
3	30	5	190
3	31	5	170
3	32	5	150
3	33	5	270
3	34	5	175
3	35	5	265
3	36	5	95
3	37	5	230
3	38	5	380
3	39	5	270
3	40	5	305
3	41	5	140
3	42	5	205
3	43	5	70
3	44	5	175
3	45	5	210
3	46	5	300
3	47	5	185
3	48	5	215
3	49	5	230
3	50	5	250
4	1	3	85
4	2	5	340
4	3	5	230
4	4	3	215
4	5	3	300
4	6	5	290
4	7	5	265
4	8	5	105
4	9	4	180
4	10	3	195
4	11	5	160
4	12	4	250
4	13	5	200
4	14	4	220
4	15	5	200
4	16	5	105
4	17	4	150
4	18	5	145
4	19	4	270
4	21	4	160
4	22	3	255
4	23	5	85
4	24	5	290
4	25	3	210
4	26	5	370
4	27	5	220
4	28	5	175
4	29	5	225
4	30	5	215
4	31	5	240
4	32	5	210
4	33	5	130
4	34	5	230
4	35	5	250
4	36	5	170
4	37	5	190
4	38	5	165
4	39	5	105
4	40	5	165
4	41	5	155
4	42	5	245
4	43	5	325
4	44	5	135
4	45	5	185
4	46	5	125
4	47	5	140
4	48	5	360
4	49	5	110
4	50	5	130
5	1	3	175
5	2	5	180
5	3	5	230
5	4	5	185
5	5	3	230
5	6	5	340
5	7	5	15
5	8	4	250
5	9	5	255
5	10	5	280
5	11	4	260
5	12	5	340
5	13	5	240
5	14	4	95
5	15	5	195
5	16	5	175
5	17	3	175
5	18	5	290
5	19	4	335
5	20	4	335
5	21	4	300
5	22	4	100
5	23	5	325
5	24	5	335
5	25	4	175
5	26	5	285
5	27	5	125
5	28	5	320
5	29	5	200
5	30	5	95
5	31	5	210
5	32	5	85
5	33	5	335
5	34	5	105
5	35	5	175
5	36	5	240
5	37	5	310
5	38	5	235
5	39	5	150
5	40	5	200
5	41	5	105
5	42	5	245
5	43	5	255
5	44	5	335
5	45	5	145
5	46	5	270
5	47	5	100
5	48	5	410
5	49	5	240
5	50	5	95
6	1	4	110
6	2	5	250
6	3	5	225
6	4	4	160
6	5	3	160
6	6	5	190
6	7	5	110
6	8	4	300
6	9	5	345
6	10	3	300
6	11	3	145
6	12	5	105
6	13	5	220
6	14	5	255
6	15	5	100
6	16	5	210
6	17	5	65
6	18	5	195
6	19	5	160
6	20	4	225
6	21	3	180
6	22	5	325
6	23	5	345
6	24	5	220
6	25	3	245
6	26	5	135
6	27	5	235
6	28	5	240
6	29	5	240
6	30	5	210
6	31	5	280
6	32	5	180
6	33	5	245
6	34	5	285
6	35	5	270
6	36	5	220
6	37	5	140
6	38	5	205
6	39	5	150
6	40	5	190
6	41	5	140
6	42	5	140
6	43	5	95
6	44	5	185
6	45	5	230
6	46	5	225
6	47	5	150
6	48	5	255
6	49	5	265
6	50	5	145
7	1	4	210
7	2	5	375
7	3	5	230
7	4	5	310
7	5	4	390
7	6	5	280
7	7	5	260
7	9	4	190
7	10	3	180
7	11	4	145
7	12	5	190
7	13	5	100
7	14	4	45
7	15	5	225
7	16	5	240
7	17	4	305
7	18	5	225
7	19	4	85
7	20	5	85
7	21	4	290
7	22	4	175
7	23	5	140
7	24	5	90
7	25	4	70
7	26	5	200
7	27	5	300
7	28	5	250
7	29	5	345
7	30	5	215
7	31	5	190
7	32	5	130
7	33	5	210
7	34	5	145
7	35	5	240
7	36	5	115
7	37	5	315
7	38	5	200
7	39	5	200
7	40	5	260
7	41	5	270
7	42	5	220
7	43	5	140
7	44	5	250
7	45	5	205
7	46	5	250
7	47	5	50
7	48	5	315
7	49	5	95
8	1	3	345
8	2	5	185
8	3	5	240
8	4	4	200
8	5	3	140
8	6	5	240
8	7	5	65
8	8	5	140
8	9	4	235
8	10	4	320
8	11	4	190
8	12	5	85
8	13	5	170
8	14	4	425
8	15	5	220
8	16	5	305
8	17	4	170
8	18	5	180
8	19	4	195
8	20	4	285
8	21	3	235
8	22	3	30
8	23	5	130
8	24	5	55
8	25	4	215
8	26	5	250
8	27	5	285
8	28	5	205
8	29	5	210
8	30	5	105
8	31	5	130
8	32	5	210
8	33	5	220
8	34	5	205
8	35	5	150
8	36	5	65
8	37	5	210
8	38	5	280
8	39	5	270
8	40	5	285
8	41	5	25
8	42	5	150
8	43	5	150
8	44	5	175
8	45	5	325
8	46	5	205
8	47	5	200
8	48	5	270
8	49	5	250
8	50	5	180
9	1	3	320
9	2	5	310
9	3	5	260
9	4	3	155
9	5	4	160
9	6	5	205
9	7	5	240
9	8	4	280
9	9	4	140
9	10	4	120
9	11	4	200
9	12	4	200
9	13	5	245
9	14	4	230
9	15	5	60
9	16	5	145
9	17	3	210
9	18	5	250
9	19	5	310
9	20	4	285
9	21	4	210
9	22	4	325
9	23	5	180
9	24	5	295
9	25	4	225
9	26	5	230
9	27	5	275
9	28	5	100
9	29	5	225
9	30	5	225
9	31	5	40
9	32	5	225
9	33	5	255
9	34	5	205
9	35	5	80
9	36	5	225
9	37	5	150
9	38	5	125
9	39	5	250
9	41	5	210
9	42	5	80
9	43	5	185
9	44	5	100
9	45	5	230
9	46	5	200
9	47	5	190
9	48	5	215
9	49	5	265
9	50	5	170
10	1	3	110
10	2	5	225
10	3	5	185
10	4	3	205
10	5	3	305
10	6	5	160
10	7	5	150
10	8	5	125
10	9	4	220
10	10	5	110
10	11	3	170
10	12	4	295
10	13	5	135
10	14	5	220
10	15	5	205
10	16	5	225
10	17	4	165
10	18	5	160
10	19	4	250
10	20	4	185
10	21	5	190
10	22	4	255
10	23	5	65
10	24	5	40
10	25	3	220
10	26	5	205
10	27	5	140
10	28	5	170
10	29	5	315
10	30	5	255
10	31	5	205
10	32	5	285
10	33	5	235
10	34	5	320
10	35	5	125
10	36	5	15
10	37	5	135
10	38	5	195
10	39	5	180
10	40	5	285
10	41	5	355
10	42	5	225
10	43	5	120
10	44	5	235
10	45	5	110
10	46	5	210
10	47	5	325
10	48	5	130
10	49	5	220
10	50	5	145


Warehouse Fashion Inventory (W F T):
1	1970		1970		795		0		0	
2	2245		2245		2245		2245		0	
3	2365		2365		2365		2365		0	
4	2160		2160		1270		495		0	
5	2380		2380		800		0		0	
6	2395		2395		2395		2395		0	
7	1630		1630		1630		1630		0	
8	1570		1570		1570		570		0	
9	1915		1915		1915		740		0	
10	1865		1865		1070		390		0	
11	1750		1750		1290		160		0	
12	2105		2105		2105		825		0	
13	2140		2140		2140		2140		0	
14	2205		2205		2205		475		0	
15	1745		1745		1745		1745		0	
16	2090		2090		2090		2090		0	
17	1670		1670		1275		65		0	
18	1960		1960		1960		1960		0	
19	2420		2420		2420		470		0	
20	1965		1965		1965		305		0	
21	2020		2020		1500		345		0	
22	1950		1950		1555		490		0	
23	1985		1985		1985		1985		0	
24	1635		1635		1635		1635		0	
25	1945		1945		960		0		0	
26	0		0		0		2345		0	
27	0		0		0		2140		0	
28	0		0		0		2145		0	
29	0		0		0		2335		0	
30	0		0		0		1920		0	
31	0		0		0		1840		0	
32	0		0		0		1940		0	
33	0		0		0		2265		0	
34	0		0		0		2115		0	
35	0		0		0		1855		0	
36	0		0		0		1625		0	
37	0		0		0		1875		0	
38	0		0		0		2230		0	
39	0		0		0		1985		0	
40	0		0		0		2165		0	
41	0		0		0		1655		0	
42	0		0		0		1960		0	
43	0		0		0		1805		0	
44	0		0		0		2140		0	
45	0		0		0		2045		0	
46	0		0		0		2150		0	
47	0		0		0		1560		0	
48	0		0		0		2430		0	
49	0		0		0		2130		0	
50	0		0		0		1755		0	

Store Fashion Inventory (S F T):
Store1
1	0		140		140		140	
2	0		0		0		90	
3	0		0		0		290	
4	0		315		315		315	
5	0		305		305		305	
6	0		0		0		270	
7	0		0		0		275	
8	0		0		170		170	
9	0		0		95		95	
10	0		0		155		155	
11	0		0		200		200	
12	0		0		285		285	
13	0		0		0		275	
14	0		0		250		250	
15	0		0		0		220	
16	0		0		0		195	
17	0		0		210		210	
18	0		0		0		240	
19	0		0		210		210	
20	0		0		5		5	
21	0		0		0		155	
22	0		110		110		110	
23	0		0		0		265	
24	0		0		0		155	
25	0		0		275		275	
26	0		0		0		200	
27	0		0		0		250	
28	0		0		0		140	
29	0		0		0		220	
30	0		0		0		295	
31	0		0		0		230	
32	0		0		0		255	
33	0		0		0		225	
34	0		0		0		215	
35	0		0		0		235	
36	0		0		0		195	
37	0		0		0		25	
38	0		0		0		150	
39	0		0		0		180	
40	0		0		0		310	
41	0		0		0		190	
42	0		0		0		110	
43	0		0		0		260	
44	0		0		0		350	
45	0		0		0		275	
46	0		0		0		145	
47	0		0		0		145	
48	0		0		0		170	
49	0		0		0		345	
50	0		0		0		325	
Store2
1	0		0		255		255	
2	0		0		0		140	
3	0		0		0		230	
4	0		0		210		210	
5	0		140		140		140	
6	0		0		0		170	
7	0		0		0		115	
8	0		0		0		135	
9	0		0		115		115	
10	0		120		120		120	
11	0		0		135		135	
12	0		0		250		250	
13	0		0		0		350	
14	0		0		285		285	
15	0		0		0		155	
16	0		0		0		195	
17	0		0		210		210	
18	0		0		0		160	
19	0		0		330		330	
20	0		0		0		220	
21	0		0		195		195	
22	0		0		210		210	
23	0		0		0		195	
24	0		0		0		120	
25	0		245		245		245	
26	0		0		0		160	
27	0		0		0		195	
28	0		0		0		235	
29	0		0		0		235	
30	0		0		0		115	
31	0		0		0		145	
32	0		0		0		210	
33	0		0		0		140	
34	0		0		0		230	
35	0		0		0		65	
36	0		0		0		285	
37	0		0		0		170	
38	0		0		0		295	
39	0		0		0		230	
40	0		0		0		165	
41	0		0		0		65	
42	0		0		0		340	
43	0		0		0		205	
44	0		0		0		200	
45	0		0		0		130	
46	0		0		0		220	
47	0		0		0		75	
48	0		0		0		90	
49	0		0		0		110	
50	0		0		0		315	
Store3
1	0		0		220		220	
2	0		0		0		150	
3	0		0		0		245	
4	0		0		205		205	
5	0		0		250		250	
6	0		0		0		250	
7	0		0		0		135	
8	0		0		0		65	
9	0		0		0		140	
10	0		0		85		85	
11	0		145		145		145	
12	0		0		0		105	
13	0		0		0		205	
14	0		0		180		180	
15	0		0		0		165	
16	0		0		0		295	
17	0		10		10		10	
18	0		0		0		115	
19	0		0		275		275	
20	0		0		340		340	
21	0		105		105		105	
22	0		0		0		165	
23	0		0		0		255	
24	0		0		0		35	
25	0		65		65		65	
26	0		0		0		310	
27	0		0		0		115	
28	0		0		0		310	
29	0		0		0		120	
30	0		0		0		190	
31	0		0		0		170	
32	0		0		0		150	
33	0		0		0		270	
34	0		0		0		175	
35	0		0		0		265	
36	0		0		0		95	
37	0		0		0		230	
38	0		0		0		380	
39	0		0		0		270	
40	0		0		0		305	
41	0		0		0		140	
42	0		0		0		205	
43	0		0		0		70	
44	0		0		0		175	
45	0		0		0		210	
46	0		0		0		300	
47	0		0		0		185	
48	0		0		0		215	
49	0		0		0		230	
50	0		0		0		250	
Store4
1	0		85		85		85	
2	0		0		0		340	
3	0		0		0		230	
4	0		215		215		215	
5	0		300		300		300	
6	0		0		0		290	
7	0		0		0		265	
8	0		0		0		105	
9	0		0		180		180	
10	0		195		195		195	
11	0		0		0		160	
12	0		0		250		250	
13	0		0		0		200	
14	0		0		220		220	
15	0		0		0		200	
16	0		0		0		105	
17	0		0		150		150	
18	0		0		0		145	
19	0		0		270		270	
20	0		0		0		0	
21	0		0		160		160	
22	0		255		255		255	
23	0		0		0		85	
24	0		0		0		290	
25	0		210		210		210	
26	0		0		0		370	
27	0		0		0		220	
28	0		0		0		175	
29	0		0		0		225	
30	0		0		0		215	
31	0		0		0		240	
32	0		0		0		210	
33	0		0		0		130	
34	0		0		0		230	
35	0		0		0		250	
36	0		0		0		170	
37	0		0		0		190	
38	0		0		0		165	
39	0		0		0		105	
40	0		0		0		165	
41	0		0		0		155	
42	0		0		0		245	
43	0		0		0		325	
44	0		0		0		135	
45	0		0		0		185	
46	0		0		0		125	
47	0		0		0		140	
48	0		0		0		360	
49	0		0		0		110	
50	0		0		0		130	
Store5
1	0		175		175		175	
2	0		0		0		180	
3	0		0		0		230	
4	0		0		0		185	
5	0		230		230		230	
6	0		0		0		340	
7	0		0		0		15	
8	0		0		250		250	
9	0		0		0		255	
10	0		0		0		280	
11	0		0		260		260	
12	0		0		0		340	
13	0		0		0		240	
14	0		0		95		95	
15	0		0		0		195	
16	0		0		0		175	
17	0		175		175		175	
18	0		0		0		290	
19	0		0		335		335	
20	0		0		335		335	
21	0		0		300		300	
22	0		0		100		100	
23	0		0		0		325	
24	0		0		0		335	
25	0		0		175		175	
26	0		0		0		285	
27	0		0		0		125	
28	0		0		0		320	
29	0		0		0		200	
30	0		0		0		95	
31	0		0		0		210	
32	0		0		0		85	
33	0		0		0		335	
34	0		0		0		105	
35	0		0		0		175	
36	0		0		0		240	
37	0		0		0		310	
38	0		0		0		235	
39	0		0		0		150	
40	0		0		0		200	
41	0		0		0		105	
42	0		0		0		245	
43	0		0		0		255	
44	0		0		0		335	
45	0		0		0		145	
46	0		0		0		270	
47	0		0		0		100	
48	0		0		0		410	
49	0		0		0		240	
50	0		0		0		95	
Store6
1	0		0		110		110	
2	0		0		0		250	
3	0		0		0		225	
4	0		0		160		160	
5	0		160		160		160	
6	0		0		0		190	
7	0		0		0		110	
8	0		0		300		300	
9	0		0		0		345	
10	0		300		300		300	
11	0		145		145		145	
12	0		0		0		105	
13	0		0		0		220	
14	0		0		0		255	
15	0		0		0		100	
16	0		0		0		210	
17	0		0		0		65	
18	0		0		0		195	
19	0		0		0		160	
20	0		0		225		225	
21	0		180		180		180	
22	0		0		0		325	
23	0		0		0		345	
24	0		0		0		220	
25	0		245		245		245	
26	0		0		0		135	
27	0		0		0		235	
28	0		0		0		240	
29	0		0		0		240	
30	0		0		0		210	
31	0		0		0		280	
32	0		0		0		180	
33	0		0		0		245	
34	0		0		0		285	
35	0		0		0		270	
36	0		0		0		220	
37	0		0		0		140	
38	0		0		0		205	
39	0		0		0		150	
40	0		0		0		190	
41	0		0		0		140	
42	0		0		0		140	
43	0		0		0		95	
44	0		0		0		185	
45	0		0		0		230	
46	0		0		0		225	
47	0		0		0		150	
48	0		0		0		255	
49	0		0		0		265	
50	0		0		0		145	
Store7
1	0		0		210		210	
2	0		0		0		375	
3	0		0		0		230	
4	0		0		0		310	
5	0		0		390		390	
6	0		0		0		280	
7	0		0		0		260	
8	0		0		0		0	
9	0		0		190		190	
10	0		180		180		180	
11	0		0		145		145	
12	0		0		0		190	
13	0		0		0		100	
14	0		0		45		45	
15	0		0		0		225	
16	0		0		0		240	
17	0		0		305		305	
18	0		0		0		225	
19	0		0		85		85	
20	0		0		0		85	
21	0		0		290		290	
22	0		0		175		175	
23	0		0		0		140	
24	0		0		0		90	
25	0		0		70		70	
26	0		0		0		200	
27	0		0		0		300	
28	0		0		0		250	
29	0		0		0		345	
30	0		0		0		215	
31	0		0		0		190	
32	0		0		0		130	
33	0		0		0		210	
34	0		0		0		145	
35	0		0		0		240	
36	0		0		0		115	
37	0		0		0		315	
38	0		0		0		200	
39	0		0		0		200	
40	0		0		0		260	
41	0		0		0		270	
42	0		0		0		220	
43	0		0		0		140	
44	0		0		0		250	
45	0		0		0		205	
46	0		0		0		250	
47	0		0		0		50	
48	0		0		0		315	
49	0		0		0		95	
50	0		0		0		0	
Store8
1	0		345		345		345	
2	0		0		0		185	
3	0		0		0		240	
4	0		0		200		200	
5	0		140		140		140	
6	0		0		0		240	
7	0		0		0		65	
8	0		0		0		140	
9	0		0		235		235	
10	0		0		320		320	
11	0		0		190		190	
12	0		0		0		85	
13	0		0		0		170	
14	0		0		425		425	
15	0		0		0		220	
16	0		0		0		305	
17	0		0		170		170	
18	0		0		0		180	
19	0		0		195		195	
20	0		0		285		285	
21	0		235		235		235	
22	0		30		30		30	
23	0		0		0		130	
24	0		0		0		55	
25	0		0		215		215	
26	0		0		0		250	
27	0		0		0		285	
28	0		0		0		205	
29	0		0		0		210	
30	0		0		0		105	
31	0		0		0		130	
32	0		0		0		210	
33	0		0		0		220	
34	0		0		0		205	
35	0		0		0		150	
36	0		0		0		65	
37	0		0		0		210	
38	0		0		0		280	
39	0		0		0		270	
40	0		0		0		285	
41	0		0		0		25	
42	0		0		0		150	
43	0		0		0		150	
44	0		0		0		175	
45	0		0		0		325	
46	0		0		0		205	
47	0		0		0		200	
48	0		0		0		270	
49	0		0		0		250	
50	0		0		0		180	
Store9
1	0		320		320		320	
2	0		0		0		310	
3	0		0		0		260	
4	0		155		155		155	
5	0		0		160		160	
6	0		0		0		205	
7	0		0		0		240	
8	0		0		280		280	
9	0		0		140		140	
10	0		0		120		120	
11	0		0		200		200	
12	0		0		200		200	
13	0		0		0		245	
14	0		0		230		230	
15	0		0		0		60	
16	0		0		0		145	
17	0		210		210		210	
18	0		0		0		250	
19	0		0		0		310	
20	0		0		285		285	
21	0		0		210		210	
22	0		0		325		325	
23	0		0		0		180	
24	0		0		0		295	
25	0		0		225		225	
26	0		0		0		230	
27	0		0		0		275	
28	0		0		0		100	
29	0		0		0		225	
30	0		0		0		225	
31	0		0		0		40	
32	0		0		0		225	
33	0		0		0		255	
34	0		0		0		205	
35	0		0		0		80	
36	0		0		0		225	
37	0		0		0		150	
38	0		0		0		125	
39	0		0		0		250	
40	0		0		0		0	
41	0		0		0		210	
42	0		0		0		80	
43	0		0		0		185	
44	0		0		0		100	
45	0		0		0		230	
46	0		0		0		200	
47	0		0		0		190	
48	0		0		0		215	
49	0		0		0		265	
50	0		0		0		170	
Store10
1	0		110		110		110	
2	0		0		0		225	
3	0		0		0		185	
4	0		205		205		205	
5	0		305		305		305	
6	0		0		0		160	
7	0		0		0		150	
8	0		0		0		125	
9	0		0		220		220	
10	0		0		0		110	
11	0		170		170		170	
12	0		0		295		295	
13	0		0		0		135	
14	0		0		0		220	
15	0		0		0		205	
16	0		0		0		225	
17	0		0		165		165	
18	0		0		0		160	
19	0		0		250		250	
20	0		0		185		185	
21	0		0		0		190	
22	0		0		255		255	
23	0		0		0		65	
24	0		0		0		40	
25	0		220		220		220	
26	0		0		0		205	
27	0		0		0		140	
28	0		0		0		170	
29	0		0		0		315	
30	0		0		0		255	
31	0		0		0		205	
32	0		0		0		285	
33	0		0		0		235	
34	0		0		0		320	
35	0		0		0		125	
36	0		0		0		15	
37	0		0		0		135	
38	0		0		0		195	
39	0		0		0		180	
40	0		0		0		285	
41	0		0		0		355	
42	0		0		0		225	
43	0		0		0		120	
44	0		0		0		235	
45	0		0		0		110	
46	0		0		0		210	
47	0		0		0		325	
48	0		0		0		130	
49	0		0		0		220	
50	0		0		0		145	


Fashion Shipments from Vendor to Warehouse (V T):
1.791897	0	0	0	
0	0	0	1.67243	

Printing New Basic Solution:

Inbound Solution (V P T):
1	1	3	1237
1	1	5	824
1	2	3	743
1	2	5	1114
1	3	3	624
1	3	5	1455
1	4	3	1540
1	4	5	385
1	5	3	195
1	5	5	1746
1	6	3	2005
1	7	3	1644
1	7	5	410
1	8	3	1837
1	8	5	204
1	9	3	2003
1	10	3	1609
1	10	5	402
1	11	3	1682
1	11	5	186
1	12	3	1179
1	12	5	785
1	13	3	201
1	13	5	1800
1	14	3	1299
1	14	5	556
1	15	3	838
1	15	5	1256
1	16	3	1206
1	16	5	804
2	17	3	2033
2	18	3	2003
2	19	3	2041
2	20	3	2046
2	21	3	2107
2	22	3	1708
2	23	3	2053
2	24	3	1920
2	25	3	1983
2	26	3	1849
2	27	3	1825
2	28	3	1965
2	29	3	2102
2	30	3	1929
2	31	3	1955
2	32	3	2049
3	33	2	2107
3	34	2	2361
3	35	2	2119
3	36	2	2034
3	37	2	1779
3	38	2	1910
3	39	2	2088
3	40	2	1890
3	41	2	1917
3	42	2	2021
3	43	2	2272
3	44	2	2123
3	45	2	2027
3	46	2	2131
3	47	2	1807
3	48	2	1982
3	49	2	1900
3	50	2	1947


Outbound Solution(S P T):
1	1	3	172
1	1	4	42
1	2	3	113
1	2	4	55
1	3	3	161
1	3	4	63
1	4	3	174
1	4	4	24
1	5	3	140
1	5	4	33
1	6	3	150
1	6	4	45
1	7	3	137
1	7	4	43
1	8	3	182
1	8	4	56
1	9	3	152
1	9	4	49
1	10	3	186
1	10	4	34
1	11	3	196
1	11	4	31
1	12	3	151
1	12	4	53
1	13	3	152
1	13	4	62
1	14	3	99
1	14	4	50
1	15	3	138
1	15	4	46
1	16	3	192
1	16	4	45
1	17	3	126
1	17	4	52
1	18	3	138
1	18	4	19
1	19	3	173
1	19	4	47
1	20	3	237
1	20	4	64
1	21	3	156
1	21	4	64
1	22	3	141
1	23	3	143
1	23	4	69
1	24	3	145
1	24	4	35
1	25	3	144
1	25	4	57
1	26	3	190
1	26	4	28
1	27	3	173
1	27	4	65
1	28	3	166
1	28	4	44
1	29	3	229
1	29	4	44
1	30	3	142
1	30	4	31
1	31	3	144
1	31	4	43
1	32	3	140
1	32	4	34
1	33	3	153
1	33	4	77
1	34	3	157
1	34	4	50
1	35	3	121
1	35	4	38
1	36	3	171
1	36	4	26
1	37	3	164
1	37	4	23
1	38	3	158
1	38	4	39
1	39	3	185
1	39	4	30
1	40	3	181
1	40	4	32
1	41	3	115
1	41	4	64
1	42	3	165
1	42	4	29
1	43	3	199
1	43	4	44
1	44	3	173
1	44	4	50
1	45	3	175
1	45	4	46
1	46	3	204
1	46	4	53
1	47	3	146
1	47	4	34
1	48	3	145
1	48	4	43
1	49	3	172
1	49	4	86
1	50	3	102
1	50	4	24
2	1	3	49
2	1	4	162
2	2	3	50
2	2	4	199
2	3	3	46
2	3	4	140
2	4	3	42
2	4	4	144
2	5	3	59
2	5	4	175
2	6	3	59
2	6	4	166
2	7	3	64
2	7	4	151
2	8	3	50
2	8	4	109
2	9	3	25
2	9	4	179
2	10	3	6
2	10	4	152
2	11	3	22
2	11	4	201
2	12	3	37
2	12	4	145
2	13	3	48
2	13	4	142
2	14	3	18
2	14	4	214
2	15	3	37
2	15	4	168
2	16	3	59
2	16	4	118
2	17	3	58
2	17	4	136
2	18	3	64
2	18	4	226
2	19	3	63
2	19	4	177
2	20	3	27
2	20	4	159
2	21	3	40
2	21	4	153
2	22	3	22
2	22	4	182
2	23	3	68
2	23	4	119
2	24	3	46
2	24	4	156
2	25	3	38
2	25	4	205
2	26	3	57
2	26	4	101
2	27	3	28
2	27	4	156
2	28	3	9
2	28	4	173
2	29	3	16
2	29	4	211
2	30	3	43
2	30	4	165
2	31	3	52
2	31	4	112
2	32	3	39
2	32	4	111
2	33	3	7
2	33	4	163
2	34	3	27
2	34	4	183
2	35	3	52
2	35	4	190
2	36	3	24
2	36	4	179
2	37	3	63
2	37	4	161
2	38	3	63
2	38	4	115
2	39	3	5
2	39	4	183
2	40	3	48
2	40	4	138
2	41	3	43
2	41	4	127
2	42	3	37
2	42	4	145
2	43	3	73
2	43	4	152
2	44	3	25
2	44	4	193
2	45	3	64
2	45	4	133
2	46	3	8
2	46	4	214
2	47	3	64
2	47	4	169
2	48	3	42
2	48	4	175
2	49	3	10
2	49	4	151
2	50	3	44
2	50	4	143
3	1	3	200
3	2	3	150
3	3	3	205
3	4	3	157
3	5	3	214
3	6	3	143
3	7	3	186
3	8	3	239
3	9	3	273
3	10	3	253
3	11	3	188
3	12	3	243
3	13	3	174
3	14	3	176
3	15	3	227
3	16	3	192
3	17	3	210
3	18	3	161
3	19	3	184
3	20	3	230
3	21	3	261
3	22	3	183
3	23	3	234
3	24	3	179
3	25	3	193
3	26	3	182
3	27	3	117
3	28	3	143
3	29	3	171
3	30	3	194
3	31	3	150
3	32	3	238
3	33	3	193
3	34	3	225
3	35	3	156
3	36	3	242
3	37	3	186
3	38	3	194
3	39	3	204
3	40	3	224
3	41	3	168
3	42	3	135
3	43	3	179
3	44	3	211
3	45	3	208
3	46	3	233
3	47	3	155
3	48	3	187
3	49	3	148
3	50	3	202
4	1	3	45
4	1	4	85
4	1	5	44
4	2	3	23
4	2	4	123
4	2	5	53
4	3	3	48
4	3	4	110
4	3	5	77
4	4	3	33
4	4	4	145
4	4	5	37
4	5	3	44
4	5	4	108
4	5	5	32
4	6	3	23
4	6	4	103
4	6	5	43
4	7	3	50
4	7	4	78
4	7	5	68
4	8	3	61
4	8	4	147
4	8	5	57
4	9	3	38
4	9	4	89
4	9	5	47
4	10	3	31
4	10	4	149
4	10	5	26
4	11	3	26
4	11	4	128
4	11	5	28
4	12	3	39
4	12	4	111
4	12	5	60
4	13	3	60
4	13	4	105
4	13	5	46
4	14	3	12
4	14	4	96
4	14	5	53
4	15	3	59
4	15	4	126
4	15	5	10
4	16	3	27
4	16	4	134
4	16	5	49
4	17	3	71
4	17	4	114
4	17	5	64
4	18	3	49
4	18	4	126
4	18	5	25
4	19	3	60
4	19	4	114
4	19	5	30
4	20	3	49
4	20	4	66
4	20	5	80
4	21	3	54
4	21	4	125
4	21	5	41
4	22	4	117
4	22	5	35
4	23	3	43
4	23	4	118
4	23	5	23
4	24	3	24
4	24	4	113
4	24	5	24
4	25	3	31
4	25	4	102
4	25	5	81
4	26	3	43
4	26	4	122
4	26	5	6
4	27	3	57
4	27	4	133
4	27	5	27
4	28	3	63
4	28	4	110
4	28	5	42
4	29	3	47
4	29	4	114
4	29	5	54
4	30	3	50
4	30	4	163
4	30	5	41
4	31	3	21
4	31	4	130
4	31	5	36
4	32	3	29
4	32	4	146
4	32	5	31
4	33	3	69
4	33	4	126
4	33	5	67
4	34	3	32
4	34	4	167
4	34	5	44
4	35	3	21
4	35	4	135
4	35	5	59
4	36	3	5
4	36	4	123
4	36	5	48
4	37	3	52
4	37	4	118
4	38	3	71
4	38	4	88
4	38	5	26
4	39	3	59
4	39	4	179
4	39	5	52
4	40	3	49
4	40	4	94
4	40	5	41
4	41	3	29
4	41	4	131
4	41	5	9
4	42	3	40
4	42	4	146
4	42	5	13
4	43	3	28
4	43	4	115
4	43	5	51
4	44	3	11
4	44	4	132
4	44	5	29
4	45	3	38
4	45	4	141
4	45	5	41
4	46	3	52
4	46	4	86
4	46	5	29
4	47	3	50
4	47	4	93
4	47	5	25
4	48	3	20
4	48	4	109
4	48	5	28
4	49	3	57
4	49	4	71
4	49	5	29
4	50	3	46
4	50	4	128
4	50	5	65
5	1	3	47
5	1	4	184
5	2	3	42
5	2	4	146
5	3	3	37
5	3	4	157
5	4	3	34
5	4	4	178
5	5	3	19
5	5	4	195
5	6	3	14
5	6	4	206
5	7	3	56
5	7	4	133
5	8	3	41
5	8	4	165
5	9	3	56
5	9	4	106
5	10	3	65
5	10	4	156
5	11	3	34
5	11	4	153
5	12	3	16
5	12	4	167
5	13	3	51
5	13	4	186
5	14	3	21
5	14	4	145
5	15	3	46
5	15	4	132
5	16	3	42
5	16	4	173
5	17	3	18
5	17	4	182
5	18	3	16
5	18	4	133
5	19	3	28
5	19	4	143
5	20	3	43
5	20	4	196
5	21	3	68
5	21	4	168
5	22	3	56
5	22	4	112
5	23	3	59
5	23	4	194
5	24	3	26
5	24	4	208
5	25	3	57
5	25	4	168
5	26	3	59
5	26	4	140
5	27	3	24
5	27	4	146
5	28	3	32
5	28	4	143
5	29	3	13
5	29	4	198
5	30	3	53
5	30	4	103
5	31	3	19
5	31	4	140
5	32	3	57
5	32	4	170
5	33	3	61
5	33	4	158
5	34	3	24
5	34	4	178
5	35	3	36
5	35	4	157
5	36	3	51
5	36	4	130
5	37	3	34
5	37	4	116
5	38	3	26
5	38	4	136
5	39	3	17
5	39	4	194
5	40	3	43
5	40	4	149
5	41	3	23
5	41	4	159
5	42	3	50
5	42	4	214
5	43	3	40
5	43	4	262
5	44	3	68
5	44	4	171
5	45	3	47
5	45	4	195
5	46	3	44
5	46	4	160
5	47	3	58
5	47	4	142
5	48	3	30
5	48	4	207
5	49	3	56
5	49	4	144
5	50	3	46
5	50	4	161
6	1	3	65
6	1	4	111
6	1	5	61
6	2	3	43
6	2	4	103
6	2	5	15
6	3	3	65
6	3	4	129
6	3	5	15
6	4	3	41
6	4	4	99
6	4	5	48
6	5	3	7
6	5	4	147
6	5	5	24
6	6	3	42
6	6	4	133
6	6	5	43
6	7	3	21
6	7	4	152
6	7	5	48
6	8	3	39
6	8	4	88
6	8	5	69
6	9	3	30
6	9	4	146
6	9	5	37
6	10	3	26
6	10	4	116
6	10	5	37
6	11	3	33
6	11	4	98
6	11	5	30
6	12	3	39
6	12	4	72
6	12	5	47
6	13	3	80
6	13	4	78
6	13	5	17
6	14	3	28
6	14	4	130
6	14	5	15
6	15	3	56
6	15	4	149
6	15	5	33
6	16	3	66
6	16	4	107
6	16	5	67
6	17	3	75
6	17	4	131
6	17	5	60
6	18	3	51
6	18	4	97
6	18	5	43
6	19	3	39
6	19	4	115
6	19	5	62
6	20	3	29
6	20	4	97
6	20	5	39
6	21	3	55
6	21	4	118
6	21	5	52
6	22	3	23
6	22	4	77
6	22	5	33
6	23	3	34
6	23	4	108
6	23	5	39
6	24	3	47
6	24	4	92
6	24	5	40
6	25	3	19
6	25	4	75
6	25	5	55
6	26	3	34
6	26	4	119
6	27	3	27
6	27	4	98
6	27	5	27
6	28	3	57
6	28	4	148
6	28	5	19
6	29	3	17
6	29	4	174
6	29	5	39
6	30	3	41
6	30	4	113
6	30	5	37
6	31	3	34
6	31	4	114
6	31	5	85
6	32	3	51
6	32	4	136
6	32	5	88
6	33	3	66
6	33	4	129
6	33	5	17
6	34	3	45
6	34	4	170
6	34	5	39
6	35	3	51
6	35	4	156
6	35	5	66
6	36	3	59
6	36	4	108
6	36	5	18
6	37	3	24
6	37	4	146
6	37	5	25
6	38	3	30
6	38	4	98
6	38	5	33
6	39	3	52
6	39	4	96
6	39	5	44
6	40	3	20
6	40	4	85
6	40	5	46
6	41	3	37
6	41	4	121
6	41	5	41
6	42	3	33
6	42	4	151
6	42	5	53
6	43	3	35
6	43	4	180
6	43	5	28
6	44	3	62
6	44	4	125
6	44	5	56
6	45	3	30
6	45	4	104
6	45	5	43
6	46	3	59
6	46	4	139
6	46	5	19
6	47	3	24
6	47	4	133
6	47	5	19
6	48	3	45
6	48	4	113
6	48	5	40
6	49	3	36
6	49	4	132
6	49	5	54
6	50	3	46
6	50	4	121
6	50	5	32
7	1	3	21
7	1	4	147
7	2	3	40
7	2	4	82
7	3	3	6
7	3	4	162
7	4	3	28
7	4	4	167
7	5	3	14
7	5	4	108
7	6	3	73
7	6	4	87
7	7	3	50
7	7	4	188
7	8	3	34
7	8	4	166
7	9	3	34
7	9	4	154
7	10	3	62
7	10	4	125
7	11	3	51
7	11	4	132
7	12	3	23
7	12	4	184
7	13	3	34
7	13	4	146
7	14	3	24
7	14	4	173
7	15	3	41
7	15	4	181
7	16	3	46
7	16	4	165
7	17	3	34
7	17	4	115
7	18	3	37
7	18	4	119
7	19	3	52
7	19	4	154
7	20	3	18
7	20	4	176
7	21	3	42
7	21	4	143
7	22	3	46
7	22	4	136
7	23	3	56
7	23	4	133
7	24	3	48
7	24	4	110
7	25	3	68
7	25	4	174
7	26	3	49
7	26	4	139
7	27	3	40
7	27	4	115
7	28	3	9
7	28	4	187
7	29	3	40
7	29	4	169
7	30	3	77
7	30	4	157
7	31	3	67
7	31	4	157
7	32	3	46
7	32	4	172
7	33	3	43
7	33	4	171
7	34	3	43
7	34	4	256
7	35	3	51
7	35	4	221
7	36	3	34
7	36	4	180
7	37	3	51
7	37	4	153
7	38	3	26
7	38	4	162
7	39	3	10
7	39	4	179
7	40	3	39
7	40	4	177
7	41	3	64
7	41	4	203
7	42	3	33
7	42	4	180
7	43	3	35
7	43	4	225
7	44	3	45
7	44	4	174
7	45	3	34
7	45	4	141
7	46	3	44
7	46	4	156
7	47	3	20
7	47	4	144
7	48	3	56
7	48	4	181
7	49	3	45
7	49	4	164
7	50	3	61
7	50	4	143
8	1	3	52
8	1	4	136
8	2	3	78
8	2	4	98
8	3	3	97
8	3	4	141
8	4	3	43
8	4	4	123
8	5	3	82
8	5	4	148
8	6	3	101
8	6	4	99
8	7	3	86
8	7	4	101
8	8	3	60
8	8	4	106
8	9	3	51
8	9	4	147
8	10	3	122
8	10	4	96
8	11	3	75
8	11	4	150
8	12	3	85
8	12	4	88
8	13	3	91
8	13	4	131
8	14	3	129
8	14	4	99
8	15	3	118
8	15	4	114
8	16	3	32
8	16	4	59
8	17	3	104
8	17	4	120
8	18	3	136
8	18	4	133
8	19	3	75
8	19	4	97
8	20	3	83
8	20	4	95
8	21	3	81
8	21	4	132
8	22	3	60
8	22	4	135
8	23	3	67
8	23	4	170
8	24	3	79
8	24	4	93
8	25	3	57
8	25	4	121
8	26	3	103
8	26	4	131
8	27	3	73
8	27	4	117
8	28	3	114
8	28	4	101
8	29	3	59
8	29	4	118
8	30	3	95
8	30	4	124
8	31	3	81
8	31	4	113
8	32	3	56
8	32	4	95
8	33	3	79
8	33	4	93
8	34	3	92
8	34	4	91
8	35	3	42
8	35	4	128
8	36	3	81
8	36	4	165
8	37	3	49
8	37	4	127
8	38	3	88
8	38	4	147
8	39	3	99
8	39	4	132
8	40	3	51
8	40	4	117
8	41	3	57
8	41	4	129
8	42	3	77
8	42	4	113
8	43	3	113
8	43	4	119
8	44	3	54
8	44	4	173
8	45	3	75
8	45	4	97
8	46	3	83
8	46	4	84
8	47	3	78
8	47	4	128
8	48	3	52
8	48	4	117
8	49	3	72
8	49	4	111
8	50	3	99
8	50	4	106
9	1	3	134
9	1	4	74
9	2	3	154
9	2	4	23
9	3	3	106
9	3	4	113
9	4	3	121
9	4	4	79
9	5	3	101
9	5	4	84
9	6	3	129
9	6	4	87
9	7	3	147
9	7	4	111
9	8	3	110
9	8	4	78
9	9	3	121
9	9	4	63
9	10	3	64
9	10	4	71
9	11	3	81
9	11	4	72
9	12	3	101
9	12	4	62
9	13	3	146
9	13	4	54
9	14	3	123
9	14	4	62
9	15	3	121
9	15	4	71
9	16	3	159
9	16	4	92
9	17	3	111
9	17	4	79
9	18	3	123
9	18	4	84
9	19	3	192
9	19	4	81
9	20	3	95
9	20	4	61
9	21	3	126
9	21	4	82
9	22	3	127
9	22	4	66
9	23	3	153
9	23	4	56
9	24	3	135
9	24	4	64
9	25	3	119
9	25	4	75
9	26	3	116
9	26	4	83
9	27	3	138
9	27	4	77
9	28	3	139
9	28	4	97
9	29	3	91
9	29	4	105
9	30	3	97
9	30	4	72
9	31	3	141
9	31	4	112
9	32	3	115
9	32	4	101
9	33	3	83
9	33	4	109
9	34	3	161
9	34	4	125
9	35	3	149
9	35	4	61
9	36	3	93
9	36	4	100
9	37	3	43
9	37	4	81
9	38	3	98
9	38	4	87
9	39	3	96
9	39	4	86
9	40	3	94
9	40	4	62
9	41	3	145
9	41	4	116
9	42	3	114
9	42	4	87
9	43	3	117
9	43	4	76
9	44	3	112
9	44	4	104
9	45	3	179
9	45	4	54
9	46	3	123
9	46	4	106
9	47	3	54
9	47	4	96
9	48	3	119
9	48	4	69
9	49	3	110
9	49	4	83
9	50	3	101
9	50	4	82
10	1	3	113
10	1	4	117
10	2	3	103
10	2	4	164
10	3	3	106
10	3	4	95
10	4	3	127
10	4	4	81
10	5	3	71
10	5	4	136
10	6	3	74
10	6	4	185
10	7	3	81
10	7	4	103
10	8	3	80
10	8	4	104
10	9	3	80
10	9	4	126
10	10	3	42
10	10	4	192
10	11	3	55
10	11	4	84
10	12	3	99
10	12	4	142
10	13	3	62
10	13	4	136
10	14	3	91
10	14	4	97
10	15	3	100
10	15	4	121
10	16	3	77
10	16	4	109
10	17	3	77
10	17	4	96
10	18	3	100
10	18	4	123
10	19	3	77
10	19	4	78
10	20	3	65
10	20	4	137
10	21	3	71
10	21	4	75
10	22	3	53
10	22	4	104
10	23	3	75
10	23	4	92
10	24	3	96
10	24	4	160
10	25	3	71
10	25	4	73
10	26	3	62
10	26	4	85
10	27	3	92
10	27	4	95
10	28	3	66
10	28	4	103
10	29	3	70
10	29	4	123
10	30	3	52
10	30	4	79
10	31	3	66
10	31	4	138
10	32	3	62
10	32	4	132
10	33	3	83
10	33	4	160
10	34	3	107
10	34	4	145
10	35	3	85
10	35	4	144
10	36	3	82
10	36	4	115
10	37	3	55
10	37	4	108
10	38	3	66
10	38	4	159
10	39	3	93
10	39	4	93
10	40	3	99
10	40	4	101
10	41	3	49
10	41	4	87
10	42	3	80
10	42	4	126
10	43	3	87
10	43	4	114
10	44	3	43
10	44	4	112
10	45	3	83
10	45	4	99
10	46	3	127
10	46	4	108
10	47	3	66
10	47	4	109
10	48	3	91
10	48	4	113
10	49	3	58
10	49	4	111
10	50	3	69
10	50	4	126


Warehouse Inventory (W P T):
1	719		719		719		1058		0		719	
2	1046		1046		1046		993		0		1046	
3	1363		1363		1363		1110		0		1363	
4	300		300		300		1040		0		300	
5	1690		1690		1690		1134		0		1690	
6	0		0		0		1197		86		0	
7	294		294		294		1060		0		294	
8	78		78		78		1019		0		78	
9	0		0		0		1143		84		0	
10	339		339		339		1091		0		339	
11	128		128		128		1049		0		128	
12	678		678		678		1024		0		678	
13	1737		1737		1737		1040		0		1737	
14	488		488		488		1066		0		488	
15	1213		1213		1213		1108		0		1213	
16	688		688		688		1002		0		688	
17	0		0		0		1149		124		0	
18	0		0		0		1128		68		0	
19	0		0		0		1098		92		0	
20	0		0		0		1170		119		0	
21	0		0		0		1153		93		0	
22	0		0		0		997		68		0	
23	0		0		0		1121		62		0	
24	0		0		0		1095		64		0	
25	0		0		0		1186		136		0	
26	0		0		0		954		6		0	
27	0		0		0		1056		54		0	
28	0		0		0		1167		61		0	
29	0		0		0		1349		93		0	
30	0		0		0		1085		78		0	
31	0		0		0		1180		121		0	
32	0		0		0		1216		119		0	
33	0		0		2107		1270		84		0	
34	0		0		2361		1448		83		0	
35	0		0		2119		1355		125		0	
36	0		0		2034		1192		66		0	
37	0		0		1779		1058		25		0	
38	0		0		1910		1090		59		0	
39	0		0		2088		1268		96		0	
40	0		0		1890		1042		87		0	
41	0		0		1917		1187		50		0	
42	0		0		2021		1257		66		0	
43	0		0		2272		1366		79		0	
44	0		0		2123		1319		85		0	
45	0		0		2027		1094		84		0	
46	0		0		2131		1154		48		0	
47	0		0		1807		1092		44		0	
48	0		0		1982		1195		68		0	
49	0		0		1900		1136		83		0	
50	0		0		1947		1131		97		0	

Store Inventory (S P T):
Store1
1	101		69		0		143		143		101	
2	83		35		0		113		138		83	
3	92		51		0		128		155		92	
4	90		45		0		123		114		90	
5	112		80		0		134		145		112	
6	60		60		0		106		105		60	
7	23		23		0		89		66		23	
8	114		71		0		143		170		114	
9	76		50		0		108		125		76	
10	71		43		0		119		105		71	
11	104		60		0		146		135		104	
12	70		26		0		119		123		70	
13	80		54		0		95		142		80	
14	77		15		0		99		127		77	
15	90		47		0		108		136		90	
16	76		45		0		124		121		76	
17	68		28		0		86		120		68	
18	81		38		0		111		100		81	
19	102		42		0		163		149		102	
20	130		85		0		182		194		130	
21	65		27		0		123		129		65	
22	49		38		0		81		49		49	
23	84		34		0		91		153		84	
24	60		33		0		121		95		60	
25	46		0		0		102		103		46	
26	105		42		0		157		133		105	
27	91		38		0		129		156		91	
28	84		49		0		125		128		84	
29	93		29		0		164		137		93	
30	69		19		0		109		100		69	
31	105		39		0		133		148		105	
32	75		39		0		110		109		75	
33	79		22		0		119		156		79	
34	90		31		0		113		140		90	
35	59		24		0		116		97		59	
36	92		42		0		119		118		92	
37	89		52		0		121		112		89	
38	68		33		0		122		107		68	
39	98		34		0		140		128		98	
40	119		62		0		152		151		119	
41	44		25		0		63		108		44	
42	97		53		0		126		126		97	
43	116		66		0		150		160		116	
44	73		27		0		127		123		73	
45	84		47		0		150		130		84	
46	111		56		0		167		164		111	
47	93		58		0		102		127		93	
48	94		27		0		135		137		94	
49	100		51		0		142		186		100	
50	48		32		0		65		72		48	
Store2
1	75		31		0		0		113		75	
2	110		57		0		0		157		110	
3	68		15		0		0		113		68	
4	54		35		0		0		126		54	
5	82		42		0		0		142		82	
6	66		40		0		0		104		66	
7	97		46		0		0		128		97	
8	77		18		0		0		109		77	
9	107		43		0		0		158		107	
10	71		33		0		0		90		71	
11	122		81		0		0		151		122	
12	74		13		0		0		96		74	
13	109		61		0		0		120		109	
14	100		68		0		0		175		100	
15	76		21		0		0		122		76	
16	61		30		0		0		106		61	
17	67		40		0		0		117		67	
18	90		39		0		0		146		90	
19	77		26		0		0		118		77	
20	77		33		0		0		112		77	
21	98		33		0		0		115		98	
22	88		41		0		0		133		88	
23	46		25		0		0		64		46	
24	68		24		0		0		114		68	
25	96		45		0		0		134		96	
26	54		12		0		0		67		54	
27	74		31		0		0		93		74	
28	69		16		0		0		129		69	
29	114		65		0		0		126		114	
30	99		35		0		0		117		99	
31	53		31		0		0		92		53	
32	29		15		0		0		75		29	
33	99		48		0		0		128		99	
34	109		53		0		0		142		109	
35	82		55		0		0		155		82	
36	97		40		0		0		132		97	
37	79		45		0		0		94		79	
38	67		41		0		0		80		67	
39	74		33		0		0		127		74	
40	48		36		0		0		115		48	
41	68		34		0		0		116		68	
42	54		28		0		0		88		54	
43	65		44		0		0		104		65	
44	104		41		0		0		159		104	
45	85		50		0		0		121		85	
46	132		63		0		0		182		132	
47	133		68		0		0		169		133	
48	86		41		0		0		100		86	
49	70		29		0		0		123		70	
50	62		25		0		0		105		62	
Store3
1	86		54		0		175		131		86	
2	51		38		0		140		108		51	
3	58		10		0		152		96		58	
4	51		32		0		113		90		51	
5	66		35		0		168		128		66	
6	42		34		0		114		83		42	
7	60		43		0		142		106		60	
8	106		69		0		180		120		106	
9	94		48		0		200		139		94	
10	114		59		0		224		181		114	
11	71		50		0		149		106		71	
12	124		61		0		195		158		124	
13	66		55		0		138		104		66	
14	64		26		0		146		108		64	
15	91		45		0		188		151		91	
16	52		1		0		127		61		52	
17	75		41		0		147		131		75	
18	68		32		0		134		87		68	
19	70		32		0		153		101		70	
20	98		46		0		205		173		98	
21	120		76		0		218		186		120	
22	61		29		0		124		105		61	
23	85		73		0		203		137		85	
24	52		42		0		152		126		52	
25	89		31		0		157		128		89	
26	83		53		0		162		111		83	
27	38		31		0		91		65		38	
28	69		34		0		143		118		69	
29	79		38		0		136		96		79	
30	86		60		0		153		117		86	
31	54		23		0		117		91		54	
32	101		47		0		198		145		101	
33	69		23		0		145		109		69	
34	80		48		0		179		121		80	
35	47		21		0		125		77		47	
36	114		59		0		204		132		114	
37	58		33		0		146		101		58	
38	85		37		0		158		144		85	
39	90		37		0		175		124		90	
40	103		58		0		170		154		103	
41	40		19		0		137		80		40	
42	46		37		0		108		62		46	
43	66		18		0		146		107		66	
44	80		37		0		174		135		80	
45	105		46		0		207		144		105	
46	88		59		0		200		173		88	
47	77		50		0		149		107		77	
48	75		36		0		175		121		75	
49	68		40		0		123		69		68	
50	88		53		0		174		117		88	
Store4
1	80		42		0		0		80		80	
2	99		32		0		0		99		99	
3	78		25		0		0		78		78	
4	90		47		0		0		90		90	
5	68		35		0		0		68		68	
6	67		18		0		0		67		67	
7	71		28		0		0		71		71	
8	100		58		0		0		100		100	
9	57		18		0		0		57		57	
10	104		69		0		0		104		104	
11	90		34		0		0		90		90	
12	90		51		0		0		90		90	
13	78		36		0		0		78		78	
14	55		6		0		0		55		55	
15	92		45		0		0		92		92	
16	86		46		0		0		86		86	
17	85		37		0		0		85		85	
18	78		57		0		0		78		78	
19	60		52		0		0		60		60	
20	42		31		0		0		42		42	
21	83		60		0		0		83		83	
22	70		18		0		0		70		70	
23	102		62		0		0		102		102	
24	62		14		0		0		62		62	
25	61		17		0		0		61		61	
26	70		34		0		0		70		70	
27	112		58		0		0		112		112	
28	90		49		0		0		90		90	
29	75		27		0		0		75		75	
30	144		57		0		0		144		144	
31	78		31		0		0		78		78	
32	94		50		0		0		94		94	
33	80		21		0		0		80		80	
34	104		49		0		0		104		104	
35	103		53		0		0		103		103	
36	66		37		0		0		66		66	
37	81		44		0		0		81		81	
38	63		48		0		0		63		63	
39	106		65		0		0		106		106	
40	51		27		0		0		51		51	
41	93		76		0		0		93		93	
42	90		56		0		0		90		90	
43	82		52		0		0		82		82	
44	106		68		0		0		106		106	
45	62		42		0		0		62		62	
46	63		19		0		0		63		63	
47	88		46		0		0		88		88	
48	94		47		0		0		94		94	
49	54		21		0		0		54		54	
50	104		28		0		0		104		104	
Store5
1	69		37		0		0		114		69	
2	63		31		0		0		67		63	
3	105		63		0		0		122		105	
4	70		46		0		0		125		70	
5	93		47		0		0		154		93	
6	105		49		0		0		161		105	
7	44		20		0		0		92		44	
8	107		37		0		0		130		107	
9	57		15		0		0		75		57	
10	101		58		0		0		140		101	
11	75		33		0		0		121		75	
12	75		21		0		0		130		75	
13	88		37		0		0		138		88	
14	70		36		0		0		119		70	
15	61		27		0		0		83		61	
16	83		49		0		0		141		83	
17	81		49		0		0		132		81	
18	66		14		0		0		116		66	
19	82		49		0		0		129		82	
20	92		56		0		0		144		92	
21	79		36		0		0		119		79	
22	80		30		0		0		83		80	
23	128		72		0		0		129		128	
24	106		30		0		0		156		106	
25	80		43		0		0		119		80	
26	56		14		0		0		107		56	
27	60		23		0		0		98		60	
28	52		45		0		0		93		52	
29	97		57		0		0		170		97	
30	34		34		0		0		71		34	
31	103		59		0		0		124		103	
32	92		55		0		0		121		92	
33	61		29		0		0		111		61	
34	88		50		0		0		135		88	
35	71		9		0		0		130		71	
36	72		35		0		0		92		72	
37	55		7		0		0		75		55	
38	42		11		0		0		103		42	
39	96		48		0		0		134		96	
40	83		31		0		0		131		83	
41	56		19		0		0		117		56	
42	109		51		0		0		158		109	
43	140		73		0		0		208		140	
44	92		42		0		0		153		92	
45	68		40		0		0		116		68	
46	46		17		0		0		106		46	
47	102		35		0		0		123		102	
48	121		56		0		0		174		121	
49	69		40		0		0		116		69	
50	56		32		0		0		108		56	
Store6
1	56		26		0		0		56		56	
2	71		34		0		0		71		71	
3	84		30		0		0		84		84	
4	58		41		0		0		58		58	
5	102		50		0		0		102		102	
6	92		30		0		0		92		92	
7	114		53		0		0		114		114	
8	59		42		0		0		59		59	
9	96		39		0		0		96		96	
10	67		31		0		0		67		67	
11	56		8		0		0		56		56	
12	39		21		0		0		39		39	
13	40		26		0		0		40		40	
14	58		30		0		0		58		58	
15	95		54		0		0		95		95	
16	71		31		0		0		71		71	
17	94		31		0		0		94		94	
18	75		27		0		0		75		75	
19	52		25		0		0		52		52	
20	65		18		0		0		65		65	
21	74		52		0		0		74		74	
22	45		30		0		0		45		45	
23	84		26		0		0		84		84	
24	58		33		0		0		58		58	
25	44		20		0		0		44		44	
26	75		44		0		0		75		75	
27	77		35		0		0		77		77	
28	91		60		0		0		91		91	
29	107		51		0		0		107		107	
30	68		29		0		0		68		68	
31	79		47		0		0		79		79	
32	90		39		0		0		90		90	
33	90		45		0		0		90		90	
34	104		52		0		0		104		104	
35	114		49		0		0		114		114	
36	52		21		0		0		52		52	
37	100		63		0		0		100		100	
38	70		0		0		0		70		70	
39	78		31		0		0		78		78	
40	60		42		0		0		60		60	
41	74		42		0		0		74		74	
42	94		38		0		0		94		94	
43	126		55		0		0		126		126	
44	75		53		0		0		75		75	
45	77		40		0		0		77		77	
46	81		34		0		0		81		81	
47	94		64		0		0		94		94	
48	90		17		0		0		90		90	
49	98		63		0		0		98		98	
50	65		35		0		0		65		65	
Store7
1	77		39		0		0		111		77	
2	34		0		0		0		40		34	
3	102		34		0		0		127		102	
4	95		37		0		0		124		95	
5	61		36		0		0		105		61	
6	37		0		0		0		74		37	
7	117		59		0		0		135		117	
8	44		18		0		0		96		44	
9	87		54		0		0		137		87	
10	74		10		0		0		93		74	
11	42		33		0		0		89		42	
12	98		45		0		0		152		98	
13	107		55		0		0		129		107	
14	95		39		0		0		115		95	
15	93		23		0		0		142		93	
16	114		62		0		0		125		114	
17	69		48		0		0		92		69	
18	52		29		0		0		118		52	
19	50		34		0		0		80		50	
20	105		69		0		0		143		105	
21	78		23		0		0		104		78	
22	78		40		0		0		111		78	
23	60		31		0		0		89		60	
24	84		40		0		0		110		84	
25	93		66		0		0		124		93	
26	56		37		0		0		96		56	
27	74		31		0		0		108		74	
28	87		56		0		0		142		87	
29	84		29		0		0		128		84	
30	54		7		0		0		95		54	
31	91		44		0		0		122		91	
32	87		59		0		0		130		87	
33	95		55		0		0		142		95	
34	124		54		0		0		194		124	
35	107		43		0		0		176		107	
36	86		39		0		0		106		86	
37	103		55		0		0		153		103	
38	63		16		0		0		117		63	
39	61		28		0		0		111		61	
40	98		36		0		0		134		98	
41	101		43		0		0		133		101	
42	121		44		0		0		165		121	
43	92		32		0		0		151		92	
44	121		66		0		0		142		121	
45	88		41		0		0		120		88	
46	62		33		0		0		100		62	
47	93		44		0		0		121		93	
48	88		66		0		0		148		88	
49	87		29		0		0		137		87	
50	83		46		0		0		123		83	
Store8
1	92		57		0		17		109		92	
2	58		15		0		11		69		58	
3	91		52		0		36		127		91	
4	95		44		0		1		96		95	
5	104		71		0		46		150		104	
6	99		56		0		33		132		99	
7	75		40		0		33		108		75	
8	57		32		0		25		82		57	
9	80		45		0		14		94		80	
10	57		33		0		74		131		57	
11	126		64		0		54		180		126	
12	57		20		0		47		104		57	
13	97		50		0		57		154		97	
14	61		56		0		57		118		61	
15	114		46		0		45		159		114	
16	47		25		0		1		48		47	
17	76		50		0		56		132		76	
18	85		40		0		69		154		85	
19	78		23		0		35		113		78	
20	64		46		0		63		127		64	
21	88		41		0		61		149		88	
22	94		51		0		26		120		94	
23	117		62		0		19		136		117	
24	58		19		0		33		91		58	
25	43		43		0		9		52		43	
26	81		47		0		66		147		81	
27	65		42		0		38		103		65	
28	64		24		0		59		123		64	
29	78		42		0		25		103		78	
30	71		29		0		74		145		71	
31	76		29		0		28		104		76	
32	44		26		0		30		74		44	
33	71		46		0		38		109		71	
34	59		25		0		23		82		59	
35	86		47		0		5		91		86	
36	122		65		0		34		156		122	
37	86		56		0		19		105		86	
38	110		75		0		51		161		110	
39	70		24		0		57		127		70	
40	69		17		0		36		105		69	
41	73		31		0		32		105		73	
42	68		33		0		35		103		68	
43	69		26		0		53		122		69	
44	123		42		0		29		152		123	
45	57		33		0		42		99		57	
46	62		30		0		26		88		62	
47	78		21		0		44		122		78	
48	96		20		0		24		120		96	
49	99		59		0		40		139		99	
50	65		24		0		42		107		65	
Store9
1	61		36		0		84		109		61	
2	81		58		0		104		127		81	
3	115		60		0		92		147		115	
4	79		32		0		64		111		79	
5	66		38		0		77		105		66	
6	79		42		0		79		116		79	
7	83		42		0		99		140		83	
8	101		38		0		61		124		101	
9	73		49		0		93		117		73	
10	54		14		0		45		85		54	
11	76		34		0		52		94		76	
12	84		42		0		71		113		84	
13	68		36		0		81		113		68	
14	101		61		0		78		118		101	
15	91		54		0		93		130		91	
16	86		46		0		107		147		86	
17	66		31		0		65		100		66	
18	83		35		0		84		132		83	
19	101		63		0		111		149		101	
20	58		34		0		43		67		58	
21	99		50		0		98		147		99	
22	63		43		0		76		96		63	
23	45		11		0		64		98		45	
24	96		51		0		100		145		96	
25	74		32		0		60		102		74	
26	66		17		0		69		118		66	
27	106		48		0		97		155		106	
28	106		49		0		87		144		106	
29	80		25		0		38		93		80	
30	78		34		0		53		97		78	
31	97		40		0		88		145		97	
32	81		47		0		82		116		81	
33	65		32		0		59		92		65	
34	83		34		0		80		129		83	
35	87		56		0		113		144		87	
36	96		45		0		80		131		96	
37	67		19		0		28		76		67	
38	53		24		0		81		110		53	
39	59		25		0		75		109		59	
40	71		31		0		67		107		71	
41	106		53		0		100		153		106	
42	95		38		0		79		136		95	
43	78		30		0		80		128		78	
44	91		41		0		78		128		91	
45	70		52		0		110		128		70	
46	96		32		0		68		132		96	
47	59		7		0		17		69		59	
48	51		30		0		77		98		51	
49	89		39		0		89		139		89	
50	69		25		0		88		132		69	
Store10
1	86		36		0		72		158		86	
2	95		18		0		78		173		95	
3	45		6		0		65		110		45	
4	81		38		0		61		142		81	
5	82		53		0		23		105		82	
6	109		46		0		27		136		109	
7	64		21		0		42		106		64	
8	70		57		0		42		112		70	
9	94		57		0		40		134		94	
10	122		73		0		22		144		122	
11	34		20		0		10		44		34	
12	100		50		0		42		142		100	
13	94		56		0		31		125		94	
14	82		53		0		53		135		82	
15	81		26		0		54		135		81	
16	87		37		0		47		134		87	
17	75		51		0		30		105		75	
18	91		36		0		50		141		91	
19	23		15		0		20		43		23	
20	113		56		0		32		145		113	
21	32		29		0		46		78		32	
22	82		43		0		15		97		82	
23	50		37		0		51		101		50	
24	111		58		0		36		147		111	
25	67		37		0		45		112		67	
26	41		36		0		62		103		41	
27	54		23		0		50		104		54	
28	66		40		0		31		97		66	
29	81		32		0		39		120		81	
30	37		26		0		28		65		37	
31	84		52		0		21		105		84	
32	90		40		0		28		118		90	
33	95		49		0		40		135		95	
34	94		38		0		36		130		94	
35	103		41		0		38		141		103	
36	88		32		0		35		123		88	
37	97		50		0		21		118		97	
38	95		51		0		15		110		95	
39	60		41		0		43		103		60	
40	56		17		0		46		102		56	
41	73		45		0		37		110		73	
42	69		32		0		18		87		69	
43	67		35		0		39		106		67	
44	90		40		0		25		115		90	
45	59		42		0		30		89		59	
46	94		61		0		78		172		94	
47	58		36		0		11		69		58	
48	85		53		0		57		142		85	
49	39		30		0		41		80		39	
50	67		39		0		27		94		67	


Shipments from Vendor to Warehouse (V T):
0	0	0.7460719	0	0.4478187	
0	0	1.14726	0	0	
0	1.357151	0	0	0	

Shipments from Warehouse to Stores (S T):
1	3	0.3311167
1	4	0.1497947
1	5	0.26523
2	3	0.08987732
2	4	0.3798474
2	5	0.2158033
3	3	0.377756
3	4	0.04157333
3	5	0.2647167
4	3	0.1248507
4	4	0.2651793
4	5	0.3319913
5	3	0.08720333
5	4	0.3641246
5	5	0.3107234
6	3	0.1186007
6	4	0.2532407
6	5	0.3631133
7	3	0.08743733
7	4	0.3507186
7	5	0.2748433
8	3	0.1685073
8	4	0.3067633
8	5	0.22227
9	3	0.2362827
9	4	0.2475667
9	5	0.2263267
10	3	0.1775913
10	4	0.265512
10	5	0.2640666


Required Putaway workers (Sol T):
3	2	3	3	1	

No of required pickers (T):
0	0	7	9	10	

No of part-time putaway workers (T):
1	0	1	1	0	

No of part-time pickers (T):
0	0	0	2	3	

Best Putaway Technology: 2400
Best Picking Technology: 1000

Required Fashion Putaway Hours:
20.86667	0	0	21.00417	0	

Required Basic Putaway Hours:
0	15.17292	21.42083	0	4.969584	

Required Total Putaway Hours:
20.86667	15.17292	21.42083	21.00417	4.969584	

No of required fashion pick hours:
0	0	7.195	17.365	75.93	

No of required basic pick hours:
0	0	41.694	54.035	4.023	

No of required total pick hours:
0	0	48.889	71.4	79.953	

List of all the costs: 
MHECost		481
PutawayTechCost		3540
PickingTechCost		9130
WhBasicInvCost		1284.47
BasicInbCost		9539.68
WhFashionInvCost		2189.75
FashionInbCost		10567.5
PutawayCost		3920
StoreBasicInvCost		6863.15
StoreFashionInvCost		6612.25
OutboundCost		23663.31
PickingCost		12400
Total		90191.12

List of Top5 Technologies: 
Tech1		3	6	$ 90191.12
Tech2		2	6	$ 92559.38
Tech3		2	5	$ 102674.1
Tech4		2	1	$ 181587.3
Tech5		1	1	$ 192295.8
The start time is 12/30/2014 5:15:25 PM
The End time is 12/30/2014 5:16:19 PM
