WarehouseVolume:[
(1)	[100000000]
]
StoreVolume:[
(1)	[10000000]
(2)	[10000000]
(3)	[10000000]
(4)	[10000000]
(5)	[10000000]
(6)	[10000000]
(7)	[10000000]
(8)	[10000000]
(9)	[10000000]
(10)	[10000000]
]
StoreDemand:[
(1	1	1)	[32]
(1	1	2)	[69]
(1	1	3)	[29]
(1	1	4)	[42]
(1	1	5)	[42]
(1	2	1)	[48]
(1	2	2)	[35]
(1	2	3)	[0]
(1	2	4)	[30]
(1	2	5)	[55]
(1	3	1)	[41]
(1	3	2)	[51]
(1	3	3)	[33]
(1	3	4)	[36]
(1	3	5)	[63]
(1	4	1)	[45]
(1	4	2)	[45]
(1	4	3)	[51]
(1	4	4)	[33]
(1	4	5)	[24]
(1	5	1)	[32]
(1	5	2)	[80]
(1	5	3)	[6]
(1	5	4)	[22]
(1	5	5)	[33]
(1	6	1)	[0]
(1	6	2)	[60]
(1	6	3)	[44]
(1	6	4)	[46]
(1	6	5)	[45]
(1	7	1)	[0]
(1	7	2)	[23]
(1	7	3)	[48]
(1	7	4)	[66]
(1	7	5)	[43]
(1	8	1)	[43]
(1	8	2)	[71]
(1	8	3)	[39]
(1	8	4)	[29]
(1	8	5)	[56]
(1	9	1)	[26]
(1	9	2)	[50]
(1	9	3)	[44]
(1	9	4)	[32]
(1	9	5)	[49]
(1	10	1)	[28]
(1	10	2)	[43]
(1	10	3)	[67]
(1	10	4)	[48]
(1	10	5)	[34]
(1	11	1)	[44]
(1	11	2)	[60]
(1	11	3)	[50]
(1	11	4)	[42]
(1	11	5)	[31]
(1	12	1)	[44]
(1	12	2)	[26]
(1	12	3)	[32]
(1	12	4)	[49]
(1	12	5)	[53]
(1	13	1)	[26]
(1	13	2)	[54]
(1	13	3)	[57]
(1	13	4)	[15]
(1	13	5)	[62]
(1	14	1)	[62]
(1	14	2)	[15]
(1	14	3)	[0]
(1	14	4)	[22]
(1	14	5)	[50]
(1	15	1)	[43]
(1	15	2)	[47]
(1	15	3)	[30]
(1	15	4)	[18]
(1	15	5)	[46]
(1	16	1)	[31]
(1	16	2)	[45]
(1	16	3)	[68]
(1	16	4)	[48]
(1	16	5)	[45]
(1	17	1)	[40]
(1	17	2)	[28]
(1	17	3)	[40]
(1	17	4)	[18]
(1	17	5)	[52]
(1	18	1)	[43]
(1	18	2)	[38]
(1	18	3)	[27]
(1	18	4)	[30]
(1	18	5)	[19]
(1	19	1)	[60]
(1	19	2)	[42]
(1	19	3)	[10]
(1	19	4)	[61]
(1	19	5)	[47]
(1	20	1)	[45]
(1	20	2)	[85]
(1	20	3)	[55]
(1	20	4)	[52]
(1	20	5)	[64]
(1	21	1)	[38]
(1	21	2)	[27]
(1	21	3)	[33]
(1	21	4)	[58]
(1	21	5)	[64]
(1	22	1)	[11]
(1	22	2)	[38]
(1	22	3)	[60]
(1	22	4)	[32]
(1	22	5)	[0]
(1	23	1)	[50]
(1	23	2)	[34]
(1	23	3)	[52]
(1	23	4)	[7]
(1	23	5)	[69]
(1	24	1)	[27]
(1	24	2)	[33]
(1	24	3)	[24]
(1	24	4)	[61]
(1	24	5)	[35]
(1	25	1)	[46]
(1	25	2)	[0]
(1	25	3)	[42]
(1	25	4)	[56]
(1	25	5)	[57]
(1	26	1)	[63]
(1	26	2)	[42]
(1	26	3)	[33]
(1	26	4)	[52]
(1	26	5)	[28]
(1	27	1)	[53]
(1	27	2)	[38]
(1	27	3)	[44]
(1	27	4)	[38]
(1	27	5)	[65]
(1	28	1)	[35]
(1	28	2)	[49]
(1	28	3)	[41]
(1	28	4)	[41]
(1	28	5)	[44]
(1	29	1)	[64]
(1	29	2)	[29]
(1	29	3)	[65]
(1	29	4)	[71]
(1	29	5)	[44]
(1	30	1)	[50]
(1	30	2)	[19]
(1	30	3)	[33]
(1	30	4)	[40]
(1	30	5)	[31]
(1	31	1)	[66]
(1	31	2)	[39]
(1	31	3)	[11]
(1	31	4)	[28]
(1	31	5)	[43]
(1	32	1)	[36]
(1	32	2)	[39]
(1	32	3)	[30]
(1	32	4)	[35]
(1	32	5)	[34]
(1	33	1)	[57]
(1	33	2)	[22]
(1	33	3)	[34]
(1	33	4)	[40]
(1	33	5)	[77]
(1	34	1)	[59]
(1	34	2)	[31]
(1	34	3)	[44]
(1	34	4)	[23]
(1	34	5)	[50]
(1	35	1)	[35]
(1	35	2)	[24]
(1	35	3)	[5]
(1	35	4)	[57]
(1	35	5)	[38]
(1	36	1)	[50]
(1	36	2)	[42]
(1	36	3)	[52]
(1	36	4)	[27]
(1	36	5)	[26]
(1	37	1)	[37]
(1	37	2)	[52]
(1	37	3)	[43]
(1	37	4)	[32]
(1	37	5)	[23]
(1	38	1)	[35]
(1	38	2)	[33]
(1	38	3)	[36]
(1	38	4)	[54]
(1	38	5)	[39]
(1	39	1)	[64]
(1	39	2)	[34]
(1	39	3)	[45]
(1	39	4)	[42]
(1	39	5)	[30]
(1	40	1)	[57]
(1	40	2)	[62]
(1	40	3)	[29]
(1	40	4)	[33]
(1	40	5)	[32]
(1	41	1)	[19]
(1	41	2)	[25]
(1	41	3)	[52]
(1	41	4)	[19]
(1	41	5)	[64]
(1	42	1)	[44]
(1	42	2)	[53]
(1	42	3)	[39]
(1	42	4)	[29]
(1	42	5)	[29]
(1	43	1)	[50]
(1	43	2)	[66]
(1	43	3)	[49]
(1	43	4)	[34]
(1	43	5)	[44]
(1	44	1)	[46]
(1	44	2)	[27]
(1	44	3)	[46]
(1	44	4)	[54]
(1	44	5)	[50]
(1	45	1)	[37]
(1	45	2)	[47]
(1	45	3)	[25]
(1	45	4)	[66]
(1	45	5)	[46]
(1	46	1)	[55]
(1	46	2)	[56]
(1	46	3)	[37]
(1	46	4)	[56]
(1	46	5)	[53]
(1	47	1)	[35]
(1	47	2)	[58]
(1	47	3)	[44]
(1	47	4)	[9]
(1	47	5)	[34]
(1	48	1)	[67]
(1	48	2)	[27]
(1	48	3)	[10]
(1	48	4)	[41]
(1	48	5)	[43]
(1	49	1)	[49]
(1	49	2)	[51]
(1	49	3)	[30]
(1	49	4)	[42]
(1	49	5)	[86]
(1	50	1)	[16]
(1	50	2)	[32]
(1	50	3)	[37]
(1	50	4)	[17]
(1	50	5)	[24]
(2	1	1)	[44]
(2	1	2)	[31]
(2	1	3)	[49]
(2	1	4)	[49]
(2	1	5)	[38]
(2	2	1)	[53]
(2	2	2)	[57]
(2	2	3)	[50]
(2	2	4)	[42]
(2	2	5)	[47]
(2	3	1)	[53]
(2	3	2)	[15]
(2	3	3)	[46]
(2	3	4)	[27]
(2	3	5)	[45]
(2	4	1)	[19]
(2	4	2)	[35]
(2	4	3)	[42]
(2	4	4)	[18]
(2	4	5)	[72]
(2	5	1)	[40]
(2	5	2)	[42]
(2	5	3)	[59]
(2	5	4)	[33]
(2	5	5)	[60]
(2	6	1)	[26]
(2	6	2)	[40]
(2	6	3)	[59]
(2	6	4)	[62]
(2	6	5)	[38]
(2	7	1)	[51]
(2	7	2)	[46]
(2	7	3)	[64]
(2	7	4)	[23]
(2	7	5)	[31]
(2	8	1)	[59]
(2	8	2)	[18]
(2	8	3)	[50]
(2	8	4)	[0]
(2	8	5)	[32]
(2	9	1)	[64]
(2	9	2)	[43]
(2	9	3)	[25]
(2	9	4)	[21]
(2	9	5)	[51]
(2	10	1)	[38]
(2	10	2)	[33]
(2	10	3)	[6]
(2	10	4)	[62]
(2	10	5)	[19]
(2	11	1)	[41]
(2	11	2)	[81]
(2	11	3)	[22]
(2	11	4)	[50]
(2	11	5)	[29]
(2	12	1)	[61]
(2	12	2)	[13]
(2	12	3)	[37]
(2	12	4)	[49]
(2	12	5)	[22]
(2	13	1)	[48]
(2	13	2)	[61]
(2	13	3)	[48]
(2	13	4)	[22]
(2	13	5)	[11]
(2	14	1)	[32]
(2	14	2)	[68]
(2	14	3)	[18]
(2	14	4)	[39]
(2	14	5)	[75]
(2	15	1)	[55]
(2	15	2)	[21]
(2	15	3)	[37]
(2	15	4)	[46]
(2	15	5)	[46]
(2	16	1)	[31]
(2	16	2)	[30]
(2	16	3)	[59]
(2	16	4)	[12]
(2	16	5)	[45]
(2	17	1)	[27]
(2	17	2)	[40]
(2	17	3)	[58]
(2	17	4)	[19]
(2	17	5)	[50]
(2	18	1)	[51]
(2	18	2)	[39]
(2	18	3)	[64]
(2	18	4)	[80]
(2	18	5)	[56]
(2	19	1)	[51]
(2	19	2)	[26]
(2	19	3)	[63]
(2	19	4)	[59]
(2	19	5)	[41]
(2	20	1)	[44]
(2	20	2)	[33]
(2	20	3)	[27]
(2	20	4)	[47]
(2	20	5)	[35]
(2	21	1)	[65]
(2	21	2)	[33]
(2	21	3)	[40]
(2	21	4)	[38]
(2	21	5)	[17]
(2	22	1)	[47]
(2	22	2)	[41]
(2	22	3)	[22]
(2	22	4)	[49]
(2	22	5)	[45]
(2	23	1)	[21]
(2	23	2)	[25]
(2	23	3)	[68]
(2	23	4)	[55]
(2	23	5)	[18]
(2	24	1)	[44]
(2	24	2)	[24]
(2	24	3)	[46]
(2	24	4)	[42]
(2	24	5)	[46]
(2	25	1)	[51]
(2	25	2)	[45]
(2	25	3)	[38]
(2	25	4)	[71]
(2	25	5)	[38]
(2	26	1)	[42]
(2	26	2)	[12]
(2	26	3)	[57]
(2	26	4)	[34]
(2	26	5)	[13]
(2	27	1)	[43]
(2	27	2)	[31]
(2	27	3)	[28]
(2	27	4)	[63]
(2	27	5)	[19]
(2	28	1)	[53]
(2	28	2)	[16]
(2	28	3)	[9]
(2	28	4)	[44]
(2	28	5)	[60]
(2	29	1)	[49]
(2	29	2)	[65]
(2	29	3)	[16]
(2	29	4)	[85]
(2	29	5)	[12]
(2	30	1)	[64]
(2	30	2)	[35]
(2	30	3)	[43]
(2	30	4)	[48]
(2	30	5)	[18]
(2	31	1)	[22]
(2	31	2)	[31]
(2	31	3)	[52]
(2	31	4)	[20]
(2	31	5)	[39]
(2	32	1)	[14]
(2	32	2)	[15]
(2	32	3)	[39]
(2	32	4)	[36]
(2	32	5)	[46]
(2	33	1)	[51]
(2	33	2)	[48]
(2	33	3)	[7]
(2	33	4)	[35]
(2	33	5)	[29]
(2	34	1)	[56]
(2	34	2)	[53]
(2	34	3)	[27]
(2	34	4)	[41]
(2	34	5)	[33]
(2	35	1)	[27]
(2	35	2)	[55]
(2	35	3)	[52]
(2	35	4)	[35]
(2	35	5)	[73]
(2	36	1)	[57]
(2	36	2)	[40]
(2	36	3)	[24]
(2	36	4)	[47]
(2	36	5)	[35]
(2	37	1)	[34]
(2	37	2)	[45]
(2	37	3)	[63]
(2	37	4)	[67]
(2	37	5)	[15]
(2	38	1)	[26]
(2	38	2)	[41]
(2	38	3)	[63]
(2	38	4)	[35]
(2	38	5)	[13]
(2	39	1)	[41]
(2	39	2)	[33]
(2	39	3)	[5]
(2	39	4)	[56]
(2	39	5)	[53]
(2	40	1)	[12]
(2	40	2)	[36]
(2	40	3)	[48]
(2	40	4)	[23]
(2	40	5)	[67]
(2	41	1)	[34]
(2	41	2)	[34]
(2	41	3)	[43]
(2	41	4)	[11]
(2	41	5)	[48]
(2	42	1)	[26]
(2	42	2)	[28]
(2	42	3)	[37]
(2	42	4)	[57]
(2	42	5)	[34]
(2	43	1)	[21]
(2	43	2)	[44]
(2	43	3)	[73]
(2	43	4)	[48]
(2	43	5)	[39]
(2	44	1)	[63]
(2	44	2)	[41]
(2	44	3)	[25]
(2	44	4)	[34]
(2	44	5)	[55]
(2	45	1)	[35]
(2	45	2)	[50]
(2	45	3)	[64]
(2	45	4)	[12]
(2	45	5)	[36]
(2	46	1)	[69]
(2	46	2)	[63]
(2	46	3)	[8]
(2	46	4)	[32]
(2	46	5)	[50]
(2	47	1)	[65]
(2	47	2)	[68]
(2	47	3)	[64]
(2	47	4)	[0]
(2	47	5)	[36]
(2	48	1)	[45]
(2	48	2)	[41]
(2	48	3)	[42]
(2	48	4)	[75]
(2	48	5)	[14]
(2	49	1)	[41]
(2	49	2)	[29]
(2	49	3)	[10]
(2	49	4)	[28]
(2	49	5)	[53]
(2	50	1)	[37]
(2	50	2)	[25]
(2	50	3)	[44]
(2	50	4)	[38]
(2	50	5)	[43]
(3	1	1)	[32]
(3	1	2)	[54]
(3	1	3)	[25]
(3	1	4)	[44]
(3	1	5)	[45]
(3	2	1)	[13]
(3	2	2)	[38]
(3	2	3)	[10]
(3	2	4)	[32]
(3	2	5)	[57]
(3	3	1)	[48]
(3	3	2)	[10]
(3	3	3)	[53]
(3	3	4)	[56]
(3	3	5)	[38]
(3	4	1)	[19]
(3	4	2)	[32]
(3	4	3)	[44]
(3	4	4)	[23]
(3	4	5)	[39]
(3	5	1)	[31]
(3	5	2)	[35]
(3	5	3)	[46]
(3	5	4)	[40]
(3	5	5)	[62]
(3	6	1)	[8]
(3	6	2)	[34]
(3	6	3)	[29]
(3	6	4)	[31]
(3	6	5)	[41]
(3	7	1)	[17]
(3	7	2)	[43]
(3	7	3)	[44]
(3	7	4)	[36]
(3	7	5)	[46]
(3	8	1)	[37]
(3	8	2)	[69]
(3	8	3)	[59]
(3	8	4)	[60]
(3	8	5)	[14]
(3	9	1)	[46]
(3	9	2)	[48]
(3	9	3)	[73]
(3	9	4)	[61]
(3	9	5)	[45]
(3	10	1)	[55]
(3	10	2)	[59]
(3	10	3)	[29]
(3	10	4)	[43]
(3	10	5)	[67]
(3	11	1)	[21]
(3	11	2)	[50]
(3	11	3)	[39]
(3	11	4)	[43]
(3	11	5)	[35]
(3	12	1)	[63]
(3	12	2)	[61]
(3	12	3)	[48]
(3	12	4)	[37]
(3	12	5)	[34]
(3	13	1)	[11]
(3	13	2)	[55]
(3	13	3)	[36]
(3	13	4)	[34]
(3	13	5)	[38]
(3	14	1)	[38]
(3	14	2)	[26]
(3	14	3)	[30]
(3	14	4)	[38]
(3	14	5)	[44]
(3	15	1)	[46]
(3	15	2)	[45]
(3	15	3)	[39]
(3	15	4)	[37]
(3	15	5)	[60]
(3	16	1)	[51]
(3	16	2)	[1]
(3	16	3)	[65]
(3	16	4)	[66]
(3	16	5)	[9]
(3	17	1)	[34]
(3	17	2)	[41]
(3	17	3)	[63]
(3	17	4)	[16]
(3	17	5)	[56]
(3	18	1)	[36]
(3	18	2)	[32]
(3	18	3)	[27]
(3	18	4)	[47]
(3	18	5)	[19]
(3	19	1)	[38]
(3	19	2)	[32]
(3	19	3)	[31]
(3	19	4)	[52]
(3	19	5)	[31]
(3	20	1)	[52]
(3	20	2)	[46]
(3	20	3)	[25]
(3	20	4)	[32]
(3	20	5)	[75]
(3	21	1)	[44]
(3	21	2)	[76]
(3	21	3)	[43]
(3	21	4)	[32]
(3	21	5)	[66]
(3	22	1)	[32]
(3	22	2)	[29]
(3	22	3)	[59]
(3	22	4)	[19]
(3	22	5)	[44]
(3	23	1)	[12]
(3	23	2)	[73]
(3	23	3)	[31]
(3	23	4)	[66]
(3	23	5)	[52]
(3	24	1)	[10]
(3	24	2)	[42]
(3	24	3)	[27]
(3	24	4)	[26]
(3	24	5)	[74]
(3	25	1)	[58]
(3	25	2)	[31]
(3	25	3)	[36]
(3	25	4)	[29]
(3	25	5)	[39]
(3	26	1)	[30]
(3	26	2)	[53]
(3	26	3)	[20]
(3	26	4)	[51]
(3	26	5)	[28]
(3	27	1)	[7]
(3	27	2)	[31]
(3	27	3)	[26]
(3	27	4)	[26]
(3	27	5)	[27]
(3	28	1)	[35]
(3	28	2)	[34]
(3	28	3)	[0]
(3	28	4)	[25]
(3	28	5)	[49]
(3	29	1)	[41]
(3	29	2)	[38]
(3	29	3)	[35]
(3	29	4)	[40]
(3	29	5)	[17]
(3	30	1)	[26]
(3	30	2)	[60]
(3	30	3)	[41]
(3	30	4)	[36]
(3	30	5)	[31]
(3	31	1)	[31]
(3	31	2)	[23]
(3	31	3)	[33]
(3	31	4)	[26]
(3	31	5)	[37]
(3	32	1)	[54]
(3	32	2)	[47]
(3	32	3)	[40]
(3	32	4)	[53]
(3	32	5)	[44]
(3	33	1)	[46]
(3	33	2)	[23]
(3	33	3)	[48]
(3	33	4)	[36]
(3	33	5)	[40]
(3	34	1)	[32]
(3	34	2)	[48]
(3	34	3)	[46]
(3	34	4)	[58]
(3	34	5)	[41]
(3	35	1)	[26]
(3	35	2)	[21]
(3	35	3)	[31]
(3	35	4)	[48]
(3	35	5)	[30]
(3	36	1)	[55]
(3	36	2)	[59]
(3	36	3)	[38]
(3	36	4)	[72]
(3	36	5)	[18]
(3	37	1)	[25]
(3	37	2)	[33]
(3	37	3)	[40]
(3	37	4)	[45]
(3	37	5)	[43]
(3	38	1)	[48]
(3	38	2)	[37]
(3	38	3)	[36]
(3	38	4)	[14]
(3	38	5)	[59]
(3	39	1)	[53]
(3	39	2)	[37]
(3	39	3)	[29]
(3	39	4)	[51]
(3	39	5)	[34]
(3	40	1)	[45]
(3	40	2)	[58]
(3	40	3)	[54]
(3	40	4)	[16]
(3	40	5)	[51]
(3	41	1)	[21]
(3	41	2)	[19]
(3	41	3)	[31]
(3	41	4)	[57]
(3	41	5)	[40]
(3	42	1)	[9]
(3	42	2)	[37]
(3	42	3)	[27]
(3	42	4)	[46]
(3	42	5)	[16]
(3	43	1)	[48]
(3	43	2)	[18]
(3	43	3)	[33]
(3	43	4)	[39]
(3	43	5)	[41]
(3	44	1)	[43]
(3	44	2)	[37]
(3	44	3)	[37]
(3	44	4)	[39]
(3	44	5)	[55]
(3	45	1)	[59]
(3	45	2)	[46]
(3	45	3)	[1]
(3	45	4)	[63]
(3	45	5)	[39]
(3	46	1)	[29]
(3	46	2)	[59]
(3	46	3)	[33]
(3	46	4)	[27]
(3	46	5)	[85]
(3	47	1)	[27]
(3	47	2)	[50]
(3	47	3)	[6]
(3	47	4)	[42]
(3	47	5)	[30]
(3	48	1)	[39]
(3	48	2)	[36]
(3	48	3)	[12]
(3	48	4)	[54]
(3	48	5)	[46]
(3	49	1)	[28]
(3	49	2)	[40]
(3	49	3)	[25]
(3	49	4)	[54]
(3	49	5)	[1]
(3	50	1)	[35]
(3	50	2)	[53]
(3	50	3)	[28]
(3	50	4)	[57]
(3	50	5)	[29]
(4	1	1)	[38]
(4	1	2)	[42]
(4	1	3)	[45]
(4	1	4)	[5]
(4	1	5)	[44]
(4	2	1)	[67]
(4	2	2)	[32]
(4	2	3)	[23]
(4	2	4)	[24]
(4	2	5)	[53]
(4	3	1)	[53]
(4	3	2)	[25]
(4	3	3)	[48]
(4	3	4)	[32]
(4	3	5)	[77]
(4	4	1)	[43]
(4	4	2)	[47]
(4	4	3)	[33]
(4	4	4)	[55]
(4	4	5)	[37]
(4	5	1)	[33]
(4	5	2)	[35]
(4	5	3)	[44]
(4	5	4)	[40]
(4	5	5)	[32]
(4	6	1)	[49]
(4	6	2)	[18]
(4	6	3)	[23]
(4	6	4)	[36]
(4	6	5)	[43]
(4	7	1)	[43]
(4	7	2)	[28]
(4	7	3)	[50]
(4	7	4)	[7]
(4	7	5)	[68]
(4	8	1)	[42]
(4	8	2)	[58]
(4	8	3)	[61]
(4	8	4)	[47]
(4	8	5)	[57]
(4	9	1)	[39]
(4	9	2)	[18]
(4	9	3)	[38]
(4	9	4)	[32]
(4	9	5)	[47]
(4	10	1)	[35]
(4	10	2)	[69]
(4	10	3)	[31]
(4	10	4)	[45]
(4	10	5)	[26]
(4	11	1)	[56]
(4	11	2)	[34]
(4	11	3)	[26]
(4	11	4)	[38]
(4	11	5)	[28]
(4	12	1)	[39]
(4	12	2)	[51]
(4	12	3)	[39]
(4	12	4)	[21]
(4	12	5)	[60]
(4	13	1)	[42]
(4	13	2)	[36]
(4	13	3)	[60]
(4	13	4)	[27]
(4	13	5)	[46]
(4	14	1)	[49]
(4	14	2)	[6]
(4	14	3)	[12]
(4	14	4)	[41]
(4	14	5)	[53]
(4	15	1)	[47]
(4	15	2)	[45]
(4	15	3)	[59]
(4	15	4)	[34]
(4	15	5)	[10]
(4	16	1)	[40]
(4	16	2)	[46]
(4	16	3)	[27]
(4	16	4)	[48]
(4	16	5)	[49]
(4	17	1)	[48]
(4	17	2)	[37]
(4	17	3)	[71]
(4	17	4)	[29]
(4	17	5)	[64]
(4	18	1)	[21]
(4	18	2)	[57]
(4	18	3)	[49]
(4	18	4)	[48]
(4	18	5)	[25]
(4	19	1)	[8]
(4	19	2)	[52]
(4	19	3)	[60]
(4	19	4)	[54]
(4	19	5)	[30]
(4	20	1)	[11]
(4	20	2)	[31]
(4	20	3)	[49]
(4	20	4)	[24]
(4	20	5)	[80]
(4	21	1)	[23]
(4	21	2)	[60]
(4	21	3)	[54]
(4	21	4)	[42]
(4	21	5)	[41]
(4	22	1)	[52]
(4	22	2)	[18]
(4	22	3)	[0]
(4	22	4)	[47]
(4	22	5)	[35]
(4	23	1)	[40]
(4	23	2)	[62]
(4	23	3)	[43]
(4	23	4)	[16]
(4	23	5)	[23]
(4	24	1)	[48]
(4	24	2)	[14]
(4	24	3)	[24]
(4	24	4)	[51]
(4	24	5)	[24]
(4	25	1)	[44]
(4	25	2)	[17]
(4	25	3)	[31]
(4	25	4)	[41]
(4	25	5)	[81]
(4	26	1)	[36]
(4	26	2)	[34]
(4	26	3)	[43]
(4	26	4)	[52]
(4	26	5)	[6]
(4	27	1)	[54]
(4	27	2)	[58]
(4	27	3)	[57]
(4	27	4)	[21]
(4	27	5)	[27]
(4	28	1)	[41]
(4	28	2)	[49]
(4	28	3)	[63]
(4	28	4)	[20]
(4	28	5)	[42]
(4	29	1)	[48]
(4	29	2)	[27]
(4	29	3)	[47]
(4	29	4)	[39]
(4	29	5)	[54]
(4	30	1)	[87]
(4	30	2)	[57]
(4	30	3)	[50]
(4	30	4)	[19]
(4	30	5)	[41]
(4	31	1)	[47]
(4	31	2)	[31]
(4	31	3)	[21]
(4	31	4)	[52]
(4	31	5)	[36]
(4	32	1)	[44]
(4	32	2)	[50]
(4	32	3)	[29]
(4	32	4)	[52]
(4	32	5)	[31]
(4	33	1)	[59]
(4	33	2)	[21]
(4	33	3)	[69]
(4	33	4)	[46]
(4	33	5)	[67]
(4	34	1)	[55]
(4	34	2)	[49]
(4	34	3)	[32]
(4	34	4)	[63]
(4	34	5)	[44]
(4	35	1)	[50]
(4	35	2)	[53]
(4	35	3)	[21]
(4	35	4)	[32]
(4	35	5)	[59]
(4	36	1)	[29]
(4	36	2)	[37]
(4	36	3)	[5]
(4	36	4)	[57]
(4	36	5)	[48]
(4	37	1)	[37]
(4	37	2)	[44]
(4	37	3)	[52]
(4	37	4)	[37]
(4	37	5)	[0]
(4	38	1)	[15]
(4	38	2)	[48]
(4	38	3)	[71]
(4	38	4)	[25]
(4	38	5)	[26]
(4	39	1)	[41]
(4	39	2)	[65]
(4	39	3)	[59]
(4	39	4)	[73]
(4	39	5)	[52]
(4	40	1)	[24]
(4	40	2)	[27]
(4	40	3)	[49]
(4	40	4)	[43]
(4	40	5)	[41]
(4	41	1)	[17]
(4	41	2)	[76]
(4	41	3)	[29]
(4	41	4)	[38]
(4	41	5)	[9]
(4	42	1)	[34]
(4	42	2)	[56]
(4	42	3)	[40]
(4	42	4)	[56]
(4	42	5)	[13]
(4	43	1)	[30]
(4	43	2)	[52]
(4	43	3)	[28]
(4	43	4)	[33]
(4	43	5)	[51]
(4	44	1)	[38]
(4	44	2)	[68]
(4	44	3)	[11]
(4	44	4)	[26]
(4	44	5)	[29]
(4	45	1)	[20]
(4	45	2)	[42]
(4	45	3)	[38]
(4	45	4)	[79]
(4	45	5)	[41]
(4	46	1)	[44]
(4	46	2)	[19]
(4	46	3)	[52]
(4	46	4)	[23]
(4	46	5)	[29]
(4	47	1)	[42]
(4	47	2)	[46]
(4	47	3)	[50]
(4	47	4)	[5]
(4	47	5)	[25]
(4	48	1)	[47]
(4	48	2)	[47]
(4	48	3)	[20]
(4	48	4)	[15]
(4	48	5)	[28]
(4	49	1)	[33]
(4	49	2)	[21]
(4	49	3)	[57]
(4	49	4)	[17]
(4	49	5)	[29]
(4	50	1)	[76]
(4	50	2)	[28]
(4	50	3)	[46]
(4	50	4)	[24]
(4	50	5)	[65]
(5	1	1)	[32]
(5	1	2)	[37]
(5	1	3)	[47]
(5	1	4)	[70]
(5	1	5)	[45]
(5	2	1)	[32]
(5	2	2)	[31]
(5	2	3)	[42]
(5	2	4)	[79]
(5	2	5)	[4]
(5	3	1)	[42]
(5	3	2)	[63]
(5	3	3)	[37]
(5	3	4)	[35]
(5	3	5)	[17]
(5	4	1)	[24]
(5	4	2)	[46]
(5	4	3)	[34]
(5	4	4)	[53]
(5	4	5)	[55]
(5	5	1)	[46]
(5	5	2)	[47]
(5	5	3)	[19]
(5	5	4)	[41]
(5	5	5)	[61]
(5	6	1)	[56]
(5	6	2)	[49]
(5	6	3)	[14]
(5	6	4)	[45]
(5	6	5)	[56]
(5	7	1)	[24]
(5	7	2)	[20]
(5	7	3)	[56]
(5	7	4)	[41]
(5	7	5)	[48]
(5	8	1)	[70]
(5	8	2)	[37]
(5	8	3)	[41]
(5	8	4)	[35]
(5	8	5)	[23]
(5	9	1)	[42]
(5	9	2)	[15]
(5	9	3)	[56]
(5	9	4)	[31]
(5	9	5)	[18]
(5	10	1)	[43]
(5	10	2)	[58]
(5	10	3)	[65]
(5	10	4)	[16]
(5	10	5)	[39]
(5	11	1)	[42]
(5	11	2)	[33]
(5	11	3)	[34]
(5	11	4)	[32]
(5	11	5)	[46]
(5	12	1)	[54]
(5	12	2)	[21]
(5	12	3)	[16]
(5	12	4)	[37]
(5	12	5)	[55]
(5	13	1)	[51]
(5	13	2)	[37]
(5	13	3)	[51]
(5	13	4)	[48]
(5	13	5)	[50]
(5	14	1)	[34]
(5	14	2)	[36]
(5	14	3)	[21]
(5	14	4)	[26]
(5	14	5)	[49]
(5	15	1)	[34]
(5	15	2)	[27]
(5	15	3)	[46]
(5	15	4)	[49]
(5	15	5)	[22]
(5	16	1)	[34]
(5	16	2)	[49]
(5	16	3)	[42]
(5	16	4)	[32]
(5	16	5)	[58]
(5	17	1)	[32]
(5	17	2)	[49]
(5	17	3)	[18]
(5	17	4)	[50]
(5	17	5)	[51]
(5	18	1)	[52]
(5	18	2)	[14]
(5	18	3)	[16]
(5	18	4)	[17]
(5	18	5)	[50]
(5	19	1)	[33]
(5	19	2)	[49]
(5	19	3)	[28]
(5	19	4)	[14]
(5	19	5)	[47]
(5	20	1)	[36]
(5	20	2)	[56]
(5	20	3)	[43]
(5	20	4)	[52]
(5	20	5)	[52]
(5	21	1)	[43]
(5	21	2)	[36]
(5	21	3)	[68]
(5	21	4)	[49]
(5	21	5)	[40]
(5	22	1)	[50]
(5	22	2)	[30]
(5	22	3)	[56]
(5	22	4)	[29]
(5	22	5)	[3]
(5	23	1)	[56]
(5	23	2)	[72]
(5	23	3)	[59]
(5	23	4)	[65]
(5	23	5)	[1]
(5	24	1)	[76]
(5	24	2)	[30]
(5	24	3)	[26]
(5	24	4)	[52]
(5	24	5)	[50]
(5	25	1)	[37]
(5	25	2)	[43]
(5	25	3)	[57]
(5	25	4)	[49]
(5	25	5)	[39]
(5	26	1)	[42]
(5	26	2)	[14]
(5	26	3)	[59]
(5	26	4)	[33]
(5	26	5)	[51]
(5	27	1)	[37]
(5	27	2)	[23]
(5	27	3)	[24]
(5	27	4)	[48]
(5	27	5)	[38]
(5	28	1)	[7]
(5	28	2)	[45]
(5	28	3)	[32]
(5	28	4)	[50]
(5	28	5)	[41]
(5	29	1)	[40]
(5	29	2)	[57]
(5	29	3)	[13]
(5	29	4)	[28]
(5	29	5)	[73]
(5	30	1)	[0]
(5	30	2)	[34]
(5	30	3)	[53]
(5	30	4)	[32]
(5	30	5)	[37]
(5	31	1)	[44]
(5	31	2)	[59]
(5	31	3)	[19]
(5	31	4)	[16]
(5	31	5)	[21]
(5	32	1)	[37]
(5	32	2)	[55]
(5	32	3)	[57]
(5	32	4)	[49]
(5	32	5)	[29]
(5	33	1)	[32]
(5	33	2)	[29]
(5	33	3)	[61]
(5	33	4)	[47]
(5	33	5)	[50]
(5	34	1)	[38]
(5	34	2)	[50]
(5	34	3)	[24]
(5	34	4)	[43]
(5	34	5)	[47]
(5	35	1)	[62]
(5	35	2)	[9]
(5	35	3)	[36]
(5	35	4)	[27]
(5	35	5)	[59]
(5	36	1)	[37]
(5	36	2)	[35]
(5	36	3)	[51]
(5	36	4)	[38]
(5	36	5)	[20]
(5	37	1)	[48]
(5	37	2)	[7]
(5	37	3)	[34]
(5	37	4)	[41]
(5	37	5)	[20]
(5	38	1)	[31]
(5	38	2)	[11]
(5	38	3)	[26]
(5	38	4)	[33]
(5	38	5)	[61]
(5	39	1)	[48]
(5	39	2)	[48]
(5	39	3)	[17]
(5	39	4)	[60]
(5	39	5)	[38]
(5	40	1)	[52]
(5	40	2)	[31]
(5	40	3)	[43]
(5	40	4)	[18]
(5	40	5)	[48]
(5	41	1)	[37]
(5	41	2)	[19]
(5	41	3)	[23]
(5	41	4)	[42]
(5	41	5)	[61]
(5	42	1)	[58]
(5	42	2)	[51]
(5	42	3)	[50]
(5	42	4)	[56]
(5	42	5)	[49]
(5	43	1)	[67]
(5	43	2)	[73]
(5	43	3)	[40]
(5	43	4)	[54]
(5	43	5)	[68]
(5	44	1)	[50]
(5	44	2)	[42]
(5	44	3)	[68]
(5	44	4)	[18]
(5	44	5)	[61]
(5	45	1)	[28]
(5	45	2)	[40]
(5	45	3)	[47]
(5	45	4)	[79]
(5	45	5)	[48]
(5	46	1)	[29]
(5	46	2)	[17]
(5	46	3)	[44]
(5	46	4)	[54]
(5	46	5)	[60]
(5	47	1)	[67]
(5	47	2)	[35]
(5	47	3)	[58]
(5	47	4)	[19]
(5	47	5)	[21]
(5	48	1)	[65]
(5	48	2)	[56]
(5	48	3)	[30]
(5	48	4)	[33]
(5	48	5)	[53]
(5	49	1)	[29]
(5	49	2)	[40]
(5	49	3)	[56]
(5	49	4)	[28]
(5	49	5)	[47]
(5	50	1)	[24]
(5	50	2)	[32]
(5	50	3)	[46]
(5	50	4)	[53]
(5	50	5)	[52]
(6	1	1)	[30]
(6	1	2)	[26]
(6	1	3)	[65]
(6	1	4)	[55]
(6	1	5)	[61]
(6	2	1)	[37]
(6	2	2)	[34]
(6	2	3)	[43]
(6	2	4)	[32]
(6	2	5)	[15]
(6	3	1)	[54]
(6	3	2)	[30]
(6	3	3)	[65]
(6	3	4)	[45]
(6	3	5)	[15]
(6	4	1)	[17]
(6	4	2)	[41]
(6	4	3)	[41]
(6	4	4)	[41]
(6	4	5)	[48]
(6	5	1)	[52]
(6	5	2)	[50]
(6	5	3)	[7]
(6	5	4)	[45]
(6	5	5)	[24]
(6	6	1)	[62]
(6	6	2)	[30]
(6	6	3)	[42]
(6	6	4)	[41]
(6	6	5)	[43]
(6	7	1)	[61]
(6	7	2)	[53]
(6	7	3)	[21]
(6	7	4)	[38]
(6	7	5)	[48]
(6	8	1)	[17]
(6	8	2)	[42]
(6	8	3)	[39]
(6	8	4)	[29]
(6	8	5)	[69]
(6	9	1)	[57]
(6	9	2)	[39]
(6	9	3)	[30]
(6	9	4)	[50]
(6	9	5)	[37]
(6	10	1)	[36]
(6	10	2)	[31]
(6	10	3)	[26]
(6	10	4)	[49]
(6	10	5)	[37]
(6	11	1)	[48]
(6	11	2)	[8]
(6	11	3)	[33]
(6	11	4)	[42]
(6	11	5)	[30]
(6	12	1)	[18]
(6	12	2)	[21]
(6	12	3)	[39]
(6	12	4)	[33]
(6	12	5)	[47]
(6	13	1)	[14]
(6	13	2)	[26]
(6	13	3)	[80]
(6	13	4)	[38]
(6	13	5)	[17]
(6	14	1)	[28]
(6	14	2)	[30]
(6	14	3)	[28]
(6	14	4)	[72]
(6	14	5)	[15]
(6	15	1)	[41]
(6	15	2)	[54]
(6	15	3)	[56]
(6	15	4)	[54]
(6	15	5)	[33]
(6	16	1)	[40]
(6	16	2)	[31]
(6	16	3)	[66]
(6	16	4)	[36]
(6	16	5)	[67]
(6	17	1)	[63]
(6	17	2)	[31]
(6	17	3)	[75]
(6	17	4)	[37]
(6	17	5)	[60]
(6	18	1)	[48]
(6	18	2)	[27]
(6	18	3)	[51]
(6	18	4)	[22]
(6	18	5)	[43]
(6	19	1)	[27]
(6	19	2)	[25]
(6	19	3)	[39]
(6	19	4)	[63]
(6	19	5)	[62]
(6	20	1)	[47]
(6	20	2)	[18]
(6	20	3)	[29]
(6	20	4)	[32]
(6	20	5)	[39]
(6	21	1)	[22]
(6	21	2)	[52]
(6	21	3)	[55]
(6	21	4)	[44]
(6	21	5)	[52]
(6	22	1)	[15]
(6	22	2)	[30]
(6	22	3)	[23]
(6	22	4)	[32]
(6	22	5)	[33]
(6	23	1)	[58]
(6	23	2)	[26]
(6	23	3)	[34]
(6	23	4)	[24]
(6	23	5)	[39]
(6	24	1)	[25]
(6	24	2)	[33]
(6	24	3)	[47]
(6	24	4)	[34]
(6	24	5)	[40]
(6	25	1)	[24]
(6	25	2)	[20]
(6	25	3)	[19]
(6	25	4)	[31]
(6	25	5)	[55]
(6	26	1)	[31]
(6	26	2)	[44]
(6	26	3)	[34]
(6	26	4)	[44]
(6	26	5)	[0]
(6	27	1)	[42]
(6	27	2)	[35]
(6	27	3)	[27]
(6	27	4)	[21]
(6	27	5)	[27]
(6	28	1)	[31]
(6	28	2)	[60]
(6	28	3)	[57]
(6	28	4)	[57]
(6	28	5)	[19]
(6	29	1)	[56]
(6	29	2)	[51]
(6	29	3)	[17]
(6	29	4)	[67]
(6	29	5)	[39]
(6	30	1)	[39]
(6	30	2)	[29]
(6	30	3)	[41]
(6	30	4)	[45]
(6	30	5)	[37]
(6	31	1)	[32]
(6	31	2)	[47]
(6	31	3)	[34]
(6	31	4)	[35]
(6	31	5)	[85]
(6	32	1)	[51]
(6	32	2)	[39]
(6	32	3)	[51]
(6	32	4)	[46]
(6	32	5)	[88]
(6	33	1)	[45]
(6	33	2)	[45]
(6	33	3)	[66]
(6	33	4)	[39]
(6	33	5)	[17]
(6	34	1)	[52]
(6	34	2)	[52]
(6	34	3)	[45]
(6	34	4)	[66]
(6	34	5)	[39]
(6	35	1)	[65]
(6	35	2)	[49]
(6	35	3)	[51]
(6	35	4)	[42]
(6	35	5)	[66]
(6	36	1)	[31]
(6	36	2)	[21]
(6	36	3)	[59]
(6	36	4)	[56]
(6	36	5)	[18]
(6	37	1)	[37]
(6	37	2)	[63]
(6	37	3)	[24]
(6	37	4)	[46]
(6	37	5)	[25]
(6	38	1)	[70]
(6	38	2)	[0]
(6	38	3)	[30]
(6	38	4)	[28]
(6	38	5)	[33]
(6	39	1)	[47]
(6	39	2)	[31]
(6	39	3)	[52]
(6	39	4)	[18]
(6	39	5)	[44]
(6	40	1)	[18]
(6	40	2)	[42]
(6	40	3)	[20]
(6	40	4)	[25]
(6	40	5)	[46]
(6	41	1)	[32]
(6	41	2)	[42]
(6	41	3)	[37]
(6	41	4)	[47]
(6	41	5)	[41]
(6	42	1)	[56]
(6	42	2)	[38]
(6	42	3)	[33]
(6	42	4)	[57]
(6	42	5)	[53]
(6	43	1)	[71]
(6	43	2)	[55]
(6	43	3)	[35]
(6	43	4)	[54]
(6	43	5)	[28]
(6	44	1)	[22]
(6	44	2)	[53]
(6	44	3)	[62]
(6	44	4)	[50]
(6	44	5)	[56]
(6	45	1)	[37]
(6	45	2)	[40]
(6	45	3)	[30]
(6	45	4)	[27]
(6	45	5)	[43]
(6	46	1)	[47]
(6	46	2)	[34]
(6	46	3)	[59]
(6	46	4)	[58]
(6	46	5)	[19]
(6	47	1)	[30]
(6	47	2)	[64]
(6	47	3)	[24]
(6	47	4)	[39]
(6	47	5)	[19]
(6	48	1)	[73]
(6	48	2)	[17]
(6	48	3)	[45]
(6	48	4)	[23]
(6	48	5)	[40]
(6	49	1)	[35]
(6	49	2)	[63]
(6	49	3)	[36]
(6	49	4)	[34]
(6	49	5)	[54]
(6	50	1)	[30]
(6	50	2)	[35]
(6	50	3)	[46]
(6	50	4)	[56]
(6	50	5)	[32]
(7	1	1)	[38]
(7	1	2)	[39]
(7	1	3)	[21]
(7	1	4)	[36]
(7	1	5)	[34]
(7	2	1)	[34]
(7	2	2)	[0]
(7	2	3)	[40]
(7	2	4)	[42]
(7	2	5)	[6]
(7	3	1)	[68]
(7	3	2)	[34]
(7	3	3)	[6]
(7	3	4)	[35]
(7	3	5)	[25]
(7	4	1)	[58]
(7	4	2)	[37]
(7	4	3)	[28]
(7	4	4)	[43]
(7	4	5)	[29]
(7	5	1)	[25]
(7	5	2)	[36]
(7	5	3)	[14]
(7	5	4)	[3]
(7	5	5)	[44]
(7	6	1)	[37]
(7	6	2)	[0]
(7	6	3)	[73]
(7	6	4)	[13]
(7	6	5)	[37]
(7	7	1)	[58]
(7	7	2)	[59]
(7	7	3)	[50]
(7	7	4)	[53]
(7	7	5)	[18]
(7	8	1)	[26]
(7	8	2)	[18]
(7	8	3)	[34]
(7	8	4)	[70]
(7	8	5)	[52]
(7	9	1)	[33]
(7	9	2)	[54]
(7	9	3)	[34]
(7	9	4)	[17]
(7	9	5)	[50]
(7	10	1)	[64]
(7	10	2)	[10]
(7	10	3)	[62]
(7	10	4)	[32]
(7	10	5)	[19]
(7	11	1)	[9]
(7	11	2)	[33]
(7	11	3)	[51]
(7	11	4)	[43]
(7	11	5)	[47]
(7	12	1)	[53]
(7	12	2)	[45]
(7	12	3)	[23]
(7	12	4)	[32]
(7	12	5)	[54]
(7	13	1)	[52]
(7	13	2)	[55]
(7	13	3)	[34]
(7	13	4)	[17]
(7	13	5)	[22]
(7	14	1)	[56]
(7	14	2)	[39]
(7	14	3)	[24]
(7	14	4)	[58]
(7	14	5)	[20]
(7	15	1)	[70]
(7	15	2)	[23]
(7	15	3)	[41]
(7	15	4)	[39]
(7	15	5)	[49]
(7	16	1)	[52]
(7	16	2)	[62]
(7	16	3)	[46]
(7	16	4)	[40]
(7	16	5)	[11]
(7	17	1)	[21]
(7	17	2)	[48]
(7	17	3)	[34]
(7	17	4)	[23]
(7	17	5)	[23]
(7	18	1)	[23]
(7	18	2)	[29]
(7	18	3)	[37]
(7	18	4)	[1]
(7	18	5)	[66]
(7	19	1)	[16]
(7	19	2)	[34]
(7	19	3)	[52]
(7	19	4)	[74]
(7	19	5)	[30]
(7	20	1)	[36]
(7	20	2)	[69]
(7	20	3)	[18]
(7	20	4)	[33]
(7	20	5)	[38]
(7	21	1)	[55]
(7	21	2)	[23]
(7	21	3)	[42]
(7	21	4)	[39]
(7	21	5)	[26]
(7	22	1)	[38]
(7	22	2)	[40]
(7	22	3)	[46]
(7	22	4)	[25]
(7	22	5)	[33]
(7	23	1)	[29]
(7	23	2)	[31]
(7	23	3)	[56]
(7	23	4)	[44]
(7	23	5)	[29]
(7	24	1)	[44]
(7	24	2)	[40]
(7	24	3)	[48]
(7	24	4)	[0]
(7	24	5)	[26]
(7	25	1)	[27]
(7	25	2)	[66]
(7	25	3)	[68]
(7	25	4)	[50]
(7	25	5)	[31]
(7	26	1)	[19]
(7	26	2)	[37]
(7	26	3)	[49]
(7	26	4)	[43]
(7	26	5)	[40]
(7	27	1)	[43]
(7	27	2)	[31]
(7	27	3)	[40]
(7	27	4)	[7]
(7	27	5)	[34]
(7	28	1)	[31]
(7	28	2)	[56]
(7	28	3)	[9]
(7	28	4)	[45]
(7	28	5)	[55]
(7	29	1)	[55]
(7	29	2)	[29]
(7	29	3)	[40]
(7	29	4)	[41]
(7	29	5)	[44]
(7	30	1)	[47]
(7	30	2)	[7]
(7	30	3)	[77]
(7	30	4)	[62]
(7	30	5)	[41]
(7	31	1)	[47]
(7	31	2)	[44]
(7	31	3)	[67]
(7	31	4)	[35]
(7	31	5)	[31]
(7	32	1)	[28]
(7	32	2)	[59]
(7	32	3)	[46]
(7	32	4)	[42]
(7	32	5)	[43]
(7	33	1)	[40]
(7	33	2)	[55]
(7	33	3)	[43]
(7	33	4)	[29]
(7	33	5)	[47]
(7	34	1)	[70]
(7	34	2)	[54]
(7	34	3)	[43]
(7	34	4)	[62]
(7	34	5)	[70]
(7	35	1)	[64]
(7	35	2)	[43]
(7	35	3)	[51]
(7	35	4)	[45]
(7	35	5)	[69]
(7	36	1)	[47]
(7	36	2)	[39]
(7	36	3)	[34]
(7	36	4)	[74]
(7	36	5)	[20]
(7	37	1)	[48]
(7	37	2)	[55]
(7	37	3)	[51]
(7	37	4)	[0]
(7	37	5)	[50]
(7	38	1)	[47]
(7	38	2)	[16]
(7	38	3)	[26]
(7	38	4)	[45]
(7	38	5)	[54]
(7	39	1)	[33]
(7	39	2)	[28]
(7	39	3)	[10]
(7	39	4)	[68]
(7	39	5)	[50]
(7	40	1)	[62]
(7	40	2)	[36]
(7	40	3)	[39]
(7	40	4)	[43]
(7	40	5)	[36]
(7	41	1)	[58]
(7	41	2)	[43]
(7	41	3)	[64]
(7	41	4)	[70]
(7	41	5)	[32]
(7	42	1)	[77]
(7	42	2)	[44]
(7	42	3)	[33]
(7	42	4)	[15]
(7	42	5)	[44]
(7	43	1)	[60]
(7	43	2)	[32]
(7	43	3)	[35]
(7	43	4)	[74]
(7	43	5)	[59]
(7	44	1)	[55]
(7	44	2)	[66]
(7	44	3)	[45]
(7	44	4)	[32]
(7	44	5)	[21]
(7	45	1)	[47]
(7	45	2)	[41]
(7	45	3)	[34]
(7	45	4)	[21]
(7	45	5)	[32]
(7	46	1)	[29]
(7	46	2)	[33]
(7	46	3)	[44]
(7	46	4)	[56]
(7	46	5)	[38]
(7	47	1)	[49]
(7	47	2)	[44]
(7	47	3)	[20]
(7	47	4)	[23]
(7	47	5)	[28]
(7	48	1)	[22]
(7	48	2)	[66]
(7	48	3)	[56]
(7	48	4)	[33]
(7	48	5)	[60]
(7	49	1)	[58]
(7	49	2)	[29]
(7	49	3)	[45]
(7	49	4)	[27]
(7	49	5)	[50]
(7	50	1)	[37]
(7	50	2)	[46]
(7	50	3)	[61]
(7	50	4)	[20]
(7	50	5)	[40]
(8	1	1)	[35]
(8	1	2)	[57]
(8	1	3)	[35]
(8	1	4)	[44]
(8	1	5)	[17]
(8	2	1)	[43]
(8	2	2)	[15]
(8	2	3)	[67]
(8	2	4)	[40]
(8	2	5)	[11]
(8	3	1)	[39]
(8	3	2)	[52]
(8	3	3)	[61]
(8	3	4)	[50]
(8	3	5)	[36]
(8	4	1)	[51]
(8	4	2)	[44]
(8	4	3)	[42]
(8	4	4)	[28]
(8	4	5)	[1]
(8	5	1)	[33]
(8	5	2)	[71]
(8	5	3)	[36]
(8	5	4)	[44]
(8	5	5)	[46]
(8	6	1)	[43]
(8	6	2)	[56]
(8	6	3)	[68]
(8	6	4)	[0]
(8	6	5)	[33]
(8	7	1)	[35]
(8	7	2)	[40]
(8	7	3)	[53]
(8	7	4)	[26]
(8	7	5)	[33]
(8	8	1)	[25]
(8	8	2)	[32]
(8	8	3)	[35]
(8	8	4)	[49]
(8	8	5)	[25]
(8	9	1)	[35]
(8	9	2)	[45]
(8	9	3)	[37]
(8	9	4)	[67]
(8	9	5)	[14]
(8	10	1)	[24]
(8	10	2)	[33]
(8	10	3)	[48]
(8	10	4)	[39]
(8	10	5)	[74]
(8	11	1)	[62]
(8	11	2)	[64]
(8	11	3)	[21]
(8	11	4)	[24]
(8	11	5)	[54]
(8	12	1)	[37]
(8	12	2)	[20]
(8	12	3)	[38]
(8	12	4)	[31]
(8	12	5)	[47]
(8	13	1)	[47]
(8	13	2)	[50]
(8	13	3)	[34]
(8	13	4)	[34]
(8	13	5)	[57]
(8	14	1)	[5]
(8	14	2)	[56]
(8	14	3)	[72]
(8	14	4)	[38]
(8	14	5)	[57]
(8	15	1)	[68]
(8	15	2)	[46]
(8	15	3)	[73]
(8	15	4)	[0]
(8	15	5)	[45]
(8	16	1)	[22]
(8	16	2)	[25]
(8	16	3)	[31]
(8	16	4)	[12]
(8	16	5)	[1]
(8	17	1)	[26]
(8	17	2)	[50]
(8	17	3)	[48]
(8	17	4)	[44]
(8	17	5)	[56]
(8	18	1)	[45]
(8	18	2)	[40]
(8	18	3)	[67]
(8	18	4)	[48]
(8	18	5)	[69]
(8	19	1)	[55]
(8	19	2)	[23]
(8	19	3)	[40]
(8	19	4)	[19]
(8	19	5)	[35]
(8	20	1)	[18]
(8	20	2)	[46]
(8	20	3)	[20]
(8	20	4)	[31]
(8	20	5)	[63]
(8	21	1)	[47]
(8	21	2)	[41]
(8	21	3)	[20]
(8	21	4)	[44]
(8	21	5)	[61]
(8	22	1)	[43]
(8	22	2)	[51]
(8	22	3)	[34]
(8	22	4)	[41]
(8	22	5)	[26]
(8	23	1)	[55]
(8	23	2)	[62]
(8	23	3)	[48]
(8	23	4)	[53]
(8	23	5)	[19]
(8	24	1)	[39]
(8	24	2)	[19]
(8	24	3)	[46]
(8	24	4)	[35]
(8	24	5)	[33]
(8	25	1)	[0]
(8	25	2)	[43]
(8	25	3)	[48]
(8	25	4)	[78]
(8	25	5)	[9]
(8	26	1)	[34]
(8	26	2)	[47]
(8	26	3)	[37]
(8	26	4)	[50]
(8	26	5)	[66]
(8	27	1)	[23]
(8	27	2)	[42]
(8	27	3)	[35]
(8	27	4)	[52]
(8	27	5)	[38]
(8	28	1)	[40]
(8	28	2)	[24]
(8	28	3)	[55]
(8	28	4)	[37]
(8	28	5)	[59]
(8	29	1)	[36]
(8	29	2)	[42]
(8	29	3)	[34]
(8	29	4)	[40]
(8	29	5)	[25]
(8	30	1)	[42]
(8	30	2)	[29]
(8	30	3)	[21]
(8	30	4)	[53]
(8	30	5)	[74]
(8	31	1)	[47]
(8	31	2)	[29]
(8	31	3)	[53]
(8	31	4)	[37]
(8	31	5)	[28]
(8	32	1)	[18]
(8	32	2)	[26]
(8	32	3)	[26]
(8	32	4)	[51]
(8	32	5)	[30]
(8	33	1)	[25]
(8	33	2)	[46]
(8	33	3)	[41]
(8	33	4)	[22]
(8	33	5)	[38]
(8	34	1)	[34]
(8	34	2)	[25]
(8	34	3)	[69]
(8	34	4)	[32]
(8	34	5)	[23]
(8	35	1)	[39]
(8	35	2)	[47]
(8	35	3)	[37]
(8	35	4)	[42]
(8	35	5)	[5]
(8	36	1)	[57]
(8	36	2)	[65]
(8	36	3)	[47]
(8	36	4)	[43]
(8	36	5)	[34]
(8	37	1)	[30]
(8	37	2)	[56]
(8	37	3)	[30]
(8	37	4)	[41]
(8	37	5)	[19]
(8	38	1)	[35]
(8	38	2)	[75]
(8	38	3)	[37]
(8	38	4)	[37]
(8	38	5)	[51]
(8	39	1)	[46]
(8	39	2)	[24]
(8	39	3)	[42]
(8	39	4)	[62]
(8	39	5)	[57]
(8	40	1)	[52]
(8	40	2)	[17]
(8	40	3)	[15]
(8	40	4)	[48]
(8	40	5)	[36]
(8	41	1)	[42]
(8	41	2)	[31]
(8	41	3)	[25]
(8	41	4)	[56]
(8	41	5)	[32]
(8	42	1)	[35]
(8	42	2)	[33]
(8	42	3)	[42]
(8	42	4)	[45]
(8	42	5)	[35]
(8	43	1)	[43]
(8	43	2)	[26]
(8	43	3)	[60]
(8	43	4)	[50]
(8	43	5)	[53]
(8	44	1)	[81]
(8	44	2)	[42]
(8	44	3)	[25]
(8	44	4)	[50]
(8	44	5)	[29]
(8	45	1)	[24]
(8	45	2)	[33]
(8	45	3)	[33]
(8	45	4)	[40]
(8	45	5)	[42]
(8	46	1)	[32]
(8	46	2)	[30]
(8	46	3)	[57]
(8	46	4)	[22]
(8	46	5)	[26]
(8	47	1)	[57]
(8	47	2)	[21]
(8	47	3)	[34]
(8	47	4)	[50]
(8	47	5)	[44]
(8	48	1)	[76]
(8	48	2)	[20]
(8	48	3)	[28]
(8	48	4)	[21]
(8	48	5)	[24]
(8	49	1)	[40]
(8	49	2)	[59]
(8	49	3)	[32]
(8	49	4)	[12]
(8	49	5)	[40]
(8	50	1)	[41]
(8	50	2)	[24]
(8	50	3)	[57]
(8	50	4)	[41]
(8	50	5)	[42]
(9	1	1)	[25]
(9	1	2)	[36]
(9	1	3)	[50]
(9	1	4)	[49]
(9	1	5)	[48]
(9	2	1)	[23]
(9	2	2)	[58]
(9	2	3)	[50]
(9	2	4)	[0]
(9	2	5)	[46]
(9	3	1)	[55]
(9	3	2)	[60]
(9	3	3)	[14]
(9	3	4)	[58]
(9	3	5)	[32]
(9	4	1)	[47]
(9	4	2)	[32]
(9	4	3)	[57]
(9	4	4)	[32]
(9	4	5)	[32]
(9	5	1)	[28]
(9	5	2)	[38]
(9	5	3)	[24]
(9	5	4)	[56]
(9	5	5)	[39]
(9	6	1)	[37]
(9	6	2)	[42]
(9	6	3)	[50]
(9	6	4)	[50]
(9	6	5)	[37]
(9	7	1)	[41]
(9	7	2)	[42]
(9	7	3)	[48]
(9	7	4)	[70]
(9	7	5)	[57]
(9	8	1)	[63]
(9	8	2)	[38]
(9	8	3)	[49]
(9	8	4)	[15]
(9	8	5)	[23]
(9	9	1)	[24]
(9	9	2)	[49]
(9	9	3)	[28]
(9	9	4)	[39]
(9	9	5)	[44]
(9	10	1)	[40]
(9	10	2)	[14]
(9	10	3)	[19]
(9	10	4)	[31]
(9	10	5)	[31]
(9	11	1)	[42]
(9	11	2)	[34]
(9	11	3)	[29]
(9	11	4)	[30]
(9	11	5)	[18]
(9	12	1)	[42]
(9	12	2)	[42]
(9	12	3)	[30]
(9	12	4)	[20]
(9	12	5)	[29]
(9	13	1)	[32]
(9	13	2)	[36]
(9	13	3)	[65]
(9	13	4)	[22]
(9	13	5)	[45]
(9	14	1)	[40]
(9	14	2)	[61]
(9	14	3)	[45]
(9	14	4)	[22]
(9	14	5)	[17]
(9	15	1)	[37]
(9	15	2)	[54]
(9	15	3)	[28]
(9	15	4)	[34]
(9	15	5)	[39]
(9	16	1)	[40]
(9	16	2)	[46]
(9	16	3)	[52]
(9	16	4)	[52]
(9	16	5)	[61]
(9	17	1)	[35]
(9	17	2)	[31]
(9	17	3)	[46]
(9	17	4)	[44]
(9	17	5)	[34]
(9	18	1)	[48]
(9	18	2)	[35]
(9	18	3)	[39]
(9	18	4)	[36]
(9	18	5)	[49]
(9	19	1)	[38]
(9	19	2)	[63]
(9	19	3)	[81]
(9	19	4)	[43]
(9	19	5)	[48]
(9	20	1)	[24]
(9	20	2)	[34]
(9	20	3)	[52]
(9	20	4)	[37]
(9	20	5)	[9]
(9	21	1)	[49]
(9	21	2)	[50]
(9	21	3)	[28]
(9	21	4)	[33]
(9	21	5)	[48]
(9	22	1)	[20]
(9	22	2)	[43]
(9	22	3)	[51]
(9	22	4)	[46]
(9	22	5)	[33]
(9	23	1)	[34]
(9	23	2)	[11]
(9	23	3)	[89]
(9	23	4)	[22]
(9	23	5)	[53]
(9	24	1)	[45]
(9	24	2)	[51]
(9	24	3)	[35]
(9	24	4)	[19]
(9	24	5)	[49]
(9	25	1)	[42]
(9	25	2)	[32]
(9	25	3)	[59]
(9	25	4)	[33]
(9	25	5)	[28]
(9	26	1)	[49]
(9	26	2)	[17]
(9	26	3)	[47]
(9	26	4)	[34]
(9	26	5)	[52]
(9	27	1)	[58]
(9	27	2)	[48]
(9	27	3)	[41]
(9	27	4)	[19]
(9	27	5)	[49]
(9	28	1)	[57]
(9	28	2)	[49]
(9	28	3)	[52]
(9	28	4)	[40]
(9	28	5)	[38]
(9	29	1)	[55]
(9	29	2)	[25]
(9	29	3)	[53]
(9	29	4)	[50]
(9	29	5)	[13]
(9	30	1)	[44]
(9	30	2)	[34]
(9	30	3)	[44]
(9	30	4)	[28]
(9	30	5)	[19]
(9	31	1)	[57]
(9	31	2)	[40]
(9	31	3)	[53]
(9	31	4)	[55]
(9	31	5)	[48]
(9	32	1)	[34]
(9	32	2)	[47]
(9	32	3)	[33]
(9	32	4)	[67]
(9	32	5)	[35]
(9	33	1)	[33]
(9	33	2)	[32]
(9	33	3)	[24]
(9	33	4)	[76]
(9	33	5)	[27]
(9	34	1)	[49]
(9	34	2)	[34]
(9	34	3)	[81]
(9	34	4)	[76]
(9	34	5)	[46]
(9	35	1)	[31]
(9	35	2)	[56]
(9	35	3)	[36]
(9	35	4)	[30]
(9	35	5)	[57]
(9	36	1)	[51]
(9	36	2)	[45]
(9	36	3)	[13]
(9	36	4)	[49]
(9	36	5)	[35]
(9	37	1)	[48]
(9	37	2)	[19]
(9	37	3)	[15]
(9	37	4)	[33]
(9	37	5)	[9]
(9	38	1)	[29]
(9	38	2)	[24]
(9	38	3)	[17]
(9	38	4)	[58]
(9	38	5)	[57]
(9	39	1)	[34]
(9	39	2)	[25]
(9	39	3)	[21]
(9	39	4)	[52]
(9	39	5)	[50]
(9	40	1)	[40]
(9	40	2)	[31]
(9	40	3)	[27]
(9	40	4)	[22]
(9	40	5)	[36]
(9	41	1)	[53]
(9	41	2)	[53]
(9	41	3)	[45]
(9	41	4)	[63]
(9	41	5)	[47]
(9	42	1)	[57]
(9	42	2)	[38]
(9	42	3)	[35]
(9	42	4)	[30]
(9	42	5)	[41]
(9	43	1)	[48]
(9	43	2)	[30]
(9	43	3)	[37]
(9	43	4)	[28]
(9	43	5)	[50]
(9	44	1)	[50]
(9	44	2)	[41]
(9	44	3)	[34]
(9	44	4)	[54]
(9	44	5)	[37]
(9	45	1)	[18]
(9	45	2)	[52]
(9	45	3)	[69]
(9	45	4)	[36]
(9	45	5)	[58]
(9	46	1)	[64]
(9	46	2)	[32]
(9	46	3)	[55]
(9	46	4)	[42]
(9	46	5)	[36]
(9	47	1)	[52]
(9	47	2)	[7]
(9	47	3)	[37]
(9	47	4)	[44]
(9	47	5)	[10]
(9	48	1)	[21]
(9	48	2)	[30]
(9	48	3)	[42]
(9	48	4)	[48]
(9	48	5)	[47]
(9	49	1)	[50]
(9	49	2)	[39]
(9	49	3)	[21]
(9	49	4)	[33]
(9	49	5)	[50]
(9	50	1)	[44]
(9	50	2)	[25]
(9	50	3)	[13]
(9	50	4)	[38]
(9	50	5)	[63]
(10	1	1)	[50]
(10	1	2)	[36]
(10	1	3)	[41]
(10	1	4)	[31]
(10	1	5)	[72]
(10	2	1)	[77]
(10	2	2)	[18]
(10	2	3)	[25]
(10	2	4)	[69]
(10	2	5)	[78]
(10	3	1)	[39]
(10	3	2)	[6]
(10	3	3)	[41]
(10	3	4)	[50]
(10	3	5)	[65]
(10	4	1)	[43]
(10	4	2)	[38]
(10	4	3)	[66]
(10	4	4)	[0]
(10	4	5)	[61]
(10	5	1)	[29]
(10	5	2)	[53]
(10	5	3)	[48]
(10	5	4)	[54]
(10	5	5)	[23]
(10	6	1)	[63]
(10	6	2)	[46]
(10	6	3)	[47]
(10	6	4)	[76]
(10	6	5)	[27]
(10	7	1)	[43]
(10	7	2)	[21]
(10	7	3)	[39]
(10	7	4)	[39]
(10	7	5)	[42]
(10	8	1)	[13]
(10	8	2)	[57]
(10	8	3)	[38]
(10	8	4)	[34]
(10	8	5)	[42]
(10	9	1)	[37]
(10	9	2)	[57]
(10	9	3)	[40]
(10	9	4)	[32]
(10	9	5)	[40]
(10	10	1)	[49]
(10	10	2)	[73]
(10	10	3)	[20]
(10	10	4)	[70]
(10	10	5)	[22]
(10	11	1)	[14]
(10	11	2)	[20]
(10	11	3)	[45]
(10	11	4)	[50]
(10	11	5)	[10]
(10	12	1)	[50]
(10	12	2)	[50]
(10	12	3)	[57]
(10	12	4)	[42]
(10	12	5)	[42]
(10	13	1)	[38]
(10	13	2)	[56]
(10	13	3)	[31]
(10	13	4)	[42]
(10	13	5)	[31]
(10	14	1)	[29]
(10	14	2)	[53]
(10	14	3)	[38]
(10	14	4)	[15]
(10	14	5)	[53]
(10	15	1)	[55]
(10	15	2)	[26]
(10	15	3)	[46]
(10	15	4)	[40]
(10	15	5)	[54]
(10	16	1)	[50]
(10	16	2)	[37]
(10	16	3)	[30]
(10	16	4)	[22]
(10	16	5)	[47]
(10	17	1)	[24]
(10	17	2)	[51]
(10	17	3)	[47]
(10	17	4)	[21]
(10	17	5)	[30]
(10	18	1)	[55]
(10	18	2)	[36]
(10	18	3)	[50]
(10	18	4)	[32]
(10	18	5)	[50]
(10	19	1)	[8]
(10	19	2)	[15]
(10	19	3)	[57]
(10	19	4)	[55]
(10	19	5)	[20]
(10	20	1)	[57]
(10	20	2)	[56]
(10	20	3)	[33]
(10	20	4)	[24]
(10	20	5)	[32]
(10	21	1)	[3]
(10	21	2)	[29]
(10	21	3)	[25]
(10	21	4)	[43]
(10	21	5)	[46]
(10	22	1)	[39]
(10	22	2)	[43]
(10	22	3)	[38]
(10	22	4)	[22]
(10	22	5)	[15]
(10	23	1)	[13]
(10	23	2)	[37]
(10	23	3)	[24]
(10	23	4)	[42]
(10	23	5)	[51]
(10	24	1)	[53]
(10	24	2)	[58]
(10	24	3)	[60]
(10	24	4)	[49]
(10	24	5)	[36]
(10	25	1)	[30]
(10	25	2)	[37]
(10	25	3)	[26]
(10	25	4)	[6]
(10	25	5)	[45]
(10	26	1)	[5]
(10	26	2)	[36]
(10	26	3)	[0]
(10	26	4)	[44]
(10	26	5)	[62]
(10	27	1)	[31]
(10	27	2)	[23]
(10	27	3)	[42]
(10	27	4)	[41]
(10	27	5)	[50]
(10	28	1)	[26]
(10	28	2)	[40]
(10	28	3)	[35]
(10	28	4)	[37]
(10	28	5)	[31]
(10	29	1)	[49]
(10	29	2)	[32]
(10	29	3)	[31]
(10	29	4)	[42]
(10	29	5)	[39]
(10	30	1)	[11]
(10	30	2)	[26]
(10	30	3)	[24]
(10	30	4)	[42]
(10	30	5)	[28]
(10	31	1)	[32]
(10	31	2)	[52]
(10	31	3)	[45]
(10	31	4)	[54]
(10	31	5)	[21]
(10	32	1)	[50]
(10	32	2)	[40]
(10	32	3)	[34]
(10	32	4)	[42]
(10	32	5)	[28]
(10	33	1)	[46]
(10	33	2)	[49]
(10	33	3)	[43]
(10	33	4)	[65]
(10	33	5)	[40]
(10	34	1)	[56]
(10	34	2)	[38]
(10	34	3)	[71]
(10	34	4)	[51]
(10	34	5)	[36]
(10	35	1)	[62]
(10	35	2)	[41]
(10	35	3)	[47]
(10	35	4)	[41]
(10	35	5)	[38]
(10	36	1)	[56]
(10	36	2)	[32]
(10	36	3)	[47]
(10	36	4)	[27]
(10	36	5)	[35]
(10	37	1)	[47]
(10	37	2)	[50]
(10	37	3)	[34]
(10	37	4)	[11]
(10	37	5)	[21]
(10	38	1)	[44]
(10	38	2)	[51]
(10	38	3)	[51]
(10	38	4)	[64]
(10	38	5)	[15]
(10	39	1)	[19]
(10	39	2)	[41]
(10	39	3)	[50]
(10	39	4)	[33]
(10	39	5)	[43]
(10	40	1)	[39]
(10	40	2)	[17]
(10	40	3)	[53]
(10	40	4)	[45]
(10	40	5)	[46]
(10	41	1)	[28]
(10	41	2)	[45]
(10	41	3)	[12]
(10	41	4)	[14]
(10	41	5)	[37]
(10	42	1)	[37]
(10	42	2)	[32]
(10	42	3)	[62]
(10	42	4)	[57]
(10	42	5)	[18]
(10	43	1)	[32]
(10	43	2)	[35]
(10	43	3)	[48]
(10	43	4)	[47]
(10	43	5)	[39]
(10	44	1)	[50]
(10	44	2)	[40]
(10	44	3)	[18]
(10	44	4)	[22]
(10	44	5)	[25]
(10	45	1)	[17]
(10	45	2)	[42]
(10	45	3)	[53]
(10	45	4)	[40]
(10	45	5)	[30]
(10	46	1)	[33]
(10	46	2)	[61]
(10	46	3)	[49]
(10	46	4)	[14]
(10	46	5)	[78]
(10	47	1)	[22]
(10	47	2)	[36]
(10	47	3)	[55]
(10	47	4)	[51]
(10	47	5)	[11]
(10	48	1)	[32]
(10	48	2)	[53]
(10	48	3)	[34]
(10	48	4)	[28]
(10	48	5)	[57]
(10	49	1)	[9]
(10	49	2)	[30]
(10	49	3)	[17]
(10	49	4)	[72]
(10	49	5)	[41]
(10	50	1)	[28]
(10	50	2)	[39]
(10	50	3)	[42]
(10	50	4)	[59]
(10	50	5)	[27]
]
FixedCostVendorToWarehouse:[
(1	1)	[186.09]
(2	1)	[217.05]
(3	1)	[253.17]
]
FixedCostWarehouseToStore:[
(1	1)	[52.27]
(1	2)	[186.09]
(1	3)	[66.13]
(1	4)	[45.59]
(1	5)	[52.27]
(1	6)	[126.26]
(1	7)	[45.59]
(1	8)	[253.17]
(1	9)	[52.27]
(1	10)	[75.28]
]
Variable_FixedCostVendorToWarehouse:[
(1	1)	[727.61]
(2	1)	[802.19]
(3	1)	[884.41]
]
VariableCostVendorToWarehouse:[
(1	1)	[0.055]
(2	1)	[0.061]
(3	1)	[0.067]
]
Variable_FixedCostWarehouseToStore:[
(1	1)	[482.83]
(1	2)	[727.61]
(1	3)	[492.45]
(1	4)	[441.14]
(1	5)	[482.83]
(1	6)	[622.3]
(1	7)	[441.14]
(1	8)	[884.41]
(1	9)	[482.83]
(1	10)	[521.43]
]
VariableCostWarehouseToStore:[
(1	1)	[0.029]
(1	2)	[0.055]
(1	3)	[0.034]
(1	4)	[0.027]
(1	5)	[0.029]
(1	6)	[0.047]
(1	7)	[0.027]
(1	8)	[0.067]
(1	9)	[0.029]
(1	10)	[0.036]
]
ProductVolume:[
(1)	[0.23]
(2)	[0.82]
(3)	[0.24]
(4)	[0.14]
(5)	[0.46]
(6)	[0.28]
(7)	[0.67]
(8)	[0.06]
(9)	[0.29]
(10)	[0.89]
(11)	[0.44]
(12)	[0.6]
(13)	[0.54]
(14)	[0.67]
(15)	[0.88]
(16)	[0.35]
(17)	[0.63]
(18)	[0.08]
(19)	[0.21]
(20)	[0.62]
(21)	[0.43]
(22)	[0.86]
(23)	[0.44]
(24)	[0.64]
(25)	[0.25]
(26)	[0.88]
(27)	[0.85]
(28)	[0.87]
(29)	[0.74]
(30)	[0.89]
(31)	[0.55]
(32)	[0.16]
(33)	[0.88]
(34)	[0.25]
(35)	[0.79]
(36)	[0.09]
(37)	[0.19]
(38)	[0.62]
(39)	[0.42]
(40)	[0.27]
(41)	[0.91]
(42)	[0.77]
(43)	[0.31]
(44)	[0.51]
(45)	[0.78]
(46)	[0.46]
(47)	[0.57]
(48)	[0.08]
(49)	[0.89]
(50)	[0.47]
]
ProductWeight:[
(1)	[0.77]
(2)	[0.82]
(3)	[0.93]
(4)	[0.45]
(5)	[0.27]
(6)	[0.79]
(7)	[0.42]
(8)	[0.63]
(9)	[0.47]
(10)	[0.91]
(11)	[0.41]
(12)	[0.38]
(13)	[0.55]
(14)	[0.11]
(15)	[0.52]
(16)	[0.53]
(17)	[0.9]
(18)	[0.55]
(19)	[0.54]
(20)	[0.5]
(21)	[0.96]
(22)	[0.87]
(23)	[0.45]
(24)	[0.22]
(25)	[0.25]
(26)	[0.79]
(27)	[0.19]
(28)	[0.22]
(29)	[0.21]
(30)	[0.73]
(31)	[0.79]
(32)	[0.57]
(33)	[0.42]
(34)	[0.16]
(35)	[0.67]
(36)	[0.81]
(37)	[0.98]
(38)	[0.44]
(39)	[0.87]
(40)	[0.72]
(41)	[0.58]
(42)	[0.76]
(43)	[0.77]
(44)	[0.5]
(45)	[0.17]
(46)	[0.54]
(47)	[0.51]
(48)	[0.48]
(49)	[0.45]
(50)	[0.3]
]
MapVendorToProduct:[
(1	1)	[1]
(1	2)	[1]
(1	3)	[1]
(1	4)	[1]
(1	5)	[1]
(1	6)	[1]
(1	7)	[1]
(1	8)	[1]
(1	9)	[1]
(1	10)	[1]
(1	11)	[1]
(1	12)	[1]
(1	13)	[1]
(1	14)	[1]
(1	15)	[1]
(1	16)	[1]
(1	17)	[0]
(1	18)	[0]
(1	19)	[0]
(1	20)	[0]
(1	21)	[0]
(1	22)	[0]
(1	23)	[0]
(1	24)	[0]
(1	25)	[0]
(1	26)	[0]
(1	27)	[0]
(1	28)	[0]
(1	29)	[0]
(1	30)	[0]
(1	31)	[0]
(1	32)	[0]
(1	33)	[0]
(1	34)	[0]
(1	35)	[0]
(1	36)	[0]
(1	37)	[0]
(1	38)	[0]
(1	39)	[0]
(1	40)	[0]
(1	41)	[0]
(1	42)	[0]
(1	43)	[0]
(1	44)	[0]
(1	45)	[0]
(1	46)	[0]
(1	47)	[0]
(1	48)	[0]
(1	49)	[0]
(1	50)	[0]
(2	1)	[0]
(2	2)	[0]
(2	3)	[0]
(2	4)	[0]
(2	5)	[0]
(2	6)	[0]
(2	7)	[0]
(2	8)	[0]
(2	9)	[0]
(2	10)	[0]
(2	11)	[0]
(2	12)	[0]
(2	13)	[0]
(2	14)	[0]
(2	15)	[0]
(2	16)	[0]
(2	17)	[1]
(2	18)	[1]
(2	19)	[1]
(2	20)	[1]
(2	21)	[1]
(2	22)	[1]
(2	23)	[1]
(2	24)	[1]
(2	25)	[1]
(2	26)	[1]
(2	27)	[1]
(2	28)	[1]
(2	29)	[1]
(2	30)	[1]
(2	31)	[1]
(2	32)	[1]
(2	33)	[0]
(2	34)	[0]
(2	35)	[0]
(2	36)	[0]
(2	37)	[0]
(2	38)	[0]
(2	39)	[0]
(2	40)	[0]
(2	41)	[0]
(2	42)	[0]
(2	43)	[0]
(2	44)	[0]
(2	45)	[0]
(2	46)	[0]
(2	47)	[0]
(2	48)	[0]
(2	49)	[0]
(2	50)	[0]
(3	1)	[0]
(3	2)	[0]
(3	3)	[0]
(3	4)	[0]
(3	5)	[0]
(3	6)	[0]
(3	7)	[0]
(3	8)	[0]
(3	9)	[0]
(3	10)	[0]
(3	11)	[0]
(3	12)	[0]
(3	13)	[0]
(3	14)	[0]
(3	15)	[0]
(3	16)	[0]
(3	17)	[0]
(3	18)	[0]
(3	19)	[0]
(3	20)	[0]
(3	21)	[0]
(3	22)	[0]
(3	23)	[0]
(3	24)	[0]
(3	25)	[0]
(3	26)	[0]
(3	27)	[0]
(3	28)	[0]
(3	29)	[0]
(3	30)	[0]
(3	31)	[0]
(3	32)	[0]
(3	33)	[1]
(3	34)	[1]
(3	35)	[1]
(3	36)	[1]
(3	37)	[1]
(3	38)	[1]
(3	39)	[1]
(3	40)	[1]
(3	41)	[1]
(3	42)	[1]
(3	43)	[1]
(3	44)	[1]
(3	45)	[1]
(3	46)	[1]
(3	47)	[1]
(3	48)	[1]
(3	49)	[1]
(3	50)	[1]
]
LeadTimeWarehouseToStores:[
(1	1)	[0]
(1	2)	[0]
(1	3)	[0]
(1	4)	[0]
(1	5)	[0]
(1	6)	[0]
(1	7)	[0]
(1	8)	[0]
(1	9)	[0]
(1	10)	[0]
]
StoreDemandForFashionProducts:[
(1	1)	[140]
(1	2)	[90]
(1	3)	[290]
(1	4)	[315]
(1	5)	[305]
(1	6)	[270]
(1	7)	[275]
(1	8)	[170]
(1	9)	[95]
(1	10)	[155]
(1	11)	[200]
(1	12)	[285]
(1	13)	[275]
(1	14)	[250]
(1	15)	[220]
(1	16)	[195]
(1	17)	[210]
(1	18)	[240]
(1	19)	[210]
(1	20)	[5]
(1	21)	[155]
(1	22)	[110]
(1	23)	[265]
(1	24)	[155]
(1	25)	[275]
(1	26)	[200]
(1	27)	[250]
(1	28)	[140]
(1	29)	[220]
(1	30)	[295]
(1	31)	[230]
(1	32)	[255]
(1	33)	[225]
(1	34)	[215]
(1	35)	[235]
(1	36)	[195]
(1	37)	[25]
(1	38)	[150]
(1	39)	[180]
(1	40)	[310]
(1	41)	[190]
(1	42)	[110]
(1	43)	[260]
(1	44)	[350]
(1	45)	[275]
(1	46)	[145]
(1	47)	[145]
(1	48)	[170]
(1	49)	[345]
(1	50)	[325]
(2	1)	[255]
(2	2)	[140]
(2	3)	[230]
(2	4)	[210]
(2	5)	[140]
(2	6)	[170]
(2	7)	[115]
(2	8)	[135]
(2	9)	[115]
(2	10)	[120]
(2	11)	[135]
(2	12)	[250]
(2	13)	[350]
(2	14)	[285]
(2	15)	[155]
(2	16)	[195]
(2	17)	[210]
(2	18)	[160]
(2	19)	[330]
(2	20)	[220]
(2	21)	[195]
(2	22)	[210]
(2	23)	[195]
(2	24)	[120]
(2	25)	[245]
(2	26)	[160]
(2	27)	[195]
(2	28)	[235]
(2	29)	[235]
(2	30)	[115]
(2	31)	[145]
(2	32)	[210]
(2	33)	[140]
(2	34)	[230]
(2	35)	[65]
(2	36)	[285]
(2	37)	[170]
(2	38)	[295]
(2	39)	[230]
(2	40)	[165]
(2	41)	[65]
(2	42)	[340]
(2	43)	[205]
(2	44)	[200]
(2	45)	[130]
(2	46)	[220]
(2	47)	[75]
(2	48)	[90]
(2	49)	[110]
(2	50)	[315]
(3	1)	[220]
(3	2)	[150]
(3	3)	[245]
(3	4)	[205]
(3	5)	[250]
(3	6)	[250]
(3	7)	[135]
(3	8)	[65]
(3	9)	[140]
(3	10)	[85]
(3	11)	[145]
(3	12)	[105]
(3	13)	[205]
(3	14)	[180]
(3	15)	[165]
(3	16)	[295]
(3	17)	[10]
(3	18)	[115]
(3	19)	[275]
(3	20)	[340]
(3	21)	[105]
(3	22)	[165]
(3	23)	[255]
(3	24)	[35]
(3	25)	[65]
(3	26)	[310]
(3	27)	[115]
(3	28)	[310]
(3	29)	[120]
(3	30)	[190]
(3	31)	[170]
(3	32)	[150]
(3	33)	[270]
(3	34)	[175]
(3	35)	[265]
(3	36)	[95]
(3	37)	[230]
(3	38)	[380]
(3	39)	[270]
(3	40)	[305]
(3	41)	[140]
(3	42)	[205]
(3	43)	[70]
(3	44)	[175]
(3	45)	[210]
(3	46)	[300]
(3	47)	[185]
(3	48)	[215]
(3	49)	[230]
(3	50)	[250]
(4	1)	[85]
(4	2)	[340]
(4	3)	[230]
(4	4)	[215]
(4	5)	[300]
(4	6)	[290]
(4	7)	[265]
(4	8)	[105]
(4	9)	[180]
(4	10)	[195]
(4	11)	[160]
(4	12)	[250]
(4	13)	[200]
(4	14)	[220]
(4	15)	[200]
(4	16)	[105]
(4	17)	[150]
(4	18)	[145]
(4	19)	[270]
(4	20)	[0]
(4	21)	[160]
(4	22)	[255]
(4	23)	[85]
(4	24)	[290]
(4	25)	[210]
(4	26)	[370]
(4	27)	[220]
(4	28)	[175]
(4	29)	[225]
(4	30)	[215]
(4	31)	[240]
(4	32)	[210]
(4	33)	[130]
(4	34)	[230]
(4	35)	[250]
(4	36)	[170]
(4	37)	[190]
(4	38)	[165]
(4	39)	[105]
(4	40)	[165]
(4	41)	[155]
(4	42)	[245]
(4	43)	[325]
(4	44)	[135]
(4	45)	[185]
(4	46)	[125]
(4	47)	[140]
(4	48)	[360]
(4	49)	[110]
(4	50)	[130]
(5	1)	[175]
(5	2)	[180]
(5	3)	[230]
(5	4)	[185]
(5	5)	[230]
(5	6)	[340]
(5	7)	[15]
(5	8)	[250]
(5	9)	[255]
(5	10)	[280]
(5	11)	[260]
(5	12)	[340]
(5	13)	[240]
(5	14)	[95]
(5	15)	[195]
(5	16)	[175]
(5	17)	[175]
(5	18)	[290]
(5	19)	[335]
(5	20)	[335]
(5	21)	[300]
(5	22)	[100]
(5	23)	[325]
(5	24)	[335]
(5	25)	[175]
(5	26)	[285]
(5	27)	[125]
(5	28)	[320]
(5	29)	[200]
(5	30)	[95]
(5	31)	[210]
(5	32)	[85]
(5	33)	[335]
(5	34)	[105]
(5	35)	[175]
(5	36)	[240]
(5	37)	[310]
(5	38)	[235]
(5	39)	[150]
(5	40)	[200]
(5	41)	[105]
(5	42)	[245]
(5	43)	[255]
(5	44)	[335]
(5	45)	[145]
(5	46)	[270]
(5	47)	[100]
(5	48)	[410]
(5	49)	[240]
(5	50)	[95]
(6	1)	[110]
(6	2)	[250]
(6	3)	[225]
(6	4)	[160]
(6	5)	[160]
(6	6)	[190]
(6	7)	[110]
(6	8)	[300]
(6	9)	[345]
(6	10)	[300]
(6	11)	[145]
(6	12)	[105]
(6	13)	[220]
(6	14)	[255]
(6	15)	[100]
(6	16)	[210]
(6	17)	[65]
(6	18)	[195]
(6	19)	[160]
(6	20)	[225]
(6	21)	[180]
(6	22)	[325]
(6	23)	[345]
(6	24)	[220]
(6	25)	[245]
(6	26)	[135]
(6	27)	[235]
(6	28)	[240]
(6	29)	[240]
(6	30)	[210]
(6	31)	[280]
(6	32)	[180]
(6	33)	[245]
(6	34)	[285]
(6	35)	[270]
(6	36)	[220]
(6	37)	[140]
(6	38)	[205]
(6	39)	[150]
(6	40)	[190]
(6	41)	[140]
(6	42)	[140]
(6	43)	[95]
(6	44)	[185]
(6	45)	[230]
(6	46)	[225]
(6	47)	[150]
(6	48)	[255]
(6	49)	[265]
(6	50)	[145]
(7	1)	[210]
(7	2)	[375]
(7	3)	[230]
(7	4)	[310]
(7	5)	[390]
(7	6)	[280]
(7	7)	[260]
(7	8)	[0]
(7	9)	[190]
(7	10)	[180]
(7	11)	[145]
(7	12)	[190]
(7	13)	[100]
(7	14)	[45]
(7	15)	[225]
(7	16)	[240]
(7	17)	[305]
(7	18)	[225]
(7	19)	[85]
(7	20)	[85]
(7	21)	[290]
(7	22)	[175]
(7	23)	[140]
(7	24)	[90]
(7	25)	[70]
(7	26)	[200]
(7	27)	[300]
(7	28)	[250]
(7	29)	[345]
(7	30)	[215]
(7	31)	[190]
(7	32)	[130]
(7	33)	[210]
(7	34)	[145]
(7	35)	[240]
(7	36)	[115]
(7	37)	[315]
(7	38)	[200]
(7	39)	[200]
(7	40)	[260]
(7	41)	[270]
(7	42)	[220]
(7	43)	[140]
(7	44)	[250]
(7	45)	[205]
(7	46)	[250]
(7	47)	[50]
(7	48)	[315]
(7	49)	[95]
(7	50)	[0]
(8	1)	[345]
(8	2)	[185]
(8	3)	[240]
(8	4)	[200]
(8	5)	[140]
(8	6)	[240]
(8	7)	[65]
(8	8)	[140]
(8	9)	[235]
(8	10)	[320]
(8	11)	[190]
(8	12)	[85]
(8	13)	[170]
(8	14)	[425]
(8	15)	[220]
(8	16)	[305]
(8	17)	[170]
(8	18)	[180]
(8	19)	[195]
(8	20)	[285]
(8	21)	[235]
(8	22)	[30]
(8	23)	[130]
(8	24)	[55]
(8	25)	[215]
(8	26)	[250]
(8	27)	[285]
(8	28)	[205]
(8	29)	[210]
(8	30)	[105]
(8	31)	[130]
(8	32)	[210]
(8	33)	[220]
(8	34)	[205]
(8	35)	[150]
(8	36)	[65]
(8	37)	[210]
(8	38)	[280]
(8	39)	[270]
(8	40)	[285]
(8	41)	[25]
(8	42)	[150]
(8	43)	[150]
(8	44)	[175]
(8	45)	[325]
(8	46)	[205]
(8	47)	[200]
(8	48)	[270]
(8	49)	[250]
(8	50)	[180]
(9	1)	[320]
(9	2)	[310]
(9	3)	[260]
(9	4)	[155]
(9	5)	[160]
(9	6)	[205]
(9	7)	[240]
(9	8)	[280]
(9	9)	[140]
(9	10)	[120]
(9	11)	[200]
(9	12)	[200]
(9	13)	[245]
(9	14)	[230]
(9	15)	[60]
(9	16)	[145]
(9	17)	[210]
(9	18)	[250]
(9	19)	[310]
(9	20)	[285]
(9	21)	[210]
(9	22)	[325]
(9	23)	[180]
(9	24)	[295]
(9	25)	[225]
(9	26)	[230]
(9	27)	[275]
(9	28)	[100]
(9	29)	[225]
(9	30)	[225]
(9	31)	[40]
(9	32)	[225]
(9	33)	[255]
(9	34)	[205]
(9	35)	[80]
(9	36)	[225]
(9	37)	[150]
(9	38)	[125]
(9	39)	[250]
(9	40)	[0]
(9	41)	[210]
(9	42)	[80]
(9	43)	[185]
(9	44)	[100]
(9	45)	[230]
(9	46)	[200]
(9	47)	[190]
(9	48)	[215]
(9	49)	[265]
(9	50)	[170]
(10	1)	[110]
(10	2)	[225]
(10	3)	[185]
(10	4)	[205]
(10	5)	[305]
(10	6)	[160]
(10	7)	[150]
(10	8)	[125]
(10	9)	[220]
(10	10)	[110]
(10	11)	[170]
(10	12)	[295]
(10	13)	[135]
(10	14)	[220]
(10	15)	[205]
(10	16)	[225]
(10	17)	[165]
(10	18)	[160]
(10	19)	[250]
(10	20)	[185]
(10	21)	[190]
(10	22)	[255]
(10	23)	[65]
(10	24)	[40]
(10	25)	[220]
(10	26)	[205]
(10	27)	[140]
(10	28)	[170]
(10	29)	[315]
(10	30)	[255]
(10	31)	[205]
(10	32)	[285]
(10	33)	[235]
(10	34)	[320]
(10	35)	[125]
(10	36)	[15]
(10	37)	[135]
(10	38)	[195]
(10	39)	[180]
(10	40)	[285]
(10	41)	[355]
(10	42)	[225]
(10	43)	[120]
(10	44)	[235]
(10	45)	[110]
(10	46)	[210]
(10	47)	[325]
(10	48)	[130]
(10	49)	[220]
(10	50)	[145]
]
FixedCostFashionVendorToWarehouse:[
(1	1)	[297.11]
(2	1)	[468.61]
]
Variable_FixedCostFashionVendorToWarehouse:[
(1	1)	[975.07]
(2	1)	[1306.68]
]
VariableCostFashionVendorToWarehouse:[
(1	1)	[0.074]
(2	1)	[0.099]
]
FashionProductVolume:[
(1)	[0.5]
(2)	[0.96]
(3)	[0.42]
(4)	[0.7]
(5)	[0.07]
(6)	[0.4]
(7)	[0.08]
(8)	[0.83]
(9)	[0.8]
(10)	[0.95]
(11)	[0.53]
(12)	[0.57]
(13)	[0.55]
(14)	[0.24]
(15)	[0.87]
(16)	[0.53]
(17)	[0.5]
(18)	[0.54]
(19)	[0.54]
(20)	[0.63]
(21)	[0.17]
(22)	[0.06]
(23)	[0.22]
(24)	[0.5]
(25)	[0.56]
(26)	[0.81]
(27)	[0.87]
(28)	[0.45]
(29)	[0.84]
(30)	[0.29]
(31)	[0.95]
(32)	[0.61]
(33)	[0.18]
(34)	[0.73]
(35)	[0.13]
(36)	[0.5]
(37)	[0.11]
(38)	[0.19]
(39)	[0.11]
(40)	[0.14]
(41)	[0.94]
(42)	[0.63]
(43)	[0.12]
(44)	[0.94]
(45)	[0.31]
(46)	[0.51]
(47)	[0.98]
(48)	[0.51]
(49)	[0.03]
(50)	[0.61]
]
FashionProductWeight:[
(1)	[0.37]
(2)	[0.49]
(3)	[0.21]
(4)	[0.97]
(5)	[0.17]
(6)	[0.8]
(7)	[0.77]
(8)	[0.85]
(9)	[0.7]
(10)	[0.87]
(11)	[0.97]
(12)	[0.7]
(13)	[0.55]
(14)	[0.58]
(15)	[0.23]
(16)	[0.54]
(17)	[0.29]
(18)	[0.43]
(19)	[0.26]
(20)	[0.15]
(21)	[0.58]
(22)	[0.95]
(23)	[0.18]
(24)	[0.86]
(25)	[0.2]
(26)	[0.87]
(27)	[0.25]
(28)	[0.53]
(29)	[0.63]
(30)	[0.91]
(31)	[0.72]
(32)	[0.21]
(33)	[0.34]
(34)	[0.21]
(35)	[0.51]
(36)	[0.19]
(37)	[0.24]
(38)	[0.77]
(39)	[0.33]
(40)	[0.23]
(41)	[0.95]
(42)	[0.65]
(43)	[0.27]
(44)	[0.99]
(45)	[0.12]
(46)	[0.51]
(47)	[0.53]
(48)	[0.26]
(49)	[0.83]
(50)	[0.35]
]
MapFashionVendorToProduct:[
(1	1)	[1]
(1	2)	[1]
(1	3)	[1]
(1	4)	[1]
(1	5)	[1]
(1	6)	[1]
(1	7)	[1]
(1	8)	[1]
(1	9)	[1]
(1	10)	[1]
(1	11)	[1]
(1	12)	[1]
(1	13)	[1]
(1	14)	[1]
(1	15)	[1]
(1	16)	[1]
(1	17)	[1]
(1	18)	[1]
(1	19)	[1]
(1	20)	[1]
(1	21)	[1]
(1	22)	[1]
(1	23)	[1]
(1	24)	[1]
(1	25)	[1]
(1	26)	[0]
(1	27)	[0]
(1	28)	[0]
(1	29)	[0]
(1	30)	[0]
(1	31)	[0]
(1	32)	[0]
(1	33)	[0]
(1	34)	[0]
(1	35)	[0]
(1	36)	[0]
(1	37)	[0]
(1	38)	[0]
(1	39)	[0]
(1	40)	[0]
(1	41)	[0]
(1	42)	[0]
(1	43)	[0]
(1	44)	[0]
(1	45)	[0]
(1	46)	[0]
(1	47)	[0]
(1	48)	[0]
(1	49)	[0]
(1	50)	[0]
(2	1)	[0]
(2	2)	[0]
(2	3)	[0]
(2	4)	[0]
(2	5)	[0]
(2	6)	[0]
(2	7)	[0]
(2	8)	[0]
(2	9)	[0]
(2	10)	[0]
(2	11)	[0]
(2	12)	[0]
(2	13)	[0]
(2	14)	[0]
(2	15)	[0]
(2	16)	[0]
(2	17)	[0]
(2	18)	[0]
(2	19)	[0]
(2	20)	[0]
(2	21)	[0]
(2	22)	[0]
(2	23)	[0]
(2	24)	[0]
(2	25)	[0]
(2	26)	[1]
(2	27)	[1]
(2	28)	[1]
(2	29)	[1]
(2	30)	[1]
(2	31)	[1]
(2	32)	[1]
(2	33)	[1]
(2	34)	[1]
(2	35)	[1]
(2	36)	[1]
(2	37)	[1]
(2	38)	[1]
(2	39)	[1]
(2	40)	[1]
(2	41)	[1]
(2	42)	[1]
(2	43)	[1]
(2	44)	[1]
(2	45)	[1]
(2	46)	[1]
(2	47)	[1]
(2	48)	[1]
(2	49)	[1]
(2	50)	[1]
]
