Printing New Fashion Solution:

Inbound Fashion Solution (V F T):
1	1	2	4990
1	2	3	5255
1	3	3	4560
1	4	2	6200
1	5	2	4640
1	6	3	5070
1	7	2	6145
1	8	2	5105
1	9	3	4815
1	10	3	5940


Outbound Fashion Solution(S F T):
1	1	3	1150
1	2	4	1085
1	3	4	970
1	4	4	1000
1	5	4	305
1	6	4	855
1	7	3	880
1	8	3	705
1	9	4	350
1	10	4	1525
2	1	4	820
2	2	5	735
2	3	5	750
2	4	4	1480
2	5	4	1015
2	6	5	700
2	7	4	830
2	8	4	920
2	9	5	860
2	10	5	715
3	1	4	190
3	2	5	1370
3	3	5	155
3	4	4	1680
3	5	3	1150
3	6	5	1200
3	7	4	1190
3	8	3	1305
3	9	5	1075
3	10	5	1380
4	1	4	1300
4	2	5	1225
4	3	5	1855
4	4	4	510
4	5	4	1000
4	6	5	765
4	7	4	1465
4	8	4	1010
4	9	5	1475
4	10	5	1250
5	1	4	1530
5	2	5	840
5	3	4	830
5	4	4	1530
5	5	4	1170
5	6	5	1550
5	7	4	1780
5	8	4	1165
5	9	5	1055
5	10	5	1070


Warehouse Fashion Inventory (W F T):
1	0		4990		3840		0		0	
2	0		0		5255		4170		0	
3	0		0		4560		2760		0	
4	0		6200		6200		0		0	
5	0		4640		3490		0		0	
6	0		0		5070		4215		0	
7	0		6145		5265		0		0	
8	0		5105		3095		0		0	
9	0		0		4815		4465		0	
10	0		0		5940		4415		0	

Store Fashion Inventory (S F T):
Store1
1	0		1150		1150		1150	
2	0		0		1085		1085	
3	0		0		970		970	
4	0		0		1000		1000	
5	0		0		305		305	
6	0		0		855		855	
7	0		880		880		880	
8	0		705		705		705	
9	0		0		350		350	
10	0		0		1525		1525	
Store2
1	0		0		820		820	
2	0		0		0		735	
3	0		0		0		750	
4	0		0		1480		1480	
5	0		0		1015		1015	
6	0		0		0		700	
7	0		0		830		830	
8	0		0		920		920	
9	0		0		0		860	
10	0		0		0		715	
Store3
1	0		0		190		190	
2	0		0		0		1370	
3	0		0		0		155	
4	0		0		1680		1680	
5	0		1150		1150		1150	
6	0		0		0		1200	
7	0		0		1190		1190	
8	0		1305		1305		1305	
9	0		0		0		1075	
10	0		0		0		1380	
Store4
1	0		0		1300		1300	
2	0		0		0		1225	
3	0		0		0		1855	
4	0		0		510		510	
5	0		0		1000		1000	
6	0		0		0		765	
7	0		0		1465		1465	
8	0		0		1010		1010	
9	0		0		0		1475	
10	0		0		0		1250	
Store5
1	0		0		1530		1530	
2	0		0		0		840	
3	0		0		830		830	
4	0		0		1530		1530	
5	0		0		1170		1170	
6	0		0		0		1550	
7	0		0		1780		1780	
8	0		0		1165		1165	
9	0		0		0		1055	
10	0		0		0		1070	


Fashion Shipments from Vendor to Warehouse (V T):
0	0.7435434	0.82067	0	

Printing New Basic Solution:

Inbound Solution (V P T):
1	1	1	1234
1	1	5	3905
1	2	1	2554
1	2	5	2176
1	3	1	3697
1	3	5	1168
1	4	1	3809
1	4	5	1243
1	5	1	1123
1	5	5	3656
1	6	1	3682
1	6	5	898
1	7	1	3162
1	7	5	2075
1	8	1	3760
1	8	5	1267
1	9	1	3046
1	9	5	2206
1	10	1	2002
1	10	5	2349


Outbound Solution(S P T):
1	1	3	1087
1	2	3	734
1	3	3	850
1	4	3	704
1	5	3	1029
1	6	3	923
1	7	3	1046
1	8	3	1294
1	9	3	964
1	10	3	699
2	1	1	1117
2	2	1	921
2	3	1	924
2	4	1	1334
2	5	1	982
2	6	1	816
2	7	1	1073
2	8	1	827
2	9	1	1076
2	10	1	1334
3	1	3	963
3	2	3	1117
3	3	3	906
3	4	3	1222
3	5	3	893
3	6	3	788
3	7	3	1060
3	8	3	803
3	9	3	1330
3	10	3	706
4	1	2	423
4	1	5	787
4	2	2	453
4	2	5	732
4	3	2	490
4	3	5	599
4	4	2	484
4	4	5	372
4	5	2	249
4	5	5	689
4	6	2	610
4	6	5	592
4	7	2	474
4	7	5	518
4	8	2	298
4	8	5	793
4	9	2	409
4	9	5	521
4	10	2	385
4	10	5	468
5	1	1	762
5	2	1	773
5	3	1	1096
5	4	1	936
5	5	1	937
5	6	1	851
5	7	1	1066
5	8	1	1012
5	9	1	952
5	10	1	759


Warehouse Inventory (W P T):
1	3118		2473		2050		0		0		3118	
2	1444		2304		1851		0		0		1444	
3	569		2246		1756		0		0		569	
4	871		2410		1926		0		0		871	
5	2967		2171		1922		0		0		2967	
6	306		2321		1711		0		0		306	
7	1557		2580		2106		0		0		1557	
8	474		2395		2097		0		0		474	
9	1685		2703		2294		0		0		1685	
10	1881		1790		1405		0		0		1881	

Store Inventory (S P T):
Store1
1	386		188		0		880		677		386	
2	249		116		0		598		439		249	
3	159		48		0		520		366		159	
4	371		273		0		617		547		371	
5	379		269		0		823		552		379	
6	335		215		0		669		507		335	
7	446		234		0		760		674		446	
8	614		139		0		924		757		614	
9	455		130		0		784		670		455	
10	198		40		0		468		453		198	
Store2
1	0		903		690		493		192		0	
2	0		733		535		401		237		0	
3	0		689		531		376		109		0	
4	0		1029		837		469		232		0	
5	0		821		737		535		192		0	
6	0		717		415		325		88		0	
7	0		781		604		399		263		0	
8	0		674		501		300		165		0	
9	0		810		531		393		113		0	
10	0		1098		825		448		310		0	
Store3
1	416		97		0		805		530		416	
2	509		145		0		769		641		509	
3	362		158		0		698		506		362	
4	481		209		0		1049		715		481	
5	413		199		0		700		546		413	
6	201		166		0		578		324		201	
7	521		248		0		965		787		521	
8	379		111		0		613		457		379	
9	497		204		0		1023		727		497	
10	306		182		0		538		497		306	
Store4
1	666		363		548		363		0		666	
2	557		201		527		201		0		557	
3	288		149		367		149		0		288	
4	259		235		392		235		0		259	
5	421		251		356		251		0		421	
6	512		182		554		182		0		512	
7	324		158		310		158		0		324	
8	606		271		361		271		0		606	
9	269		201		394		201		0		269	
10	369		141		379		141		0		369	
Store5
1	0		686		374		289		160		0	
2	0		565		406		259		190		0	
3	0		901		641		370		216		0	
4	0		733		524		442		229		0	
5	0		799		599		449		184		0	
6	0		522		342		269		202		0	
7	0		839		414		342		197		0	
8	0		788		554		394		266		0	
9	0		707		478		339		155		0	
10	0		658		554		385		207		0	


Shipments from Vendor to Warehouse (V T):
0.9565812	0	0	0	0.83441	

Shipments from Warehouse to Stores (S T):
1	3	0.4336114
1	4	0.1555667
2	1	0.3812333
2	4	0.1366233
2	5	0.12262
3	3	0.4491553
3	4	0.05364667
3	5	0.1806567
4	2	0.1571813
4	4	0.1486033
4	5	0.4263827
5	1	0.3300207
5	4	0.1996933
5	5	0.18021


Required Putaway workers (Sol T):
3	3	3	0	3	

No of required pickers (T):
5	2	7	7	7	

No of part-time putaway workers (T):
1	1	1	0	1	

No of part-time pickers (T):
0	0	2	2	2	

Best Putaway Technology: 1200
Best Picking Technology: 500

Required Fashion Putaway Hours:
0	22.56667	21.36667	0	0	

Required Basic Putaway Hours:
23.39083	0	0	0	17.4525	

Required Total Putaway Hours:
23.39083	22.56667	21.36667	0	17.4525	

No of required fashion pick hours:
0	0	10.38	55.01	40.05	

No of required basic pick hours:
39.096	8.55	38.236	0	12.142	

No of required total pick hours:
39.096	8.55	48.616	55.01	52.192	

List of all the costs: 
MHECost		378
PutawayTechCost		1060
PickingTechCost		3195
WhBasicInvCost		573.83
BasicInbCost		3677.237
WhFashionInvCost		946.3501
FashionInbCost		4280.637
PutawayCost		4160
StoreBasicInvCost		4404.65
StoreFashionInvCost		4530.25
OutboundCost		11878.72
PickingCost		9440
Total		48524.67

List of Top5 Technologies: 
Tech1		2	5	$ 48524.67
Tech2		4	5	$ 51698.23
Tech3		4	6	$ 60201.68
Tech4		4	2	$ 69050.08
Tech5		4	1	$ 89832.28
The start time is 12/19/2014 5:09:21 PM
The End time is 12/19/2014 5:09:32 PM
