WarehouseVolume:[
(1)	[100000000]
]
StoreVolume:[
(1)	[10000000]
(2)	[10000000]
(3)	[10000000]
(4)	[10000000]
(5)	[10000000]
]
StoreDemand:[
(1	1	1)	[198]
(1	1	2)	[188]
(1	1	3)	[207]
(1	1	4)	[203]
(1	1	5)	[291]
(1	2	1)	[133]
(1	2	2)	[116]
(1	2	3)	[136]
(1	2	4)	[159]
(1	2	5)	[190]
(1	3	1)	[111]
(1	3	2)	[48]
(1	3	3)	[330]
(1	3	4)	[154]
(1	3	5)	[207]
(1	4	1)	[98]
(1	4	2)	[273]
(1	4	3)	[87]
(1	4	4)	[70]
(1	4	5)	[176]
(1	5	1)	[110]
(1	5	2)	[269]
(1	5	3)	[206]
(1	5	4)	[271]
(1	5	5)	[173]
(1	6	1)	[120]
(1	6	2)	[215]
(1	6	3)	[254]
(1	6	4)	[162]
(1	6	5)	[172]
(1	7	1)	[212]
(1	7	2)	[234]
(1	7	3)	[286]
(1	7	4)	[86]
(1	7	5)	[228]
(1	8	1)	[475]
(1	8	2)	[139]
(1	8	3)	[370]
(1	8	4)	[167]
(1	8	5)	[143]
(1	9	1)	[325]
(1	9	2)	[130]
(1	9	3)	[180]
(1	9	4)	[114]
(1	9	5)	[215]
(1	10	1)	[158]
(1	10	2)	[40]
(1	10	3)	[231]
(1	10	4)	[15]
(1	10	5)	[255]
(2	1	1)	[214]
(2	1	2)	[213]
(2	1	3)	[197]
(2	1	4)	[301]
(2	1	5)	[192]
(2	2	1)	[188]
(2	2	2)	[198]
(2	2	3)	[134]
(2	2	4)	[164]
(2	2	5)	[237]
(2	3	1)	[235]
(2	3	2)	[158]
(2	3	3)	[155]
(2	3	4)	[267]
(2	3	5)	[109]
(2	4	1)	[305]
(2	4	2)	[192]
(2	4	3)	[368]
(2	4	4)	[237]
(2	4	5)	[232]
(2	5	1)	[161]
(2	5	2)	[84]
(2	5	3)	[202]
(2	5	4)	[343]
(2	5	5)	[192]
(2	6	1)	[99]
(2	6	2)	[302]
(2	6	3)	[90]
(2	6	4)	[237]
(2	6	5)	[88]
(2	7	1)	[292]
(2	7	2)	[177]
(2	7	3)	[205]
(2	7	4)	[136]
(2	7	5)	[263]
(2	8	1)	[153]
(2	8	2)	[173]
(2	8	3)	[201]
(2	8	4)	[135]
(2	8	5)	[165]
(2	9	1)	[266]
(2	9	2)	[279]
(2	9	3)	[138]
(2	9	4)	[280]
(2	9	5)	[113]
(2	10	1)	[236]
(2	10	2)	[273]
(2	10	3)	[377]
(2	10	4)	[138]
(2	10	5)	[310]
(3	1	1)	[319]
(3	1	2)	[97]
(3	1	3)	[158]
(3	1	4)	[275]
(3	1	5)	[114]
(3	2	1)	[364]
(3	2	2)	[145]
(3	2	3)	[348]
(3	2	4)	[128]
(3	2	5)	[132]
(3	3	1)	[204]
(3	3	2)	[158]
(3	3	3)	[208]
(3	3	4)	[192]
(3	3	5)	[144]
(3	4	1)	[272]
(3	4	2)	[209]
(3	4	3)	[173]
(3	4	4)	[334]
(3	4	5)	[234]
(3	5	1)	[214]
(3	5	2)	[199]
(3	5	3)	[193]
(3	5	4)	[154]
(3	5	5)	[133]
(3	6	1)	[35]
(3	6	2)	[166]
(3	6	3)	[210]
(3	6	4)	[254]
(3	6	5)	[123]
(3	7	1)	[273]
(3	7	2)	[248]
(3	7	3)	[95]
(3	7	4)	[178]
(3	7	5)	[266]
(3	8	1)	[268]
(3	8	2)	[111]
(3	8	3)	[190]
(3	8	4)	[156]
(3	8	5)	[78]
(3	9	1)	[293]
(3	9	2)	[204]
(3	9	3)	[307]
(3	9	4)	[296]
(3	9	5)	[230]
(3	10	1)	[124]
(3	10	2)	[182]
(3	10	3)	[168]
(3	10	4)	[41]
(3	10	5)	[191]
(4	1	1)	[303]
(4	1	2)	[238]
(4	1	3)	[185]
(4	1	4)	[363]
(4	1	5)	[121]
(4	2	1)	[356]
(4	2	2)	[127]
(4	2	3)	[326]
(4	2	4)	[201]
(4	2	5)	[175]
(4	3	1)	[139]
(4	3	2)	[272]
(4	3	3)	[218]
(4	3	4)	[149]
(4	3	5)	[311]
(4	4	1)	[24]
(4	4	2)	[327]
(4	4	3)	[157]
(4	4	4)	[235]
(4	4	5)	[113]
(4	5	1)	[170]
(4	5	2)	[144]
(4	5	3)	[105]
(4	5	4)	[251]
(4	5	5)	[268]
(4	6	1)	[330]
(4	6	2)	[238]
(4	6	3)	[372]
(4	6	4)	[182]
(4	6	5)	[80]
(4	7	1)	[166]
(4	7	2)	[322]
(4	7	3)	[152]
(4	7	4)	[158]
(4	7	5)	[194]
(4	8	1)	[335]
(4	8	2)	[208]
(4	8	3)	[90]
(4	8	4)	[271]
(4	8	5)	[187]
(4	9	1)	[68]
(4	9	2)	[216]
(4	9	3)	[193]
(4	9	4)	[201]
(4	9	5)	[252]
(4	10	1)	[228]
(4	10	2)	[147]
(4	10	3)	[238]
(4	10	4)	[141]
(4	10	5)	[99]
(5	1	1)	[76]
(5	1	2)	[312]
(5	1	3)	[85]
(5	1	4)	[129]
(5	1	5)	[160]
(5	2	1)	[208]
(5	2	2)	[159]
(5	2	3)	[147]
(5	2	4)	[69]
(5	2	5)	[190]
(5	3	1)	[195]
(5	3	2)	[260]
(5	3	3)	[271]
(5	3	4)	[154]
(5	3	5)	[216]
(5	4	1)	[203]
(5	4	2)	[209]
(5	4	3)	[82]
(5	4	4)	[213]
(5	4	5)	[229]
(5	5	1)	[138]
(5	5	2)	[200]
(5	5	3)	[150]
(5	5	4)	[265]
(5	5	5)	[184]
(5	6	1)	[329]
(5	6	2)	[180]
(5	6	3)	[73]
(5	6	4)	[67]
(5	6	5)	[202]
(5	7	1)	[227]
(5	7	2)	[425]
(5	7	3)	[72]
(5	7	4)	[145]
(5	7	5)	[197]
(5	8	1)	[224]
(5	8	2)	[234]
(5	8	3)	[160]
(5	8	4)	[128]
(5	8	5)	[266]
(5	9	1)	[245]
(5	9	2)	[229]
(5	9	3)	[139]
(5	9	4)	[184]
(5	9	5)	[155]
(5	10	1)	[101]
(5	10	2)	[104]
(5	10	3)	[169]
(5	10	4)	[178]
(5	10	5)	[207]
]
FixedCostVendorToWarehouse:[
(1	1)	[217.05]
]
FixedCostWarehouseToStore:[
(1	1)	[75.28]
(1	2)	[110.96]
(1	3)	[186.09]
(1	4)	[45.59]
(1	5)	[126.26]
]
Variable_FixedCostVendorToWarehouse:[
(1	1)	[802.19]
]
VariableCostVendorToWarehouse:[
(1	1)	[0.061]
]
Variable_FixedCostWarehouseToStore:[
(1	1)	[521.43]
(1	2)	[598.03]
(1	3)	[727.61]
(1	4)	[441.14]
(1	5)	[622.3]
]
VariableCostWarehouseToStore:[
(1	1)	[0.036]
(1	2)	[0.045]
(1	3)	[0.055]
(1	4)	[0.027]
(1	5)	[0.047]
]
ProductVolume:[
(1)	[0.79]
(2)	[0.24]
(3)	[0.23]
(4)	[0.4]
(5)	[0.66]
(6)	[0.27]
(7)	[0.63]
(8)	[0.32]
(9)	[0.78]
(10)	[0.88]
]
ProductWeight:[
(1)	[0.81]
(2)	[0.47]
(3)	[0.42]
(4)	[0.3]
(5)	[0.82]
(6)	[0.86]
(7)	[0.47]
(8)	[0.53]
(9)	[0.12]
(10)	[0.76]
]
MapVendorToProduct:[
(1	1)	[1]
(1	2)	[1]
(1	3)	[1]
(1	4)	[1]
(1	5)	[1]
(1	6)	[1]
(1	7)	[1]
(1	8)	[1]
(1	9)	[1]
(1	10)	[1]
]
LeadTimeWarehouseToStores:[
(1	1)	[0]
(1	2)	[0]
(1	3)	[0]
(1	4)	[0]
(1	5)	[0]
]
StoreDemandForFashionProducts:[
(1	1)	[1150]
(1	2)	[1085]
(1	3)	[970]
(1	4)	[1000]
(1	5)	[305]
(1	6)	[855]
(1	7)	[880]
(1	8)	[705]
(1	9)	[350]
(1	10)	[1525]
(2	1)	[820]
(2	2)	[735]
(2	3)	[750]
(2	4)	[1480]
(2	5)	[1015]
(2	6)	[700]
(2	7)	[830]
(2	8)	[920]
(2	9)	[860]
(2	10)	[715]
(3	1)	[190]
(3	2)	[1370]
(3	3)	[155]
(3	4)	[1680]
(3	5)	[1150]
(3	6)	[1200]
(3	7)	[1190]
(3	8)	[1305]
(3	9)	[1075]
(3	10)	[1380]
(4	1)	[1300]
(4	2)	[1225]
(4	3)	[1855]
(4	4)	[510]
(4	5)	[1000]
(4	6)	[765]
(4	7)	[1465]
(4	8)	[1010]
(4	9)	[1475]
(4	10)	[1250]
(5	1)	[1530]
(5	2)	[840]
(5	3)	[830]
(5	4)	[1530]
(5	5)	[1170]
(5	6)	[1550]
(5	7)	[1780]
(5	8)	[1165]
(5	9)	[1055]
(5	10)	[1070]
]
FixedCostFashionVendorToWarehouse:[
(1	1)	[297.11]
]
Variable_FixedCostFashionVendorToWarehouse:[
(1	1)	[975.07]
]
VariableCostFashionVendorToWarehouse:[
(1	1)	[0.074]
]
FashionProductVolume:[
(1)	[0.01]
(2)	[0.71]
(3)	[0.84]
(4)	[0.48]
(5)	[0.64]
(6)	[0.17]
(7)	[0.51]
(8)	[0.82]
(9)	[0.77]
(10)	[0.95]
]
FashionProductWeight:[
(1)	[0.26]
(2)	[0.3]
(3)	[0.2]
(4)	[0.23]
(5)	[0.35]
(6)	[0.85]
(7)	[0.31]
(8)	[0.96]
(9)	[0.75]
(10)	[0.32]
]
MapFashionVendorToProduct:[
(1	1)	[1]
(1	2)	[1]
(1	3)	[1]
(1	4)	[1]
(1	5)	[1]
(1	6)	[1]
(1	7)	[1]
(1	8)	[1]
(1	9)	[1]
(1	10)	[1]
]
