Printing New Fashion Solution:

Inbound Fashion Solution (V F T):
1	1	3	2285
1	2	4	2135
1	3	3	2050
1	4	4	1970
1	5	3	1790
1	6	4	1715
1	7	3	2300
1	8	4	2225
1	9	4	2380
1	10	3	2195
1	11	3	1660
1	12	4	2080
1	13	3	2250
1	14	4	1455
1	15	3	2345
1	16	3	2035
1	17	3	2245
1	18	4	1830
1	19	4	2265
1	20	3	1995
1	21	3	1665
1	22	3	1205
1	23	4	1835
1	24	3	2205
1	25	4	2325
2	26	4	2290
2	27	3	2160
2	28	4	2050
2	29	3	1955
2	30	3	2110
2	31	3	1860
2	32	3	1670
2	33	4	1985
2	34	4	1850
2	35	3	1585
2	36	3	2235
2	37	3	2055
2	38	3	2145
2	39	3	1780
2	40	4	2100
2	41	3	1785
2	42	3	2135
2	43	4	1860
2	44	4	2140
2	45	4	1710
2	46	4	1780
2	47	4	1965
2	48	3	2065
2	49	3	2360
2	50	4	2220


Outbound Fashion Solution(S F T):
1	1	5	290
1	2	5	125
1	3	5	300
1	4	5	360
1	5	5	195
1	6	5	75
1	7	5	125
1	8	5	300
1	9	5	270
1	10	5	285
1	11	5	130
1	12	5	220
1	13	5	345
1	14	5	120
1	15	5	200
1	16	5	145
1	17	5	230
1	18	5	155
1	19	5	230
1	20	5	235
1	21	5	250
1	22	5	35
1	23	5	220
1	24	5	325
1	25	5	145
1	26	5	275
1	27	5	210
1	28	5	125
1	29	5	205
1	30	5	130
1	31	5	185
1	32	5	110
1	33	5	110
1	34	5	110
1	35	5	170
1	36	5	245
1	37	5	425
1	38	5	250
1	39	5	240
1	40	5	155
1	41	5	310
1	42	5	50
1	43	5	250
1	44	5	240
1	45	5	220
1	46	5	105
1	47	5	345
1	48	5	270
1	49	5	205
1	50	5	290
2	1	5	210
2	2	5	120
2	3	5	165
2	4	5	190
2	5	5	200
2	6	5	170
2	7	5	255
2	8	5	160
2	9	5	155
2	10	5	190
2	11	5	90
2	12	5	150
2	13	5	325
2	14	5	115
2	15	5	195
2	16	5	235
2	17	5	125
2	18	5	140
2	19	5	345
2	20	5	150
2	21	5	150
2	23	5	200
2	24	5	60
2	25	5	230
2	26	5	235
2	27	5	215
2	28	5	340
2	29	5	210
2	30	5	370
2	31	5	90
2	32	5	230
2	33	5	300
2	34	5	205
2	35	5	110
2	36	5	165
2	37	5	100
2	38	5	220
2	39	5	200
2	40	5	75
2	41	5	205
2	42	5	235
2	43	5	220
2	44	5	240
2	45	5	75
2	46	5	165
2	47	5	290
2	48	5	215
2	49	5	225
2	50	5	175
3	1	5	275
3	2	5	280
3	3	5	225
3	4	5	175
3	5	5	50
3	6	5	165
3	7	5	265
3	8	5	205
3	9	5	265
3	10	5	225
3	11	5	180
3	12	5	340
3	13	5	235
3	14	5	260
3	15	5	255
3	16	5	250
3	17	5	200
3	18	5	225
3	19	5	190
3	20	5	230
3	21	5	160
3	22	5	105
3	23	5	125
3	24	5	150
3	25	5	150
3	26	5	250
3	27	5	140
3	28	5	235
3	29	5	125
3	30	5	135
3	31	5	150
3	32	5	105
3	33	5	190
3	34	5	215
3	35	5	105
3	36	5	180
3	37	5	135
3	38	5	310
3	39	5	155
3	40	5	215
3	41	5	45
3	42	5	250
3	43	5	195
3	44	5	160
3	45	5	225
3	46	5	155
3	47	5	180
3	48	5	205
3	49	5	205
3	50	5	235
4	1	5	185
4	2	5	260
4	3	5	40
4	4	5	55
4	5	5	90
4	6	5	315
4	7	5	300
4	8	5	295
4	9	5	350
4	10	5	280
4	11	5	125
4	12	5	65
4	13	5	215
4	14	5	115
4	15	5	85
4	16	5	195
4	17	5	55
4	18	5	210
4	19	5	270
4	20	5	95
4	21	5	130
4	22	5	155
4	23	5	205
4	24	5	140
4	25	5	215
4	26	5	255
4	27	5	390
4	28	5	210
4	29	5	220
4	30	5	225
4	31	5	90
4	32	5	160
4	33	5	140
4	34	5	110
4	35	5	205
4	36	5	285
4	37	5	275
4	38	5	335
4	39	5	45
4	40	5	260
4	41	5	240
4	42	5	140
4	43	5	220
4	44	5	120
4	45	5	180
4	46	5	285
4	47	5	145
4	48	5	150
4	49	5	110
4	50	5	325
5	1	5	240
5	2	5	290
5	3	5	265
5	4	5	270
5	5	5	190
5	6	5	130
5	7	5	245
5	8	5	60
5	9	5	265
5	10	5	170
5	11	5	20
5	12	5	240
5	13	5	215
5	14	5	120
5	15	5	350
5	16	5	175
5	17	5	130
5	18	5	135
5	19	5	190
5	20	5	250
5	21	5	250
5	22	5	145
5	23	5	60
5	24	5	300
5	25	5	310
5	26	5	130
5	27	5	170
5	28	5	80
5	29	5	180
5	30	5	315
5	31	5	260
5	32	5	350
5	33	5	190
5	34	5	265
5	35	5	170
5	36	5	160
5	37	5	145
5	38	5	140
5	39	5	240
5	40	5	90
5	41	5	115
5	42	5	250
5	43	5	160
5	44	5	235
5	45	5	215
5	46	5	160
5	47	5	295
5	48	5	100
5	49	5	245
5	50	5	115
6	1	5	150
6	2	5	265
6	3	5	255
6	4	5	115
6	5	5	75
6	6	5	115
6	7	5	20
6	8	5	290
6	9	5	160
6	10	5	150
6	11	5	230
6	12	5	310
6	13	5	170
6	14	5	220
6	15	5	175
6	16	5	285
6	17	5	275
6	18	5	190
6	19	5	295
6	20	5	150
6	21	5	175
6	22	5	110
6	23	5	200
6	24	5	240
6	25	5	230
6	26	5	355
6	27	5	275
6	28	5	270
6	29	5	195
6	30	5	270
6	31	5	295
6	32	5	85
6	33	5	200
6	34	5	200
6	35	5	155
6	36	5	180
6	37	5	205
6	38	5	95
6	39	5	305
6	40	5	240
6	41	5	175
6	42	5	80
6	43	5	125
6	44	5	150
6	45	5	175
6	46	5	235
6	47	5	185
6	48	5	285
6	49	5	205
6	50	5	300
7	1	5	240
7	2	5	165
7	3	5	285
7	4	5	205
7	5	5	225
7	6	5	250
7	7	5	360
7	8	5	210
7	9	5	255
7	10	5	225
7	11	5	205
7	12	5	145
7	13	5	160
7	14	5	235
7	15	5	310
7	16	5	170
7	17	5	355
7	18	5	120
7	19	5	195
7	20	5	150
7	21	5	80
7	22	5	135
7	23	5	135
7	24	5	390
7	25	5	335
7	26	5	75
7	27	5	205
7	28	5	65
7	29	5	465
7	30	5	180
7	31	5	130
7	32	5	225
7	33	5	285
7	34	5	95
7	35	5	100
7	36	5	195
7	37	5	120
7	38	5	175
7	39	5	210
7	40	5	195
7	41	5	170
7	42	5	180
7	43	5	240
7	44	5	335
7	45	5	185
7	46	5	195
7	47	5	85
7	48	5	125
7	49	5	300
7	50	5	160
8	1	5	275
8	2	5	150
8	3	5	320
8	4	5	240
8	5	5	410
8	6	5	155
8	7	5	250
8	8	5	280
8	9	5	285
8	10	5	210
8	12	5	170
8	13	5	170
8	14	5	50
8	15	5	240
8	16	5	275
8	17	5	225
8	18	5	255
8	19	5	235
8	20	5	285
8	21	5	165
8	22	5	210
8	23	5	250
8	24	5	175
8	25	5	230
8	26	5	230
8	27	5	110
8	28	5	185
8	29	5	175
8	30	5	250
8	31	5	310
8	32	5	260
8	33	5	135
8	34	5	180
8	35	5	155
8	36	5	255
8	37	5	180
8	38	5	215
8	39	5	195
8	40	5	250
8	41	5	205
8	42	5	370
8	44	5	230
8	45	5	205
8	46	5	135
8	47	5	90
8	48	5	165
8	49	5	250
8	50	5	295
9	1	5	135
9	2	5	275
9	4	5	210
9	5	5	180
9	6	5	115
9	7	5	210
9	8	5	180
9	9	5	135
9	10	5	265
9	11	5	240
9	12	5	230
9	13	5	250
9	14	5	155
9	15	5	200
9	16	5	245
9	17	5	200
9	18	5	205
9	19	5	145
9	20	5	180
9	21	5	210
9	22	5	205
9	23	5	200
9	24	5	205
9	25	5	305
9	26	5	215
9	27	5	130
9	28	5	230
9	29	5	75
9	30	5	55
9	31	5	250
9	32	5	140
9	33	5	120
9	34	5	300
9	35	5	190
9	36	5	255
9	37	5	295
9	38	5	195
9	39	5	100
9	40	5	300
9	41	5	235
9	42	5	310
9	43	5	210
9	44	5	225
9	45	5	60
9	46	5	230
9	47	5	170
9	48	5	255
9	49	5	290
9	50	5	175
10	1	5	285
10	2	5	205
10	3	5	195
10	4	5	150
10	5	5	175
10	6	5	225
10	7	5	270
10	8	5	245
10	9	5	240
10	10	5	195
10	11	5	440
10	12	5	210
10	13	5	165
10	14	5	65
10	15	5	335
10	16	5	60
10	17	5	450
10	18	5	195
10	19	5	170
10	20	5	270
10	21	5	95
10	22	5	105
10	23	5	240
10	24	5	220
10	25	5	175
10	26	5	270
10	27	5	315
10	28	5	310
10	29	5	105
10	30	5	180
10	31	5	100
10	32	5	5
10	33	5	315
10	34	5	170
10	35	5	225
10	36	5	315
10	37	5	175
10	38	5	210
10	39	5	90
10	40	5	320
10	41	5	85
10	42	5	270
10	43	5	240
10	44	5	205
10	45	5	170
10	46	5	115
10	47	5	180
10	48	5	295
10	49	5	325
10	50	5	150


Warehouse Fashion Inventory (W F T):
1	0		0		2285		2285		0	
2	0		0		0		2135		0	
3	0		0		2050		2050		0	
4	0		0		0		1970		0	
5	0		0		1790		1790		0	
6	0		0		0		1715		0	
7	0		0		2300		2300		0	
8	0		0		0		2225		0	
9	0		0		0		2380		0	
10	0		0		2195		2195		0	
11	0		0		1660		1660		0	
12	0		0		0		2080		0	
13	0		0		2250		2250		0	
14	0		0		0		1455		0	
15	0		0		2345		2345		0	
16	0		0		2035		2035		0	
17	0		0		2245		2245		0	
18	0		0		0		1830		0	
19	0		0		0		2265		0	
20	0		0		1995		1995		0	
21	0		0		1665		1665		0	
22	0		0		1205		1205		0	
23	0		0		0		1835		0	
24	0		0		2205		2205		0	
25	0		0		0		2325		0	
26	0		0		0		2290		0	
27	0		0		2160		2160		0	
28	0		0		0		2050		0	
29	0		0		1955		1955		0	
30	0		0		2110		2110		0	
31	0		0		1860		1860		0	
32	0		0		1670		1670		0	
33	0		0		0		1985		0	
34	0		0		0		1850		0	
35	0		0		1585		1585		0	
36	0		0		2235		2235		0	
37	0		0		2055		2055		0	
38	0		0		2145		2145		0	
39	0		0		1780		1780		0	
40	0		0		0		2100		0	
41	0		0		1785		1785		0	
42	0		0		2135		2135		0	
43	0		0		0		1860		0	
44	0		0		0		2140		0	
45	0		0		0		1710		0	
46	0		0		0		1780		0	
47	0		0		0		1965		0	
48	0		0		2065		2065		0	
49	0		0		2360		2360		0	
50	0		0		0		2220		0	

Store Fashion Inventory (S F T):
Store1
1	0		0		0		290	
2	0		0		0		125	
3	0		0		0		300	
4	0		0		0		360	
5	0		0		0		195	
6	0		0		0		75	
7	0		0		0		125	
8	0		0		0		300	
9	0		0		0		270	
10	0		0		0		285	
11	0		0		0		130	
12	0		0		0		220	
13	0		0		0		345	
14	0		0		0		120	
15	0		0		0		200	
16	0		0		0		145	
17	0		0		0		230	
18	0		0		0		155	
19	0		0		0		230	
20	0		0		0		235	
21	0		0		0		250	
22	0		0		0		35	
23	0		0		0		220	
24	0		0		0		325	
25	0		0		0		145	
26	0		0		0		275	
27	0		0		0		210	
28	0		0		0		125	
29	0		0		0		205	
30	0		0		0		130	
31	0		0		0		185	
32	0		0		0		110	
33	0		0		0		110	
34	0		0		0		110	
35	0		0		0		170	
36	0		0		0		245	
37	0		0		0		425	
38	0		0		0		250	
39	0		0		0		240	
40	0		0		0		155	
41	0		0		0		310	
42	0		0		0		50	
43	0		0		0		250	
44	0		0		0		240	
45	0		0		0		220	
46	0		0		0		105	
47	0		0		0		345	
48	0		0		0		270	
49	0		0		0		205	
50	0		0		0		290	
Store2
1	0		0		0		210	
2	0		0		0		120	
3	0		0		0		165	
4	0		0		0		190	
5	0		0		0		200	
6	0		0		0		170	
7	0		0		0		255	
8	0		0		0		160	
9	0		0		0		155	
10	0		0		0		190	
11	0		0		0		90	
12	0		0		0		150	
13	0		0		0		325	
14	0		0		0		115	
15	0		0		0		195	
16	0		0		0		235	
17	0		0		0		125	
18	0		0		0		140	
19	0		0		0		345	
20	0		0		0		150	
21	0		0		0		150	
22	0		0		0		0	
23	0		0		0		200	
24	0		0		0		60	
25	0		0		0		230	
26	0		0		0		235	
27	0		0		0		215	
28	0		0		0		340	
29	0		0		0		210	
30	0		0		0		370	
31	0		0		0		90	
32	0		0		0		230	
33	0		0		0		300	
34	0		0		0		205	
35	0		0		0		110	
36	0		0		0		165	
37	0		0		0		100	
38	0		0		0		220	
39	0		0		0		200	
40	0		0		0		75	
41	0		0		0		205	
42	0		0		0		235	
43	0		0		0		220	
44	0		0		0		240	
45	0		0		0		75	
46	0		0		0		165	
47	0		0		0		290	
48	0		0		0		215	
49	0		0		0		225	
50	0		0		0		175	
Store3
1	0		0		0		275	
2	0		0		0		280	
3	0		0		0		225	
4	0		0		0		175	
5	0		0		0		50	
6	0		0		0		165	
7	0		0		0		265	
8	0		0		0		205	
9	0		0		0		265	
10	0		0		0		225	
11	0		0		0		180	
12	0		0		0		340	
13	0		0		0		235	
14	0		0		0		260	
15	0		0		0		255	
16	0		0		0		250	
17	0		0		0		200	
18	0		0		0		225	
19	0		0		0		190	
20	0		0		0		230	
21	0		0		0		160	
22	0		0		0		105	
23	0		0		0		125	
24	0		0		0		150	
25	0		0		0		150	
26	0		0		0		250	
27	0		0		0		140	
28	0		0		0		235	
29	0		0		0		125	
30	0		0		0		135	
31	0		0		0		150	
32	0		0		0		105	
33	0		0		0		190	
34	0		0		0		215	
35	0		0		0		105	
36	0		0		0		180	
37	0		0		0		135	
38	0		0		0		310	
39	0		0		0		155	
40	0		0		0		215	
41	0		0		0		45	
42	0		0		0		250	
43	0		0		0		195	
44	0		0		0		160	
45	0		0		0		225	
46	0		0		0		155	
47	0		0		0		180	
48	0		0		0		205	
49	0		0		0		205	
50	0		0		0		235	
Store4
1	0		0		0		185	
2	0		0		0		260	
3	0		0		0		40	
4	0		0		0		55	
5	0		0		0		90	
6	0		0		0		315	
7	0		0		0		300	
8	0		0		0		295	
9	0		0		0		350	
10	0		0		0		280	
11	0		0		0		125	
12	0		0		0		65	
13	0		0		0		215	
14	0		0		0		115	
15	0		0		0		85	
16	0		0		0		195	
17	0		0		0		55	
18	0		0		0		210	
19	0		0		0		270	
20	0		0		0		95	
21	0		0		0		130	
22	0		0		0		155	
23	0		0		0		205	
24	0		0		0		140	
25	0		0		0		215	
26	0		0		0		255	
27	0		0		0		390	
28	0		0		0		210	
29	0		0		0		220	
30	0		0		0		225	
31	0		0		0		90	
32	0		0		0		160	
33	0		0		0		140	
34	0		0		0		110	
35	0		0		0		205	
36	0		0		0		285	
37	0		0		0		275	
38	0		0		0		335	
39	0		0		0		45	
40	0		0		0		260	
41	0		0		0		240	
42	0		0		0		140	
43	0		0		0		220	
44	0		0		0		120	
45	0		0		0		180	
46	0		0		0		285	
47	0		0		0		145	
48	0		0		0		150	
49	0		0		0		110	
50	0		0		0		325	
Store5
1	0		0		0		240	
2	0		0		0		290	
3	0		0		0		265	
4	0		0		0		270	
5	0		0		0		190	
6	0		0		0		130	
7	0		0		0		245	
8	0		0		0		60	
9	0		0		0		265	
10	0		0		0		170	
11	0		0		0		20	
12	0		0		0		240	
13	0		0		0		215	
14	0		0		0		120	
15	0		0		0		350	
16	0		0		0		175	
17	0		0		0		130	
18	0		0		0		135	
19	0		0		0		190	
20	0		0		0		250	
21	0		0		0		250	
22	0		0		0		145	
23	0		0		0		60	
24	0		0		0		300	
25	0		0		0		310	
26	0		0		0		130	
27	0		0		0		170	
28	0		0		0		80	
29	0		0		0		180	
30	0		0		0		315	
31	0		0		0		260	
32	0		0		0		350	
33	0		0		0		190	
34	0		0		0		265	
35	0		0		0		170	
36	0		0		0		160	
37	0		0		0		145	
38	0		0		0		140	
39	0		0		0		240	
40	0		0		0		90	
41	0		0		0		115	
42	0		0		0		250	
43	0		0		0		160	
44	0		0		0		235	
45	0		0		0		215	
46	0		0		0		160	
47	0		0		0		295	
48	0		0		0		100	
49	0		0		0		245	
50	0		0		0		115	
Store6
1	0		0		0		150	
2	0		0		0		265	
3	0		0		0		255	
4	0		0		0		115	
5	0		0		0		75	
6	0		0		0		115	
7	0		0		0		20	
8	0		0		0		290	
9	0		0		0		160	
10	0		0		0		150	
11	0		0		0		230	
12	0		0		0		310	
13	0		0		0		170	
14	0		0		0		220	
15	0		0		0		175	
16	0		0		0		285	
17	0		0		0		275	
18	0		0		0		190	
19	0		0		0		295	
20	0		0		0		150	
21	0		0		0		175	
22	0		0		0		110	
23	0		0		0		200	
24	0		0		0		240	
25	0		0		0		230	
26	0		0		0		355	
27	0		0		0		275	
28	0		0		0		270	
29	0		0		0		195	
30	0		0		0		270	
31	0		0		0		295	
32	0		0		0		85	
33	0		0		0		200	
34	0		0		0		200	
35	0		0		0		155	
36	0		0		0		180	
37	0		0		0		205	
38	0		0		0		95	
39	0		0		0		305	
40	0		0		0		240	
41	0		0		0		175	
42	0		0		0		80	
43	0		0		0		125	
44	0		0		0		150	
45	0		0		0		175	
46	0		0		0		235	
47	0		0		0		185	
48	0		0		0		285	
49	0		0		0		205	
50	0		0		0		300	
Store7
1	0		0		0		240	
2	0		0		0		165	
3	0		0		0		285	
4	0		0		0		205	
5	0		0		0		225	
6	0		0		0		250	
7	0		0		0		360	
8	0		0		0		210	
9	0		0		0		255	
10	0		0		0		225	
11	0		0		0		205	
12	0		0		0		145	
13	0		0		0		160	
14	0		0		0		235	
15	0		0		0		310	
16	0		0		0		170	
17	0		0		0		355	
18	0		0		0		120	
19	0		0		0		195	
20	0		0		0		150	
21	0		0		0		80	
22	0		0		0		135	
23	0		0		0		135	
24	0		0		0		390	
25	0		0		0		335	
26	0		0		0		75	
27	0		0		0		205	
28	0		0		0		65	
29	0		0		0		465	
30	0		0		0		180	
31	0		0		0		130	
32	0		0		0		225	
33	0		0		0		285	
34	0		0		0		95	
35	0		0		0		100	
36	0		0		0		195	
37	0		0		0		120	
38	0		0		0		175	
39	0		0		0		210	
40	0		0		0		195	
41	0		0		0		170	
42	0		0		0		180	
43	0		0		0		240	
44	0		0		0		335	
45	0		0		0		185	
46	0		0		0		195	
47	0		0		0		85	
48	0		0		0		125	
49	0		0		0		300	
50	0		0		0		160	
Store8
1	0		0		0		275	
2	0		0		0		150	
3	0		0		0		320	
4	0		0		0		240	
5	0		0		0		410	
6	0		0		0		155	
7	0		0		0		250	
8	0		0		0		280	
9	0		0		0		285	
10	0		0		0		210	
11	0		0		0		0	
12	0		0		0		170	
13	0		0		0		170	
14	0		0		0		50	
15	0		0		0		240	
16	0		0		0		275	
17	0		0		0		225	
18	0		0		0		255	
19	0		0		0		235	
20	0		0		0		285	
21	0		0		0		165	
22	0		0		0		210	
23	0		0		0		250	
24	0		0		0		175	
25	0		0		0		230	
26	0		0		0		230	
27	0		0		0		110	
28	0		0		0		185	
29	0		0		0		175	
30	0		0		0		250	
31	0		0		0		310	
32	0		0		0		260	
33	0		0		0		135	
34	0		0		0		180	
35	0		0		0		155	
36	0		0		0		255	
37	0		0		0		180	
38	0		0		0		215	
39	0		0		0		195	
40	0		0		0		250	
41	0		0		0		205	
42	0		0		0		370	
43	0		0		0		0	
44	0		0		0		230	
45	0		0		0		205	
46	0		0		0		135	
47	0		0		0		90	
48	0		0		0		165	
49	0		0		0		250	
50	0		0		0		295	
Store9
1	0		0		0		135	
2	0		0		0		275	
3	0		0		0		0	
4	0		0		0		210	
5	0		0		0		180	
6	0		0		0		115	
7	0		0		0		210	
8	0		0		0		180	
9	0		0		0		135	
10	0		0		0		265	
11	0		0		0		240	
12	0		0		0		230	
13	0		0		0		250	
14	0		0		0		155	
15	0		0		0		200	
16	0		0		0		245	
17	0		0		0		200	
18	0		0		0		205	
19	0		0		0		145	
20	0		0		0		180	
21	0		0		0		210	
22	0		0		0		205	
23	0		0		0		200	
24	0		0		0		205	
25	0		0		0		305	
26	0		0		0		215	
27	0		0		0		130	
28	0		0		0		230	
29	0		0		0		75	
30	0		0		0		55	
31	0		0		0		250	
32	0		0		0		140	
33	0		0		0		120	
34	0		0		0		300	
35	0		0		0		190	
36	0		0		0		255	
37	0		0		0		295	
38	0		0		0		195	
39	0		0		0		100	
40	0		0		0		300	
41	0		0		0		235	
42	0		0		0		310	
43	0		0		0		210	
44	0		0		0		225	
45	0		0		0		60	
46	0		0		0		230	
47	0		0		0		170	
48	0		0		0		255	
49	0		0		0		290	
50	0		0		0		175	
Store10
1	0		0		0		285	
2	0		0		0		205	
3	0		0		0		195	
4	0		0		0		150	
5	0		0		0		175	
6	0		0		0		225	
7	0		0		0		270	
8	0		0		0		245	
9	0		0		0		240	
10	0		0		0		195	
11	0		0		0		440	
12	0		0		0		210	
13	0		0		0		165	
14	0		0		0		65	
15	0		0		0		335	
16	0		0		0		60	
17	0		0		0		450	
18	0		0		0		195	
19	0		0		0		170	
20	0		0		0		270	
21	0		0		0		95	
22	0		0		0		105	
23	0		0		0		240	
24	0		0		0		220	
25	0		0		0		175	
26	0		0		0		270	
27	0		0		0		315	
28	0		0		0		310	
29	0		0		0		105	
30	0		0		0		180	
31	0		0		0		100	
32	0		0		0		5	
33	0		0		0		315	
34	0		0		0		170	
35	0		0		0		225	
36	0		0		0		315	
37	0		0		0		175	
38	0		0		0		210	
39	0		0		0		90	
40	0		0		0		320	
41	0		0		0		85	
42	0		0		0		270	
43	0		0		0		240	
44	0		0		0		205	
45	0		0		0		170	
46	0		0		0		115	
47	0		0		0		180	
48	0		0		0		295	
49	0		0		0		325	
50	0		0		0		150	


Fashion Shipments from Vendor to Warehouse (V T):
0	0	0.9777833	0.6574067	
0	0	0.9906999	0.8154634	

Printing New Basic Solution:

Inbound Solution (V P T):
1	1	1	2119
1	2	1	2082
1	3	1	2093
1	4	1	2090
1	5	1	1927
1	6	1	1996
1	7	1	2140
1	8	1	2082
1	9	1	2155
1	10	1	2145
1	11	1	2062
1	12	1	1980
1	13	1	2193
1	14	1	1872
1	15	1	2174
1	16	1	2037
2	17	2	1279
2	17	5	778
2	18	2	1291
2	18	5	729
2	19	2	1135
2	19	5	813
2	20	2	1192
2	20	5	695
2	21	2	1267
2	21	5	991
2	22	2	1121
2	22	5	956
2	23	2	1125
2	23	5	837
2	24	2	1276
2	24	5	846
2	25	2	1137
2	25	5	780
2	26	2	1221
2	26	5	799
2	27	2	988
2	27	5	859
2	28	2	1128
2	28	5	766
2	29	2	1191
2	29	5	746
2	30	2	1034
2	30	5	804
2	31	2	1243
2	31	5	744
2	32	2	1008
2	32	5	898
3	33	2	1430
3	33	5	614
3	34	2	531
3	34	5	1242
3	35	2	196
3	35	5	1765
3	36	2	1675
3	36	5	187
3	37	5	1959
3	38	2	1839
3	39	2	1026
3	39	5	1027
3	40	2	1501
3	40	5	376
3	41	2	1170
3	41	5	780
3	42	2	1108
3	42	5	739
3	43	2	358
3	43	5	1435
3	44	2	1580
3	44	5	395
3	45	2	1246
3	45	5	831
3	46	2	992
3	46	5	993
3	47	2	851
3	47	5	1278
3	48	2	768
3	48	5	1154
3	49	2	1161
3	49	5	775
3	50	2	776
3	50	5	1165


Outbound Solution(S P T):
1	1	2	229
1	2	2	124
1	3	2	220
1	4	2	253
1	5	2	164
1	6	2	245
1	7	2	257
1	8	2	218
1	9	2	205
1	10	2	184
1	11	2	165
1	12	2	263
1	13	2	242
1	14	2	149
1	15	2	292
1	16	2	190
1	17	2	173
1	18	2	224
1	19	2	166
1	20	2	141
1	21	2	164
1	22	2	178
1	23	2	185
1	24	2	174
1	25	2	151
1	26	2	273
1	27	2	179
1	28	2	227
1	29	2	174
1	30	2	223
1	31	2	199
1	32	2	187
1	33	2	236
1	34	2	235
1	35	2	161
1	36	2	165
1	37	2	135
1	38	2	216
1	39	2	217
1	40	2	201
1	41	2	151
1	42	2	181
1	43	2	220
1	44	2	249
1	45	2	176
1	46	2	212
1	47	2	262
1	48	2	186
1	49	2	174
1	50	2	216
2	1	2	107
2	1	5	67
2	2	2	182
2	2	5	60
2	3	2	132
2	3	5	85
2	4	2	123
2	4	5	55
2	5	2	130
2	5	5	68
2	6	2	80
2	6	5	113
2	7	2	142
2	7	5	64
2	8	2	136
2	8	5	63
2	9	2	129
2	9	5	75
2	10	2	141
2	10	5	81
2	11	2	137
2	11	5	67
2	12	2	120
2	12	5	85
2	13	2	114
2	13	5	103
2	14	2	144
2	14	5	106
2	15	2	106
2	15	5	66
2	16	2	153
2	16	5	74
2	17	2	134
2	17	5	57
2	18	2	115
2	18	5	119
2	19	2	130
2	19	5	40
2	20	2	128
2	20	5	74
2	21	2	154
2	21	5	19
2	22	2	181
2	22	5	98
2	23	2	140
2	23	5	71
2	24	2	89
2	24	5	81
2	25	2	113
2	25	5	55
2	26	2	83
2	26	5	96
2	27	2	97
2	27	5	37
2	28	2	107
2	28	5	54
2	29	2	119
2	29	5	96
2	30	2	119
2	30	5	43
2	31	2	138
2	31	5	100
2	32	2	112
2	32	5	78
2	33	2	81
2	33	5	77
2	34	2	125
2	34	5	84
2	35	2	144
2	35	5	93
2	36	2	113
2	36	5	69
2	37	2	159
2	37	5	24
2	38	2	41
2	38	5	57
2	39	2	82
2	39	5	97
2	40	2	125
2	40	5	91
2	41	2	183
2	41	5	57
2	42	2	110
2	42	5	47
2	43	2	125
2	43	5	75
2	44	2	137
2	44	5	77
2	45	2	117
2	45	5	72
2	46	2	127
2	46	5	73
2	47	2	118
2	47	5	130
2	48	2	150
2	48	5	25
2	49	2	97
2	49	5	79
2	50	2	139
2	50	5	48
3	1	2	257
3	2	2	195
3	3	2	217
3	4	2	218
3	5	2	211
3	6	2	156
3	7	2	159
3	8	2	225
3	9	2	174
3	10	2	195
3	11	2	215
3	12	2	201
3	13	2	248
3	14	2	199
3	15	2	225
3	16	2	228
3	17	2	237
3	18	2	249
3	19	2	197
3	20	2	228
3	21	2	286
3	22	2	218
3	23	2	244
3	24	2	277
3	25	2	175
3	26	2	197
3	27	2	216
3	28	2	229
3	29	2	185
3	30	2	183
3	31	2	186
3	32	2	211
3	33	2	210
3	34	2	157
3	35	2	146
3	36	2	270
3	37	2	207
3	38	2	187
3	39	2	258
3	40	2	190
3	41	2	147
3	42	2	198
3	43	2	185
3	44	2	225
3	45	2	167
3	46	2	199
3	47	2	148
3	48	2	168
3	49	2	188
3	50	2	148
4	1	2	179
4	2	2	201
4	3	2	231
4	4	2	132
4	5	2	170
4	6	2	167
4	7	2	221
4	8	2	251
4	9	2	208
4	10	2	210
4	11	2	223
4	12	2	153
4	13	2	190
4	14	2	257
4	15	2	221
4	16	2	184
4	17	2	206
4	18	2	162
4	19	2	185
4	20	2	205
4	21	2	257
4	22	2	182
4	23	2	275
4	24	2	249
4	25	2	141
4	26	2	184
4	27	2	190
4	28	2	131
4	29	2	218
4	30	2	154
4	31	2	188
4	32	2	173
4	33	2	195
4	34	2	182
4	35	2	185
4	36	2	137
4	37	2	196
4	38	2	243
4	39	2	206
4	40	2	211
4	41	2	214
4	42	2	167
4	43	2	232
4	44	2	171
4	45	2	213
4	46	2	228
4	47	2	183
4	48	2	216
4	49	2	227
4	50	2	232
5	1	1	230
5	2	1	248
5	3	1	205
5	4	1	223
5	5	1	169
5	6	1	191
5	7	1	182
5	8	1	164
5	9	1	219
5	10	1	200
5	11	1	172
5	12	1	185
5	13	1	217
5	14	1	199
5	15	1	227
5	16	1	220
5	17	1	195
5	18	1	135
5	19	1	240
5	20	1	147
5	21	1	208
5	22	1	169
5	23	1	151
5	24	1	198
5	25	1	189
5	26	1	189
5	27	1	171
5	28	1	154
5	29	1	209
5	30	1	264
5	31	1	200
5	32	1	182
5	33	1	213
5	34	1	159
5	35	1	146
5	36	1	198
5	37	1	220
5	38	1	203
5	39	1	133
5	40	1	196
5	41	1	203
5	42	1	208
5	43	1	196
5	44	1	157
5	45	1	205
5	46	1	206
5	47	1	237
5	48	1	159
5	49	1	220
5	50	1	224
6	1	1	215
6	2	1	235
6	3	1	186
6	4	1	221
6	5	1	175
6	6	1	229
6	7	1	193
6	8	1	192
6	9	1	228
6	10	1	266
6	11	1	186
6	12	1	144
6	13	1	208
6	14	1	192
6	15	1	191
6	16	1	166
6	17	1	236
6	18	1	193
6	19	1	134
6	20	1	201
6	21	1	249
6	22	1	194
6	23	1	181
6	24	1	207
6	25	1	184
6	26	1	219
6	27	1	185
6	28	1	209
6	29	1	180
6	30	1	178
6	31	1	230
6	32	1	144
6	33	1	236
6	34	1	139
6	35	1	235
6	36	1	186
6	37	1	191
6	38	1	188
6	39	1	203
6	40	1	207
6	41	1	204
6	42	1	210
6	43	1	131
6	44	1	149
6	45	1	220
6	46	1	160
6	47	1	184
6	48	1	210
6	49	1	152
6	50	1	172
7	1	2	170
7	2	2	209
7	3	2	212
7	4	2	182
7	5	2	184
7	6	2	196
7	7	2	249
7	8	2	193
7	9	2	257
7	10	2	191
7	11	2	156
7	12	2	183
7	13	2	254
7	14	2	151
7	15	2	192
7	16	2	193
7	17	2	204
7	18	2	192
7	19	2	251
7	20	2	212
7	21	2	266
7	22	2	238
7	23	2	164
7	24	2	160
7	25	2	235
7	26	2	243
7	27	2	194
7	28	2	137
7	29	2	201
7	30	2	206
7	31	2	167
7	32	2	211
7	33	2	207
7	34	2	154
7	35	2	171
7	36	2	180
7	37	2	221
7	38	2	157
7	39	2	184
7	40	2	148
7	41	2	200
7	42	2	196
7	43	2	152
7	44	2	214
7	45	2	209
7	46	2	260
7	47	2	245
7	48	2	226
7	49	2	237
7	50	2	253
8	1	2	193
8	2	2	152
8	3	2	214
8	4	2	210
8	5	2	246
8	6	2	164
8	7	2	248
8	8	2	256
8	9	2	206
8	10	2	167
8	11	2	218
8	12	2	243
8	13	2	237
8	14	2	193
8	15	2	218
8	16	2	229
8	17	2	217
8	18	2	145
8	19	2	155
8	20	2	179
8	21	2	218
8	22	2	207
8	23	2	269
8	24	2	179
8	25	2	221
8	26	2	193
8	27	2	225
8	28	2	206
8	29	2	151
8	30	2	126
8	31	2	218
8	32	2	200
8	33	2	163
8	34	2	171
8	35	2	189
8	36	2	217
8	37	2	268
8	38	2	227
8	39	2	227
8	40	2	190
8	41	2	195
8	42	2	199
8	43	2	147
8	44	2	214
8	45	2	252
8	46	2	180
8	47	2	181
8	48	2	143
8	49	2	205
8	50	2	154
9	1	1	237
9	2	1	273
9	3	1	156
9	4	1	286
9	5	1	178
9	6	1	192
9	7	1	165
9	8	1	181
9	9	1	229
9	10	1	250
9	11	1	271
9	12	1	183
9	13	1	174
9	14	1	159
9	15	1	219
9	16	1	235
9	17	1	185
9	18	1	207
9	19	1	249
9	20	1	183
9	21	1	233
9	22	1	174
9	23	1	131
9	24	1	233
9	25	1	256
9	26	1	158
9	27	1	189
9	28	1	227
9	29	1	181
9	30	1	196
9	31	1	178
9	32	1	232
9	33	1	196
9	34	1	164
9	35	1	280
9	36	1	105
9	37	1	128
9	38	1	194
9	39	1	242
9	40	1	200
9	41	1	203
9	42	1	187
9	43	1	197
9	44	1	188
9	45	1	230
9	46	1	178
9	47	1	188
9	48	1	209
9	49	1	160
9	50	1	207
10	1	1	235
10	2	1	203
10	3	1	235
10	4	1	187
10	5	1	232
10	6	1	263
10	7	1	260
10	8	1	203
10	9	1	225
10	10	1	260
10	11	1	252
10	12	1	220
10	13	1	206
10	14	1	123
10	15	1	217
10	16	1	165
10	17	1	213
10	18	1	279
10	19	1	201
10	20	1	189
10	21	1	204
10	22	1	238
10	23	1	151
10	24	1	275
10	25	1	197
10	26	1	185
10	27	1	164
10	28	1	213
10	29	1	223
10	30	1	146
10	31	1	183
10	32	1	176
10	33	1	230
10	34	1	203
10	35	1	211
10	36	1	222
10	37	1	210
10	38	1	126
10	39	1	204
10	40	1	118
10	41	1	193
10	42	1	144
10	43	1	133
10	44	1	194
10	45	1	216
10	46	1	162
10	47	1	253
10	48	1	230
10	49	1	197
10	50	1	148


Warehouse Inventory (W P T):
1	0		1202		67		67		67		0	
2	0		1123		60		60		60		0	
3	0		1311		85		85		85		0	
4	0		1173		55		55		55		0	
5	0		1173		68		68		68		0	
6	0		1121		113		113		113		0	
7	0		1340		64		64		64		0	
8	0		1342		63		63		63		0	
9	0		1254		75		75		75		0	
10	0		1169		81		81		81		0	
11	0		1181		67		67		67		0	
12	0		1248		85		85		85		0	
13	0		1388		103		103		103		0	
14	0		1199		106		106		106		0	
15	0		1320		66		66		66		0	
16	0		1251		74		74		74		0	
17	829		0		108		108		108		829	
18	814		0		204		204		204		814	
19	824		0		51		51		51		824	
20	720		0		99		99		99		720	
21	972		78		0		0		0		972	
22	858		83		0		0		0		858	
23	766		152		0		0		0		766	
24	913		0		148		148		148		913	
25	826		0		101		101		101		826	
26	751		0		48		48		48		751	
27	822		113		0		0		0		822	
28	803		0		91		91		91		803	
29	793		0		143		143		143		793	
30	784		0		23		23		23		784	
31	791		0		147		147		147		791	
32	820		86		0		0		0		820	
33	875		0		338		338		338		875	
34	1158		493		0		0		0		1158	
35	1672		800		0		0		0		1672	
36	711		0		593		593		593		711	
37	1935		1186		0		0		0		1935	
38	711		0		768		768		768		711	
39	930		148		0		0		0		930	
40	721		0		436		436		436		721	
41	803		0		80		80		80		803	
42	749		0		57		57		57		749	
43	1360		703		0		0		0		1360	
44	688		0		370		370		370		688	
45	871		0		112		112		112		871	
46	920		214		0		0		0		920	
47	1148		286		0		0		0		1148	
48	1129		321		0		0		0		1129	
49	729		0		33		33		33		729	
50	1117		366		0		0		0		1117	

Store Inventory (S P T):
Store1
1	58		0		208		173		110		58	
2	33		0		106		68		45		33	
3	53		0		167		137		107		53	
4	43		0		213		163		110		43	
5	21		0		124		86		38		21	
6	53		0		207		150		94		53	
7	75		0		245		191		139		75	
8	37		0		168		107		70		37	
9	35		0		161		106		61		35	
10	26		0		130		92		84		26	
11	28		0		126		91		63		28	
12	76		0		229		182		139		76	
13	32		0		223		153		102		32	
14	36		0		127		101		57		36	
15	41		0		215		144		106		41	
16	0		0		144		108		44		0	
17	41		0		135		82		66		41	
18	42		0		185		140		121		42	
19	30		0		133		111		50		30	
20	33		0		124		98		78		33	
21	18		0		117		111		58		18	
22	31		0		135		113		63		31	
23	14		0		130		108		68		14	
24	13		0		109		84		62		13	
25	50		0		126		108		65		50	
26	73		0		213		159		120		73	
27	27		0		149		93		38		27	
28	33		0		182		127		77		33	
29	34		0		147		88		54		34	
30	19		0		166		112		77		19	
31	48		0		167		106		80		48	
32	26		0		130		100		59		26	
33	60		0		179		122		82		60	
34	51		0		199		141		101		51	
35	55		0		120		89		75		55	
36	62		0		160		124		99		62	
37	40		0		124		76		74		40	
38	59		0		207		179		124		59	
39	23		0		150		106		61		23	
40	60		0		171		133		118		60	
41	27		0		114		78		52		27	
42	30		0		146		140		95		30	
43	42		0		172		131		84		42	
44	43		0		213		158		96		43	
45	36		0		144		117		78		36	
46	14		0		163		105		56		14	
47	67		0		204		166		97		67	
48	42		0		145		139		94		42	
49	35		0		157		124		61		35	
50	41		0		190		129		77		41	
Store2
1	38		1		89		51		0		38	
2	81		0		132		109		58		81	
3	46		3		82		36		0		46	
4	32		1		92		60		0		32	
5	55		0		86		60		29		55	
6	58		20		63		5		0		58	
7	51		0		105		84		30		51	
8	60		0		80		43		23		60	
9	39		0		83		54		10		39	
10	76		0		129		81		28		76	
11	46		0		58		28		16		46	
12	64		0		89		38		13		64	
13	65		0		81		30		14		65	
14	40		11		81		41		0		40	
15	48		0		85		57		20		48	
16	65		0		103		87		49		65	
17	50		0		90		53		13		50	
18	66		26		95		29		0		66	
19	43		0		88		58		13		43	
20	46		3		96		50		0		46	
21	38		0		112		103		29		38	
22	42		0		119		86		9		42	
23	49		17		96		47		0		49	
24	34		0		65		36		5		34	
25	34		0		59		30		5		34	
26	59		23		70		11		0		59	
27	36		4		84		48		0		36	
28	15		0		53		38		0		15	
29	50		30		99		49		0		50	
30	28		0		75		51		4		28	
31	59		1		105		46		0		59	
32	50		3		104		54		0		50	
33	54		36		93		39		0		54	
34	79		0		89		44		34		79	
35	30		0		88		61		3		30	
36	34		0		65		39		8		34	
37	58		0		101		80		37		58	
38	40		26		42		2		0		40	
39	53		35		72		19		0		53	
40	42		0		115		75		2		42	
41	61		0		134		121		48		61	
42	32		10		81		49		0		32	
43	54		0		96		65		23		54	
44	45		8		106		61		0		45	
45	57		0		85		46		18		57	
46	48		0		67		29		10		48	
47	59		15		89		30		0		59	
48	70		0		82		80		68		70	
49	42		0		61		38		19		42	
50	45		0		84		61		22		45	
Store3
1	35		0		215		157		95		35	
2	33		0		167		133		92		33	
3	45		0		172		129		91		45	
4	27		0		165		110		74		27	
5	46		0		132		99		86		46	
6	23		0		109		87		48		23	
7	36		0		100		73		68		36	
8	60		0		198		165		138		60	
9	36		0		135		98		67		36	
10	60		0		146		112		81		60	
11	64		0		183		146		93		64	
12	22		0		165		133		64		22	
13	45		0		206		146		86		45	
14	40		0		133		98		59		40	
15	41		0		174		121		68		41	
16	49		0		184		125		70		49	
17	11		0		191		147		63		11	
18	35		0		215		165		104		35	
19	60		0		188		143		103		60	
20	45		0		223		140		98		45	
21	52		0		252		185		119		52	
22	26		0		168		128		74		26	
23	42		0		213		148		98		42	
24	82		0		219		179		136		82	
25	18		0		149		121		66		18	
26	29		0		132		82		48		29	
27	59		0		164		134		102		59	
28	55		0		191		141		94		55	
29	64		0		152		114		91		64	
30	35		0		130		77		41		35	
31	44		0		136		90		67		44	
32	46		0		140		118		61		46	
33	61		0		186		147		104		61	
34	21		0		122		85		40		21	
35	48		0		120		93		80		48	
36	44		0		226		162		86		44	
37	13		0		164		121		80		13	
38	47		0		152		114		86		47	
39	67		0		217		166		111		67	
40	62		0		176		120		69		62	
41	7		0		88		58		35		7	
42	20		0		147		111		67		20	
43	30		0		112		82		70		30	
44	29		0		155		102		51		29	
45	44		0		138		111		87		44	
46	38		0		153		130		91		38	
47	10		0		94		59		51		10	
48	25		0		102		50		38		25	
49	32		0		148		112		83		32	
50	16		0		120		69		59		16	
Store4
1	57		0		113		81		81		57	
2	48		0		165		121		77		48	
3	63		0		184		143		97		63	
4	38		0		101		99		61		38	
5	35		0		141		116		83		35	
6	54		0		138		105		79		54	
7	50		0		174		124		80		50	
8	63		0		211		155		96		63	
9	54		0		156		136		96		54	
10	40		0		170		148		94		40	
11	19		0		176		110		59		19	
12	25		0		126		91		57		25	
13	41		0		171		126		70		41	
14	60		0		206		160		99		60	
15	47		0		189		146		101		47	
16	79		0		157		123		105		79	
17	52		0		155		129		93		52	
18	13		0		145		88		55		13	
19	17		0		128		94		53		17	
20	63		0		179		122		83		63	
21	23		0		176		122		73		23	
22	49		0		136		121		90		49	
23	37		0		219		156		89		37	
24	51		0		221		175		120		51	
25	33		0		117		86		47		33	
26	43		0		157		131		88		43	
27	52		0		147		124		82		52	
28	13		0		98		63		37		13	
29	36		0		172		132		75		36	
30	36		0		137		89		48		36	
31	58		0		136		93		93		58	
32	37		0		142		116		78		37	
33	32		0		165		137		71		32	
34	46		0		175		102		65		46	
35	33		0		154		114		76		33	
36	49		0		119		119		80		49	
37	45		0		155		122		93		45	
38	69		0		182		129		102		69	
39	26		0		162		114		49		26	
40	26		0		187		129		62		26	
41	17		0		156		126		65		17	
42	39		0		137		110		57		39	
43	21		0		159		90		49		21	
44	44		0		142		112		73		44	
45	51		0		180		127		72		51	
46	34		0		197		151		84		34	
47	33		0		142		116		94		33	
48	52		0		177		146		63		52	
49	43		0		202		149		84		43	
50	8		0		192		140		107		8	
Store5
1	0		167		131		99		52		0	
2	0		214		175		116		59		0	
3	0		161		114		111		36		0	
4	0		196		149		126		48		0	
5	0		118		77		43		0		0	
6	0		161		128		93		38		0	
7	0		136		96		64		23		0	
8	0		123		97		51		22		0	
9	0		179		139		91		32		0	
10	0		135		131		71		36		0	
11	0		107		87		82		25		0	
12	0		174		116		51		23		0	
13	0		176		121		98		35		0	
14	0		175		136		85		29		0	
15	0		181		181		108		58		0	
16	0		174		109		68		49		0	
17	0		142		130		83		31		0	
18	0		135		100		72		27		0	
19	0		199		166		121		53		0	
20	0		100		63		63		32		0	
21	0		161		139		97		61		0	
22	0		117		93		76		36		0	
23	0		98		54		44		25		0	
24	0		154		123		84		32		0	
25	0		136		120		76		54		0	
26	0		165		112		67		40		0	
27	0		118		78		56		0		0	
28	0		118		112		63		36		0	
29	0		163		132		86		45		0	
30	0		227		169		113		80		0	
31	0		130		89		74		26		0	
32	0		164		96		77		15		0	
33	0		174		135		98		41		0	
34	0		120		101		88		57		0	
35	0		105		63		44		33		0	
36	0		149		117		60		32		0	
37	0		201		178		113		54		0	
38	0		153		130		66		25		0	
39	0		128		104		78		19		0	
40	0		154		122		78		39		0	
41	0		181		146		92		39		0	
42	0		176		147		88		57		0	
43	0		134		113		46		24		0	
44	0		105		87		66		35		0	
45	0		156		132		77		25		0	
46	0		168		113		88		45		0	
47	0		202		149		86		47		0	
48	0		121		81		47		40		0	
49	0		164		128		54		25		0	
50	0		163		106		67		31		0	
Store6
1	0		147		147		102		72		0	
2	0		181		145		87		46		0	
3	0		157		122		81		37		0	
4	0		176		150		103		53		0	
5	0		144		83		44		0		0	
6	0		186		116		68		20		0	
7	0		136		74		45		9		0	
8	0		153		88		51		16		0	
9	0		183		148		93		24		0	
10	0		213		136		78		54		0	
11	0		151		131		83		56		0	
12	0		118		85		63		28		0	
13	0		147		125		82		52		0	
14	0		153		115		88		47		0	
15	0		158		123		72		62		0	
16	0		141		117		78		38		0	
17	0		167		137		89		49		0	
18	0		154		116		58		24		0	
19	0		83		46		33		29		0	
20	0		150		94		62		32		0	
21	0		196		165		135		56		0	
22	0		139		99		69		23		0	
23	0		145		96		55		26		0	
24	0		181		118		88		48		0	
25	0		147		114		93		29		0	
26	0		194		137		91		44		0	
27	0		106		67		34		8		0	
28	0		148		105		76		38		0	
29	0		150		82		42		31		0	
30	0		153		128		105		44		0	
31	0		180		137		84		39		0	
32	0		135		81		56		31		0	
33	0		191		147		120		50		0	
34	0		119		63		26		10		0	
35	0		209		156		102		51		0	
36	0		135		110		60		28		0	
37	0		128		76		26		17		0	
38	0		150		103		86		47		0	
39	0		178		154		88		55		0	
40	0		156		124		78		28		0	
41	0		171		121		105		75		0	
42	0		168		132		98		40		0	
43	0		114		93		52		33		0	
44	0		124		93		49		6		0	
45	0		157		109		66		29		0	
46	0		126		84		32		27		0	
47	0		158		115		73		37		0	
48	0		182		147		110		45		0	
49	0		127		117		79		29		0	
50	0		137		107		64		6		0	
Store7
1	31		0		145		83		51		31	
2	29		0		154		117		47		29	
3	45		0		152		101		83		45	
4	48		0		140		104		76		48	
5	32		0		131		85		56		32	
6	26		0		152		110		58		26	
7	52		0		211		163		109		52	
8	41		0		185		117		67		41	
9	29		0		180		110		61		29	
10	52		0		156		140		88		52	
11	54		0		151		98		77		54	
12	47		0		173		124		98		47	
13	68		0		201		162		114		68	
14	0		0		101		63		37		0	
15	27		0		169		152		72		27	
16	19		0		160		88		69		19	
17	60		0		204		151		127		60	
18	45		0		170		120		75		45	
19	58		0		197		147		115		58	
20	65		0		165		131		94		65	
21	38		0		211		171		98		38	
22	62		0		194		170		99		62	
23	25		0		143		106		51		25	
24	35		0		103		72		36		35	
25	49		0		184		141		99		49	
26	63		0		193		135		87		63	
27	28		0		128		82		58		28	
28	61		0		131		97		61		61	
29	43		0		142		111		95		43	
30	14		0		172		102		46		14	
31	31		0		157		128		81		31	
32	47		0		173		156		93		47	
33	28		0		137		115		70		28	
34	7		0		120		90		51		7	
35	23		0		133		89		47		23	
36	40		0		159		109		84		40	
37	57		0		170		138		89		57	
38	21		0		124		118		59		21	
39	59		0		139		102		72		59	
40	42		0		143		114		74		42	
41	35		0		159		116		77		35	
42	31		0		168		150		81		31	
43	12		0		106		85		37		12	
44	62		0		175		146		104		62	
45	20		0		157		118		77		20	
46	43		0		214		151		104		43	
47	35		0		201		138		89		35	
48	45		0		180		125		81		45	
49	62		0		169		108		69		62	
50	51		0		195		156		106		51	
Store8
1	23		0		135		100		67		23	
2	28		0		100		100		65		28	
3	65		0		208		165		101		65	
4	62		0		176		131		104		62	
5	50		0		208		150		107		50	
6	3		0		148		110		57		3	
7	54		0		221		157		98		54	
8	33		0		188		132		97		33	
9	42		0		154		119		71		42	
10	11		0		127		83		45		11	
11	48		0		171		135		87		48	
12	52		0		192		141		107		52	
13	39		0		184		139		89		39	
14	4		0		163		100		50		4	
15	42		0		167		143		98		42	
16	61		0		205		186		140		61	
17	26		0		155		102		47		26	
18	29		0		100		91		73		29	
19	34		0		131		113		72		34	
20	37		0		157		113		64		37	
21	77		0		196		144		100		77	
22	40		0		148		119		82		40	
23	64		0		240		163		91		64	
24	29		0		144		100		63		29	
25	34		0		178		128		71		34	
26	19		0		134		92		67		19	
27	36		0		181		141		58		36	
28	49		0		181		131		80		49	
29	34		0		132		111		58		34	
30	12		0		115		76		24		12	
31	30		0		170		147		83		30	
32	40		0		156		111		89		40	
33	48		0		143		96		72		48	
34	29		0		121		79		66		29	
35	35		0		141		125		89		35	
36	55		0		196		158		116		55	
37	67		0		224		171		113		67	
38	67		0		166		135		114		67	
39	37		0		167		127		75		37	
40	41		0		156		111		77		41	
41	35		0		155		109		80		35	
42	57		0		137		129		74		57	
43	52		0		108		71		71		52	
44	31		0		160		125		96		31	
45	41		0		204		151		91		41	
46	47		0		176		133		101		47	
47	56		0		153		118		88		56	
48	17		0		108		95		68		17	
49	0		0		182		115		54		0	
50	20		0		134		94		40		20	
Store9
1	0		181		161		87		35		0	
2	0		209		136		118		60		0	
3	0		156		128		71		37		0	
4	0		214		146		106		41		0	
5	0		142		114		64		25		0	
6	0		160		116		63		27		0	
7	0		92		66		54		17		0	
8	0		139		104		59		22		0	
9	0		177		138		81		18		0	
10	0		195		149		108		54		0	
11	0		217		173		127		75		0	
12	0		156		121		70		26		0	
13	0		121		92		66		24		0	
14	0		141		105		63		30		0	
15	0		161		126		75		46		0	
16	0		178		166		80		56		0	
17	0		154		125		66		23		0	
18	0		168		126		102		60		0	
19	0		202		139		84		25		0	
20	0		153		96		67		45		0	
21	0		177		125		100		53		0	
22	0		125		90		90		53		0	
23	0		82		49		46		29		0	
24	0		218		175		107		78		0	
25	0		198		157		89		55		0	
26	0		136		94		38		34		0	
27	0		145		121		76		20		0	
28	0		190		143		108		35		0	
29	0		133		92		73		34		0	
30	0		174		129		86		33		0	
31	0		153		114		71		24		0	
32	0		212		177		107		48		0	
33	0		142		121		80		57		0	
34	0		110		69		47		30		0	
35	0		245		157		102		72		0	
36	0		75		32		18		14		0	
37	0		99		76		65		44		0	
38	0		154		101		60		30		0	
39	0		212		157		94		50		0	
40	0		173		99		55		29		0	
41	0		150		107		95		27		0	
42	0		134		108		51		24		0	
43	0		152		84		84		35		0	
44	0		146		93		64		38		0	
45	0		165		106		71		34		0	
46	0		119		119		99		57		0	
47	0		164		118		69		30		0	
48	0		151		97		50		45		0	
49	0		160		113		63		25		0	
50	0		146		96		49		28		0	
Store10
1	0		179		132		85		31		0	
2	0		164		112		81		33		0	
3	0		177		133		62		17		0	
4	0		147		116		78		27		0	
5	0		195		151		75		37		0	
6	0		210		166		103		33		0	
7	0		202		179		110		56		0	
8	0		134		99		51		28		0	
9	0		193		135		91		26		0	
10	0		197		144		70		31		0	
11	0		185		132		75		36		0	
12	0		182		137		87		54		0	
13	0		179		117		64		47		0	
14	0		105		86		20		0		0	
15	0		188		129		75		36		0	
16	0		126		61		27		27		0	
17	0		180		147		106		63		0	
18	0		222		169		94		62		0	
19	0		148		129		83		32		0	
20	0		160		126		94		55		0	
21	0		166		107		49		24		0	
22	0		210		155		104		49		0	
23	0		135		104		67		36		0	
24	0		207		165		107		52		0	
25	0		152		110		85		41		0	
26	0		154		106		72		48		0	
27	0		132		121		82		11		0	
28	0		168		132		102		55		0	
29	0		166		139		89		67		0	
30	0		96		77		67		40		0	
31	0		122		88		48		33		0	
32	0		151		109		50		24		0	
33	0		193		165		104		72		0	
34	0		169		120		83		48		0	
35	0		163		99		92		49		0	
36	0		174		133		87		31		0	
37	0		156		107		57		34		0	
38	0		103		65		34		27		0	
39	0		170		127		97		55		0	
40	0		97		77		52		27		0	
41	0		160		131		101		60		0	
42	0		112		96		66		23		0	
43	0		109		74		60		23		0	
44	0		149		102		57		53		0	
45	0		160		119		85		40		0	
46	0		134		92		69		44		0	
47	0		208		128		87		50		0	
48	0		171		115		70		31		0	
49	0		155		103		82		26		0	
50	0		114		70		59		44		0	


Shipments from Vendor to Warehouse (V T):
0.9132853	0	0	0	0	
0	0.67463	0	0	0.4719746	
0	0.6812632	0	0	0.5802794	

Shipments from Warehouse to Stores (S T):
1	2	0.337704
1	5	0.3409166
2	2	0.2037873
2	5	0.426408
3	2	0.3463786
3	5	0.3388933
4	2	0.3326981
4	5	0.3394667
5	1	0.3199821
5	5	0.33538
6	1	0.3203374
6	5	0.34769
7	2	0.3405053
7	5	0.3521134
8	2	0.337778
8	5	0.3606267
9	1	0.3287026
9	5	0.3548833
10	1	0.3354214
10	5	0.3631133


Required Putaway workers (Sol T):
2	2	3	3	2	

No of required pickers (T):
5	8	0	0	13	

No of part-time putaway workers (T):
0	0	1	1	0	

No of part-time pickers (T):
0	0	0	0	4	

Best Putaway Technology: 2400
Best Picking Technology: 1000

Required Fashion Putaway Hours:
0	0	23.38542	18.40208	0	

Required Basic Putaway Hours:
13.81125	15.35167	0	0	12.39833	

Required Total Putaway Hours:
13.81125	15.35167	23.38542	18.40208	12.39833	

No of required fashion pick hours:
0	0	0	0	100.29	

No of required basic pick hours:
39.636	56.486	0	0	3.625	

No of required total pick hours:
39.636	56.486	0	0	103.915	

List of all the costs: 
MHECost		444
PutawayTechCost		3540
PickingTechCost		9130
WhBasicInvCost		716.83
BasicInbCost		8495.222
WhFashionInvCost		1564.15
FashionInbCost		5483.696
PutawayCost		3680
StoreBasicInvCost		9399.2
StoreFashionInvCost		5014.5
OutboundCost		19007.72
PickingCost		15360
Total		81835.32

List of Top5 Technologies: 
Tech1		3	6	$ 81838.82
Tech2		4	6	$ 91534.94
Tech3		6	6	$ 97787.97
Tech4		6	4	$ 111189.9
Tech5		6	2	$ 129903.9
The start time is 12/21/2014 3:26:16 PM
The End time is 12/21/2014 3:27:04 PM
