Printing New Fashion Solution:

Inbound Fashion Solution (V F T):
1	1	2	2285
1	2	2	2135
1	3	3	2050
1	4	3	1970
1	5	2	1790
1	6	3	1715
1	7	2	2300
1	8	3	2225
1	9	3	2380
1	10	2	2195
1	11	3	1660
1	12	2	2080
1	13	2	2250
1	14	2	1455
1	15	3	2345
1	16	3	2035
1	17	3	2245
1	18	3	1830
1	19	2	2265
1	20	3	1995
1	21	3	1665
1	22	2	1205
1	23	2	1835
1	24	3	2205
1	25	3	2325
2	26	4	2290
2	27	4	2160
2	28	4	2050
2	29	4	1955
2	30	4	2110
2	31	4	1860
2	32	4	1670
2	33	4	1985
2	34	4	1850
2	35	4	1585
2	36	4	2235
2	37	4	2055
2	38	4	2145
2	39	4	1780
2	40	4	2100
2	41	4	1785
2	42	4	2135
2	43	4	1860
2	44	4	2140
2	45	4	1710
2	46	4	1780
2	47	4	1965
2	48	4	2065
2	49	4	2360
2	50	4	2220


Outbound Fashion Solution(S F T):
1	1	5	290
1	2	5	125
1	3	5	300
1	4	5	360
1	5	5	195
1	6	5	75
1	7	5	125
1	8	5	300
1	9	5	270
1	10	5	285
1	11	5	130
1	12	5	220
1	13	5	345
1	14	5	120
1	15	5	200
1	16	5	145
1	17	5	230
1	18	5	155
1	19	5	230
1	20	5	235
1	21	5	250
1	22	5	35
1	23	5	220
1	24	5	325
1	25	5	145
1	26	5	275
1	27	5	210
1	28	5	125
1	29	5	205
1	30	5	130
1	31	5	185
1	32	5	110
1	33	5	110
1	34	5	110
1	35	5	170
1	36	5	245
1	37	5	425
1	38	5	250
1	39	5	240
1	40	5	155
1	41	5	310
1	42	5	50
1	43	5	250
1	44	5	240
1	45	5	220
1	46	5	105
1	47	5	345
1	48	5	270
1	49	5	205
1	50	5	290
2	1	5	210
2	2	5	120
2	3	5	165
2	4	5	190
2	5	5	200
2	6	5	170
2	7	5	255
2	8	5	160
2	9	5	155
2	10	5	190
2	11	5	90
2	12	5	150
2	13	5	325
2	14	5	115
2	15	5	195
2	16	5	235
2	17	5	125
2	18	5	140
2	19	5	345
2	20	5	150
2	21	5	150
2	23	5	200
2	24	5	60
2	25	5	230
2	26	5	235
2	27	5	215
2	28	5	340
2	29	5	210
2	30	5	370
2	31	5	90
2	32	5	230
2	33	5	300
2	34	5	205
2	35	5	110
2	36	5	165
2	37	5	100
2	38	5	220
2	39	5	200
2	40	5	75
2	41	5	205
2	42	5	235
2	43	5	220
2	44	5	240
2	45	5	75
2	46	5	165
2	47	5	290
2	48	5	215
2	49	5	225
2	50	5	175
3	1	5	275
3	2	5	280
3	3	5	225
3	4	5	175
3	5	5	50
3	6	5	165
3	7	5	265
3	8	5	205
3	9	5	265
3	10	5	225
3	11	5	180
3	12	5	340
3	13	5	235
3	14	5	260
3	15	5	255
3	16	5	250
3	17	5	200
3	18	5	225
3	19	5	190
3	20	5	230
3	21	5	160
3	22	5	105
3	23	5	125
3	24	5	150
3	25	5	150
3	26	5	250
3	27	5	140
3	28	5	235
3	29	5	125
3	30	5	135
3	31	5	150
3	32	5	105
3	33	5	190
3	34	5	215
3	35	5	105
3	36	5	180
3	37	5	135
3	38	5	310
3	39	5	155
3	40	5	215
3	41	5	45
3	42	5	250
3	43	5	195
3	44	5	160
3	45	5	225
3	46	5	155
3	47	5	180
3	48	5	205
3	49	5	205
3	50	5	235
4	1	5	185
4	2	5	260
4	3	5	40
4	4	5	55
4	5	5	90
4	6	5	315
4	7	5	300
4	8	5	295
4	9	5	350
4	10	5	280
4	11	5	125
4	12	5	65
4	13	5	215
4	14	5	115
4	15	5	85
4	16	5	195
4	17	5	55
4	18	5	210
4	19	5	270
4	20	5	95
4	21	5	130
4	22	5	155
4	23	5	205
4	24	5	140
4	25	5	215
4	26	5	255
4	27	5	390
4	28	5	210
4	29	5	220
4	30	5	225
4	31	5	90
4	32	5	160
4	33	5	140
4	34	5	110
4	35	5	205
4	36	5	285
4	37	5	275
4	38	5	335
4	39	5	45
4	40	5	260
4	41	5	240
4	42	5	140
4	43	5	220
4	44	5	120
4	45	5	180
4	46	5	285
4	47	5	145
4	48	5	150
4	49	5	110
4	50	5	325
5	1	5	240
5	2	5	290
5	3	5	265
5	4	5	270
5	5	5	190
5	6	5	130
5	7	5	245
5	8	5	60
5	9	5	265
5	10	5	170
5	11	5	20
5	12	5	240
5	13	5	215
5	14	5	120
5	15	5	350
5	16	5	175
5	17	5	130
5	18	5	135
5	19	5	190
5	20	5	250
5	21	5	250
5	22	5	145
5	23	5	60
5	24	5	300
5	25	5	310
5	26	5	130
5	27	5	170
5	28	5	80
5	29	5	180
5	30	5	315
5	31	5	260
5	32	5	350
5	33	5	190
5	34	5	265
5	35	5	170
5	36	5	160
5	37	5	145
5	38	5	140
5	39	5	240
5	40	5	90
5	41	5	115
5	42	5	250
5	43	5	160
5	44	5	235
5	45	5	215
5	46	5	160
5	47	5	295
5	48	5	100
5	49	5	245
5	50	5	115
6	1	5	150
6	2	5	265
6	3	5	255
6	4	5	115
6	5	5	75
6	6	5	115
6	7	5	20
6	8	5	290
6	9	5	160
6	10	5	150
6	11	5	230
6	12	5	310
6	13	5	170
6	14	5	220
6	15	5	175
6	16	5	285
6	17	5	275
6	18	5	190
6	19	5	295
6	20	5	150
6	21	5	175
6	22	5	110
6	23	5	200
6	24	5	240
6	25	5	230
6	26	5	355
6	27	5	275
6	28	5	270
6	29	5	195
6	30	5	270
6	31	5	295
6	32	5	85
6	33	5	200
6	34	5	200
6	35	5	155
6	36	5	180
6	37	5	205
6	38	5	95
6	39	5	305
6	40	5	240
6	41	5	175
6	42	5	80
6	43	5	125
6	44	5	150
6	45	5	175
6	46	5	235
6	47	5	185
6	48	5	285
6	49	5	205
6	50	5	300
7	1	5	240
7	2	5	165
7	3	5	285
7	4	5	205
7	5	5	225
7	6	5	250
7	7	5	360
7	8	5	210
7	9	5	255
7	10	5	225
7	11	5	205
7	12	5	145
7	13	5	160
7	14	5	235
7	15	5	310
7	16	5	170
7	17	5	355
7	18	5	120
7	19	5	195
7	20	5	150
7	21	5	80
7	22	5	135
7	23	5	135
7	24	5	390
7	25	5	335
7	26	5	75
7	27	5	205
7	28	5	65
7	29	5	465
7	30	5	180
7	31	5	130
7	32	5	225
7	33	5	285
7	34	5	95
7	35	5	100
7	36	5	195
7	37	5	120
7	38	5	175
7	39	5	210
7	40	5	195
7	41	5	170
7	42	5	180
7	43	5	240
7	44	5	335
7	45	5	185
7	46	5	195
7	47	5	85
7	48	5	125
7	49	5	300
7	50	5	160
8	1	5	275
8	2	5	150
8	3	5	320
8	4	5	240
8	5	5	410
8	6	5	155
8	7	5	250
8	8	5	280
8	9	5	285
8	10	5	210
8	12	5	170
8	13	5	170
8	14	5	50
8	15	5	240
8	16	5	275
8	17	5	225
8	18	5	255
8	19	5	235
8	20	5	285
8	21	5	165
8	22	5	210
8	23	5	250
8	24	5	175
8	25	5	230
8	26	5	230
8	27	5	110
8	28	5	185
8	29	5	175
8	30	5	250
8	31	5	310
8	32	5	260
8	33	5	135
8	34	5	180
8	35	5	155
8	36	5	255
8	37	5	180
8	38	5	215
8	39	5	195
8	40	5	250
8	41	5	205
8	42	5	370
8	44	5	230
8	45	5	205
8	46	5	135
8	47	5	90
8	48	5	165
8	49	5	250
8	50	5	295
9	1	5	135
9	2	5	275
9	4	5	210
9	5	5	180
9	6	5	115
9	7	5	210
9	8	5	180
9	9	5	135
9	10	5	265
9	11	5	240
9	12	5	230
9	13	5	250
9	14	5	155
9	15	5	200
9	16	5	245
9	17	5	200
9	18	5	205
9	19	5	145
9	20	5	180
9	21	5	210
9	22	5	205
9	23	5	200
9	24	5	205
9	25	5	305
9	26	5	215
9	27	5	130
9	28	5	230
9	29	5	75
9	30	5	55
9	31	5	250
9	32	5	140
9	33	5	120
9	34	5	300
9	35	5	190
9	36	5	255
9	37	5	295
9	38	5	195
9	39	5	100
9	40	5	300
9	41	5	235
9	42	5	310
9	43	5	210
9	44	5	225
9	45	5	60
9	46	5	230
9	47	5	170
9	48	5	255
9	49	5	290
9	50	5	175
10	1	5	285
10	2	5	205
10	3	5	195
10	4	5	150
10	5	5	175
10	6	5	225
10	7	5	270
10	8	5	245
10	9	5	240
10	10	5	195
10	11	5	440
10	12	5	210
10	13	5	165
10	14	5	65
10	15	5	335
10	16	5	60
10	17	5	450
10	18	5	195
10	19	5	170
10	20	5	270
10	21	5	95
10	22	5	105
10	23	5	240
10	24	5	220
10	25	5	175
10	26	5	270
10	27	5	315
10	28	5	310
10	29	5	105
10	30	5	180
10	31	5	100
10	32	5	5
10	33	5	315
10	34	5	170
10	35	5	225
10	36	5	315
10	37	5	175
10	38	5	210
10	39	5	90
10	40	5	320
10	41	5	85
10	42	5	270
10	43	5	240
10	44	5	205
10	45	5	170
10	46	5	115
10	47	5	180
10	48	5	295
10	49	5	325
10	50	5	150


Warehouse Fashion Inventory (W F T):
1	0		2285		2285		2285		0	
2	0		2135		2135		2135		0	
3	0		0		2050		2050		0	
4	0		0		1970		1970		0	
5	0		1790		1790		1790		0	
6	0		0		1715		1715		0	
7	0		2300		2300		2300		0	
8	0		0		2225		2225		0	
9	0		0		2380		2380		0	
10	0		2195		2195		2195		0	
11	0		0		1660		1660		0	
12	0		2080		2080		2080		0	
13	0		2250		2250		2250		0	
14	0		1455		1455		1455		0	
15	0		0		2345		2345		0	
16	0		0		2035		2035		0	
17	0		0		2245		2245		0	
18	0		0		1830		1830		0	
19	0		2265		2265		2265		0	
20	0		0		1995		1995		0	
21	0		0		1665		1665		0	
22	0		1205		1205		1205		0	
23	0		1835		1835		1835		0	
24	0		0		2205		2205		0	
25	0		0		2325		2325		0	
26	0		0		0		2290		0	
27	0		0		0		2160		0	
28	0		0		0		2050		0	
29	0		0		0		1955		0	
30	0		0		0		2110		0	
31	0		0		0		1860		0	
32	0		0		0		1670		0	
33	0		0		0		1985		0	
34	0		0		0		1850		0	
35	0		0		0		1585		0	
36	0		0		0		2235		0	
37	0		0		0		2055		0	
38	0		0		0		2145		0	
39	0		0		0		1780		0	
40	0		0		0		2100		0	
41	0		0		0		1785		0	
42	0		0		0		2135		0	
43	0		0		0		1860		0	
44	0		0		0		2140		0	
45	0		0		0		1710		0	
46	0		0		0		1780		0	
47	0		0		0		1965		0	
48	0		0		0		2065		0	
49	0		0		0		2360		0	
50	0		0		0		2220		0	

Store Fashion Inventory (S F T):
Store1
1	0		0		0		290	
2	0		0		0		125	
3	0		0		0		300	
4	0		0		0		360	
5	0		0		0		195	
6	0		0		0		75	
7	0		0		0		125	
8	0		0		0		300	
9	0		0		0		270	
10	0		0		0		285	
11	0		0		0		130	
12	0		0		0		220	
13	0		0		0		345	
14	0		0		0		120	
15	0		0		0		200	
16	0		0		0		145	
17	0		0		0		230	
18	0		0		0		155	
19	0		0		0		230	
20	0		0		0		235	
21	0		0		0		250	
22	0		0		0		35	
23	0		0		0		220	
24	0		0		0		325	
25	0		0		0		145	
26	0		0		0		275	
27	0		0		0		210	
28	0		0		0		125	
29	0		0		0		205	
30	0		0		0		130	
31	0		0		0		185	
32	0		0		0		110	
33	0		0		0		110	
34	0		0		0		110	
35	0		0		0		170	
36	0		0		0		245	
37	0		0		0		425	
38	0		0		0		250	
39	0		0		0		240	
40	0		0		0		155	
41	0		0		0		310	
42	0		0		0		50	
43	0		0		0		250	
44	0		0		0		240	
45	0		0		0		220	
46	0		0		0		105	
47	0		0		0		345	
48	0		0		0		270	
49	0		0		0		205	
50	0		0		0		290	
Store2
1	0		0		0		210	
2	0		0		0		120	
3	0		0		0		165	
4	0		0		0		190	
5	0		0		0		200	
6	0		0		0		170	
7	0		0		0		255	
8	0		0		0		160	
9	0		0		0		155	
10	0		0		0		190	
11	0		0		0		90	
12	0		0		0		150	
13	0		0		0		325	
14	0		0		0		115	
15	0		0		0		195	
16	0		0		0		235	
17	0		0		0		125	
18	0		0		0		140	
19	0		0		0		345	
20	0		0		0		150	
21	0		0		0		150	
22	0		0		0		0	
23	0		0		0		200	
24	0		0		0		60	
25	0		0		0		230	
26	0		0		0		235	
27	0		0		0		215	
28	0		0		0		340	
29	0		0		0		210	
30	0		0		0		370	
31	0		0		0		90	
32	0		0		0		230	
33	0		0		0		300	
34	0		0		0		205	
35	0		0		0		110	
36	0		0		0		165	
37	0		0		0		100	
38	0		0		0		220	
39	0		0		0		200	
40	0		0		0		75	
41	0		0		0		205	
42	0		0		0		235	
43	0		0		0		220	
44	0		0		0		240	
45	0		0		0		75	
46	0		0		0		165	
47	0		0		0		290	
48	0		0		0		215	
49	0		0		0		225	
50	0		0		0		175	
Store3
1	0		0		0		275	
2	0		0		0		280	
3	0		0		0		225	
4	0		0		0		175	
5	0		0		0		50	
6	0		0		0		165	
7	0		0		0		265	
8	0		0		0		205	
9	0		0		0		265	
10	0		0		0		225	
11	0		0		0		180	
12	0		0		0		340	
13	0		0		0		235	
14	0		0		0		260	
15	0		0		0		255	
16	0		0		0		250	
17	0		0		0		200	
18	0		0		0		225	
19	0		0		0		190	
20	0		0		0		230	
21	0		0		0		160	
22	0		0		0		105	
23	0		0		0		125	
24	0		0		0		150	
25	0		0		0		150	
26	0		0		0		250	
27	0		0		0		140	
28	0		0		0		235	
29	0		0		0		125	
30	0		0		0		135	
31	0		0		0		150	
32	0		0		0		105	
33	0		0		0		190	
34	0		0		0		215	
35	0		0		0		105	
36	0		0		0		180	
37	0		0		0		135	
38	0		0		0		310	
39	0		0		0		155	
40	0		0		0		215	
41	0		0		0		45	
42	0		0		0		250	
43	0		0		0		195	
44	0		0		0		160	
45	0		0		0		225	
46	0		0		0		155	
47	0		0		0		180	
48	0		0		0		205	
49	0		0		0		205	
50	0		0		0		235	
Store4
1	0		0		0		185	
2	0		0		0		260	
3	0		0		0		40	
4	0		0		0		55	
5	0		0		0		90	
6	0		0		0		315	
7	0		0		0		300	
8	0		0		0		295	
9	0		0		0		350	
10	0		0		0		280	
11	0		0		0		125	
12	0		0		0		65	
13	0		0		0		215	
14	0		0		0		115	
15	0		0		0		85	
16	0		0		0		195	
17	0		0		0		55	
18	0		0		0		210	
19	0		0		0		270	
20	0		0		0		95	
21	0		0		0		130	
22	0		0		0		155	
23	0		0		0		205	
24	0		0		0		140	
25	0		0		0		215	
26	0		0		0		255	
27	0		0		0		390	
28	0		0		0		210	
29	0		0		0		220	
30	0		0		0		225	
31	0		0		0		90	
32	0		0		0		160	
33	0		0		0		140	
34	0		0		0		110	
35	0		0		0		205	
36	0		0		0		285	
37	0		0		0		275	
38	0		0		0		335	
39	0		0		0		45	
40	0		0		0		260	
41	0		0		0		240	
42	0		0		0		140	
43	0		0		0		220	
44	0		0		0		120	
45	0		0		0		180	
46	0		0		0		285	
47	0		0		0		145	
48	0		0		0		150	
49	0		0		0		110	
50	0		0		0		325	
Store5
1	0		0		0		240	
2	0		0		0		290	
3	0		0		0		265	
4	0		0		0		270	
5	0		0		0		190	
6	0		0		0		130	
7	0		0		0		245	
8	0		0		0		60	
9	0		0		0		265	
10	0		0		0		170	
11	0		0		0		20	
12	0		0		0		240	
13	0		0		0		215	
14	0		0		0		120	
15	0		0		0		350	
16	0		0		0		175	
17	0		0		0		130	
18	0		0		0		135	
19	0		0		0		190	
20	0		0		0		250	
21	0		0		0		250	
22	0		0		0		145	
23	0		0		0		60	
24	0		0		0		300	
25	0		0		0		310	
26	0		0		0		130	
27	0		0		0		170	
28	0		0		0		80	
29	0		0		0		180	
30	0		0		0		315	
31	0		0		0		260	
32	0		0		0		350	
33	0		0		0		190	
34	0		0		0		265	
35	0		0		0		170	
36	0		0		0		160	
37	0		0		0		145	
38	0		0		0		140	
39	0		0		0		240	
40	0		0		0		90	
41	0		0		0		115	
42	0		0		0		250	
43	0		0		0		160	
44	0		0		0		235	
45	0		0		0		215	
46	0		0		0		160	
47	0		0		0		295	
48	0		0		0		100	
49	0		0		0		245	
50	0		0		0		115	
Store6
1	0		0		0		150	
2	0		0		0		265	
3	0		0		0		255	
4	0		0		0		115	
5	0		0		0		75	
6	0		0		0		115	
7	0		0		0		20	
8	0		0		0		290	
9	0		0		0		160	
10	0		0		0		150	
11	0		0		0		230	
12	0		0		0		310	
13	0		0		0		170	
14	0		0		0		220	
15	0		0		0		175	
16	0		0		0		285	
17	0		0		0		275	
18	0		0		0		190	
19	0		0		0		295	
20	0		0		0		150	
21	0		0		0		175	
22	0		0		0		110	
23	0		0		0		200	
24	0		0		0		240	
25	0		0		0		230	
26	0		0		0		355	
27	0		0		0		275	
28	0		0		0		270	
29	0		0		0		195	
30	0		0		0		270	
31	0		0		0		295	
32	0		0		0		85	
33	0		0		0		200	
34	0		0		0		200	
35	0		0		0		155	
36	0		0		0		180	
37	0		0		0		205	
38	0		0		0		95	
39	0		0		0		305	
40	0		0		0		240	
41	0		0		0		175	
42	0		0		0		80	
43	0		0		0		125	
44	0		0		0		150	
45	0		0		0		175	
46	0		0		0		235	
47	0		0		0		185	
48	0		0		0		285	
49	0		0		0		205	
50	0		0		0		300	
Store7
1	0		0		0		240	
2	0		0		0		165	
3	0		0		0		285	
4	0		0		0		205	
5	0		0		0		225	
6	0		0		0		250	
7	0		0		0		360	
8	0		0		0		210	
9	0		0		0		255	
10	0		0		0		225	
11	0		0		0		205	
12	0		0		0		145	
13	0		0		0		160	
14	0		0		0		235	
15	0		0		0		310	
16	0		0		0		170	
17	0		0		0		355	
18	0		0		0		120	
19	0		0		0		195	
20	0		0		0		150	
21	0		0		0		80	
22	0		0		0		135	
23	0		0		0		135	
24	0		0		0		390	
25	0		0		0		335	
26	0		0		0		75	
27	0		0		0		205	
28	0		0		0		65	
29	0		0		0		465	
30	0		0		0		180	
31	0		0		0		130	
32	0		0		0		225	
33	0		0		0		285	
34	0		0		0		95	
35	0		0		0		100	
36	0		0		0		195	
37	0		0		0		120	
38	0		0		0		175	
39	0		0		0		210	
40	0		0		0		195	
41	0		0		0		170	
42	0		0		0		180	
43	0		0		0		240	
44	0		0		0		335	
45	0		0		0		185	
46	0		0		0		195	
47	0		0		0		85	
48	0		0		0		125	
49	0		0		0		300	
50	0		0		0		160	
Store8
1	0		0		0		275	
2	0		0		0		150	
3	0		0		0		320	
4	0		0		0		240	
5	0		0		0		410	
6	0		0		0		155	
7	0		0		0		250	
8	0		0		0		280	
9	0		0		0		285	
10	0		0		0		210	
11	0		0		0		0	
12	0		0		0		170	
13	0		0		0		170	
14	0		0		0		50	
15	0		0		0		240	
16	0		0		0		275	
17	0		0		0		225	
18	0		0		0		255	
19	0		0		0		235	
20	0		0		0		285	
21	0		0		0		165	
22	0		0		0		210	
23	0		0		0		250	
24	0		0		0		175	
25	0		0		0		230	
26	0		0		0		230	
27	0		0		0		110	
28	0		0		0		185	
29	0		0		0		175	
30	0		0		0		250	
31	0		0		0		310	
32	0		0		0		260	
33	0		0		0		135	
34	0		0		0		180	
35	0		0		0		155	
36	0		0		0		255	
37	0		0		0		180	
38	0		0		0		215	
39	0		0		0		195	
40	0		0		0		250	
41	0		0		0		205	
42	0		0		0		370	
43	0		0		0		0	
44	0		0		0		230	
45	0		0		0		205	
46	0		0		0		135	
47	0		0		0		90	
48	0		0		0		165	
49	0		0		0		250	
50	0		0		0		295	
Store9
1	0		0		0		135	
2	0		0		0		275	
3	0		0		0		0	
4	0		0		0		210	
5	0		0		0		180	
6	0		0		0		115	
7	0		0		0		210	
8	0		0		0		180	
9	0		0		0		135	
10	0		0		0		265	
11	0		0		0		240	
12	0		0		0		230	
13	0		0		0		250	
14	0		0		0		155	
15	0		0		0		200	
16	0		0		0		245	
17	0		0		0		200	
18	0		0		0		205	
19	0		0		0		145	
20	0		0		0		180	
21	0		0		0		210	
22	0		0		0		205	
23	0		0		0		200	
24	0		0		0		205	
25	0		0		0		305	
26	0		0		0		215	
27	0		0		0		130	
28	0		0		0		230	
29	0		0		0		75	
30	0		0		0		55	
31	0		0		0		250	
32	0		0		0		140	
33	0		0		0		120	
34	0		0		0		300	
35	0		0		0		190	
36	0		0		0		255	
37	0		0		0		295	
38	0		0		0		195	
39	0		0		0		100	
40	0		0		0		300	
41	0		0		0		235	
42	0		0		0		310	
43	0		0		0		210	
44	0		0		0		225	
45	0		0		0		60	
46	0		0		0		230	
47	0		0		0		170	
48	0		0		0		255	
49	0		0		0		290	
50	0		0		0		175	
Store10
1	0		0		0		285	
2	0		0		0		205	
3	0		0		0		195	
4	0		0		0		150	
5	0		0		0		175	
6	0		0		0		225	
7	0		0		0		270	
8	0		0		0		245	
9	0		0		0		240	
10	0		0		0		195	
11	0		0		0		440	
12	0		0		0		210	
13	0		0		0		165	
14	0		0		0		65	
15	0		0		0		335	
16	0		0		0		60	
17	0		0		0		450	
18	0		0		0		195	
19	0		0		0		170	
20	0		0		0		270	
21	0		0		0		95	
22	0		0		0		105	
23	0		0		0		240	
24	0		0		0		220	
25	0		0		0		175	
26	0		0		0		270	
27	0		0		0		315	
28	0		0		0		310	
29	0		0		0		105	
30	0		0		0		180	
31	0		0		0		100	
32	0		0		0		5	
33	0		0		0		315	
34	0		0		0		170	
35	0		0		0		225	
36	0		0		0		315	
37	0		0		0		175	
38	0		0		0		210	
39	0		0		0		90	
40	0		0		0		320	
41	0		0		0		85	
42	0		0		0		270	
43	0		0		0		240	
44	0		0		0		205	
45	0		0		0		170	
46	0		0		0		115	
47	0		0		0		180	
48	0		0		0		295	
49	0		0		0		325	
50	0		0		0		150	


Fashion Shipments from Vendor to Warehouse (V T):
0	0.72197	0.91322	0	
0	0	0	1.806164	

Printing New Basic Solution:

Inbound Solution (V P T):
1	1	5	2119
1	2	5	2082
1	3	5	2093
1	4	5	2090
1	5	5	1927
1	6	5	1996
1	7	5	2140
1	8	5	2082
1	9	5	2155
1	10	5	2145
1	11	5	2062
1	12	5	1980
1	13	5	2193
1	14	5	1872
1	15	5	2174
1	16	5	2037
2	17	1	1851
2	17	2	206
2	18	1	1818
2	18	2	202
2	19	1	974
2	19	2	974
2	20	1	566
2	20	2	1321
2	21	1	1129
2	21	2	1129
2	22	1	1453
2	22	2	624
2	23	1	1569
2	23	2	393
2	24	1	2122
2	25	1	958
2	25	2	959
2	26	1	1413
2	26	2	607
2	27	1	1477
2	27	2	370
2	28	1	1515
2	28	2	379
2	29	1	1355
2	29	2	582
2	30	1	1838
2	31	1	993
2	31	2	994
2	32	1	1334
2	32	2	572
3	33	1	2044
3	34	1	1773
3	35	1	1961
3	36	1	1862
3	37	1	1959
3	38	1	1839
3	39	1	2053
3	40	1	1877
3	41	1	1950
3	42	1	1847
3	43	1	1793
3	44	1	1975
3	45	1	2077
3	46	1	1985
3	47	1	2129
3	48	1	1922
3	49	1	1936
3	50	1	1941


Outbound Solution(S P T):
1	1	1	229
1	2	1	124
1	3	1	220
1	4	1	253
1	5	1	164
1	6	1	245
1	7	1	257
1	8	1	218
1	9	1	205
1	10	1	184
1	11	1	165
1	12	1	263
1	13	1	242
1	14	1	149
1	15	1	292
1	16	1	190
1	17	1	173
1	18	1	224
1	19	1	166
1	20	1	141
1	21	1	164
1	22	1	178
1	23	1	185
1	24	1	174
1	25	1	151
1	26	1	273
1	27	1	179
1	28	1	227
1	29	1	174
1	30	1	223
1	31	1	199
1	32	1	187
1	33	1	236
1	34	1	235
1	35	1	161
1	36	1	165
1	37	1	135
1	38	1	216
1	39	1	217
1	40	1	201
1	41	1	151
1	42	1	181
1	43	1	220
1	44	1	249
1	45	1	176
1	46	1	212
1	47	1	262
1	48	1	186
1	49	1	174
1	50	1	216
2	1	1	174
2	2	1	242
2	3	1	217
2	4	1	178
2	5	1	198
2	6	1	193
2	7	1	206
2	8	1	199
2	9	1	204
2	10	1	222
2	11	1	204
2	12	1	205
2	13	1	217
2	14	1	250
2	15	1	172
2	16	1	227
2	17	1	191
2	18	1	234
2	19	1	170
2	20	1	202
2	21	1	173
2	22	1	279
2	23	1	211
2	24	1	170
2	25	1	168
2	26	1	179
2	27	1	134
2	28	1	161
2	29	1	215
2	30	1	162
2	31	1	238
2	32	1	190
2	33	1	158
2	34	1	209
2	35	1	237
2	36	1	182
2	37	1	183
2	38	1	98
2	39	1	179
2	40	1	216
2	41	1	240
2	42	1	157
2	43	1	200
2	44	1	214
2	45	1	189
2	46	1	200
2	47	1	248
2	48	1	175
2	49	1	176
2	50	1	187
3	1	2	257
3	2	2	195
3	3	2	217
3	4	2	218
3	5	2	211
3	6	2	156
3	7	2	159
3	8	2	225
3	9	2	174
3	10	2	195
3	11	2	215
3	12	2	201
3	13	2	248
3	14	2	199
3	15	2	225
3	16	2	228
3	17	2	237
3	18	2	249
3	19	2	197
3	20	2	228
3	21	2	286
3	22	2	218
3	23	2	244
3	24	2	277
3	25	2	175
3	26	2	197
3	27	2	216
3	28	2	229
3	29	2	185
3	30	2	183
3	31	2	186
3	32	2	211
3	33	2	210
3	34	2	157
3	35	2	146
3	36	2	270
3	37	2	207
3	38	2	187
3	39	2	258
3	40	2	190
3	41	2	147
3	42	2	198
3	43	2	185
3	44	2	225
3	45	2	167
3	46	2	199
3	47	2	148
3	48	2	168
3	49	2	188
3	50	2	148
4	1	1	179
4	2	1	201
4	3	1	231
4	4	1	132
4	5	1	170
4	6	1	167
4	7	1	221
4	8	1	251
4	9	1	208
4	10	1	210
4	11	1	223
4	12	1	153
4	13	1	190
4	14	1	257
4	15	1	221
4	16	1	184
4	17	1	206
4	18	1	162
4	19	1	185
4	20	1	205
4	21	1	257
4	22	1	182
4	23	1	275
4	24	1	249
4	25	1	141
4	26	1	184
4	27	1	190
4	28	1	131
4	29	1	218
4	30	1	154
4	31	1	188
4	32	1	173
4	33	1	195
4	34	1	182
4	35	1	185
4	36	1	137
4	37	1	196
4	38	1	243
4	39	1	206
4	40	1	211
4	41	1	214
4	42	1	167
4	43	1	232
4	44	1	171
4	45	1	213
4	46	1	228
4	47	1	183
4	48	1	216
4	49	1	227
4	50	1	232
5	1	1	230
5	2	1	248
5	3	1	205
5	4	1	223
5	5	1	169
5	6	1	191
5	7	1	182
5	8	1	164
5	9	1	219
5	10	1	200
5	11	1	172
5	12	1	185
5	13	1	217
5	14	1	199
5	15	1	227
5	16	1	220
5	17	1	195
5	18	1	135
5	19	1	240
5	20	1	147
5	21	1	208
5	22	1	169
5	23	1	151
5	24	1	198
5	25	1	189
5	26	1	189
5	27	1	171
5	28	1	154
5	29	1	209
5	30	1	264
5	31	1	200
5	32	1	182
5	33	1	213
5	34	1	159
5	35	1	146
5	36	1	198
5	37	1	220
5	38	1	203
5	39	1	133
5	40	1	196
5	41	1	203
5	42	1	208
5	43	1	196
5	44	1	157
5	45	1	205
5	46	1	206
5	47	1	237
5	48	1	159
5	49	1	220
5	50	1	224
6	1	2	215
6	2	2	235
6	3	2	186
6	4	2	221
6	5	2	175
6	6	2	229
6	7	2	193
6	8	2	192
6	9	2	228
6	10	2	266
6	11	2	186
6	12	2	144
6	13	2	208
6	14	2	192
6	15	2	191
6	16	2	166
6	17	2	236
6	18	2	193
6	19	2	134
6	20	2	201
6	21	2	249
6	22	2	194
6	23	2	181
6	24	2	207
6	25	2	184
6	26	2	219
6	27	2	185
6	28	2	209
6	29	2	180
6	30	2	178
6	31	2	230
6	32	2	144
6	33	2	236
6	34	2	139
6	35	2	235
6	36	2	186
6	37	2	191
6	38	2	188
6	39	2	203
6	40	2	207
6	41	2	204
6	42	2	210
6	43	2	131
6	44	2	149
6	45	2	220
6	46	2	160
6	47	2	184
6	48	2	210
6	49	2	152
6	50	2	172
7	1	2	170
7	2	2	209
7	3	2	212
7	4	2	182
7	5	2	184
7	6	2	196
7	7	2	249
7	8	2	193
7	9	2	257
7	10	2	191
7	11	2	156
7	12	2	183
7	13	2	254
7	14	2	151
7	15	2	192
7	16	2	193
7	17	2	204
7	18	2	192
7	19	2	251
7	20	2	212
7	21	2	266
7	22	2	238
7	23	2	164
7	24	2	160
7	25	2	235
7	26	2	243
7	27	2	194
7	28	2	137
7	29	2	201
7	30	2	206
7	31	2	167
7	32	2	211
7	33	2	207
7	34	2	154
7	35	2	171
7	36	2	180
7	37	2	221
7	38	2	157
7	39	2	184
7	40	2	148
7	41	2	200
7	42	2	196
7	43	2	152
7	44	2	214
7	45	2	209
7	46	2	260
7	47	2	245
7	48	2	226
7	49	2	237
7	50	2	253
8	1	1	193
8	2	1	152
8	3	1	214
8	4	1	210
8	5	1	246
8	6	1	164
8	7	1	248
8	8	1	256
8	9	1	206
8	10	1	167
8	11	1	218
8	12	1	243
8	13	1	237
8	14	1	193
8	15	1	218
8	16	1	229
8	17	1	217
8	18	1	145
8	19	1	155
8	20	1	179
8	21	1	218
8	22	1	207
8	23	1	269
8	24	1	179
8	25	1	221
8	26	1	193
8	27	1	225
8	28	1	206
8	29	1	151
8	30	1	126
8	31	1	218
8	32	1	200
8	33	1	163
8	34	1	171
8	35	1	189
8	36	1	217
8	37	1	268
8	38	1	227
8	39	1	227
8	40	1	190
8	41	1	195
8	42	1	199
8	43	1	147
8	44	1	214
8	45	1	252
8	46	1	180
8	47	1	181
8	48	1	143
8	49	1	205
8	50	1	154
9	1	1	237
9	2	1	273
9	3	1	156
9	4	1	286
9	5	1	178
9	6	1	192
9	7	1	165
9	8	1	181
9	9	1	229
9	10	1	250
9	11	1	271
9	12	1	183
9	13	1	174
9	14	1	159
9	15	1	219
9	16	1	235
9	17	1	185
9	18	1	207
9	19	1	249
9	20	1	183
9	21	1	233
9	22	1	174
9	23	1	131
9	24	1	233
9	25	1	256
9	26	1	158
9	27	1	189
9	28	1	227
9	29	1	181
9	30	1	196
9	31	1	178
9	32	1	232
9	33	1	196
9	34	1	164
9	35	1	280
9	36	1	105
9	37	1	128
9	38	1	194
9	39	1	242
9	40	1	200
9	41	1	203
9	42	1	187
9	43	1	197
9	44	1	188
9	45	1	230
9	46	1	178
9	47	1	188
9	48	1	209
9	49	1	160
9	50	1	207
10	1	1	235
10	2	1	203
10	3	1	235
10	4	1	187
10	5	1	232
10	6	1	263
10	7	1	260
10	8	1	203
10	9	1	225
10	10	1	260
10	11	1	252
10	12	1	220
10	13	1	206
10	14	1	123
10	15	1	217
10	16	1	165
10	17	1	213
10	18	1	279
10	19	1	201
10	20	1	189
10	21	1	204
10	22	1	238
10	23	1	151
10	24	1	275
10	25	1	197
10	26	1	185
10	27	1	164
10	28	1	213
10	29	1	223
10	30	1	146
10	31	1	183
10	32	1	176
10	33	1	230
10	34	1	203
10	35	1	211
10	36	1	222
10	37	1	210
10	38	1	126
10	39	1	204
10	40	1	118
10	41	1	193
10	42	1	144
10	43	1	133
10	44	1	194
10	45	1	216
10	46	1	162
10	47	1	253
10	48	1	230
10	49	1	197
10	50	1	148


Warehouse Inventory (W P T):
1	2119		642		0		0		0		2119	
2	2082		639		0		0		0		2082	
3	2093		615		0		0		0		2093	
4	2090		621		0		0		0		2090	
5	1927		570		0		0		0		1927	
6	1996		581		0		0		0		1996	
7	2140		601		0		0		0		2140	
8	2082		610		0		0		0		2082	
9	2155		659		0		0		0		2155	
10	2145		652		0		0		0		2145	
11	2062		557		0		0		0		2062	
12	1980		528		0		0		0		1980	
13	2193		710		0		0		0		2193	
14	1872		542		0		0		0		1872	
15	2174		608		0		0		0		2174	
16	2037		587		0		0		0		2037	
17	0		471		0		0		0		0	
18	0		432		0		0		0		0	
19	392		0		392		392		392		392	
20	680		0		680		680		680		680	
21	328		0		328		328		328		328	
22	0		26		0		0		0		0	
23	0		196		0		0		0		0	
24	0		644		0		0		0		0	
25	365		0		365		365		365		365	
26	0		52		0		0		0		0	
27	0		225		0		0		0		0	
28	0		196		0		0		0		0	
29	16		0		16		16		16		16	
30	0		567		0		0		0		0	
31	411		0		411		411		411		411	
32	6		0		6		6		6		6	
33	0		653		0		0		0		0	
34	0		450		0		0		0		0	
35	0		552		0		0		0		0	
36	0		636		0		0		0		0	
37	0		619		0		0		0		0	
38	0		532		0		0		0		0	
39	0		645		0		0		0		0	
40	0		545		0		0		0		0	
41	0		551		0		0		0		0	
42	0		604		0		0		0		0	
43	0		468		0		0		0		0	
44	0		588		0		0		0		0	
45	0		596		0		0		0		0	
46	0		619		0		0		0		0	
47	0		577		0		0		0		0	
48	0		604		0		0		0		0	
49	0		577		0		0		0		0	
50	0		573		0		0		0		0	

Store Inventory (S P T):
Store1
1	0		171		150		115		52		0	
2	0		91		73		35		12		0	
3	0		167		114		84		54		0	
4	0		210		170		120		67		0	
5	0		143		103		65		17		0	
6	0		192		154		97		41		0	
7	0		182		170		116		64		0	
8	0		181		131		70		33		0	
9	0		170		126		71		26		0	
10	0		158		104		66		58		0	
11	0		137		98		63		35		0	
12	0		187		153		106		63		0	
13	0		210		191		121		70		0	
14	0		113		91		65		21		0	
15	0		251		174		103		65		0	
16	0		190		144		108		44		0	
17	0		132		94		41		25		0	
18	0		182		143		98		79		0	
19	0		136		103		81		20		0	
20	0		108		91		65		45		0	
21	0		146		99		93		40		0	
22	0		147		104		82		32		0	
23	0		171		116		94		54		0	
24	0		161		96		71		49		0	
25	0		101		76		58		15		0	
26	0		200		140		86		47		0	
27	0		152		122		66		11		0	
28	0		194		149		94		44		0	
29	0		140		113		54		20		0	
30	0		204		147		93		58		0	
31	0		151		119		58		32		0	
32	0		161		104		74		33		0	
33	0		176		119		62		22		0	
34	0		184		148		90		50		0	
35	0		106		65		34		20		0	
36	0		103		98		62		37		0	
37	0		95		84		36		34		0	
38	0		157		148		120		65		0	
39	0		194		127		83		38		0	
40	0		141		111		73		58		0	
41	0		124		87		51		25		0	
42	0		151		116		110		65		0	
43	0		178		130		89		42		0	
44	0		206		170		115		53		0	
45	0		140		108		81		42		0	
46	0		198		149		91		42		0	
47	0		195		137		99		30		0	
48	0		144		103		97		52		0	
49	0		139		122		89		26		0	
50	0		175		149		88		36		0	
Store2
1	0		137		118		80		29		0	
2	0		161		111		88		37		0	
3	0		174		121		75		39		0	
4	0		147		115		83		23		0	
5	0		143		99		73		42		0	
6	0		155		118		60		55		0	
7	0		155		118		97		43		0	
8	0		139		83		46		26		0	
9	0		165		119		90		46		0	
10	0		146		134		86		33		0	
11	0		158		79		49		37		0	
12	0		141		110		59		34		0	
13	0		152		119		68		52		0	
14	0		221		147		107		66		0	
15	0		124		103		75		38		0	
16	0		162		112		96		58		0	
17	0		141		97		60		20		0	
18	0		194		148		82		53		0	
19	0		127		85		55		10		0	
20	0		159		124		78		28		0	
21	0		135		93		84		10		0	
22	0		237		175		142		65		0	
23	0		179		118		69		22		0	
24	0		136		112		83		52		0	
25	0		134		80		51		26		0	
26	0		143		107		48		37		0	
27	0		102		85		49		1		0	
28	0		146		92		77		39		0	
29	0		195		145		95		46		0	
30	0		134		90		66		19		0	
31	0		180		146		87		41		0	
32	0		143		132		82		28		0	
33	0		140		116		62		23		0	
34	0		130		94		49		39		0	
35	0		207		151		124		66		0	
36	0		148		100		74		43		0	
37	0		125		67		46		3		0	
38	0		84		59		19		17		0	
39	0		161		116		63		44		0	
40	0		174		164		124		51		0	
41	0		179		130		117		44		0	
42	0		135		96		64		15		0	
43	0		146		117		86		44		0	
44	0		177		138		93		32		0	
45	0		132		100		61		33		0	
46	0		152		92		54		35		0	
47	0		204		160		101		71		0	
48	0		105		37		35		23		0	
49	0		134		98		75		56		0	
50	0		142		87		64		25		0	
Store3
1	35		0		215		157		95		35	
2	33		0		167		133		92		33	
3	45		0		172		129		91		45	
4	27		0		165		110		74		27	
5	46		0		132		99		86		46	
6	23		0		109		87		48		23	
7	36		0		100		73		68		36	
8	60		0		198		165		138		60	
9	36		0		135		98		67		36	
10	60		0		146		112		81		60	
11	64		0		183		146		93		64	
12	22		0		165		133		64		22	
13	45		0		206		146		86		45	
14	40		0		133		98		59		40	
15	41		0		174		121		68		41	
16	49		0		184		125		70		49	
17	11		0		191		147		63		11	
18	35		0		215		165		104		35	
19	60		0		188		143		103		60	
20	45		0		223		140		98		45	
21	52		0		252		185		119		52	
22	26		0		168		128		74		26	
23	42		0		213		148		98		42	
24	82		0		219		179		136		82	
25	18		0		149		121		66		18	
26	29		0		132		82		48		29	
27	59		0		164		134		102		59	
28	55		0		191		141		94		55	
29	64		0		152		114		91		64	
30	35		0		130		77		41		35	
31	44		0		136		90		67		44	
32	46		0		140		118		61		46	
33	61		0		186		147		104		61	
34	21		0		122		85		40		21	
35	48		0		120		93		80		48	
36	44		0		226		162		86		44	
37	13		0		164		121		80		13	
38	47		0		152		114		86		47	
39	67		0		217		166		111		67	
40	62		0		176		120		69		62	
41	7		0		88		58		35		7	
42	20		0		147		111		67		20	
43	30		0		112		82		70		30	
44	29		0		155		102		51		29	
45	44		0		138		111		87		44	
46	38		0		153		130		91		38	
47	10		0		94		59		51		10	
48	25		0		102		50		38		25	
49	32		0		148		112		83		32	
50	16		0		120		69		59		16	
Store4
1	0		122		56		24		24		0	
2	0		153		117		73		29		0	
3	0		168		121		80		34		0	
4	0		94		63		61		23		0	
5	0		135		106		81		48		0	
6	0		113		84		51		25		0	
7	0		171		124		74		30		0	
8	0		188		148		92		33		0	
9	0		154		102		82		42		0	
10	0		170		130		108		54		0	
11	0		204		157		91		40		0	
12	0		128		101		66		32		0	
13	0		149		130		85		29		0	
14	0		197		146		100		39		0	
15	0		174		142		99		54		0	
16	0		105		78		44		26		0	
17	0		154		103		77		41		0	
18	0		149		132		75		42		0	
19	0		168		111		77		36		0	
20	0		142		116		59		20		0	
21	0		234		153		99		50		0	
22	0		133		87		72		41		0	
23	0		238		182		119		52		0	
24	0		198		170		124		69		0	
25	0		108		84		53		14		0	
26	0		141		114		88		45		0	
27	0		138		95		72		30		0	
28	0		118		85		50		24		0	
29	0		182		136		96		39		0	
30	0		118		101		53		12		0	
31	0		130		78		35		35		0	
32	0		136		105		79		41		0	
33	0		163		133		105		39		0	
34	0		136		129		56		19		0	
35	0		152		121		81		43		0	
36	0		88		70		70		31		0	
37	0		151		110		77		48		0	
38	0		174		113		60		33		0	
39	0		180		136		88		23		0	
40	0		185		161		103		36		0	
41	0		197		139		109		48		0	
42	0		128		98		71		18		0	
43	0		211		138		69		28		0	
44	0		127		98		68		29		0	
45	0		162		129		76		21		0	
46	0		194		163		117		50		0	
47	0		150		109		83		61		0	
48	0		164		125		94		11		0	
49	0		184		159		106		41		0	
50	0		224		184		132		99		0	
Store5
1	0		167		131		99		52		0	
2	0		214		175		116		59		0	
3	0		161		114		111		36		0	
4	0		196		149		126		48		0	
5	0		118		77		43		0		0	
6	0		161		128		93		38		0	
7	0		136		96		64		23		0	
8	0		123		97		51		22		0	
9	0		179		139		91		32		0	
10	0		135		131		71		36		0	
11	0		107		87		82		25		0	
12	0		174		116		51		23		0	
13	0		176		121		98		35		0	
14	0		175		136		85		29		0	
15	0		181		181		108		58		0	
16	0		174		109		68		49		0	
17	0		142		130		83		31		0	
18	0		135		100		72		27		0	
19	0		199		166		121		53		0	
20	0		100		63		63		32		0	
21	0		161		139		97		61		0	
22	0		117		93		76		36		0	
23	0		98		54		44		25		0	
24	0		154		123		84		32		0	
25	0		136		120		76		54		0	
26	0		165		112		67		40		0	
27	0		118		78		56		0		0	
28	0		118		112		63		36		0	
29	0		163		132		86		45		0	
30	0		227		169		113		80		0	
31	0		130		89		74		26		0	
32	0		164		96		77		15		0	
33	0		174		135		98		41		0	
34	0		120		101		88		57		0	
35	0		105		63		44		33		0	
36	0		149		117		60		32		0	
37	0		201		178		113		54		0	
38	0		153		130		66		25		0	
39	0		128		104		78		19		0	
40	0		154		122		78		39		0	
41	0		181		146		92		39		0	
42	0		176		147		88		57		0	
43	0		134		113		46		24		0	
44	0		105		87		66		35		0	
45	0		156		132		77		25		0	
46	0		168		113		88		45		0	
47	0		202		149		86		47		0	
48	0		121		81		47		40		0	
49	0		164		128		54		25		0	
50	0		163		106		67		31		0	
Store6
1	68		0		215		170		140		68	
2	54		0		199		141		100		54	
3	29		0		151		110		66		29	
4	45		0		195		148		98		45	
5	31		0		114		75		31		31	
6	43		0		159		111		63		43	
7	57		0		131		102		66		57	
8	39		0		127		90		55		39	
9	45		0		193		138		69		45	
10	53		0		189		131		107		53	
11	35		0		166		118		91		35	
12	26		0		111		89		54		26	
13	61		0		186		143		113		61	
14	39		0		154		127		86		39	
15	33		0		156		105		95		33	
16	25		0		142		103		63		25	
17	69		0		206		158		118		69	
18	39		0		155		97		63		39	
19	51		0		97		84		80		51	
20	51		0		145		113		83		51	
21	53		0		218		188		109		53	
22	55		0		154		124		78		55	
23	36		0		132		91		62		36	
24	26		0		144		114		74		26	
25	37		0		151		130		66		37	
26	25		0		162		116		69		25	
27	79		0		146		113		87		79	
28	61		0		166		137		99		61	
29	30		0		112		72		61		30	
30	25		0		153		130		69		25	
31	50		0		187		134		89		50	
32	9		0		90		65		40		9	
33	45		0		192		165		95		45	
34	20		0		83		46		30		20	
35	26		0		182		128		77		26	
36	51		0		161		111		79		51	
37	63		0		139		89		80		63	
38	38		0		141		124		85		38	
39	25		0		179		113		80		25	
40	51		0		175		129		79		51	
41	33		0		154		138		108		33	
42	42		0		174		140		82		42	
43	17		0		110		69		50		17	
44	25		0		118		74		31		25	
45	63		0		172		129		92		63	
46	34		0		118		66		61		34	
47	26		0		141		99		63		26	
48	28		0		175		138		73		28	
49	25		0		142		104		54		25	
50	35		0		142		99		41		35	
Store7
1	31		0		145		83		51		31	
2	29		0		154		117		47		29	
3	45		0		152		101		83		45	
4	48		0		140		104		76		48	
5	32		0		131		85		56		32	
6	26		0		152		110		58		26	
7	52		0		211		163		109		52	
8	41		0		185		117		67		41	
9	29		0		180		110		61		29	
10	52		0		156		140		88		52	
11	54		0		151		98		77		54	
12	47		0		173		124		98		47	
13	68		0		201		162		114		68	
14	0		0		101		63		37		0	
15	27		0		169		152		72		27	
16	19		0		160		88		69		19	
17	60		0		204		151		127		60	
18	45		0		170		120		75		45	
19	58		0		197		147		115		58	
20	65		0		165		131		94		65	
21	38		0		211		171		98		38	
22	62		0		194		170		99		62	
23	25		0		143		106		51		25	
24	35		0		103		72		36		35	
25	49		0		184		141		99		49	
26	63		0		193		135		87		63	
27	28		0		128		82		58		28	
28	61		0		131		97		61		61	
29	43		0		142		111		95		43	
30	14		0		172		102		46		14	
31	31		0		157		128		81		31	
32	47		0		173		156		93		47	
33	28		0		137		115		70		28	
34	7		0		120		90		51		7	
35	23		0		133		89		47		23	
36	40		0		159		109		84		40	
37	57		0		170		138		89		57	
38	21		0		124		118		59		21	
39	59		0		139		102		72		59	
40	42		0		143		114		74		42	
41	35		0		159		116		77		35	
42	31		0		168		150		81		31	
43	12		0		106		85		37		12	
44	62		0		175		146		104		62	
45	20		0		157		118		77		20	
46	43		0		214		151		104		43	
47	35		0		201		138		89		35	
48	45		0		180		125		81		45	
49	62		0		169		108		69		62	
50	51		0		195		156		106		51	
Store8
1	0		170		112		77		44		0	
2	0		124		72		72		37		0	
3	0		149		143		100		36		0	
4	0		148		114		69		42		0	
5	0		196		158		100		57		0	
6	0		161		145		107		54		0	
7	0		194		167		103		44		0	
8	0		223		155		99		64		0	
9	0		164		112		77		29		0	
10	0		156		116		72		34		0	
11	0		170		123		87		39		0	
12	0		191		140		89		55		0	
13	0		198		145		100		50		0	
14	0		189		159		96		46		0	
15	0		176		125		101		56		0	
16	0		168		144		125		79		0	
17	0		191		129		76		21		0	
18	0		116		71		62		44		0	
19	0		121		97		79		38		0	
20	0		142		120		76		27		0	
21	0		141		119		67		23		0	
22	0		167		108		79		42		0	
23	0		205		176		99		27		0	
24	0		150		115		71		34		0	
25	0		187		144		94		37		0	
26	0		174		115		73		48		0	
27	0		189		145		105		22		0	
28	0		157		132		82		31		0	
29	0		117		98		77		24		0	
30	0		114		103		64		12		0	
31	0		188		140		117		53		0	
32	0		160		116		71		49		0	
33	0		115		95		48		24		0	
34	0		142		92		50		37		0	
35	0		154		106		90		54		0	
36	0		162		141		103		61		0	
37	0		201		157		104		46		0	
38	0		160		99		68		47		0	
39	0		190		130		90		38		0	
40	0		149		115		70		36		0	
41	0		160		120		74		45		0	
42	0		142		80		72		17		0	
43	0		95		56		19		19		0	
44	0		183		129		94		65		0	
45	0		211		163		110		50		0	
46	0		133		129		86		54		0	
47	0		125		97		62		32		0	
48	0		126		91		78		51		0	
49	0		205		182		115		54		0	
50	0		134		114		74		20		0	
Store9
1	0		181		161		87		35		0	
2	0		209		136		118		60		0	
3	0		156		128		71		37		0	
4	0		214		146		106		41		0	
5	0		142		114		64		25		0	
6	0		160		116		63		27		0	
7	0		92		66		54		17		0	
8	0		139		104		59		22		0	
9	0		177		138		81		18		0	
10	0		195		149		108		54		0	
11	0		217		173		127		75		0	
12	0		156		121		70		26		0	
13	0		121		92		66		24		0	
14	0		141		105		63		30		0	
15	0		161		126		75		46		0	
16	0		178		166		80		56		0	
17	0		154		125		66		23		0	
18	0		168		126		102		60		0	
19	0		202		139		84		25		0	
20	0		153		96		67		45		0	
21	0		177		125		100		53		0	
22	0		125		90		90		53		0	
23	0		82		49		46		29		0	
24	0		218		175		107		78		0	
25	0		198		157		89		55		0	
26	0		136		94		38		34		0	
27	0		145		121		76		20		0	
28	0		190		143		108		35		0	
29	0		133		92		73		34		0	
30	0		174		129		86		33		0	
31	0		153		114		71		24		0	
32	0		212		177		107		48		0	
33	0		142		121		80		57		0	
34	0		110		69		47		30		0	
35	0		245		157		102		72		0	
36	0		75		32		18		14		0	
37	0		99		76		65		44		0	
38	0		154		101		60		30		0	
39	0		212		157		94		50		0	
40	0		173		99		55		29		0	
41	0		150		107		95		27		0	
42	0		134		108		51		24		0	
43	0		152		84		84		35		0	
44	0		146		93		64		38		0	
45	0		165		106		71		34		0	
46	0		119		119		99		57		0	
47	0		164		118		69		30		0	
48	0		151		97		50		45		0	
49	0		160		113		63		25		0	
50	0		146		96		49		28		0	
Store10
1	0		179		132		85		31		0	
2	0		164		112		81		33		0	
3	0		177		133		62		17		0	
4	0		147		116		78		27		0	
5	0		195		151		75		37		0	
6	0		210		166		103		33		0	
7	0		202		179		110		56		0	
8	0		134		99		51		28		0	
9	0		193		135		91		26		0	
10	0		197		144		70		31		0	
11	0		185		132		75		36		0	
12	0		182		137		87		54		0	
13	0		179		117		64		47		0	
14	0		105		86		20		0		0	
15	0		188		129		75		36		0	
16	0		126		61		27		27		0	
17	0		180		147		106		63		0	
18	0		222		169		94		62		0	
19	0		148		129		83		32		0	
20	0		160		126		94		55		0	
21	0		166		107		49		24		0	
22	0		210		155		104		49		0	
23	0		135		104		67		36		0	
24	0		207		165		107		52		0	
25	0		152		110		85		41		0	
26	0		154		106		72		48		0	
27	0		132		121		82		11		0	
28	0		168		132		102		55		0	
29	0		166		139		89		67		0	
30	0		96		77		67		40		0	
31	0		122		88		48		33		0	
32	0		151		109		50		24		0	
33	0		193		165		104		72		0	
34	0		169		120		83		48		0	
35	0		163		99		92		49		0	
36	0		174		133		87		31		0	
37	0		156		107		57		34		0	
38	0		103		65		34		27		0	
39	0		170		127		97		55		0	
40	0		97		77		52		27		0	
41	0		160		131		101		60		0	
42	0		112		96		66		23		0	
43	0		109		74		60		23		0	
44	0		149		102		57		53		0	
45	0		160		119		85		40		0	
46	0		134		92		69		44		0	
47	0		208		128		87		50		0	
48	0		171		115		70		31		0	
49	0		155		103		82		26		0	
50	0		114		70		59		44		0	


Shipments from Vendor to Warehouse (V T):
0	0	0	0	0.9132853	
0.7651174	0.3814873	0	0	0	
1.261543	0	0	0	0	

Shipments from Warehouse to Stores (S T):
1	1	0.337704
1	5	0.3409166
2	1	0.3219254
2	5	0.30827
3	2	0.3463786
3	5	0.3388933
4	1	0.3326981
4	5	0.3394667
5	1	0.3199821
5	5	0.33538
6	2	0.3203374
6	5	0.34769
7	2	0.3405053
7	5	0.3521134
8	1	0.337778
8	5	0.3606267
9	1	0.3287026
9	5	0.3548833
10	1	0.3354214
10	5	0.3631133


Required Putaway workers (Sol T):
3	2	2	3	2	

No of required pickers (T):
9	4	0	0	13	

No of part-time putaway workers (T):
1	0	0	1	0	

No of part-time pickers (T):
0	0	0	0	4	

Best Putaway Technology: 2400
Best Picking Technology: 1000

Required Fashion Putaway Hours:
0	9.08125	11.93542	20.77083	0	

Required Basic Putaway Hours:
23.87	3.88	0	0	13.81125	

Required Total Putaway Hours:
23.87	12.96125	11.93542	20.77083	13.81125	

No of required fashion pick hours:
0	0	0	0	100.29	

No of required basic pick hours:
69.713	30.034	0	0	0	

No of required total pick hours:
69.713	30.034	0	0	100.29	

List of all the costs: 
MHECost		444
PutawayTechCost		3540
PickingTechCost		9130
WhBasicInvCost		648.5898
BasicInbCost		8495.223
WhFashionInvCost		1725.25
FashionInbCost		5483.696
PutawayCost		3680
StoreBasicInvCost		9846.299
StoreFashionInvCost		5014.5
OutboundCost		19007.72
PickingCost		15360
Total		82375.27

List of Top5 Technologies: 
Tech1		4	6	$ 83271.75
Tech2		2	6	$ 84328.48
Tech3		3	6	$ 84552.88
Tech4		3	2	$ 121817.3
Tech5		3	1	$ 164586.3
The start time is 12/21/2014 3:26:16 PM
The End time is 12/21/2014 3:27:34 PM
