Printing New Fashion Solution:

Inbound Fashion Solution (V F T):
1	1	3	2285
1	2	1	2135
1	3	1	2050
1	4	1	1970
1	5	3	1790
1	6	1	1715
1	7	3	2300
1	8	1	2225
1	9	1	2380
1	10	1	2195
1	11	3	1660
1	12	3	2080
1	13	3	2250
1	14	1	1455
1	15	3	2345
1	16	3	2035
1	17	3	2245
1	18	1	1830
1	19	1	2265
1	20	1	1995
1	21	3	1665
1	22	3	1205
1	23	1	1835
1	24	3	2205
1	25	1	2325
2	26	4	2290
2	27	4	2160
2	28	4	2050
2	29	4	1955
2	30	4	2110
2	31	4	1860
2	32	4	1670
2	33	4	1985
2	34	4	1850
2	35	4	1585
2	36	4	2235
2	37	4	2055
2	38	4	2145
2	39	4	1780
2	40	4	2100
2	41	4	1785
2	42	4	2135
2	43	4	1860
2	44	4	2140
2	45	4	1710
2	46	4	1780
2	47	4	1965
2	48	4	2065
2	49	4	2360
2	50	4	2220


Outbound Fashion Solution(S F T):
1	1	5	290
1	2	5	125
1	3	5	300
1	4	5	360
1	5	5	195
1	6	5	75
1	7	5	125
1	8	5	300
1	9	5	270
1	10	5	285
1	11	5	130
1	12	5	220
1	13	5	345
1	14	5	120
1	15	5	200
1	16	5	145
1	17	5	230
1	18	5	155
1	19	5	230
1	20	5	235
1	21	5	250
1	22	5	35
1	23	5	220
1	24	5	325
1	25	5	145
1	26	5	275
1	27	5	210
1	28	5	125
1	29	5	205
1	30	5	130
1	31	5	185
1	32	5	110
1	33	5	110
1	34	5	110
1	35	5	170
1	36	5	245
1	37	5	425
1	38	5	250
1	39	5	240
1	40	5	155
1	41	5	310
1	42	5	50
1	43	5	250
1	44	5	240
1	45	5	220
1	46	5	105
1	47	5	345
1	48	5	270
1	49	5	205
1	50	5	290
2	1	5	210
2	2	5	120
2	3	5	165
2	4	5	190
2	5	5	200
2	6	5	170
2	7	5	255
2	8	5	160
2	9	5	155
2	10	5	190
2	11	5	90
2	12	5	150
2	13	5	325
2	14	5	115
2	15	5	195
2	16	5	235
2	17	5	125
2	18	5	140
2	19	5	345
2	20	5	150
2	21	5	150
2	23	5	200
2	24	5	60
2	25	5	230
2	26	5	235
2	27	5	215
2	28	5	340
2	29	5	210
2	30	5	370
2	31	5	90
2	32	5	230
2	33	5	300
2	34	5	205
2	35	5	110
2	36	5	165
2	37	5	100
2	38	5	220
2	39	5	200
2	40	5	75
2	41	5	205
2	42	5	235
2	43	5	220
2	44	5	240
2	45	5	75
2	46	5	165
2	47	5	290
2	48	5	215
2	49	5	225
2	50	5	175
3	1	5	275
3	2	5	280
3	3	5	225
3	4	5	175
3	5	5	50
3	6	5	165
3	7	5	265
3	8	5	205
3	9	5	265
3	10	5	225
3	11	5	180
3	12	5	340
3	13	5	235
3	14	5	260
3	15	5	255
3	16	5	250
3	17	5	200
3	18	5	225
3	19	5	190
3	20	5	230
3	21	5	160
3	22	5	105
3	23	5	125
3	24	5	150
3	25	5	150
3	26	5	250
3	27	5	140
3	28	5	235
3	29	5	125
3	30	5	135
3	31	5	150
3	32	5	105
3	33	5	190
3	34	5	215
3	35	5	105
3	36	5	180
3	37	5	135
3	38	5	310
3	39	5	155
3	40	5	215
3	41	5	45
3	42	5	250
3	43	5	195
3	44	5	160
3	45	5	225
3	46	5	155
3	47	5	180
3	48	5	205
3	49	5	205
3	50	5	235
4	1	5	185
4	2	5	260
4	3	5	40
4	4	5	55
4	5	5	90
4	6	5	315
4	7	5	300
4	8	5	295
4	9	5	350
4	10	5	280
4	11	5	125
4	12	5	65
4	13	5	215
4	14	5	115
4	15	5	85
4	16	5	195
4	17	5	55
4	18	5	210
4	19	5	270
4	20	5	95
4	21	5	130
4	22	5	155
4	23	5	205
4	24	5	140
4	25	5	215
4	26	5	255
4	27	5	390
4	28	5	210
4	29	5	220
4	30	5	225
4	31	5	90
4	32	5	160
4	33	5	140
4	34	5	110
4	35	5	205
4	36	5	285
4	37	5	275
4	38	5	335
4	39	5	45
4	40	5	260
4	41	5	240
4	42	5	140
4	43	5	220
4	44	5	120
4	45	5	180
4	46	5	285
4	47	5	145
4	48	5	150
4	49	5	110
4	50	5	325
5	1	5	240
5	2	5	290
5	3	5	265
5	4	5	270
5	5	5	190
5	6	5	130
5	7	5	245
5	8	5	60
5	9	5	265
5	10	5	170
5	11	5	20
5	12	5	240
5	13	5	215
5	14	5	120
5	15	5	350
5	16	5	175
5	17	5	130
5	18	5	135
5	19	5	190
5	20	5	250
5	21	5	250
5	22	5	145
5	23	5	60
5	24	5	300
5	25	5	310
5	26	5	130
5	27	5	170
5	28	5	80
5	29	5	180
5	30	5	315
5	31	5	260
5	32	5	350
5	33	5	190
5	34	5	265
5	35	5	170
5	36	5	160
5	37	5	145
5	38	5	140
5	39	5	240
5	40	5	90
5	41	5	115
5	42	5	250
5	43	5	160
5	44	5	235
5	45	5	215
5	46	5	160
5	47	5	295
5	48	5	100
5	49	5	245
5	50	5	115
6	1	5	150
6	2	5	265
6	3	5	255
6	4	5	115
6	5	5	75
6	6	5	115
6	7	5	20
6	8	5	290
6	9	5	160
6	10	5	150
6	11	5	230
6	12	5	310
6	13	5	170
6	14	5	220
6	15	5	175
6	16	5	285
6	17	5	275
6	18	5	190
6	19	5	295
6	20	5	150
6	21	5	175
6	22	5	110
6	23	5	200
6	24	5	240
6	25	5	230
6	26	5	355
6	27	5	275
6	28	5	270
6	29	5	195
6	30	5	270
6	31	5	295
6	32	5	85
6	33	5	200
6	34	5	200
6	35	5	155
6	36	5	180
6	37	5	205
6	38	5	95
6	39	5	305
6	40	5	240
6	41	5	175
6	42	5	80
6	43	5	125
6	44	5	150
6	45	5	175
6	46	5	235
6	47	5	185
6	48	5	285
6	49	5	205
6	50	5	300
7	1	5	240
7	2	5	165
7	3	5	285
7	4	5	205
7	5	5	225
7	6	5	250
7	7	5	360
7	8	5	210
7	9	5	255
7	10	5	225
7	11	5	205
7	12	5	145
7	13	5	160
7	14	5	235
7	15	5	310
7	16	5	170
7	17	5	355
7	18	5	120
7	19	5	195
7	20	5	150
7	21	5	80
7	22	5	135
7	23	5	135
7	24	5	390
7	25	5	335
7	26	5	75
7	27	5	205
7	28	5	65
7	29	5	465
7	30	5	180
7	31	5	130
7	32	5	225
7	33	5	285
7	34	5	95
7	35	5	100
7	36	5	195
7	37	5	120
7	38	5	175
7	39	5	210
7	40	5	195
7	41	5	170
7	42	5	180
7	43	5	240
7	44	5	335
7	45	5	185
7	46	5	195
7	47	5	85
7	48	5	125
7	49	5	300
7	50	5	160
8	1	5	275
8	2	5	150
8	3	5	320
8	4	5	240
8	5	5	410
8	6	5	155
8	7	5	250
8	8	5	280
8	9	5	285
8	10	5	210
8	12	5	170
8	13	5	170
8	14	5	50
8	15	5	240
8	16	5	275
8	17	5	225
8	18	5	255
8	19	5	235
8	20	5	285
8	21	5	165
8	22	5	210
8	23	5	250
8	24	5	175
8	25	5	230
8	26	5	230
8	27	5	110
8	28	5	185
8	29	5	175
8	30	5	250
8	31	5	310
8	32	5	260
8	33	5	135
8	34	5	180
8	35	5	155
8	36	5	255
8	37	5	180
8	38	5	215
8	39	5	195
8	40	5	250
8	41	5	205
8	42	5	370
8	44	5	230
8	45	5	205
8	46	5	135
8	47	5	90
8	48	5	165
8	49	5	250
8	50	5	295
9	1	5	135
9	2	5	275
9	4	5	210
9	5	5	180
9	6	5	115
9	7	5	210
9	8	5	180
9	9	5	135
9	10	5	265
9	11	5	240
9	12	5	230
9	13	5	250
9	14	5	155
9	15	5	200
9	16	5	245
9	17	5	200
9	18	5	205
9	19	5	145
9	20	5	180
9	21	5	210
9	22	5	205
9	23	5	200
9	24	5	205
9	25	5	305
9	26	5	215
9	27	5	130
9	28	5	230
9	29	5	75
9	30	5	55
9	31	5	250
9	32	5	140
9	33	5	120
9	34	5	300
9	35	5	190
9	36	5	255
9	37	5	295
9	38	5	195
9	39	5	100
9	40	5	300
9	41	5	235
9	42	5	310
9	43	5	210
9	44	5	225
9	45	5	60
9	46	5	230
9	47	5	170
9	48	5	255
9	49	5	290
9	50	5	175
10	1	5	285
10	2	5	205
10	3	5	195
10	4	5	150
10	5	5	175
10	6	5	225
10	7	5	270
10	8	5	245
10	9	5	240
10	10	5	195
10	11	5	440
10	12	5	210
10	13	5	165
10	14	5	65
10	15	5	335
10	16	5	60
10	17	5	450
10	18	5	195
10	19	5	170
10	20	5	270
10	21	5	95
10	22	5	105
10	23	5	240
10	24	5	220
10	25	5	175
10	26	5	270
10	27	5	315
10	28	5	310
10	29	5	105
10	30	5	180
10	31	5	100
10	32	5	5
10	33	5	315
10	34	5	170
10	35	5	225
10	36	5	315
10	37	5	175
10	38	5	210
10	39	5	90
10	40	5	320
10	41	5	85
10	42	5	270
10	43	5	240
10	44	5	205
10	45	5	170
10	46	5	115
10	47	5	180
10	48	5	295
10	49	5	325
10	50	5	150


Warehouse Fashion Inventory (W F T):
1	0		0		2285		2285		0	
2	2135		2135		2135		2135		0	
3	2050		2050		2050		2050		0	
4	1970		1970		1970		1970		0	
5	0		0		1790		1790		0	
6	1715		1715		1715		1715		0	
7	0		0		2300		2300		0	
8	2225		2225		2225		2225		0	
9	2380		2380		2380		2380		0	
10	2195		2195		2195		2195		0	
11	0		0		1660		1660		0	
12	0		0		2080		2080		0	
13	0		0		2250		2250		0	
14	1455		1455		1455		1455		0	
15	0		0		2345		2345		0	
16	0		0		2035		2035		0	
17	0		0		2245		2245		0	
18	1830		1830		1830		1830		0	
19	2265		2265		2265		2265		0	
20	1995		1995		1995		1995		0	
21	0		0		1665		1665		0	
22	0		0		1205		1205		0	
23	1835		1835		1835		1835		0	
24	0		0		2205		2205		0	
25	2325		2325		2325		2325		0	
26	0		0		0		2290		0	
27	0		0		0		2160		0	
28	0		0		0		2050		0	
29	0		0		0		1955		0	
30	0		0		0		2110		0	
31	0		0		0		1860		0	
32	0		0		0		1670		0	
33	0		0		0		1985		0	
34	0		0		0		1850		0	
35	0		0		0		1585		0	
36	0		0		0		2235		0	
37	0		0		0		2055		0	
38	0		0		0		2145		0	
39	0		0		0		1780		0	
40	0		0		0		2100		0	
41	0		0		0		1785		0	
42	0		0		0		2135		0	
43	0		0		0		1860		0	
44	0		0		0		2140		0	
45	0		0		0		1710		0	
46	0		0		0		1780		0	
47	0		0		0		1965		0	
48	0		0		0		2065		0	
49	0		0		0		2360		0	
50	0		0		0		2220		0	

Store Fashion Inventory (S F T):
Store1
1	0		0		0		290	
2	0		0		0		125	
3	0		0		0		300	
4	0		0		0		360	
5	0		0		0		195	
6	0		0		0		75	
7	0		0		0		125	
8	0		0		0		300	
9	0		0		0		270	
10	0		0		0		285	
11	0		0		0		130	
12	0		0		0		220	
13	0		0		0		345	
14	0		0		0		120	
15	0		0		0		200	
16	0		0		0		145	
17	0		0		0		230	
18	0		0		0		155	
19	0		0		0		230	
20	0		0		0		235	
21	0		0		0		250	
22	0		0		0		35	
23	0		0		0		220	
24	0		0		0		325	
25	0		0		0		145	
26	0		0		0		275	
27	0		0		0		210	
28	0		0		0		125	
29	0		0		0		205	
30	0		0		0		130	
31	0		0		0		185	
32	0		0		0		110	
33	0		0		0		110	
34	0		0		0		110	
35	0		0		0		170	
36	0		0		0		245	
37	0		0		0		425	
38	0		0		0		250	
39	0		0		0		240	
40	0		0		0		155	
41	0		0		0		310	
42	0		0		0		50	
43	0		0		0		250	
44	0		0		0		240	
45	0		0		0		220	
46	0		0		0		105	
47	0		0		0		345	
48	0		0		0		270	
49	0		0		0		205	
50	0		0		0		290	
Store2
1	0		0		0		210	
2	0		0		0		120	
3	0		0		0		165	
4	0		0		0		190	
5	0		0		0		200	
6	0		0		0		170	
7	0		0		0		255	
8	0		0		0		160	
9	0		0		0		155	
10	0		0		0		190	
11	0		0		0		90	
12	0		0		0		150	
13	0		0		0		325	
14	0		0		0		115	
15	0		0		0		195	
16	0		0		0		235	
17	0		0		0		125	
18	0		0		0		140	
19	0		0		0		345	
20	0		0		0		150	
21	0		0		0		150	
22	0		0		0		0	
23	0		0		0		200	
24	0		0		0		60	
25	0		0		0		230	
26	0		0		0		235	
27	0		0		0		215	
28	0		0		0		340	
29	0		0		0		210	
30	0		0		0		370	
31	0		0		0		90	
32	0		0		0		230	
33	0		0		0		300	
34	0		0		0		205	
35	0		0		0		110	
36	0		0		0		165	
37	0		0		0		100	
38	0		0		0		220	
39	0		0		0		200	
40	0		0		0		75	
41	0		0		0		205	
42	0		0		0		235	
43	0		0		0		220	
44	0		0		0		240	
45	0		0		0		75	
46	0		0		0		165	
47	0		0		0		290	
48	0		0		0		215	
49	0		0		0		225	
50	0		0		0		175	
Store3
1	0		0		0		275	
2	0		0		0		280	
3	0		0		0		225	
4	0		0		0		175	
5	0		0		0		50	
6	0		0		0		165	
7	0		0		0		265	
8	0		0		0		205	
9	0		0		0		265	
10	0		0		0		225	
11	0		0		0		180	
12	0		0		0		340	
13	0		0		0		235	
14	0		0		0		260	
15	0		0		0		255	
16	0		0		0		250	
17	0		0		0		200	
18	0		0		0		225	
19	0		0		0		190	
20	0		0		0		230	
21	0		0		0		160	
22	0		0		0		105	
23	0		0		0		125	
24	0		0		0		150	
25	0		0		0		150	
26	0		0		0		250	
27	0		0		0		140	
28	0		0		0		235	
29	0		0		0		125	
30	0		0		0		135	
31	0		0		0		150	
32	0		0		0		105	
33	0		0		0		190	
34	0		0		0		215	
35	0		0		0		105	
36	0		0		0		180	
37	0		0		0		135	
38	0		0		0		310	
39	0		0		0		155	
40	0		0		0		215	
41	0		0		0		45	
42	0		0		0		250	
43	0		0		0		195	
44	0		0		0		160	
45	0		0		0		225	
46	0		0		0		155	
47	0		0		0		180	
48	0		0		0		205	
49	0		0		0		205	
50	0		0		0		235	
Store4
1	0		0		0		185	
2	0		0		0		260	
3	0		0		0		40	
4	0		0		0		55	
5	0		0		0		90	
6	0		0		0		315	
7	0		0		0		300	
8	0		0		0		295	
9	0		0		0		350	
10	0		0		0		280	
11	0		0		0		125	
12	0		0		0		65	
13	0		0		0		215	
14	0		0		0		115	
15	0		0		0		85	
16	0		0		0		195	
17	0		0		0		55	
18	0		0		0		210	
19	0		0		0		270	
20	0		0		0		95	
21	0		0		0		130	
22	0		0		0		155	
23	0		0		0		205	
24	0		0		0		140	
25	0		0		0		215	
26	0		0		0		255	
27	0		0		0		390	
28	0		0		0		210	
29	0		0		0		220	
30	0		0		0		225	
31	0		0		0		90	
32	0		0		0		160	
33	0		0		0		140	
34	0		0		0		110	
35	0		0		0		205	
36	0		0		0		285	
37	0		0		0		275	
38	0		0		0		335	
39	0		0		0		45	
40	0		0		0		260	
41	0		0		0		240	
42	0		0		0		140	
43	0		0		0		220	
44	0		0		0		120	
45	0		0		0		180	
46	0		0		0		285	
47	0		0		0		145	
48	0		0		0		150	
49	0		0		0		110	
50	0		0		0		325	
Store5
1	0		0		0		240	
2	0		0		0		290	
3	0		0		0		265	
4	0		0		0		270	
5	0		0		0		190	
6	0		0		0		130	
7	0		0		0		245	
8	0		0		0		60	
9	0		0		0		265	
10	0		0		0		170	
11	0		0		0		20	
12	0		0		0		240	
13	0		0		0		215	
14	0		0		0		120	
15	0		0		0		350	
16	0		0		0		175	
17	0		0		0		130	
18	0		0		0		135	
19	0		0		0		190	
20	0		0		0		250	
21	0		0		0		250	
22	0		0		0		145	
23	0		0		0		60	
24	0		0		0		300	
25	0		0		0		310	
26	0		0		0		130	
27	0		0		0		170	
28	0		0		0		80	
29	0		0		0		180	
30	0		0		0		315	
31	0		0		0		260	
32	0		0		0		350	
33	0		0		0		190	
34	0		0		0		265	
35	0		0		0		170	
36	0		0		0		160	
37	0		0		0		145	
38	0		0		0		140	
39	0		0		0		240	
40	0		0		0		90	
41	0		0		0		115	
42	0		0		0		250	
43	0		0		0		160	
44	0		0		0		235	
45	0		0		0		215	
46	0		0		0		160	
47	0		0		0		295	
48	0		0		0		100	
49	0		0		0		245	
50	0		0		0		115	
Store6
1	0		0		0		150	
2	0		0		0		265	
3	0		0		0		255	
4	0		0		0		115	
5	0		0		0		75	
6	0		0		0		115	
7	0		0		0		20	
8	0		0		0		290	
9	0		0		0		160	
10	0		0		0		150	
11	0		0		0		230	
12	0		0		0		310	
13	0		0		0		170	
14	0		0		0		220	
15	0		0		0		175	
16	0		0		0		285	
17	0		0		0		275	
18	0		0		0		190	
19	0		0		0		295	
20	0		0		0		150	
21	0		0		0		175	
22	0		0		0		110	
23	0		0		0		200	
24	0		0		0		240	
25	0		0		0		230	
26	0		0		0		355	
27	0		0		0		275	
28	0		0		0		270	
29	0		0		0		195	
30	0		0		0		270	
31	0		0		0		295	
32	0		0		0		85	
33	0		0		0		200	
34	0		0		0		200	
35	0		0		0		155	
36	0		0		0		180	
37	0		0		0		205	
38	0		0		0		95	
39	0		0		0		305	
40	0		0		0		240	
41	0		0		0		175	
42	0		0		0		80	
43	0		0		0		125	
44	0		0		0		150	
45	0		0		0		175	
46	0		0		0		235	
47	0		0		0		185	
48	0		0		0		285	
49	0		0		0		205	
50	0		0		0		300	
Store7
1	0		0		0		240	
2	0		0		0		165	
3	0		0		0		285	
4	0		0		0		205	
5	0		0		0		225	
6	0		0		0		250	
7	0		0		0		360	
8	0		0		0		210	
9	0		0		0		255	
10	0		0		0		225	
11	0		0		0		205	
12	0		0		0		145	
13	0		0		0		160	
14	0		0		0		235	
15	0		0		0		310	
16	0		0		0		170	
17	0		0		0		355	
18	0		0		0		120	
19	0		0		0		195	
20	0		0		0		150	
21	0		0		0		80	
22	0		0		0		135	
23	0		0		0		135	
24	0		0		0		390	
25	0		0		0		335	
26	0		0		0		75	
27	0		0		0		205	
28	0		0		0		65	
29	0		0		0		465	
30	0		0		0		180	
31	0		0		0		130	
32	0		0		0		225	
33	0		0		0		285	
34	0		0		0		95	
35	0		0		0		100	
36	0		0		0		195	
37	0		0		0		120	
38	0		0		0		175	
39	0		0		0		210	
40	0		0		0		195	
41	0		0		0		170	
42	0		0		0		180	
43	0		0		0		240	
44	0		0		0		335	
45	0		0		0		185	
46	0		0		0		195	
47	0		0		0		85	
48	0		0		0		125	
49	0		0		0		300	
50	0		0		0		160	
Store8
1	0		0		0		275	
2	0		0		0		150	
3	0		0		0		320	
4	0		0		0		240	
5	0		0		0		410	
6	0		0		0		155	
7	0		0		0		250	
8	0		0		0		280	
9	0		0		0		285	
10	0		0		0		210	
11	0		0		0		0	
12	0		0		0		170	
13	0		0		0		170	
14	0		0		0		50	
15	0		0		0		240	
16	0		0		0		275	
17	0		0		0		225	
18	0		0		0		255	
19	0		0		0		235	
20	0		0		0		285	
21	0		0		0		165	
22	0		0		0		210	
23	0		0		0		250	
24	0		0		0		175	
25	0		0		0		230	
26	0		0		0		230	
27	0		0		0		110	
28	0		0		0		185	
29	0		0		0		175	
30	0		0		0		250	
31	0		0		0		310	
32	0		0		0		260	
33	0		0		0		135	
34	0		0		0		180	
35	0		0		0		155	
36	0		0		0		255	
37	0		0		0		180	
38	0		0		0		215	
39	0		0		0		195	
40	0		0		0		250	
41	0		0		0		205	
42	0		0		0		370	
43	0		0		0		0	
44	0		0		0		230	
45	0		0		0		205	
46	0		0		0		135	
47	0		0		0		90	
48	0		0		0		165	
49	0		0		0		250	
50	0		0		0		295	
Store9
1	0		0		0		135	
2	0		0		0		275	
3	0		0		0		0	
4	0		0		0		210	
5	0		0		0		180	
6	0		0		0		115	
7	0		0		0		210	
8	0		0		0		180	
9	0		0		0		135	
10	0		0		0		265	
11	0		0		0		240	
12	0		0		0		230	
13	0		0		0		250	
14	0		0		0		155	
15	0		0		0		200	
16	0		0		0		245	
17	0		0		0		200	
18	0		0		0		205	
19	0		0		0		145	
20	0		0		0		180	
21	0		0		0		210	
22	0		0		0		205	
23	0		0		0		200	
24	0		0		0		205	
25	0		0		0		305	
26	0		0		0		215	
27	0		0		0		130	
28	0		0		0		230	
29	0		0		0		75	
30	0		0		0		55	
31	0		0		0		250	
32	0		0		0		140	
33	0		0		0		120	
34	0		0		0		300	
35	0		0		0		190	
36	0		0		0		255	
37	0		0		0		295	
38	0		0		0		195	
39	0		0		0		100	
40	0		0		0		300	
41	0		0		0		235	
42	0		0		0		310	
43	0		0		0		210	
44	0		0		0		225	
45	0		0		0		60	
46	0		0		0		230	
47	0		0		0		170	
48	0		0		0		255	
49	0		0		0		290	
50	0		0		0		175	
Store10
1	0		0		0		285	
2	0		0		0		205	
3	0		0		0		195	
4	0		0		0		150	
5	0		0		0		175	
6	0		0		0		225	
7	0		0		0		270	
8	0		0		0		245	
9	0		0		0		240	
10	0		0		0		195	
11	0		0		0		440	
12	0		0		0		210	
13	0		0		0		165	
14	0		0		0		65	
15	0		0		0		335	
16	0		0		0		60	
17	0		0		0		450	
18	0		0		0		195	
19	0		0		0		170	
20	0		0		0		270	
21	0		0		0		95	
22	0		0		0		105	
23	0		0		0		240	
24	0		0		0		220	
25	0		0		0		175	
26	0		0		0		270	
27	0		0		0		315	
28	0		0		0		310	
29	0		0		0		105	
30	0		0		0		180	
31	0		0		0		100	
32	0		0		0		5	
33	0		0		0		315	
34	0		0		0		170	
35	0		0		0		225	
36	0		0		0		315	
37	0		0		0		175	
38	0		0		0		210	
39	0		0		0		90	
40	0		0		0		320	
41	0		0		0		85	
42	0		0		0		270	
43	0		0		0		240	
44	0		0		0		205	
45	0		0		0		170	
46	0		0		0		115	
47	0		0		0		180	
48	0		0		0		295	
49	0		0		0		325	
50	0		0		0		150	


Fashion Shipments from Vendor to Warehouse (V T):
0.6940367	0	0.9411533	0	
0	0	0	1.806164	

Printing New Basic Solution:

Inbound Solution (V P T):
1	1	3	2119
1	2	3	2082
1	3	3	2093
1	4	3	2090
1	5	3	1927
1	6	3	1996
1	7	3	2140
1	8	3	2082
1	9	3	2155
1	10	3	2145
1	11	3	2062
1	12	3	1980
1	13	3	2193
1	14	3	1872
1	15	3	2174
1	16	3	2037
2	17	1	1028
2	17	2	1029
2	18	1	808
2	18	2	1212
2	19	1	584
2	19	2	1364
2	20	1	566
2	20	2	1321
2	21	1	1129
2	21	2	1129
2	22	1	1869
2	22	2	208
2	23	1	1765
2	23	2	197
2	24	2	2122
2	25	1	766
2	25	2	1151
2	26	1	202
2	26	2	1818
2	27	1	1662
2	27	2	185
2	28	1	378
2	28	2	1516
2	29	1	774
2	29	2	1163
2	30	1	183
2	30	2	1655
2	31	2	1987
2	32	1	571
2	32	2	1335
3	33	1	1635
3	33	2	409
3	34	1	1595
3	34	2	178
3	35	1	784
3	35	2	1177
3	36	1	558
3	36	2	1304
3	37	1	195
3	37	2	1764
3	38	1	919
3	38	2	920
3	39	1	1231
3	39	2	822
3	40	1	750
3	40	2	1127
3	41	1	780
3	41	2	1170
3	42	1	738
3	42	2	1109
3	43	1	537
3	43	2	1256
3	44	1	987
3	44	2	988
3	45	1	1453
3	45	2	624
3	46	1	1389
3	46	2	596
3	47	1	425
3	47	2	1704
3	48	1	961
3	48	2	961
3	49	1	387
3	49	2	1549
3	50	1	776
3	50	2	1165


Outbound Solution(S P T):
1	1	3	229
1	2	3	124
1	3	3	220
1	4	3	253
1	5	3	164
1	6	3	245
1	7	3	257
1	8	3	218
1	9	3	205
1	10	3	184
1	11	3	165
1	12	3	263
1	13	3	242
1	14	3	149
1	15	3	292
1	16	3	190
1	17	3	173
1	18	3	224
1	19	3	166
1	20	3	141
1	21	3	164
1	22	3	178
1	23	3	185
1	24	3	174
1	25	3	151
1	26	3	273
1	27	3	179
1	28	3	227
1	29	3	174
1	30	3	223
1	31	3	199
1	32	3	187
1	33	3	236
1	34	3	235
1	35	3	161
1	36	3	165
1	37	3	135
1	38	3	216
1	39	3	217
1	40	3	201
1	41	3	151
1	42	3	181
1	43	3	220
1	44	3	249
1	45	3	176
1	46	3	212
1	47	3	262
1	48	3	186
1	49	3	174
1	50	3	216
2	1	1	174
2	2	1	242
2	3	1	217
2	4	1	178
2	5	1	198
2	6	1	193
2	7	1	206
2	8	1	199
2	9	1	204
2	10	1	222
2	11	1	204
2	12	1	205
2	13	1	217
2	14	1	250
2	15	1	172
2	16	1	227
2	17	1	191
2	18	1	234
2	19	1	170
2	20	1	202
2	21	1	173
2	22	1	279
2	23	1	211
2	24	1	170
2	25	1	168
2	26	1	179
2	27	1	134
2	28	1	161
2	29	1	215
2	30	1	162
2	31	1	238
2	32	1	190
2	33	1	158
2	34	1	209
2	35	1	237
2	36	1	182
2	37	1	183
2	38	1	98
2	39	1	179
2	40	1	216
2	41	1	240
2	42	1	157
2	43	1	200
2	44	1	214
2	45	1	189
2	46	1	200
2	47	1	248
2	48	1	175
2	49	1	176
2	50	1	187
3	1	3	257
3	2	3	195
3	3	3	217
3	4	3	218
3	5	3	211
3	6	3	156
3	7	3	159
3	8	3	225
3	9	3	174
3	10	3	195
3	11	3	215
3	12	3	201
3	13	3	248
3	14	3	199
3	15	3	225
3	16	3	228
3	17	3	237
3	18	3	249
3	19	3	197
3	20	3	228
3	21	3	286
3	22	3	218
3	23	3	244
3	24	3	277
3	25	3	175
3	26	3	197
3	27	3	216
3	28	3	229
3	29	3	185
3	30	3	183
3	31	3	186
3	32	3	211
3	33	3	210
3	34	3	157
3	35	3	146
3	36	3	270
3	37	3	207
3	38	3	187
3	39	3	258
3	40	3	190
3	41	3	147
3	42	3	198
3	43	3	185
3	44	3	225
3	45	3	167
3	46	3	199
3	47	3	148
3	48	3	168
3	49	3	188
3	50	3	148
4	1	3	179
4	2	3	201
4	3	3	231
4	4	3	132
4	5	3	170
4	6	3	167
4	7	3	221
4	8	3	251
4	9	3	208
4	10	3	210
4	11	3	223
4	12	3	153
4	13	3	190
4	14	3	257
4	15	3	221
4	16	3	184
4	17	3	206
4	18	3	162
4	19	3	185
4	20	3	205
4	21	3	257
4	22	3	182
4	23	3	275
4	24	3	249
4	25	3	141
4	26	3	184
4	27	3	190
4	28	3	131
4	29	3	218
4	30	3	154
4	31	3	188
4	32	3	173
4	33	3	195
4	34	3	182
4	35	3	185
4	36	3	137
4	37	3	196
4	38	3	243
4	39	3	206
4	40	3	211
4	41	3	214
4	42	3	167
4	43	3	232
4	44	3	171
4	45	3	213
4	46	3	228
4	47	3	183
4	48	3	216
4	49	3	227
4	50	3	232
5	1	3	230
5	2	3	248
5	3	3	205
5	4	3	223
5	5	3	169
5	6	3	191
5	7	3	182
5	8	3	164
5	9	3	219
5	10	3	200
5	11	3	172
5	12	3	185
5	13	3	217
5	14	3	199
5	15	3	227
5	16	3	220
5	17	3	195
5	18	3	135
5	19	3	240
5	20	3	147
5	21	3	208
5	22	3	169
5	23	3	151
5	24	3	198
5	25	3	189
5	26	3	189
5	27	3	171
5	28	3	154
5	29	3	209
5	30	3	264
5	31	3	200
5	32	3	182
5	33	3	213
5	34	3	159
5	35	3	146
5	36	3	198
5	37	3	220
5	38	3	203
5	39	3	133
5	40	3	196
5	41	3	203
5	42	3	208
5	43	3	196
5	44	3	157
5	45	3	205
5	46	3	206
5	47	3	237
5	48	3	159
5	49	3	220
5	50	3	224
6	1	3	215
6	2	3	235
6	3	3	186
6	4	3	221
6	5	3	175
6	6	3	229
6	7	3	193
6	8	3	192
6	9	3	228
6	10	3	266
6	11	3	186
6	12	3	144
6	13	3	208
6	14	3	192
6	15	3	191
6	16	3	166
6	17	3	236
6	18	3	193
6	19	3	134
6	20	3	201
6	21	3	249
6	22	3	194
6	23	3	181
6	24	3	207
6	25	3	184
6	26	3	219
6	27	3	185
6	28	3	209
6	29	3	180
6	30	3	178
6	31	3	230
6	32	3	144
6	33	3	236
6	34	3	139
6	35	3	235
6	36	3	186
6	37	3	191
6	38	3	188
6	39	3	203
6	40	3	207
6	41	3	204
6	42	3	210
6	43	3	131
6	44	3	149
6	45	3	220
6	46	3	160
6	47	3	184
6	48	3	210
6	49	3	152
6	50	3	172
7	1	3	170
7	2	3	209
7	3	3	212
7	4	3	182
7	5	3	184
7	6	3	196
7	7	3	249
7	8	3	193
7	9	3	257
7	10	3	191
7	11	3	156
7	12	3	183
7	13	3	254
7	14	3	151
7	15	3	192
7	16	3	193
7	17	3	204
7	18	3	192
7	19	3	251
7	20	3	212
7	21	3	266
7	22	3	238
7	23	3	164
7	24	3	160
7	25	3	235
7	26	3	243
7	27	3	194
7	28	3	137
7	29	3	201
7	30	3	206
7	31	3	167
7	32	3	211
7	33	3	207
7	34	3	154
7	35	3	171
7	36	3	180
7	37	3	221
7	38	3	157
7	39	3	184
7	40	3	148
7	41	3	200
7	42	3	196
7	43	3	152
7	44	3	214
7	45	3	209
7	46	3	260
7	47	3	245
7	48	3	226
7	49	3	237
7	50	3	253
8	1	3	193
8	2	3	152
8	3	3	214
8	4	3	210
8	5	3	246
8	6	3	164
8	7	3	248
8	8	3	256
8	9	3	206
8	10	3	167
8	11	3	218
8	12	3	243
8	13	3	237
8	14	3	193
8	15	3	218
8	16	3	229
8	17	3	217
8	18	3	145
8	19	3	155
8	20	3	179
8	21	3	218
8	22	3	207
8	23	3	269
8	24	3	179
8	25	3	221
8	26	3	193
8	27	3	225
8	28	3	206
8	29	3	151
8	30	3	126
8	31	3	218
8	32	3	200
8	33	3	163
8	34	3	171
8	35	3	189
8	36	3	217
8	37	3	268
8	38	3	227
8	39	3	227
8	40	3	190
8	41	3	195
8	42	3	199
8	43	3	147
8	44	3	214
8	45	3	252
8	46	3	180
8	47	3	181
8	48	3	143
8	49	3	205
8	50	3	154
9	1	1	237
9	2	1	273
9	3	1	156
9	4	1	286
9	5	1	178
9	6	1	192
9	7	1	165
9	8	1	181
9	9	1	229
9	10	1	250
9	11	1	271
9	12	1	183
9	13	1	174
9	14	1	159
9	15	1	219
9	16	1	235
9	17	1	185
9	18	1	207
9	19	1	249
9	20	1	183
9	21	1	233
9	22	1	174
9	23	1	131
9	24	1	233
9	25	1	256
9	26	1	158
9	27	1	189
9	28	1	227
9	29	1	181
9	30	1	196
9	31	1	178
9	32	1	232
9	33	1	196
9	34	1	164
9	35	1	280
9	36	1	105
9	37	1	128
9	38	1	194
9	39	1	242
9	40	1	200
9	41	1	203
9	42	1	187
9	43	1	197
9	44	1	188
9	45	1	230
9	46	1	178
9	47	1	188
9	48	1	209
9	49	1	160
9	50	1	207
10	1	1	235
10	2	1	203
10	3	1	235
10	4	1	187
10	5	1	232
10	6	1	263
10	7	1	260
10	8	1	203
10	9	1	225
10	10	1	260
10	11	1	252
10	12	1	220
10	13	1	206
10	14	1	123
10	15	1	217
10	16	1	165
10	17	1	213
10	18	1	279
10	19	1	201
10	20	1	189
10	21	1	204
10	22	1	238
10	23	1	151
10	24	1	275
10	25	1	197
10	26	1	185
10	27	1	164
10	28	1	213
10	29	1	223
10	30	1	146
10	31	1	183
10	32	1	176
10	33	1	230
10	34	1	203
10	35	1	211
10	36	1	222
10	37	1	210
10	38	1	126
10	39	1	204
10	40	1	118
10	41	1	193
10	42	1	144
10	43	1	133
10	44	1	194
10	45	1	216
10	46	1	162
10	47	1	253
10	48	1	230
10	49	1	197
10	50	1	148


Warehouse Inventory (W P T):
1	646		0		0		646		646		646	
2	718		0		0		718		718		718	
3	608		0		0		608		608		608	
4	651		0		0		651		651		651	
5	608		0		0		608		608		608	
6	648		0		0		648		648		648	
7	631		0		0		631		631		631	
8	583		0		0		583		583		583	
9	658		0		0		658		658		658	
10	732		0		0		732		732		732	
11	727		0		0		727		727		727	
12	608		0		0		608		608		608	
13	597		0		0		597		597		597	
14	532		0		0		532		532		532	
15	608		0		0		608		608		608	
16	627		0		0		627		627		627	
17	0		439		1468		0		0		0	
18	0		88		1300		0		0		0	
19	36		0		1364		36		36		36	
20	8		0		1321		8		8		8	
21	0		519		1648		0		0		0	
22	0		1178		1386		0		0		0	
23	0		1272		1469		0		0		0	
24	678		0		2122		678		678		678	
25	0		145		1296		0		0		0	
26	320		0		1818		320		320		320	
27	0		1175		1360		0		0		0	
28	223		0		1516		223		223		223	
29	0		155		1318		0		0		0	
30	321		0		1655		321		321		321	
31	599		0		1987		599		599		599	
32	27		0		1335		27		27		27	
33	0		1051		1460		0		0		0	
34	0		1019		1197		0		0		0	
35	0		56		1233		0		0		0	
36	0		49		1353		0		0		0	
37	326		0		1764		326		326		326	
38	0		501		1421		0		0		0	
39	0		606		1428		0		0		0	
40	0		216		1343		0		0		0	
41	0		144		1314		0		0		0	
42	0		250		1359		0		0		0	
43	0		7		1263		0		0		0	
44	0		391		1379		0		0		0	
45	0		818		1442		0		0		0	
46	0		849		1445		0		0		0	
47	264		0		1704		264		264		264	
48	0		347		1308		0		0		0	
49	146		0		1549		146		146		146	
50	0		234		1399		0		0		0	

Store Inventory (S P T):
Store1
1	79		21		0		194		131		79	
2	51		18		0		86		63		51	
3	106		53		0		190		160		106	
4	83		40		0		203		150		83	
5	61		40		0		126		78		61	
6	91		38		0		188		132		91	
7	87		12		0		203		151		87	
8	87		50		0		157		120		87	
9	79		44		0		150		105		79	
10	80		54		0		146		138		80	
11	67		39		0		130		102		67	
12	110		34		0		216		173		110	
13	51		19		0		172		121		51	
14	58		22		0		123		79		58	
15	118		77		0		221		183		118	
16	46		46		0		154		90		46	
17	79		38		0		120		104		79	
18	81		39		0		179		160		81	
19	63		33		0		144		83		63	
20	50		17		0		115		95		50	
21	65		47		0		158		105		65	
22	74		43		0		156		106		74	
23	69		55		0		163		123		69	
24	78		65		0		149		127		78	
25	75		25		0		133		90		75	
26	133		60		0		219		180		133	
27	57		30		0		123		68		57	
28	78		45		0		172		122		78	
29	61		27		0		115		81		61	
30	76		57		0		169		134		76	
31	80		32		0		138		112		80	
32	83		57		0		157		116		83	
33	117		57		0		179		139		117	
34	87		36		0		177		137		87	
35	96		41		0		130		116		96	
36	67		5		0		129		104		67	
37	51		11		0		87		85		51	
38	68		9		0		188		133		68	
39	90		67		0		173		128		90	
40	90		30		0		163		148		90	
41	64		37		0		115		89		64	
42	65		35		0		175		130		65	
43	90		48		0		179		132		90	
44	79		36		0		194		132		79	
45	68		32		0		149		110		68	
46	63		49		0		154		105		63	
47	125		58		0		224		155		125	
48	83		41		0		180		135		83	
49	52		17		0		141		78		52	
50	67		26		0		155		103		67	
Store2
1	0		137		118		80		29		0	
2	0		161		111		88		37		0	
3	0		174		121		75		39		0	
4	0		147		115		83		23		0	
5	0		143		99		73		42		0	
6	0		155		118		60		55		0	
7	0		155		118		97		43		0	
8	0		139		83		46		26		0	
9	0		165		119		90		46		0	
10	0		146		134		86		33		0	
11	0		158		79		49		37		0	
12	0		141		110		59		34		0	
13	0		152		119		68		52		0	
14	0		221		147		107		66		0	
15	0		124		103		75		38		0	
16	0		162		112		96		58		0	
17	0		141		97		60		20		0	
18	0		194		148		82		53		0	
19	0		127		85		55		10		0	
20	0		159		124		78		28		0	
21	0		135		93		84		10		0	
22	0		237		175		142		65		0	
23	0		179		118		69		22		0	
24	0		136		112		83		52		0	
25	0		134		80		51		26		0	
26	0		143		107		48		37		0	
27	0		102		85		49		1		0	
28	0		146		92		77		39		0	
29	0		195		145		95		46		0	
30	0		134		90		66		19		0	
31	0		180		146		87		41		0	
32	0		143		132		82		28		0	
33	0		140		116		62		23		0	
34	0		130		94		49		39		0	
35	0		207		151		124		66		0	
36	0		148		100		74		43		0	
37	0		125		67		46		3		0	
38	0		84		59		19		17		0	
39	0		161		116		63		44		0	
40	0		174		164		124		51		0	
41	0		179		130		117		44		0	
42	0		135		96		64		15		0	
43	0		146		117		86		44		0	
44	0		177		138		93		32		0	
45	0		132		100		61		33		0	
46	0		152		92		54		35		0	
47	0		204		160		101		71		0	
48	0		105		37		35		23		0	
49	0		134		98		75		56		0	
50	0		142		87		64		25		0	
Store3
1	77		42		0		199		137		77	
2	61		28		0		161		120		61	
3	90		45		0		174		136		90	
4	80		53		0		163		127		80	
5	125		79		0		178		165		125	
6	70		47		0		134		95		70	
7	95		59		0		132		127		95	
8	87		27		0		192		165		87	
9	75		39		0		137		106		75	
10	109		49		0		161		130		109	
11	96		32		0		178		125		96	
12	58		36		0		169		100		58	
13	87		42		0		188		128		87	
14	106		66		0		164		125		106	
15	92		51		0		172		119		92	
16	93		44		0		169		114		93	
17	57		46		0		193		109		57	
18	69		34		0		199		138		69	
19	69		9		0		152		112		69	
20	50		5		0		145		103		50	
21	86		34		0		219		153		86	
22	76		50		0		178		124		76	
23	73		31		0		179		129		73	
24	140		58		0		237		194		140	
25	44		26		0		147		92		44	
26	94		65		0		147		113		94	
27	111		52		0		186		154		111	
28	93		38		0		179		132		93	
29	97		33		0		147		124		97	
30	88		53		0		130		94		88	
31	94		50		0		140		117		94	
32	117		71		0		189		132		117	
33	85		24		0		171		128		85	
34	56		35		0		120		75		56	
35	74		26		0		119		106		74	
36	88		44		0		206		130		88	
37	56		43		0		164		123		56	
38	82		35		0		149		121		82	
39	108		41		0		207		152		108	
40	76		14		0		134		83		76	
41	66		59		0		117		94		66	
42	71		51		0		162		118		71	
43	103		73		0		155		143		103	
44	99		70		0		172		121		99	
45	73		29		0		140		116		73	
46	84		46		0		176		137		84	
47	64		54		0		113		105		64	
48	91		66		0		116		104		91	
49	72		40		0		152		123		72	
50	44		28		0		97		87		44	
Store4
1	123		66		0		147		147		123	
2	84		36		0		157		113		84	
3	110		47		0		190		144		110	
4	69		31		0		130		92		69	
5	64		29		0		145		112		64	
6	83		29		0		134		108		83	
7	97		47		0		171		127		97	
8	103		40		0		195		136		103	
9	106		52		0		188		148		106	
10	80		40		0		188		134		80	
11	66		47		0		157		106		66	
12	52		27		0		118		84		52	
13	60		19		0		145		89		60	
14	111		51		0		211		150		111	
15	79		32		0		178		133		79	
16	106		27		0		150		132		106	
17	103		51		0		180		144		103	
18	30		17		0		105		72		30	
19	74		57		0		151		110		74	
20	89		26		0		148		109		89	
21	104		81		0		203		154		104	
22	95		46		0		167		136		95	
23	93		56		0		212		145		93	
24	79		28		0		203		148		79	
25	57		24		0		110		71		57	
26	70		27		0		158		115		70	
27	95		43		0		167		125		95	
28	46		33		0		96		70		46	
29	82		46		0		178		121		82	
30	53		17		0		106		65		53	
31	110		52		0		145		145		110	
32	68		31		0		147		109		68	
33	62		30		0		167		101		62	
34	53		7		0		109		72		53	
35	64		31		0		145		107		64	
36	67		18		0		137		98		67	
37	86		41		0		163		134		86	
38	130		61		0		190		163		130	
39	70		44		0		158		93		70	
40	50		24		0		153		86		50	
41	75		58		0		184		123		75	
42	69		30		0		140		87		69	
43	94		73		0		163		122		94	
44	73		29		0		141		102		73	
45	84		33		0		160		105		84	
46	65		31		0		182		115		65	
47	74		41		0		157		135		74	
48	91		39		0		185		102		91	
49	68		25		0		174		109		68	
50	48		40		0		180		147		48	
Store5
1	99		36		0		198		151		99	
2	73		39		0		189		132		73	
3	91		47		0		202		127		91	
4	74		47		0		200		122		74	
5	92		41		0		135		92		92	
6	63		33		0		156		101		63	
7	86		40		0		150		109		86	
8	67		26		0		118		89		67	
9	80		40		0		171		112		80	
10	69		4		0		140		105		69	
11	85		20		0		167		110		85	
12	69		58		0		120		92		69	
13	96		55		0		194		131		96	
14	63		39		0		148		92		63	
15	46		0		0		154		104		46	
16	111		65		0		179		160		111	
17	65		12		0		148		96		65	
18	35		35		0		107		62		35	
19	74		33		0		195		127		74	
20	84		37		0		147		116		84	
21	69		22		0		166		130		69	
22	76		24		0		152		112		76	
23	97		44		0		141		122		97	
24	75		31		0		159		107		75	
25	69		16		0		145		123		69	
26	77		53		0		144		117		77	
27	93		40		0		149		93		93	
28	42		6		0		105		78		42	
29	77		31		0		163		122		77	
30	95		58		0		208		175		95	
31	111		41		0		185		137		111	
32	86		68		0		163		101		86	
33	78		39		0		176		119		78	
34	58		19		0		146		115		58	
35	83		42		0		127		116		83	
36	81		32		0		141		113		81	
37	42		23		0		155		96		42	
38	73		23		0		139		98		73	
39	29		24		0		107		48		29	
40	74		32		0		152		113		74	
41	57		35		0		149		96		57	
42	61		29		0		149		118		61	
43	83		21		0		129		107		83	
44	70		18		0		136		105		70	
45	73		24		0		150		98		73	
46	93		55		0		181		138		93	
47	88		53		0		174		135		88	
48	78		40		0		125		118		78	
49	92		36		0		146		117		92	
50	118		57		0		185		149		118	
Store6
1	68		0		0		170		140		68	
2	90		36		0		177		136		90	
3	64		35		0		145		101		64	
4	71		26		0		174		124		71	
5	92		61		0		136		92		92	
6	113		70		0		181		133		113	
7	119		62		0		164		128		119	
8	104		65		0		155		120		104	
9	80		35		0		173		104		80	
10	130		77		0		208		184		130	
11	55		20		0		138		111		55	
12	59		33		0		122		87		59	
13	83		22		0		165		135		83	
14	77		38		0		165		124		77	
15	68		35		0		140		130		68	
16	49		24		0		127		87		49	
17	99		30		0		188		148		99	
18	77		38		0		135		101		77	
19	88		37		0		121		117		88	
20	107		56		0		169		139		107	
21	84		31		0		219		140		84	
22	95		40		0		164		118		95	
23	85		49		0		140		111		85	
24	89		63		0		177		137		89	
25	70		33		0		163		99		70	
26	82		57		0		173		126		82	
27	118		39		0		152		126		118	
28	104		43		0		180		142		104	
29	98		68		0		140		129		98	
30	50		25		0		155		94		50	
31	93		43		0		177		132		93	
32	63		54		0		119		94		63	
33	89		44		0		209		139		89	
34	76		56		0		102		86		76	
35	79		53		0		181		130		79	
36	76		25		0		136		104		76	
37	115		52		0		141		132		115	
38	85		47		0		171		132		85	
39	49		24		0		137		104		49	
40	83		32		0		161		111		83	
41	83		50		0		188		158		83	
42	78		36		0		176		118		78	
43	38		21		0		90		71		38	
44	56		31		0		105		62		56	
45	111		48		0		177		140		111	
46	76		42		0		108		103		76	
47	69		43		0		142		106		69	
48	63		35		0		173		108		63	
49	35		10		0		114		64		35	
50	65		30		0		129		71		65	
Store7
1	56		25		0		108		76		56	
2	84		55		0		172		102		84	
3	105		60		0		161		143		105	
4	90		42		0		146		118		90	
5	85		53		0		138		109		85	
6	70		44		0		154		102		70	
7	90		38		0		201		147		90	
8	49		8		0		125		75		49	
9	106		77		0		187		138		106	
10	87		35		0		175		123		87	
11	59		5		0		103		82		59	
12	57		10		0		134		108		57	
13	121		53		0		215		167		121	
14	50		50		0		113		87		50	
15	50		23		0		175		95		50	
16	52		33		0		121		102		52	
17	60		0		0		151		127		60	
18	67		22		0		142		97		67	
19	112		54		0		201		169		112	
20	112		47		0		178		141		112	
21	93		55		0		226		153		93	
22	106		44		0		214		143		106	
23	46		21		0		127		72		46	
24	92		57		0		129		93		92	
25	100		51		0		192		150		100	
26	113		50		0		185		137		113	
27	94		66		0		148		124		94	
28	67		6		0		103		67		67	
29	102		59		0		170		154		102	
30	48		34		0		136		80		48	
31	41		10		0		138		91		41	
32	85		38		0		194		131		85	
33	98		70		0		185		140		98	
34	41		34		0		124		85		41	
35	61		38		0		127		85		61	
36	61		21		0		130		105		61	
37	108		51		0		189		140		108	
38	54		33		0		151		92		54	
39	104		45		0		147		117		104	
40	47		5		0		119		79		47	
41	76		41		0		157		118		76	
42	59		28		0		178		109		59	
43	58		46		0		131		83		58	
44	101		39		0		185		143		101	
45	72		52		0		170		129		72	
46	89		46		0		197		150		89	
47	79		44		0		182		133		79	
48	91		46		0		171		127		91	
49	130		68		0		176		137		130	
50	109		58		0		214		164		109	
Store8
1	81		58		0		158		125		81	
2	80		52		0		152		117		80	
3	71		6		0		171		107		71	
4	96		34		0		165		138		96	
5	88		38		0		188		145		88	
6	19		16		0		126		73		19	
7	81		27		0		184		125		81	
8	101		68		0		200		165		101	
9	94		52		0		171		123		94	
10	51		40		0		123		85		51	
11	95		47		0		182		134		95	
12	103		51		0		192		158		103	
13	92		53		0		192		142		92	
14	34		30		0		130		80		34	
15	93		51		0		194		149		93	
16	85		24		0		210		164		85	
17	88		62		0		164		109		88	
18	74		45		0		136		118		74	
19	58		24		0		137		96		58	
20	59		22		0		135		86		59	
21	99		22		0		166		122		99	
22	99		59		0		178		141		99	
23	93		29		0		192		120		93	
24	64		35		0		135		98		64	
25	77		43		0		171		114		77	
26	78		59		0		151		126		78	
27	80		44		0		185		102		80	
28	74		25		0		156		105		74	
29	53		19		0		130		77		53	
30	23		11		0		87		35		23	
31	78		48		0		195		131		78	
32	84		44		0		155		133		84	
33	68		20		0		116		92		68	
34	79		50		0		129		116		79	
35	83		48		0		173		137		83	
36	76		21		0		179		137		76	
37	111		44		0		215		157		111	
38	128		61		0		196		175		128	
39	97		60		0		187		135		97	
40	75		34		0		145		111		75	
41	75		40		0		149		120		75	
42	119		62		0		191		136		119	
43	91		39		0		110		110		91	
44	85		54		0		179		150		85	
45	89		48		0		199		139		89	
46	51		4		0		137		105		51	
47	84		28		0		146		116		84	
48	52		35		0		130		103		52	
49	23		23		0		138		77		23	
50	40		20		0		114		60		40	
Store9
1	0		181		161		87		35		0	
2	0		209		136		118		60		0	
3	0		156		128		71		37		0	
4	0		214		146		106		41		0	
5	0		142		114		64		25		0	
6	0		160		116		63		27		0	
7	0		92		66		54		17		0	
8	0		139		104		59		22		0	
9	0		177		138		81		18		0	
10	0		195		149		108		54		0	
11	0		217		173		127		75		0	
12	0		156		121		70		26		0	
13	0		121		92		66		24		0	
14	0		141		105		63		30		0	
15	0		161		126		75		46		0	
16	0		178		166		80		56		0	
17	0		154		125		66		23		0	
18	0		168		126		102		60		0	
19	0		202		139		84		25		0	
20	0		153		96		67		45		0	
21	0		177		125		100		53		0	
22	0		125		90		90		53		0	
23	0		82		49		46		29		0	
24	0		218		175		107		78		0	
25	0		198		157		89		55		0	
26	0		136		94		38		34		0	
27	0		145		121		76		20		0	
28	0		190		143		108		35		0	
29	0		133		92		73		34		0	
30	0		174		129		86		33		0	
31	0		153		114		71		24		0	
32	0		212		177		107		48		0	
33	0		142		121		80		57		0	
34	0		110		69		47		30		0	
35	0		245		157		102		72		0	
36	0		75		32		18		14		0	
37	0		99		76		65		44		0	
38	0		154		101		60		30		0	
39	0		212		157		94		50		0	
40	0		173		99		55		29		0	
41	0		150		107		95		27		0	
42	0		134		108		51		24		0	
43	0		152		84		84		35		0	
44	0		146		93		64		38		0	
45	0		165		106		71		34		0	
46	0		119		119		99		57		0	
47	0		164		118		69		30		0	
48	0		151		97		50		45		0	
49	0		160		113		63		25		0	
50	0		146		96		49		28		0	
Store10
1	0		179		132		85		31		0	
2	0		164		112		81		33		0	
3	0		177		133		62		17		0	
4	0		147		116		78		27		0	
5	0		195		151		75		37		0	
6	0		210		166		103		33		0	
7	0		202		179		110		56		0	
8	0		134		99		51		28		0	
9	0		193		135		91		26		0	
10	0		197		144		70		31		0	
11	0		185		132		75		36		0	
12	0		182		137		87		54		0	
13	0		179		117		64		47		0	
14	0		105		86		20		0		0	
15	0		188		129		75		36		0	
16	0		126		61		27		27		0	
17	0		180		147		106		63		0	
18	0		222		169		94		62		0	
19	0		148		129		83		32		0	
20	0		160		126		94		55		0	
21	0		166		107		49		24		0	
22	0		210		155		104		49		0	
23	0		135		104		67		36		0	
24	0		207		165		107		52		0	
25	0		152		110		85		41		0	
26	0		154		106		72		48		0	
27	0		132		121		82		11		0	
28	0		168		132		102		55		0	
29	0		166		139		89		67		0	
30	0		96		77		67		40		0	
31	0		122		88		48		33		0	
32	0		151		109		50		24		0	
33	0		193		165		104		72		0	
34	0		169		120		83		48		0	
35	0		163		99		92		49		0	
36	0		174		133		87		31		0	
37	0		156		107		57		34		0	
38	0		103		65		34		27		0	
39	0		170		127		97		55		0	
40	0		97		77		52		27		0	
41	0		160		131		101		60		0	
42	0		112		96		66		23		0	
43	0		109		74		60		23		0	
44	0		149		102		57		53		0	
45	0		160		119		85		40		0	
46	0		134		92		69		44		0	
47	0		208		128		87		50		0	
48	0		171		115		70		31		0	
49	0		155		103		82		26		0	
50	0		114		70		59		44		0	


Shipments from Vendor to Warehouse (V T):
0	0	0.9132853	0	0	
0.456652	0.6899527	0	0	0	
0.5509373	0.7106053	0	0	0	

Shipments from Warehouse to Stores (S T):
1	3	0.337704
1	5	0.3409166
2	1	0.3219254
2	5	0.30827
3	3	0.3463786
3	5	0.3388933
4	3	0.3326981
4	5	0.3394667
5	3	0.3199821
5	5	0.33538
6	3	0.3203374
6	5	0.34769
7	3	0.3405053
7	5	0.3521134
8	3	0.337778
8	5	0.3606267
9	1	0.3287026
9	5	0.3548833
10	1	0.3354214
10	5	0.3631133


Required Putaway workers (Sol T):
3	2	3	3	0	

No of required pickers (T):
4	0	9	0	13	

No of part-time putaway workers (T):
1	0	1	1	0	

No of part-time pickers (T):
0	0	0	0	4	

Best Putaway Technology: 2400
Best Picking Technology: 1000

Required Fashion Putaway Hours:
10.98958	0	10.02708	20.77083	0	

Required Basic Putaway Hours:
11.82708	15.92292	13.81125	0	0	

Required Total Putaway Hours:
22.81667	15.92292	23.83833	20.77083	0	

No of required fashion pick hours:
0	0	0	0	100.29	

No of required basic pick hours:
30.006	0	69.741	0	0	

No of required total pick hours:
30.006	0	69.741	0	100.29	

List of all the costs: 
MHECost		481
PutawayTechCost		3540
PickingTechCost		9130
WhBasicInvCost		1006.231
BasicInbCost		8495.223
WhFashionInvCost		2034.8
FashionInbCost		5483.696
PutawayCost		3920
StoreBasicInvCost		9803.65
StoreFashionInvCost		5014.5
OutboundCost		19007.72
PickingCost		15360
Total		83276.82

List of Top5 Technologies: 
Tech1		3	6	$ 83276.82
Tech2		5	6	$ 97852.38
Tech3		5	5	$ 107166.1
Tech4		5	1	$ 168172.1
Tech5		1	1	$ 202123.4
The start time is 12/21/2014 3:26:16 PM
The End time is 12/21/2014 3:27:34 PM
