Printing New Fashion Solution:

Inbound Fashion Solution (V F T):
1	1	4	5245
1	2	2	5315
1	3	2	6675
1	4	4	5410
1	5	3	5225
1	6	3	4845
1	7	4	4520
1	8	3	5480
1	9	3	4455
1	10	3	4915


Outbound Fashion Solution(S F T):
1	1	5	1280
1	2	3	1450
1	3	3	1130
1	4	5	1380
1	5	5	730
1	6	4	1030
1	7	5	525
1	8	5	1190
1	9	5	1190
1	10	4	775
2	1	5	975
2	2	4	780
2	3	4	1375
2	4	5	1235
2	5	5	1390
2	6	4	1165
2	7	5	745
2	8	4	1120
2	9	5	565
2	10	5	1055
3	1	5	1290
3	2	4	800
3	3	3	1145
3	4	5	1415
3	5	4	1565
3	6	4	790
3	7	5	1295
3	8	4	1590
3	9	5	1425
3	10	4	1380
4	1	5	1160
4	2	4	790
4	3	4	1430
4	4	5	765
4	5	4	865
4	6	4	1115
4	7	5	980
4	8	4	1200
4	9	5	425
4	10	4	535
5	1	5	540
5	2	4	1495
5	3	4	1595
5	4	5	615
5	5	4	675
5	6	5	745
5	7	5	975
5	8	4	380
5	9	5	850
5	10	4	1170


Warehouse Fashion Inventory (W F T):
1	0		0		0		5245		0	
2	0		5315		3865		0		0	
3	0		6675		4400		0		0	
4	0		0		0		5410		0	
5	0		0		5225		2120		0	
6	0		0		4845		745		0	
7	0		0		0		4520		0	
8	0		0		5480		1190		0	
9	0		0		4455		4455		0	
10	0		0		4915		1055		0	

Store Fashion Inventory (S F T):
Store1
1	0		0		0		1280	
2	0		1450		1450		1450	
3	0		1130		1130		1130	
4	0		0		0		1380	
5	0		0		0		730	
6	0		0		1030		1030	
7	0		0		0		525	
8	0		0		0		1190	
9	0		0		0		1190	
10	0		0		775		775	
Store2
1	0		0		0		975	
2	0		0		780		780	
3	0		0		1375		1375	
4	0		0		0		1235	
5	0		0		0		1390	
6	0		0		1165		1165	
7	0		0		0		745	
8	0		0		1120		1120	
9	0		0		0		565	
10	0		0		0		1055	
Store3
1	0		0		0		1290	
2	0		0		800		800	
3	0		1145		1145		1145	
4	0		0		0		1415	
5	0		0		1565		1565	
6	0		0		790		790	
7	0		0		0		1295	
8	0		0		1590		1590	
9	0		0		0		1425	
10	0		0		1380		1380	
Store4
1	0		0		0		1160	
2	0		0		790		790	
3	0		0		1430		1430	
4	0		0		0		765	
5	0		0		865		865	
6	0		0		1115		1115	
7	0		0		0		980	
8	0		0		1200		1200	
9	0		0		0		425	
10	0		0		535		535	
Store5
1	0		0		0		540	
2	0		0		1495		1495	
3	0		0		1595		1595	
4	0		0		0		615	
5	0		0		675		675	
6	0		0		0		745	
7	0		0		0		975	
8	0		0		380		380	
9	0		0		0		850	
10	0		0		1170		1170	


Fashion Shipments from Vendor to Warehouse (V T):
0	0.5539267	0.9158633	0.7357833	

Printing New Basic Solution:

Inbound Solution (V P T):
1	1	1	1398
1	1	5	3672
1	2	1	499
1	2	5	4491
1	3	1	3987
1	3	5	1023
1	4	1	2646
1	4	5	2647
1	5	1	4001
1	5	5	740
1	6	1	3537
1	6	5	1546
1	7	1	4362
1	7	5	100
1	8	1	1810
1	8	5	3402
1	9	1	3058
1	9	5	2039
1	10	1	3308
1	10	5	1496


Outbound Solution(S P T):
1	1	3	632
1	1	5	236
1	2	3	895
1	2	5	125
1	3	3	755
1	3	5	271
1	4	3	781
1	4	5	210
1	5	3	497
1	5	5	146
1	6	3	877
1	6	5	141
1	7	3	862
1	7	5	97
1	8	3	1063
1	8	5	368
1	9	3	1127
1	9	5	284
1	10	3	827
1	10	5	205
2	1	1	1010
2	1	4	168
2	2	1	886
2	2	4	354
2	3	1	762
2	3	4	232
2	4	1	739
2	4	4	330
2	5	1	827
2	5	4	139
2	6	1	891
2	6	4	178
2	7	1	431
2	7	4	228
2	8	1	635
2	8	4	156
2	9	1	688
2	9	4	295
2	10	1	773
2	10	4	76
3	1	3	883
3	1	4	219
3	2	3	597
3	2	4	80
3	3	3	757
3	3	4	278
3	4	3	1015
3	4	4	190
3	5	3	798
3	5	4	189
3	6	3	911
3	6	4	275
3	7	3	991
3	7	4	292
3	8	3	544
3	8	4	217
3	9	3	723
3	9	4	161
3	10	3	695
3	10	4	246
4	1	1	890
4	2	1	938
4	3	1	887
4	4	1	1124
4	5	1	1183
4	6	1	1009
4	7	1	734
4	8	1	1014
4	9	1	786
4	10	1	867
5	1	2	1032
5	2	2	1115
5	3	2	1068
5	4	2	904
5	5	2	962
5	6	2	801
5	7	2	827
5	8	2	1215
5	9	2	1033
5	10	2	1115


Warehouse Inventory (W P T):
1	3436		2934		1902		387		0		3436	
2	4366		3041		1926		434		0		4366	
3	752		3090		2022		510		0		752	
4	2437		3220		2316		520		0		2437	
5	594		2585		1623		328		0		594	
6	1405		3042		2241		453		0		1405	
7	3		3200		2373		520		0		3	
8	3034		3195		1980		373		0		3034	
9	1755		3339		2306		456		0		1755	
10	1291		2959		1844		322		0		1291	

Store Inventory (S P T):
Store1
1	405		178		0		422		405		405	
2	509		343		0		735		509		509	
3	481		225		0		629		481		481	
4	361		263		0		563		361		361	
5	218		105		0		320		218		218	
6	337		80		0		573		337		337	
7	500		256		0		697		500		500	
8	651		412		0		708		651		651	
9	413		204		0		791		413		413	
10	425		183		0		792		425		425	
Store2
1	0		764		368		249		249		0	
2	0		696		499		200		200		0	
3	0		500		358		299		299		0	
4	0		537		448		323		323		0	
5	0		723		511		230		230		0	
6	0		745		379		153		153		0	
7	0		347		183		64		64		0	
8	0		475		420		225		225		0	
9	0		489		360		156		156		0	
10	0		685		380		106		106		0	
Store3
1	558		252		0		790		777		558	
2	310		120		0		423		390		310	
3	259		214		0		435		537		259	
4	538		454		0		799		728		538	
5	291		130		0		411		480		291	
6	547		277		0		772		822		547	
7	505		256		0		698		797		505	
8	287		151		0		364		504		287	
9	421		246		0		569		582		421	
10	349		250		0		524		595		349	
Store4
1	0		673		526		427		308		0	
2	0		806		616		289		97		0	
3	0		575		432		358		150		0	
4	0		926		808		567		341		0	
5	0		973		686		393		209		0	
6	0		837		613		409		189		0	
7	0		678		556		321		169		0	
8	0		725		523		351		133		0	
9	0		587		513		299		239		0	
10	0		623		477		152		80		0	
Store5
1	95		0		886		506		236		95	
2	228		0		806		729		378		228	
3	207		0		875		690		509		207	
4	14		0		713		363		225		14	
5	250		0		664		468		267		250	
6	192		0		627		439		253		192	
7	183		0		690		584		372		183	
8	192		0		1027		719		498		192	
9	397		0		875		875		603		397	
10	262		0		820		612		404		262	


Shipments from Vendor to Warehouse (V T):
0.98726	0	0	0	0.9334447	

Shipments from Warehouse to Stores (S T):
1	3	0.4609933
1	4	0.07525999
1	5	0.3326773
2	1	0.2851287
2	4	0.2748327
2	5	0.2689433
3	3	0.340366
3	4	0.328354
3	5	0.22024
4	1	0.3654827
4	4	0.25007
4	5	0.1534567
5	2	0.38825
5	4	0.2277233
5	5	0.1545


Required Putaway workers (Sol T):
3	2	3	2	3	

No of required pickers (T):
5	3	5	7	7	

No of part-time putaway workers (T):
1	0	1	0	1	

No of part-time pickers (T):
0	0	0	2	2	

Best Putaway Technology: 1200
Best Picking Technology: 500

Required Fashion Putaway Hours:
0	9.991667	20.76667	12.64583	0	

Required Basic Putaway Hours:
23.83833	0	0	0	17.63	

Required Total Putaway Hours:
23.83833	9.991667	20.76667	12.64583	17.63	

No of required fashion pick hours:
0	0	7.45	47.24	49.48	

No of required basic pick hours:
34.148	20.144	32.46	8.606	4.166	

No of required total pick hours:
34.148	20.144	39.91	55.846	53.646	

List of all the costs: 
MHECost		351
PutawayTechCost		1060
PickingTechCost		3195
WhBasicInvCost		745.14
BasicInbCost		3411.981
WhFashionInvCost		699.15
FashionInbCost		5075.82
PutawayCost		3920
StoreBasicInvCost		4386.75
StoreFashionInvCost		4157.75
OutboundCost		14682.9
PickingCost		8960
Total		50645.49

List of Top5 Technologies: 
Tech1		2	5	$ 50645.49
Tech2		2	6	$ 51527.68
Tech3		2	2	$ 76201.01
Tech4		2	1	$ 104283
Tech5		4	1	$ 107269.1
The start time is 12/17/2014 1:39:38 PM
The End time is 12/17/2014 1:39:42 PM
