Printing New Fashion Solution:

Inbound Fashion Solution (V F T):
1	1	2	5245
1	2	3	5315
1	3	4	6675
1	4	4	5410
1	5	3	5225
1	6	4	4845
1	7	2	4520
1	8	3	5480
1	9	3	4455
1	10	3	4915


Outbound Fashion Solution(S F T):
1	1	3	1280
1	2	4	1450
1	3	5	1130
1	4	5	1380
1	5	5	730
1	6	5	1030
1	7	4	525
1	8	5	1190
1	9	5	1190
1	10	5	775
2	1	4	975
2	2	4	780
2	3	5	1375
2	4	5	1235
2	5	5	1390
2	6	5	1165
2	7	4	745
2	8	4	1120
2	9	5	565
2	10	5	1055
3	1	4	1290
3	2	5	800
3	3	5	1145
3	4	5	1415
3	5	5	1565
3	6	5	790
3	7	4	1295
3	8	4	1590
3	9	5	1425
3	10	5	1380
4	1	4	1160
4	2	4	790
4	3	5	1430
4	4	5	765
4	5	5	865
4	6	5	1115
4	7	3	980
4	8	4	1200
4	9	4	425
4	10	5	535
5	1	3	540
5	2	5	1495
5	3	5	1595
5	4	5	615
5	5	5	675
5	6	5	745
5	7	3	975
5	8	5	380
5	9	5	850
5	10	5	1170


Warehouse Fashion Inventory (W F T):
1	0		5245		3425		0		0	
2	0		0		5315		2295		0	
3	0		0		0		6675		0	
4	0		0		0		5410		0	
5	0		0		5225		5225		0	
6	0		0		0		4845		0	
7	0		4520		2565		0		0	
8	0		0		5480		1570		0	
9	0		0		4455		4030		0	
10	0		0		4915		4915		0	

Store Fashion Inventory (S F T):
Store1
1	0		1280		1280		1280	
2	0		0		1450		1450	
3	0		0		0		1130	
4	0		0		0		1380	
5	0		0		0		730	
6	0		0		0		1030	
7	0		0		525		525	
8	0		0		0		1190	
9	0		0		0		1190	
10	0		0		0		775	
Store2
1	0		0		975		975	
2	0		0		780		780	
3	0		0		0		1375	
4	0		0		0		1235	
5	0		0		0		1390	
6	0		0		0		1165	
7	0		0		745		745	
8	0		0		1120		1120	
9	0		0		0		565	
10	0		0		0		1055	
Store3
1	0		0		1290		1290	
2	0		0		0		800	
3	0		0		0		1145	
4	0		0		0		1415	
5	0		0		0		1565	
6	0		0		0		790	
7	0		0		1295		1295	
8	0		0		1590		1590	
9	0		0		0		1425	
10	0		0		0		1380	
Store4
1	0		0		1160		1160	
2	0		0		790		790	
3	0		0		0		1430	
4	0		0		0		765	
5	0		0		0		865	
6	0		0		0		1115	
7	0		980		980		980	
8	0		0		1200		1200	
9	0		0		425		425	
10	0		0		0		535	
Store5
1	0		540		540		540	
2	0		0		0		1495	
3	0		0		0		1595	
4	0		0		0		615	
5	0		0		0		675	
6	0		0		0		745	
7	0		975		975		975	
8	0		0		0		380	
9	0		0		0		850	
10	0		0		0		1170	


Fashion Shipments from Vendor to Warehouse (V T):
0	0.52299	0.96865	0.7139333	

Printing New Basic Solution:

Inbound Solution (V P T):
1	1	1	880
1	1	5	4190
1	2	1	2780
1	2	5	2210
1	3	1	4594
1	3	5	416
1	4	1	370
1	4	5	4923
1	5	1	1175
1	5	5	3566
1	6	1	3260
1	6	5	1823
1	7	1	3569
1	7	5	893
1	8	1	3161
1	8	5	2051
1	9	1	4270
1	9	5	827
1	10	1	2533
1	10	5	2271


Outbound Solution(S P T):
1	1	1	868
1	2	1	1020
1	3	1	1026
1	4	1	991
1	5	1	643
1	6	1	1018
1	7	1	959
1	8	1	1431
1	9	1	1411
1	10	1	1032
2	1	4	1178
2	2	4	1240
2	3	4	994
2	4	4	1069
2	5	4	966
2	6	4	1069
2	7	4	659
2	8	4	791
2	9	4	983
2	10	4	849
3	1	1	1102
3	2	1	677
3	3	1	1035
3	4	1	1205
3	5	1	987
3	6	1	1186
3	7	1	1283
3	8	1	761
3	9	1	884
3	10	1	941
4	1	3	890
4	2	3	938
4	3	3	887
4	4	3	1124
4	5	3	1183
4	6	3	1009
4	7	3	734
4	8	3	1014
4	9	3	786
4	10	3	867
5	1	3	1032
5	2	3	1115
5	3	3	1068
5	4	3	904
5	5	3	962
5	6	3	801
5	7	3	827
5	8	3	1215
5	9	3	1033
5	10	3	1115


Warehouse Inventory (W P T):
1	4190		3100		3100		1178		0		4190	
2	2210		3293		3293		1240		0		2210	
3	416		2949		2949		994		0		416	
4	4923		3097		3097		1069		0		4923	
5	3566		3111		3111		966		0		3566	
6	1823		2879		2879		1069		0		1823	
7	893		2220		2220		659		0		893	
8	2051		3020		3020		791		0		2051	
9	827		2802		2802		983		0		827	
10	2271		2831		2831		849		0		2271	

Store Inventory (S P T):
Store1
1	0		641		463		253		236		0	
2	0		854		511		351		125		0	
3	0		770		545		419		271		0	
4	0		893		630		412		210		0	
5	0		530		425		248		146		0	
6	0		761		681		377		141		0	
7	0		715		459		294		97		0	
8	0		1192		780		425		368		0	
9	0		1202		998		662		284		0	
10	0		790		607		572		205		0	
Store2
1	761		515		119		0		1010		761	
2	686		496		299		0		886		686	
3	463		201		59		0		762		463	
4	416		214		125		0		739		416	
5	597		493		281		0		827		597	
6	738		592		226		0		891		738	
7	367		283		119		0		431		367	
8	410		250		195		0		635		410	
9	532		333		204		0		688		532	
10	667		579		274		0		773		667	
Store3
1	0		796		544		451		219		0	
2	0		487		367		193		80		0	
3	0		990		776		454		278		0	
4	0		1121		667		451		190		0	
5	0		826		696		309		189		0	
6	0		916		639		500		275		0	
7	0		1034		778		485		292		0	
8	0		625		474		294		217		0	
9	0		709		463		309		161		0	
10	0		842		592		421		246		0	
Store4
1	364		147		0		791		672		364	
2	322		190		0		611		419		322	
3	455		143		0		813		605		455	
4	316		118		0		883		657		316	
5	497		287		0		890		706		497	
6	396		224		0		805		585		396	
7	178		122		0		499		347		178	
8	491		202		0		842		624		491	
9	273		74		0		572		512		273	
10	390		146		0		542		470		390	
Store5
1	241		146		0		652		382		241	
2	537		309		0		1038		687		537	
3	400		193		0		883		702		400	
4	205		191		0		554		416		205	
5	548		298		0		766		565		548	
6	366		174		0		613		427		366	
7	320		137		0		721		509		320	
8	380		188		0		907		686		380	
9	555		158		0		1033		761		555	
10	557		295		0		907		699		557	


Shipments from Vendor to Warehouse (V T):
0.9965033	0	0	0	0.9242014	

Shipments from Warehouse to Stores (S T):
1	1	0.416294
1	3	0.08277334
1	4	0.1044833
1	5	0.26538
2	4	0.5413947
2	5	0.28751
3	1	0.3704967
3	4	0.1689433
3	5	0.34952
4	3	0.405336
4	4	0.1536067
4	5	0.2100667
5	3	0.46282
5	5	0.3076534


Required Putaway workers (Sol T):
3	2	3	2	3	

No of required pickers (T):
6	0	6	6	9	

No of part-time putaway workers (T):
1	0	1	0	1	

No of part-time pickers (T):
0	0	0	0	3	

Best Putaway Technology: 1200
Best Picking Technology: 500

Required Fashion Putaway Hours:
0	8.1375	21.15833	14.10833	0	

Required Basic Putaway Hours:
22.16	0	0	0	19.30833	

Required Total Putaway Hours:
22.16	8.1375	21.15833	14.10833	19.30833	

No of required fashion pick hours:
0	0	7.55	26.69	69.93	

No of required basic pick hours:
40.92	0	39.008	19.596	0	

No of required total pick hours:
40.92	0	46.558	46.286	69.93	

List of all the costs: 
MHECost		351
PutawayTechCost		1060
PickingTechCost		3195
WhBasicInvCost		915.72
BasicInbCost		3411.981
WhFashionInvCost		761.1
FashionInbCost		5075.819
PutawayCost		3920
StoreBasicInvCost		4916.05
StoreFashionInvCost		3649
OutboundCost		13920.7
PickingCost		10320
Total		51496.37

List of Top5 Technologies: 
Tech1		2	5	$ 51496.37
Tech2		2	2	$ 71076.65
Tech3		2	1	$ 93959.84
Tech4		1	1	$ 136074.4
Tech5		None	None	$ -
The start time is 12/17/2014 1:39:28 PM
The End time is 12/17/2014 1:39:32 PM
