Printing New Fashion Solution:

Inbound Fashion Solution (V F T):
1	1	2	5245
1	2	2	5315
1	3	3	6675
1	4	2	5410
1	5	3	5225
1	6	2	4845
1	7	3	4520
1	8	3	5480
1	9	3	4455
1	10	2	4915


Outbound Fashion Solution(S F T):
1	1	4	1280
1	2	3	1450
1	3	5	1130
1	4	4	1380
1	5	4	730
1	6	3	1030
1	7	4	525
1	8	5	1190
1	9	5	1190
1	10	3	775
2	1	4	975
2	2	3	780
2	3	5	1375
2	4	4	1235
2	5	5	1390
2	6	3	1165
2	7	5	745
2	8	5	1120
2	9	5	565
2	10	4	1055
3	1	4	1290
3	2	4	800
3	3	4	1145
3	4	3	1415
3	5	5	1565
3	6	4	790
3	7	5	1295
3	8	5	1590
3	9	5	1425
3	10	3	1380
4	1	3	1160
4	2	4	790
4	3	5	1430
4	4	3	765
4	5	5	865
4	6	4	1115
4	7	5	980
4	8	5	1200
4	9	5	425
4	10	3	535
5	1	4	540
5	2	4	1495
5	3	5	1595
5	4	3	615
5	5	5	675
5	6	3	745
5	7	5	975
5	8	5	380
5	9	5	850
5	10	3	1170


Warehouse Fashion Inventory (W F T):
1	0		5245		4085		0		0	
2	0		5315		3085		0		0	
3	0		0		6675		5530		0	
4	0		5410		2615		0		0	
5	0		0		5225		4495		0	
6	0		4845		1905		0		0	
7	0		0		4520		3995		0	
8	0		0		5480		5480		0	
9	0		0		4455		4455		0	
10	0		4915		1055		0		0	

Store Fashion Inventory (S F T):
Store1
1	0		0		1280		1280	
2	0		1450		1450		1450	
3	0		0		0		1130	
4	0		0		1380		1380	
5	0		0		730		730	
6	0		1030		1030		1030	
7	0		0		525		525	
8	0		0		0		1190	
9	0		0		0		1190	
10	0		775		775		775	
Store2
1	0		0		975		975	
2	0		780		780		780	
3	0		0		0		1375	
4	0		0		1235		1235	
5	0		0		0		1390	
6	0		1165		1165		1165	
7	0		0		0		745	
8	0		0		0		1120	
9	0		0		0		565	
10	0		0		1055		1055	
Store3
1	0		0		1290		1290	
2	0		0		800		800	
3	0		0		1145		1145	
4	0		1415		1415		1415	
5	0		0		0		1565	
6	0		0		790		790	
7	0		0		0		1295	
8	0		0		0		1590	
9	0		0		0		1425	
10	0		1380		1380		1380	
Store4
1	0		1160		1160		1160	
2	0		0		790		790	
3	0		0		0		1430	
4	0		765		765		765	
5	0		0		0		865	
6	0		0		1115		1115	
7	0		0		0		980	
8	0		0		0		1200	
9	0		0		0		425	
10	0		535		535		535	
Store5
1	0		0		540		540	
2	0		0		1495		1495	
3	0		0		0		1595	
4	0		615		615		615	
5	0		0		0		675	
6	0		745		745		745	
7	0		0		0		975	
8	0		0		0		380	
9	0		0		0		850	
10	0		1170		1170		1170	


Fashion Shipments from Vendor to Warehouse (V T):
0	1.246257	0.9593167	0	

Printing New Basic Solution:

Inbound Solution (V P T):
1	1	4	4415
1	1	5	655
1	2	4	4990
1	3	4	2063
1	3	5	2947
1	4	4	786
1	4	5	4507
1	5	4	1130
1	5	5	3611
1	6	4	2857
1	6	5	2226
1	7	4	2325
1	7	5	2137
1	8	4	2285
1	8	5	2927
1	9	4	2191
1	9	5	2906
1	10	4	1346
1	10	5	3458


Outbound Solution(S P T):
1	1	3	446
1	1	4	422
1	2	3	285
1	2	4	735
1	3	3	397
1	3	4	629
1	4	3	428
1	4	4	563
1	5	3	323
1	5	4	320
1	6	3	445
1	6	4	573
1	7	3	262
1	7	4	697
1	8	3	723
1	8	4	708
1	9	3	620
1	9	4	791
1	10	3	240
1	10	4	792
2	1	3	119
2	1	4	168
2	1	5	891
2	2	3	299
2	2	4	354
2	2	5	587
2	3	3	59
2	3	4	232
2	3	5	703
2	4	3	125
2	4	4	330
2	4	5	614
2	5	3	281
2	5	4	139
2	5	5	546
2	6	3	226
2	6	4	178
2	6	5	665
2	7	3	119
2	7	4	228
2	7	5	312
2	8	3	195
2	8	4	156
2	8	5	440
2	9	3	204
2	9	4	295
2	9	5	484
2	10	3	274
2	10	4	76
2	10	5	499
3	1	1	870
3	1	4	232
3	2	1	564
3	2	4	113
3	3	1	859
3	3	4	176
3	4	1	944
3	4	4	261
3	5	1	867
3	5	4	120
3	6	1	961
3	6	4	225
3	7	1	1090
3	7	4	193
3	8	1	684
3	8	4	77
3	9	1	736
3	9	4	148
3	10	1	766
3	10	4	175
4	1	3	99
4	1	4	791
4	2	3	327
4	2	4	611
4	3	3	74
4	3	4	813
4	4	3	241
4	4	4	883
4	5	3	293
4	5	4	890
4	6	3	204
4	6	4	805
4	7	3	235
4	7	4	499
4	8	3	172
4	8	4	842
4	9	3	214
4	9	4	572
4	10	3	325
4	10	4	542
5	1	3	380
5	1	4	270
5	1	5	382
5	2	3	77
5	2	4	351
5	2	5	687
5	3	3	185
5	3	4	181
5	3	5	702
5	4	3	350
5	4	4	138
5	4	5	416
5	5	3	196
5	5	4	201
5	5	5	565
5	6	3	188
5	6	4	186
5	6	5	427
5	7	3	106
5	7	4	212
5	7	5	509
5	8	3	308
5	8	4	221
5	8	5	686
5	9	4	272
5	9	5	761
5	10	3	208
5	10	4	208
5	10	5	699


Warehouse Inventory (W P T):
1	1914		1044		1044		0		2532		1914	
2	1552		988		988		0		2826		1552	
3	1574		715		715		0		32		1574	
4	3477		2533		2533		1389		0		3477	
5	2500		1633		1633		540		0		2500	
6	2024		1063		1063		0		890		2024	
7	1812		722		722		0		496		1812	
8	2082		1398		1398		0		281		2082	
9	1774		1038		1038		0		113		1774	
10	2260		1494		1494		447		0		2260	

Store Inventory (S P T):
Store1
1	405		178		0		236		641		405	
2	509		343		0		125		634		509	
3	481		225		0		271		752		481	
4	361		263		0		210		571		361	
5	218		105		0		146		364		218	
6	337		80		0		141		478		337	
7	500		256		0		97		597		500	
8	651		412		0		368		1019		651	
9	413		204		0		284		697		413	
10	425		183		0		205		630		425	
Store2
1	642		396		0		0		0		642	
2	387		197		0		0		0		387	
3	404		142		0		0		0		404	
4	291		89		0		0		0		291	
5	316		212		0		0		0		316	
6	512		366		0		0		0		512	
7	248		164		0		0		0		248	
8	215		55		0		0		0		215	
9	328		129		0		0		0		328	
10	393		305		0		0		0		393	
Store3
1	0		564		312		219		219		0	
2	0		374		254		80		80		0	
3	0		814		600		278		278		0	
4	0		860		406		190		190		0	
5	0		706		576		189		189		0	
6	0		691		414		275		275		0	
7	0		841		585		292		292		0	
8	0		548		397		217		217		0	
9	0		561		315		161		161		0	
10	0		667		417		246		246		0	
Store4
1	364		147		0		0		672		364	
2	322		190		0		0		419		322	
3	455		143		0		0		605		455	
4	316		118		0		0		657		316	
5	497		287		0		0		706		497	
6	396		224		0		0		585		396	
7	178		122		0		0		347		178	
8	491		202		0		0		624		491	
9	273		74		0		0		512		273	
10	390		146		0		0		470		390	
Store5
1	241		146		0		0		0		241	
2	537		309		0		0		0		537	
3	400		193		0		0		0		400	
4	205		191		0		0		0		205	
5	548		298		0		0		0		548	
6	366		174		0		0		0		366	
7	320		137		0		0		0		320	
8	380		188		0		0		0		380	
9	555		158		0		0		0		555	
10	557		295		0		0		0		557	


Shipments from Vendor to Warehouse (V T):
0	0	0	0.9687153	0.9519894	

Shipments from Warehouse to Stores (S T):
1	3	0.3297213
1	4	0.4486293
1	5	0.09058
2	3	0.182326
2	4	0.2362193
2	5	0.4103593
3	1	0.3086673
3	3	0.09429666
3	4	0.2749427
3	5	0.2110533
4	3	0.2097267
4	4	0.3791127
4	5	0.18017
5	3	0.1650953
5	4	0.21122
5	5	0.394158


Required Putaway workers (Sol T):
0	3	3	3	3	

No of required pickers (T):
3	0	6	9	9	

No of part-time putaway workers (T):
0	1	1	1	1	

No of part-time pickers (T):
0	0	0	3	3	

Best Putaway Technology: 1200
Best Picking Technology: 500

Required Fashion Putaway Hours:
0	21.44167	21.9625	0	0	

Required Basic Putaway Hours:
0	0	0	20.32333	21.145	

Required Total Putaway Hours:
0	21.44167	21.9625	20.32333	21.145	

No of required fashion pick hours:
0	0	25.97	30.29	47.91	

No of required basic pick hours:
16.682	0	20.504	39.188	23.15	

No of required total pick hours:
16.682	0	46.474	69.478	71.06	

List of all the costs: 
MHECost		378
PutawayTechCost		1060
PickingTechCost		3195
WhBasicInvCost		557.71
BasicInbCost		3411.981
WhFashionInvCost		887.8499
FashionInbCost		5075.82
PutawayCost		4160
StoreBasicInvCost		2656.6
StoreFashionInvCost		4660
OutboundCost		15279.61
PickingCost		11040
Total		52362.57

List of Top5 Technologies: 
Tech1		2	5	$ 52362.57
Tech2		2	6	$ 58545.98
Tech3		2	1	$ 89735.19
Tech4		1	1	$ 98635.14
Tech5		None	None	$ -
The start time is 12/17/2014 1:39:42 PM
The End time is 12/17/2014 1:39:46 PM
