Printing New Fashion Solution:

Inbound Fashion Solution (V F T):
1	1	4	5245
1	2	4	5315
1	3	4	6675
1	4	3	5410
1	5	4	5225
1	6	3	4845
1	7	3	4520
1	8	3	5480
1	9	3	4455
1	10	4	4915


Outbound Fashion Solution(S F T):
1	1	5	1280
1	2	5	1450
1	3	5	1130
1	4	5	1380
1	5	5	730
1	6	5	1030
1	7	5	525
1	8	5	1190
1	9	5	1190
1	10	5	775
2	1	5	975
2	2	5	780
2	3	5	1375
2	4	5	1235
2	5	5	1390
2	6	5	1165
2	7	5	745
2	8	4	1120
2	9	4	565
2	10	5	1055
3	1	5	1290
3	2	5	800
3	3	5	1145
3	4	4	1415
3	5	5	1565
3	6	4	790
3	7	4	1295
3	8	4	1590
3	9	4	1425
3	10	5	1380
4	1	5	1160
4	2	5	790
4	3	5	1430
4	4	5	765
4	5	5	865
4	6	5	1115
4	7	5	980
4	8	5	1200
4	9	5	425
4	10	5	535
5	1	5	540
5	2	5	1495
5	3	5	1595
5	4	4	615
5	5	5	675
5	6	4	745
5	7	4	975
5	8	5	380
5	9	5	850
5	10	5	1170


Warehouse Fashion Inventory (W F T):
1	0		0		0		5245		0	
2	0		0		0		5315		0	
3	0		0		0		6675		0	
4	0		0		5410		3380		0	
5	0		0		0		5225		0	
6	0		0		4845		3310		0	
7	0		0		4520		2250		0	
8	0		0		5480		2770		0	
9	0		0		4455		2465		0	
10	0		0		0		4915		0	

Store Fashion Inventory (S F T):
Store1
1	0		0		0		1280	
2	0		0		0		1450	
3	0		0		0		1130	
4	0		0		0		1380	
5	0		0		0		730	
6	0		0		0		1030	
7	0		0		0		525	
8	0		0		0		1190	
9	0		0		0		1190	
10	0		0		0		775	
Store2
1	0		0		0		975	
2	0		0		0		780	
3	0		0		0		1375	
4	0		0		0		1235	
5	0		0		0		1390	
6	0		0		0		1165	
7	0		0		0		745	
8	0		0		1120		1120	
9	0		0		565		565	
10	0		0		0		1055	
Store3
1	0		0		0		1290	
2	0		0		0		800	
3	0		0		0		1145	
4	0		0		1415		1415	
5	0		0		0		1565	
6	0		0		790		790	
7	0		0		1295		1295	
8	0		0		1590		1590	
9	0		0		1425		1425	
10	0		0		0		1380	
Store4
1	0		0		0		1160	
2	0		0		0		790	
3	0		0		0		1430	
4	0		0		0		765	
5	0		0		0		865	
6	0		0		0		1115	
7	0		0		0		980	
8	0		0		0		1200	
9	0		0		0		425	
10	0		0		0		535	
Store5
1	0		0		0		540	
2	0		0		0		1495	
3	0		0		0		1595	
4	0		0		615		615	
5	0		0		0		675	
6	0		0		745		745	
7	0		0		975		975	
8	0		0		0		380	
9	0		0		0		850	
10	0		0		0		1170	


Fashion Shipments from Vendor to Warehouse (V T):
0	0	0.8509	1.354673	

Printing New Basic Solution:

Inbound Solution (V P T):
1	1	1	2811
1	1	2	2259
1	2	1	875
1	2	2	4115
1	3	1	475
1	3	2	4535
1	4	1	3470
1	4	2	1823
1	5	1	3319
1	5	2	1422
1	6	1	3655
1	6	2	1428
1	7	1	804
1	7	2	3658
1	8	1	1658
1	8	2	3554
1	9	1	4079
1	9	2	1018
1	10	1	2876
1	10	2	1928


Outbound Solution(S P T):
1	1	3	227
1	1	5	641
1	2	3	386
1	2	5	634
1	3	3	274
1	3	5	752
1	4	3	420
1	4	5	571
1	5	3	279
1	5	5	364
1	6	3	540
1	6	5	478
1	7	3	362
1	7	5	597
1	8	3	412
1	8	5	1019
1	9	3	714
1	9	5	697
1	10	3	402
1	10	5	630
2	1	4	1178
2	2	4	1240
2	3	4	994
2	4	4	1069
2	5	4	966
2	6	4	1069
2	7	4	659
2	8	4	791
2	9	4	983
2	10	4	849
3	1	2	1102
3	2	2	677
3	3	2	1035
3	4	2	1205
3	5	2	987
3	6	2	1186
3	7	2	1283
3	8	2	761
3	9	2	884
3	10	2	941
4	1	1	890
4	2	1	938
4	3	1	887
4	4	1	1124
4	5	1	1183
4	6	1	1009
4	7	1	734
4	8	1	1014
4	9	1	786
4	10	1	867
5	1	4	1032
5	2	4	1115
5	3	4	1068
5	4	4	904
5	5	4	962
5	6	4	801
5	7	4	827
5	8	4	1215
5	9	4	1033
5	10	4	1115


Warehouse Inventory (W P T):
1	0		1921		3078		2851		641		0	
2	63		0		3438		3052		697		63	
3	412		0		3500		3226		1164		412	
4	0		2346		2964		2544		571		0	
5	0		2136		2571		2292		364		0	
6	0		2646		2888		2348		478		0	
7	0		70		2445		2083		597		0	
8	0		644		3437		3025		1019		0	
9	0		3293		3427		2713		697		0	
10	0		2009		2996		2594		630		0	

Store Inventory (S P T):
Store1
1	405		178		0		17		0		405	
2	509		343		0		226		0		509	
3	481		225		0		148		0		481	
4	361		263		0		202		0		361	
5	218		105		0		102		0		218	
6	337		80		0		236		0		337	
7	500		256		0		197		0		500	
8	651		412		0		57		0		651	
9	413		204		0		378		0		413	
10	425		183		0		367		0		425	
Store2
1	761		515		119		0		1010		761	
2	686		496		299		0		886		686	
3	463		201		59		0		762		463	
4	416		214		125		0		739		416	
5	597		493		281		0		827		597	
6	738		592		226		0		891		738	
7	367		283		119		0		431		367	
8	410		250		195		0		635		410	
9	532		333		204		0		688		532	
10	667		579		274		0		773		667	
Store3
1	306		0		850		757		525		306	
2	190		0		557		383		270		190	
3	45		0		821		499		323		45	
4	84		0		751		535		274		84	
5	161		0		857		470		350		161	
6	270		0		909		770		545		270	
7	249		0		1027		734		541		249	
8	136		0		610		430		353		136	
9	175		0		638		484		336		175	
10	99		0		691		520		345		99	
Store4
1	0		673		526		427		308		0	
2	0		806		616		289		97		0	
3	0		575		432		358		150		0	
4	0		926		808		567		341		0	
5	0		973		686		393		209		0	
6	0		837		613		409		189		0	
7	0		678		556		321		169		0	
8	0		725		523		351		133		0	
9	0		587		513		299		239		0	
10	0		623		477		152		80		0	
Store5
1	621		526		380		0		762		621	
2	614		386		77		0		764		614	
3	585		378		185		0		887		585	
4	555		541		350		0		766		555	
5	744		494		196		0		761		744	
6	554		362		188		0		615		554	
7	426		243		106		0		615		426	
8	688		496		308		0		994		688	
9	555		158		0		0		761		555	
10	765		503		208		0		907		765	


Shipments from Vendor to Warehouse (V T):
0.9491534	0.9715514	0	0	0	

Shipments from Warehouse to Stores (S T):
1	3	0.16685
1	5	0.7020807
2	4	0.414628
2	5	0.4142767
3	2	0.3704967
3	4	0.21076
3	5	0.3077033
4	1	0.3654827
4	5	0.4035267
5	4	0.49083
5	5	0.2796433


Required Putaway workers (Sol T):
3	3	3	3	0	

No of required pickers (T):
2	2	1	4	6	

No of part-time putaway workers (T):
1	1	1	1	0	

No of part-time pickers (T):
0	0	0	0	2	

Best Putaway Technology: 1200
Best Picking Technology: 1000

Required Fashion Putaway Hours:
0	0	20.59167	22.8125	0	

Required Basic Putaway Hours:
20.01833	21.45	0	0	0	

Required Total Putaway Hours:
20.01833	21.45	20.59167	22.8125	0	

No of required fashion pick hours:
0	0	0	10.535	41.55	

No of required basic pick hours:
9.432	10.061	4.016	19.87	6.383	

No of required total pick hours:
9.432	10.061	4.016	30.405	47.933	

List of all the costs: 
MHECost		378
PutawayTechCost		1060
PickingTechCost		9130
WhBasicInvCost		798.7
BasicInbCost		3411.981
WhFashionInvCost		662.6
FashionInbCost		5075.82
PutawayCost		4160
StoreBasicInvCost		4257.15
StoreFashionInvCost		3131
OutboundCost		11365.14
PickingCost		6880
Total		50310.39

List of Top5 Technologies: 
Tech1		2	6	$ 50310.39
Tech2		2	5	$ 52920.43
Tech3		2	1	$ 114084.6
Tech4		3	1	$ 131869.8
Tech5		4	1	$ 135387.4
The start time is 12/17/2014 1:39:46 PM
The End time is 12/17/2014 1:39:52 PM
