Printing New Fashion Solution:

Inbound Fashion Solution (V F T):
1	1	1	5245
1	2	1	5315
1	3	2	6675
1	4	2	5410
1	5	1	5225
1	6	2	4845
1	7	1	4520
1	8	2	5480
1	9	1	4455
1	10	2	4915


Outbound Fashion Solution(S F T):
1	1	2	1280
1	2	2	1450
1	3	4	1130
1	4	4	1380
1	5	4	730
1	6	4	1030
1	7	4	525
1	8	4	1190
1	9	4	1190
1	10	4	775
2	1	4	975
2	2	4	780
2	3	4	1375
2	4	4	1235
2	5	3	1390
2	6	4	1165
2	7	4	745
2	8	4	1120
2	9	3	565
2	10	3	1055
3	1	4	1290
3	2	2	800
3	3	3	1145
3	4	3	1415
3	5	2	1565
3	6	4	790
3	7	3	1295
3	8	3	1590
3	9	2	1425
3	10	3	1380
4	1	3	1160
4	2	3	790
4	3	3	1430
4	4	4	765
4	5	4	865
4	6	4	1115
4	7	3	980
4	8	4	1200
4	9	3	425
4	10	4	535
5	1	3	540
5	2	3	1495
5	3	3	1595
5	4	4	615
5	5	3	675
5	6	4	745
5	7	4	975
5	8	4	380
5	9	3	850
5	10	3	1170


Warehouse Fashion Inventory (W F T):
1	5245		3965		2265		0		0	
2	5315		3065		780		0		0	
3	0		6675		2505		0		0	
4	0		5410		3995		0		0	
5	5225		3660		1595		0		0	
6	0		4845		4845		0		0	
7	4520		4520		2245		0		0	
8	0		5480		3890		0		0	
9	4455		3030		1190		0		0	
10	0		4915		1310		0		0	

Store Fashion Inventory (S F T):
Store1
1	1280		1280		1280		1280	
2	1450		1450		1450		1450	
3	0		0		1130		1130	
4	0		0		1380		1380	
5	0		0		730		730	
6	0		0		1030		1030	
7	0		0		525		525	
8	0		0		1190		1190	
9	0		0		1190		1190	
10	0		0		775		775	
Store2
1	0		0		975		975	
2	0		0		780		780	
3	0		0		1375		1375	
4	0		0		1235		1235	
5	0		1390		1390		1390	
6	0		0		1165		1165	
7	0		0		745		745	
8	0		0		1120		1120	
9	0		565		565		565	
10	0		1055		1055		1055	
Store3
1	0		0		1290		1290	
2	800		800		800		800	
3	0		1145		1145		1145	
4	0		1415		1415		1415	
5	1565		1565		1565		1565	
6	0		0		790		790	
7	0		1295		1295		1295	
8	0		1590		1590		1590	
9	1425		1425		1425		1425	
10	0		1380		1380		1380	
Store4
1	0		1160		1160		1160	
2	0		790		790		790	
3	0		1430		1430		1430	
4	0		0		765		765	
5	0		0		865		865	
6	0		0		1115		1115	
7	0		980		980		980	
8	0		0		1200		1200	
9	0		425		425		425	
10	0		0		535		535	
Store5
1	0		540		540		540	
2	0		1495		1495		1495	
3	0		1595		1595		1595	
4	0		0		615		615	
5	0		675		675		675	
6	0		0		745		745	
7	0		0		975		975	
8	0		0		380		380	
9	0		850		850		850	
10	0		1170		1170		1170	


Fashion Shipments from Vendor to Warehouse (V T):
1.240767	0.9648066	0	0	

Printing New Basic Solution:

Inbound Solution (V P T):
1	1	3	2987
1	1	4	92
1	1	5	1991
1	2	3	210
1	2	4	4291
1	2	5	489
1	3	3	2057
1	3	4	1582
1	3	5	1371
1	4	3	4235
1	4	5	1058
1	5	3	1314
1	5	4	362
1	5	5	3065
1	6	3	966
1	6	4	254
1	6	5	3863
1	7	4	4462
1	8	3	956
1	8	4	3847
1	8	5	409
1	9	3	2303
1	9	4	492
1	9	5	2302
1	10	3	1013
1	10	4	1430
1	10	5	2361


Outbound Solution(S P T):
1	1	2	868
1	2	2	1020
1	3	2	1026
1	4	2	991
1	5	2	643
1	6	2	1018
1	7	2	959
1	8	2	1431
1	9	2	1411
1	10	2	1032
2	1	5	1178
2	2	5	1240
2	3	5	994
2	4	5	1069
2	5	5	966
2	6	5	1069
2	7	5	659
2	8	5	791
2	9	5	983
2	10	5	849
3	1	2	1102
3	2	2	677
3	3	2	1035
3	4	2	1205
3	5	2	987
3	6	2	1186
3	7	2	1283
3	8	2	761
3	9	2	884
3	10	2	941
4	1	3	890
4	2	3	938
4	3	3	887
4	4	3	1124
4	5	3	1183
4	6	3	1009
4	7	3	734
4	8	3	1014
4	9	3	786
4	10	3	867
5	1	4	1032
5	2	4	1115
5	3	4	1068
5	4	4	904
5	5	4	962
5	6	4	801
5	7	4	827
5	8	4	1215
5	9	4	1033
5	10	4	1115


Warehouse Inventory (W P T):
1	1970		1970		0		2097		1157		1970	
2	2425		2425		728		0		3176		2425	
3	2061		2061		0		1170		1684		2061	
4	2196		2196		0		3111		2207		2196	
5	2099		2099		469		600		0		2099	
6	2794		2794		590		547		0		2794	
7	2976		2976		734		0		3635		2976	
8	2250		2250		58		0		2632		2250	
9	2295		2295		0		1517		976		2295	
10	1973		1973		0		146		461		1973	

Store Inventory (S P T):
Store1
1	227		0		690		480		463		227	
2	166		0		677		517		291		166	
3	256		0		801		675		527		256	
4	98		0		728		510		308		98	
5	113		0		538		361		259		113	
6	257		0		938		634		398		257	
7	244		0		703		538		341		244	
8	239		0		1019		664		607		239	
9	209		0		1207		871		493		209	
10	242		0		849		814		447		242	
Store2
1	929		683		287		168		0		929	
2	1040		850		653		354		0		1040	
3	695		433		291		232		0		695	
4	746		544		455		330		0		746	
5	736		632		420		139		0		736	
6	916		770		404		178		0		916	
7	595		511		347		228		0		595	
8	566		406		351		156		0		566	
9	827		628		499		295		0		827	
10	743		655		350		76		0		743	
Store3
1	306		0		850		757		525		306	
2	190		0		557		383		270		190	
3	45		0		821		499		323		45	
4	84		0		751		535		274		84	
5	161		0		857		470		350		161	
6	270		0		909		770		545		270	
7	249		0		1027		734		541		249	
8	136		0		610		430		353		136	
9	175		0		638		484		336		175	
10	99		0		691		520		345		99	
Store4
1	364		147		0		791		672		364	
2	322		190		0		611		419		322	
3	455		143		0		813		605		455	
4	316		118		0		883		657		316	
5	497		287		0		890		706		497	
6	396		224		0		805		585		396	
7	178		122		0		499		347		178	
8	491		202		0		842		624		491	
9	273		74		0		572		512		273	
10	390		146		0		542		470		390	
Store5
1	621		526		380		0		762		621	
2	614		386		77		0		764		614	
3	585		378		185		0		887		585	
4	555		541		350		0		766		555	
5	744		494		196		0		761		744	
6	554		362		188		0		615		554	
7	426		243		106		0		615		426	
8	688		496		308		0		994		688	
9	555		158		0		0		761		555	
10	765		503		208		0		907		765	


Shipments from Vendor to Warehouse (V T):
0	0	0.6250773	0.7457901	0.5498374	

Shipments from Warehouse to Stores (S T):
1	2	0.5822006
1	4	0.28673
2	3	0.12702
2	4	0.3217033
2	5	0.3801813
3	2	0.5418933
3	3	0.2225667
3	4	0.1245
4	3	0.5875294
4	4	0.18148
5	3	0.27179
5	4	0.4986833


Required Putaway workers (Sol T):
3	3	2	2	2	

No of required pickers (T):
0	7	8	9	3	

No of part-time putaway workers (T):
1	1	0	0	0	

No of part-time pickers (T):
0	1	2	3	0	

Best Putaway Technology: 1200
Best Picking Technology: 500

Required Fashion Putaway Hours:
20.63333	22.77083	0	0	0	

Required Basic Putaway Hours:
0	0	13.3675	14.01	14.09083	

Required Total Putaway Hours:
20.63333	22.77083	13.3675	14.01	14.09083	

No of required fashion pick hours:
0	13.04	41.89	49.24	0	

No of required basic pick hours:
0	40.92	18.864	20.144	19.596	

No of required total pick hours:
0	53.96	60.754	69.384	19.596	

List of all the costs: 
MHECost		324
PutawayTechCost		1060
PickingTechCost		3195
WhBasicInvCost		737.73
BasicInbCost		4325.681
WhFashionInvCost		949.4501
FashionInbCost		5075.819
PutawayCost		3680
StoreBasicInvCost		4879.55
StoreFashionInvCost		6907.75
OutboundCost		12032.66
PickingCost		11040
Total		54207.64

List of Top5 Technologies: 
Tech1		2	5	$ 54207.64
Tech2		2	4	$ 55808.48
Tech3		2	6	$ 58677.93
Tech4		2	1	$ 87176.33
Tech5		1	1	$ 135352.9
The start time is 12/17/2014 1:39:52 PM
The End time is 12/17/2014 1:39:58 PM
