Printing New Fashion Solution:

Inbound Fashion Solution (V F T):
1	1	2	4505
1	2	4	4305
1	3	2	5865
1	4	3	5345
1	5	4	5025
1	6	4	4670
1	7	4	4680
1	8	4	4930
1	9	4	5075
1	10	2	5745


Outbound Fashion Solution(S F T):
1	1	4	105
1	2	5	465
1	3	4	1220
1	4	5	880
1	5	5	1300
1	6	5	1005
1	7	5	390
1	8	5	555
1	9	5	995
1	10	4	1035
2	1	3	585
2	2	5	940
2	3	3	1235
2	4	5	870
2	5	5	585
2	6	5	1235
2	7	5	995
2	8	5	1340
2	9	5	850
2	10	3	1120
3	1	4	855
3	2	5	190
3	3	4	1855
3	4	4	1085
3	5	5	1075
3	6	5	900
3	7	5	490
3	8	5	1495
3	9	5	990
3	10	4	885
4	1	4	1840
4	2	5	1465
4	3	4	900
4	4	5	1860
4	5	5	1045
4	6	5	1050
4	7	5	1715
4	8	5	1020
4	9	5	1310
4	10	4	1325
5	1	4	1120
5	2	5	1245
5	3	4	655
5	4	5	650
5	5	5	1020
5	6	5	480
5	7	5	1090
5	8	5	520
5	9	5	930
5	10	4	1380


Warehouse Fashion Inventory (W F T):
1	0		4505		3920		0		0	
2	0		0		0		4305		0	
3	0		5865		4630		0		0	
4	0		0		5345		4260		0	
5	0		0		0		5025		0	
6	0		0		0		4670		0	
7	0		0		0		4680		0	
8	0		0		0		4930		0	
9	0		0		0		5075		0	
10	0		5745		4625		0		0	

Store Fashion Inventory (S F T):
Store1
1	0		0		105		105	
2	0		0		0		465	
3	0		0		1220		1220	
4	0		0		0		880	
5	0		0		0		1300	
6	0		0		0		1005	
7	0		0		0		390	
8	0		0		0		555	
9	0		0		0		995	
10	0		0		1035		1035	
Store2
1	0		585		585		585	
2	0		0		0		940	
3	0		1235		1235		1235	
4	0		0		0		870	
5	0		0		0		585	
6	0		0		0		1235	
7	0		0		0		995	
8	0		0		0		1340	
9	0		0		0		850	
10	0		1120		1120		1120	
Store3
1	0		0		855		855	
2	0		0		0		190	
3	0		0		1855		1855	
4	0		0		1085		1085	
5	0		0		0		1075	
6	0		0		0		900	
7	0		0		0		490	
8	0		0		0		1495	
9	0		0		0		990	
10	0		0		885		885	
Store4
1	0		0		1840		1840	
2	0		0		0		1465	
3	0		0		900		900	
4	0		0		0		1860	
5	0		0		0		1045	
6	0		0		0		1050	
7	0		0		0		1715	
8	0		0		0		1020	
9	0		0		0		1310	
10	0		0		1325		1325	
Store5
1	0		0		1120		1120	
2	0		0		0		1245	
3	0		0		655		655	
4	0		0		0		650	
5	0		0		0		1020	
6	0		0		0		480	
7	0		0		0		1090	
8	0		0		0		520	
9	0		0		0		930	
10	0		0		1380		1380	


Fashion Shipments from Vendor to Warehouse (V T):
0	0.69888	0.3135733	0.83003	

Printing New Basic Solution:

Inbound Solution (V P T):
1	1	1	4567
1	1	3	507
1	2	1	2750
1	2	3	2749
1	3	1	2989
1	3	3	1992
1	4	1	1649
1	4	3	3847
1	5	1	1781
1	5	3	2670
1	6	1	5002
1	6	3	555
1	7	1	2520
1	7	3	2520
1	8	1	935
1	8	3	3737
1	9	1	3350
1	9	3	1435
1	10	1	2247
1	10	3	2247


Outbound Solution(S P T):
1	1	1	945
1	2	1	1147
1	3	1	1064
1	4	1	1183
1	5	1	882
1	6	1	1132
1	7	1	1062
1	8	1	955
1	9	1	1079
1	10	1	716
2	1	3	1113
2	2	3	1071
2	3	3	1006
2	4	3	1218
2	5	3	1005
2	6	3	1166
2	7	3	1013
2	8	3	729
2	9	3	1145
2	10	3	775
3	1	1	936
3	1	4	387
3	2	1	520
3	2	4	342
3	3	1	677
3	3	4	222
3	4	1	564
3	4	4	459
3	5	1	692
3	5	4	371
3	6	1	694
3	6	4	429
3	7	1	648
3	7	4	365
3	8	1	437
3	8	4	405
3	9	1	312
3	9	4	391
3	10	1	519
3	10	4	475
4	1	3	856
4	2	3	1311
4	3	3	984
4	4	3	872
4	5	3	755
4	6	3	810
4	7	3	904
4	8	3	1484
4	9	3	1146
4	10	3	996
5	1	4	837
5	2	4	1108
5	3	4	1028
5	4	4	1200
5	5	4	746
5	6	4	1326
5	7	4	1048
5	8	4	662
5	9	4	712
5	10	4	1013


Warehouse Inventory (W P T):
1	0		2686		2686		1224		0		0	
2	0		1083		1083		1450		0		0	
3	0		1248		1248		1250		0		0	
4	98		0		0		1757		98		98	
5	0		207		207		1117		0		0	
6	0		3176		3176		1755		0		0	
7	0		810		810		1413		0		0	
8	457		0		0		1524		457		457	
9	0		1959		1959		1103		0		0	
10	0		1012		1012		1488		0		0	

Store Inventory (S P T):
Store1
1	0		908		652		446		311		0	
2	0		860		617		400		164		0	
3	0		771		610		439		184		0	
4	0		979		864		592		280		0	
5	0		700		441		287		139		0	
6	0		1025		790		533		227		0	
7	0		950		661		458		269		0	
8	0		692		433		271		121		0	
9	0		848		597		313		102		0	
10	0		547		357		313		138		0	
Store2
1	454		267		0		729		581		454	
2	589		287		0		854		660		589	
3	252		203		0		725		389		252	
4	295		171		0		968		685		295	
5	384		188		0		819		615		384	
6	372		226		0		999		762		372	
7	494		133		0		876		664		494	
8	449		277		0		662		580		449	
9	273		143		0		854		626		273	
10	229		194		0		653		394		229	
Store3
1	0		680		289		0		234		0	
2	0		280		140		0		152		0	
3	0		556		207		0		144		0	
4	0		419		246		0		321		0	
5	0		541		229		0		273		0	
6	0		533		314		0		247		0	
7	0		463		251		0		60		0	
8	0		169		0		0		118		0	
9	0		196		136		0		81		0	
10	0		404		294		0		258		0	
Store4
1	233		82		0		591		404		233	
2	512		279		0		979		730		512	
3	470		164		0		879		668		470	
4	340		94		0		615		535		340	
5	324		212		0		594		499		324	
6	231		57		0		574		418		231	
7	368		141		0		783		579		368	
8	458		190		0		1156		831		458	
9	483		250		0		862		549		483	
10	331		122		0		826		533		331	
Store5
1	582		402		252		0		656		582	
2	738		538		223		0		971		738	
3	648		437		295		0		773		648	
4	747		513		293		0		968		747	
5	494		271		59		0		684		494	
6	809		499		254		0		1175		809	
7	931		611		221		0		1033		931	
8	381		298		154		0		544		381	
9	298		251		96		0		528		298	
10	659		433		222		0		723		659	


Shipments from Vendor to Warehouse (V T):
0.7836887	0	0.49856	0	0	

Shipments from Warehouse to Stores (S T):
1	1	0.252426
1	4	0.1096167
1	5	0.2118333
2	3	0.3926973
2	5	0.2003033
3	1	0.1700293
3	4	0.3211353
3	5	0.15269
4	3	0.2457113
4	4	0.1669933
4	5	0.3213267
5	4	0.3861727
5	5	0.1937967


Required Putaway workers (Sol T):
3	2	3	3	0	

No of required pickers (T):
5	0	6	7	9	

No of part-time putaway workers (T):
1	0	1	1	0	

No of part-time pickers (T):
0	0	0	1	3	

Best Putaway Technology: 1200
Best Picking Technology: 500

Required Fashion Putaway Hours:
0	13.42917	4.454167	23.90417	0	

Required Basic Putaway Hours:
23.15833	0	18.54917	0	0	

Required Total Putaway Hours:
23.15833	13.42917	23.00333	23.90417	0	

No of required fashion pick hours:
0	0	5.88	28.52	65.89	

No of required basic pick hours:
32.328	0	40.718	27.052	0	

No of required total pick hours:
32.328	0	46.598	55.572	65.89	

List of all the costs: 
MHECost		351
PutawayTechCost		1060
PickingTechCost		3195
WhBasicInvCost		395.53
BasicInbCost		4396.812
WhFashionInvCost		675.8
FashionInbCost		3792.873
PutawayCost		3920
StoreBasicInvCost		4405.45
StoreFashionInvCost		3514.25
OutboundCost		10818.75
PickingCost		10560
Total		47085.46

List of Top5 Technologies: 
Tech1		2	5	$ 47085.46
Tech2		1	5	$ 51497.8
Tech3		1	4	$ 52443.45
Tech4		1	1	$ 85183.33
Tech5		None	None	$ -
The start time is 12/17/2014 9:04:33 AM
The End time is 12/17/2014 9:04:38 AM
