Printing New Fashion Solution:

Inbound Fashion Solution (V F T):
1	1	4	1985
1	2	3	1690
1	3	3	2240
1	4	4	1850
1	5	4	1800
1	6	3	2070
1	7	3	1710
1	8	3	1985
1	9	3	1730
1	10	3	1970
1	11	4	1755
1	12	4	1875
1	13	4	2295
1	14	3	1860
1	15	4	2435
1	16	3	1680
1	17	4	2035
1	18	3	1300
1	19	3	1715
1	20	4	1795
1	21	3	1870
1	22	4	1885
1	23	3	1760
1	24	3	2145
1	25	4	1650
2	26	4	2220
2	27	4	2650
2	28	4	1890
2	29	4	2385
2	30	4	2270
2	31	4	2040
2	32	4	2155
2	33	4	2080
2	34	4	2210
2	35	4	1685
2	36	4	1665
2	37	4	1885
2	38	4	2045
2	39	4	1975
2	40	4	2115
2	41	4	2400
2	42	4	1785
2	43	4	1765
2	44	4	1685
2	45	4	1840
2	46	4	2040
2	47	4	1930
2	48	4	2010
2	49	4	2010
2	50	4	1845


Outbound Fashion Solution(S F T):
1	1	5	190
1	2	5	85
1	3	5	260
1	4	5	180
1	5	5	195
1	6	5	55
1	7	5	205
1	8	5	220
1	9	5	240
1	11	5	175
1	12	5	95
1	13	5	255
1	14	5	270
1	15	5	290
1	16	5	160
1	17	5	365
1	18	5	150
1	19	5	205
1	20	5	190
1	21	5	65
1	22	5	185
1	23	5	325
1	24	5	340
1	25	5	40
1	26	5	70
1	27	5	185
1	28	5	415
1	29	5	230
1	30	5	245
1	31	5	320
1	32	5	30
1	33	5	260
1	34	5	280
1	35	5	105
1	36	5	170
1	37	5	225
1	38	5	195
1	39	5	330
1	40	5	150
1	41	5	170
1	42	5	210
1	43	5	200
1	44	5	240
1	45	5	55
1	46	5	135
1	47	5	255
1	48	5	190
1	49	5	155
1	50	5	240
2	1	5	195
2	2	5	245
2	3	5	120
2	4	5	185
2	5	5	110
2	6	5	285
2	7	5	125
2	8	5	250
2	9	5	305
2	10	5	280
2	11	5	155
2	12	5	150
2	13	5	315
2	14	5	240
2	15	5	290
2	16	5	230
2	17	5	230
2	18	5	90
2	19	5	120
2	20	5	195
2	21	5	385
2	22	5	190
2	23	5	105
2	24	5	150
2	25	5	230
2	26	5	325
2	27	5	320
2	28	5	135
2	29	5	190
2	30	5	130
2	31	5	175
2	32	5	280
2	33	5	225
2	34	5	245
2	35	5	125
2	36	5	320
2	37	5	220
2	38	5	280
2	39	5	205
2	40	5	305
2	41	5	280
2	42	5	170
2	44	5	105
2	45	5	275
2	46	5	220
2	47	5	300
2	48	5	180
2	49	5	90
2	50	5	250
3	1	5	260
3	2	5	185
3	3	5	285
3	4	5	75
3	5	5	155
3	6	5	200
3	7	5	165
3	8	5	265
3	9	5	35
3	10	5	275
3	11	5	35
3	12	5	270
3	13	5	220
3	14	5	160
3	15	5	250
3	16	5	115
3	17	5	185
3	18	5	35
3	19	5	290
3	20	5	175
3	21	5	205
3	22	5	165
3	23	5	150
3	24	5	220
3	25	5	125
3	26	5	180
3	27	5	305
3	28	5	350
3	29	5	135
3	30	5	180
3	31	5	120
3	32	5	135
3	33	5	325
3	34	5	220
3	35	5	60
3	36	5	280
3	37	5	240
3	38	5	165
3	39	5	185
3	40	5	90
3	41	5	195
3	42	5	145
3	44	5	220
3	45	5	305
3	46	5	145
3	47	5	155
3	48	5	210
3	49	5	165
3	50	5	150
4	1	5	80
4	2	5	250
4	3	5	145
4	4	5	140
4	5	5	215
4	6	5	355
4	7	5	90
4	8	5	150
4	9	5	150
4	10	5	185
4	11	5	105
4	12	5	195
4	13	5	295
4	14	5	130
4	15	5	170
4	16	5	175
4	17	5	105
4	18	5	165
4	19	5	105
4	20	5	270
4	21	5	100
4	22	5	255
4	23	5	175
4	24	5	290
4	25	5	260
4	26	5	310
4	27	5	340
4	28	5	100
4	29	5	120
4	30	5	190
4	31	5	200
4	32	5	220
4	33	5	335
4	34	5	185
4	35	5	225
4	36	5	140
4	37	5	95
4	38	5	200
4	39	5	150
4	40	5	245
4	41	5	300
4	42	5	275
4	43	5	235
4	44	5	120
4	45	5	125
4	46	5	225
4	47	5	165
4	48	5	135
4	49	5	210
4	50	5	260
5	1	5	215
5	2	5	120
5	3	5	255
5	4	5	230
5	5	5	195
5	6	5	295
5	7	5	95
5	8	5	190
5	9	5	185
5	10	5	155
5	11	5	190
5	12	5	170
5	13	5	340
5	14	5	195
5	15	5	300
5	16	5	95
5	17	5	285
5	18	5	220
5	19	5	330
5	20	5	150
5	21	5	180
5	22	5	200
5	23	5	250
5	24	5	90
5	25	5	120
5	26	5	225
5	27	5	160
5	28	5	100
5	29	5	265
5	30	5	295
5	31	5	130
5	32	5	365
5	33	5	340
5	34	5	130
5	35	5	240
5	36	5	150
5	37	5	270
5	38	5	220
5	39	5	180
5	40	5	195
5	41	5	170
5	42	5	225
5	43	5	180
5	44	5	315
5	45	5	325
5	46	5	190
5	47	5	130
5	48	5	160
5	49	5	310
5	50	5	170
6	1	5	130
6	2	5	205
6	3	5	145
6	4	5	270
6	5	5	90
6	6	5	130
6	7	5	80
6	8	5	155
6	9	5	145
6	10	5	305
6	11	5	305
6	12	5	140
6	13	5	180
6	14	5	150
6	15	5	255
6	16	5	205
6	17	5	145
6	19	5	50
6	20	5	185
6	21	5	230
6	22	5	60
6	23	5	160
6	24	5	85
6	25	5	135
6	26	5	250
6	27	5	330
6	28	5	295
6	29	5	365
6	30	5	195
6	31	5	290
6	32	5	260
6	33	5	140
6	34	5	180
6	35	5	170
6	36	5	205
6	37	5	175
6	38	5	330
6	39	5	145
6	40	5	330
6	41	5	115
6	42	5	165
6	43	5	355
6	44	5	40
6	45	5	295
6	46	5	250
6	47	5	305
6	48	5	315
6	49	5	280
6	50	5	130
7	1	5	235
7	2	5	100
7	3	5	175
7	4	5	195
7	5	5	75
7	6	5	65
7	7	5	220
7	8	5	225
7	9	5	175
7	10	5	265
7	11	5	210
7	12	5	225
7	13	5	220
7	15	5	230
7	16	5	205
7	17	5	185
7	18	5	210
7	19	5	185
7	20	5	35
7	21	5	175
7	22	5	45
7	23	5	135
7	24	5	290
7	25	5	160
7	26	5	90
7	27	5	165
7	28	5	20
7	29	5	295
7	30	5	385
7	31	5	80
7	32	5	85
7	33	5	75
7	34	5	220
7	35	5	235
7	36	5	165
7	37	5	110
7	38	5	135
7	39	5	235
7	40	5	145
7	41	5	295
7	42	5	110
7	43	5	130
7	44	5	145
7	45	5	195
7	46	5	40
7	47	5	225
7	48	5	130
7	49	5	205
7	50	5	145
8	1	5	280
8	2	5	90
8	3	5	225
8	4	5	355
8	5	5	240
8	6	5	265
8	7	5	185
8	8	5	245
8	9	5	50
8	10	5	270
8	11	5	295
8	12	5	170
8	13	5	180
8	14	5	165
8	15	5	345
8	16	5	40
8	17	5	75
8	18	5	210
8	19	5	150
8	20	5	185
8	21	5	115
8	22	5	225
8	23	5	110
8	24	5	220
8	25	5	195
8	26	5	250
8	27	5	240
8	28	5	255
8	29	5	175
8	30	5	300
8	31	5	375
8	32	5	240
8	33	5	120
8	34	5	215
8	35	5	180
8	36	5	105
8	37	5	205
8	38	5	170
8	39	5	200
8	40	5	105
8	41	5	450
8	42	5	185
8	43	5	275
8	44	5	155
8	45	5	105
8	46	5	360
8	47	5	35
8	48	5	180
8	49	5	200
8	50	5	95
9	1	5	205
9	2	5	280
9	3	5	400
9	4	5	125
9	5	5	330
9	6	5	265
9	7	5	215
9	8	5	40
9	9	5	255
9	10	5	55
9	11	5	130
9	12	5	195
9	13	5	110
9	14	5	260
9	15	5	95
9	16	5	215
9	17	5	195
9	18	5	135
9	19	5	150
9	20	5	250
9	21	5	125
9	22	5	285
9	23	5	175
9	24	5	195
9	25	5	185
9	26	5	245
9	27	5	370
9	28	5	160
9	29	5	395
9	30	5	150
9	31	5	125
9	32	5	330
9	33	5	200
9	34	5	305
9	35	5	230
9	36	5	120
9	37	5	190
9	38	5	200
9	39	5	180
9	40	5	295
9	41	5	255
9	42	5	65
9	43	5	175
9	44	5	205
9	45	5	85
9	46	5	265
9	47	5	135
9	48	5	330
9	49	5	110
9	50	5	240
10	1	5	195
10	2	5	130
10	3	5	230
10	4	5	95
10	5	5	195
10	6	5	155
10	7	5	330
10	8	5	245
10	9	5	190
10	10	5	180
10	11	5	155
10	12	5	265
10	13	5	180
10	14	5	290
10	15	5	210
10	16	5	240
10	17	5	265
10	18	5	85
10	19	5	130
10	20	5	160
10	21	5	290
10	22	5	275
10	23	5	175
10	24	5	265
10	25	5	200
10	26	5	275
10	27	5	235
10	28	5	60
10	29	5	215
10	30	5	200
10	31	5	225
10	32	5	210
10	33	5	60
10	34	5	230
10	35	5	115
10	36	5	10
10	37	5	155
10	38	5	150
10	39	5	165
10	40	5	255
10	41	5	170
10	42	5	235
10	43	5	215
10	44	5	140
10	45	5	75
10	46	5	210
10	47	5	225
10	48	5	180
10	49	5	285
10	50	5	165


Warehouse Fashion Inventory (W F T):
1	0		0		0		1985		0	
2	0		0		1690		1690		0	
3	0		0		2240		2240		0	
4	0		0		0		1850		0	
5	0		0		0		1800		0	
6	0		0		2070		2070		0	
7	0		0		1710		1710		0	
8	0		0		1985		1985		0	
9	0		0		1730		1730		0	
10	0		0		1970		1970		0	
11	0		0		0		1755		0	
12	0		0		0		1875		0	
13	0		0		0		2295		0	
14	0		0		1860		1860		0	
15	0		0		0		2435		0	
16	0		0		1680		1680		0	
17	0		0		0		2035		0	
18	0		0		1300		1300		0	
19	0		0		1715		1715		0	
20	0		0		0		1795		0	
21	0		0		1870		1870		0	
22	0		0		0		1885		0	
23	0		0		1760		1760		0	
24	0		0		2145		2145		0	
25	0		0		0		1650		0	
26	0		0		0		2220		0	
27	0		0		0		2650		0	
28	0		0		0		1890		0	
29	0		0		0		2385		0	
30	0		0		0		2270		0	
31	0		0		0		2040		0	
32	0		0		0		2155		0	
33	0		0		0		2080		0	
34	0		0		0		2210		0	
35	0		0		0		1685		0	
36	0		0		0		1665		0	
37	0		0		0		1885		0	
38	0		0		0		2045		0	
39	0		0		0		1975		0	
40	0		0		0		2115		0	
41	0		0		0		2400		0	
42	0		0		0		1785		0	
43	0		0		0		1765		0	
44	0		0		0		1685		0	
45	0		0		0		1840		0	
46	0		0		0		2040		0	
47	0		0		0		1930		0	
48	0		0		0		2010		0	
49	0		0		0		2010		0	
50	0		0		0		1845		0	

Store Fashion Inventory (S F T):
Store1
1	0		0		0		190	
2	0		0		0		85	
3	0		0		0		260	
4	0		0		0		180	
5	0		0		0		195	
6	0		0		0		55	
7	0		0		0		205	
8	0		0		0		220	
9	0		0		0		240	
10	0		0		0		0	
11	0		0		0		175	
12	0		0		0		95	
13	0		0		0		255	
14	0		0		0		270	
15	0		0		0		290	
16	0		0		0		160	
17	0		0		0		365	
18	0		0		0		150	
19	0		0		0		205	
20	0		0		0		190	
21	0		0		0		65	
22	0		0		0		185	
23	0		0		0		325	
24	0		0		0		340	
25	0		0		0		40	
26	0		0		0		70	
27	0		0		0		185	
28	0		0		0		415	
29	0		0		0		230	
30	0		0		0		245	
31	0		0		0		320	
32	0		0		0		30	
33	0		0		0		260	
34	0		0		0		280	
35	0		0		0		105	
36	0		0		0		170	
37	0		0		0		225	
38	0		0		0		195	
39	0		0		0		330	
40	0		0		0		150	
41	0		0		0		170	
42	0		0		0		210	
43	0		0		0		200	
44	0		0		0		240	
45	0		0		0		55	
46	0		0		0		135	
47	0		0		0		255	
48	0		0		0		190	
49	0		0		0		155	
50	0		0		0		240	
Store2
1	0		0		0		195	
2	0		0		0		245	
3	0		0		0		120	
4	0		0		0		185	
5	0		0		0		110	
6	0		0		0		285	
7	0		0		0		125	
8	0		0		0		250	
9	0		0		0		305	
10	0		0		0		280	
11	0		0		0		155	
12	0		0		0		150	
13	0		0		0		315	
14	0		0		0		240	
15	0		0		0		290	
16	0		0		0		230	
17	0		0		0		230	
18	0		0		0		90	
19	0		0		0		120	
20	0		0		0		195	
21	0		0		0		385	
22	0		0		0		190	
23	0		0		0		105	
24	0		0		0		150	
25	0		0		0		230	
26	0		0		0		325	
27	0		0		0		320	
28	0		0		0		135	
29	0		0		0		190	
30	0		0		0		130	
31	0		0		0		175	
32	0		0		0		280	
33	0		0		0		225	
34	0		0		0		245	
35	0		0		0		125	
36	0		0		0		320	
37	0		0		0		220	
38	0		0		0		280	
39	0		0		0		205	
40	0		0		0		305	
41	0		0		0		280	
42	0		0		0		170	
43	0		0		0		0	
44	0		0		0		105	
45	0		0		0		275	
46	0		0		0		220	
47	0		0		0		300	
48	0		0		0		180	
49	0		0		0		90	
50	0		0		0		250	
Store3
1	0		0		0		260	
2	0		0		0		185	
3	0		0		0		285	
4	0		0		0		75	
5	0		0		0		155	
6	0		0		0		200	
7	0		0		0		165	
8	0		0		0		265	
9	0		0		0		35	
10	0		0		0		275	
11	0		0		0		35	
12	0		0		0		270	
13	0		0		0		220	
14	0		0		0		160	
15	0		0		0		250	
16	0		0		0		115	
17	0		0		0		185	
18	0		0		0		35	
19	0		0		0		290	
20	0		0		0		175	
21	0		0		0		205	
22	0		0		0		165	
23	0		0		0		150	
24	0		0		0		220	
25	0		0		0		125	
26	0		0		0		180	
27	0		0		0		305	
28	0		0		0		350	
29	0		0		0		135	
30	0		0		0		180	
31	0		0		0		120	
32	0		0		0		135	
33	0		0		0		325	
34	0		0		0		220	
35	0		0		0		60	
36	0		0		0		280	
37	0		0		0		240	
38	0		0		0		165	
39	0		0		0		185	
40	0		0		0		90	
41	0		0		0		195	
42	0		0		0		145	
43	0		0		0		0	
44	0		0		0		220	
45	0		0		0		305	
46	0		0		0		145	
47	0		0		0		155	
48	0		0		0		210	
49	0		0		0		165	
50	0		0		0		150	
Store4
1	0		0		0		80	
2	0		0		0		250	
3	0		0		0		145	
4	0		0		0		140	
5	0		0		0		215	
6	0		0		0		355	
7	0		0		0		90	
8	0		0		0		150	
9	0		0		0		150	
10	0		0		0		185	
11	0		0		0		105	
12	0		0		0		195	
13	0		0		0		295	
14	0		0		0		130	
15	0		0		0		170	
16	0		0		0		175	
17	0		0		0		105	
18	0		0		0		165	
19	0		0		0		105	
20	0		0		0		270	
21	0		0		0		100	
22	0		0		0		255	
23	0		0		0		175	
24	0		0		0		290	
25	0		0		0		260	
26	0		0		0		310	
27	0		0		0		340	
28	0		0		0		100	
29	0		0		0		120	
30	0		0		0		190	
31	0		0		0		200	
32	0		0		0		220	
33	0		0		0		335	
34	0		0		0		185	
35	0		0		0		225	
36	0		0		0		140	
37	0		0		0		95	
38	0		0		0		200	
39	0		0		0		150	
40	0		0		0		245	
41	0		0		0		300	
42	0		0		0		275	
43	0		0		0		235	
44	0		0		0		120	
45	0		0		0		125	
46	0		0		0		225	
47	0		0		0		165	
48	0		0		0		135	
49	0		0		0		210	
50	0		0		0		260	
Store5
1	0		0		0		215	
2	0		0		0		120	
3	0		0		0		255	
4	0		0		0		230	
5	0		0		0		195	
6	0		0		0		295	
7	0		0		0		95	
8	0		0		0		190	
9	0		0		0		185	
10	0		0		0		155	
11	0		0		0		190	
12	0		0		0		170	
13	0		0		0		340	
14	0		0		0		195	
15	0		0		0		300	
16	0		0		0		95	
17	0		0		0		285	
18	0		0		0		220	
19	0		0		0		330	
20	0		0		0		150	
21	0		0		0		180	
22	0		0		0		200	
23	0		0		0		250	
24	0		0		0		90	
25	0		0		0		120	
26	0		0		0		225	
27	0		0		0		160	
28	0		0		0		100	
29	0		0		0		265	
30	0		0		0		295	
31	0		0		0		130	
32	0		0		0		365	
33	0		0		0		340	
34	0		0		0		130	
35	0		0		0		240	
36	0		0		0		150	
37	0		0		0		270	
38	0		0		0		220	
39	0		0		0		180	
40	0		0		0		195	
41	0		0		0		170	
42	0		0		0		225	
43	0		0		0		180	
44	0		0		0		315	
45	0		0		0		325	
46	0		0		0		190	
47	0		0		0		130	
48	0		0		0		160	
49	0		0		0		310	
50	0		0		0		170	
Store6
1	0		0		0		130	
2	0		0		0		205	
3	0		0		0		145	
4	0		0		0		270	
5	0		0		0		90	
6	0		0		0		130	
7	0		0		0		80	
8	0		0		0		155	
9	0		0		0		145	
10	0		0		0		305	
11	0		0		0		305	
12	0		0		0		140	
13	0		0		0		180	
14	0		0		0		150	
15	0		0		0		255	
16	0		0		0		205	
17	0		0		0		145	
18	0		0		0		0	
19	0		0		0		50	
20	0		0		0		185	
21	0		0		0		230	
22	0		0		0		60	
23	0		0		0		160	
24	0		0		0		85	
25	0		0		0		135	
26	0		0		0		250	
27	0		0		0		330	
28	0		0		0		295	
29	0		0		0		365	
30	0		0		0		195	
31	0		0		0		290	
32	0		0		0		260	
33	0		0		0		140	
34	0		0		0		180	
35	0		0		0		170	
36	0		0		0		205	
37	0		0		0		175	
38	0		0		0		330	
39	0		0		0		145	
40	0		0		0		330	
41	0		0		0		115	
42	0		0		0		165	
43	0		0		0		355	
44	0		0		0		40	
45	0		0		0		295	
46	0		0		0		250	
47	0		0		0		305	
48	0		0		0		315	
49	0		0		0		280	
50	0		0		0		130	
Store7
1	0		0		0		235	
2	0		0		0		100	
3	0		0		0		175	
4	0		0		0		195	
5	0		0		0		75	
6	0		0		0		65	
7	0		0		0		220	
8	0		0		0		225	
9	0		0		0		175	
10	0		0		0		265	
11	0		0		0		210	
12	0		0		0		225	
13	0		0		0		220	
14	0		0		0		0	
15	0		0		0		230	
16	0		0		0		205	
17	0		0		0		185	
18	0		0		0		210	
19	0		0		0		185	
20	0		0		0		35	
21	0		0		0		175	
22	0		0		0		45	
23	0		0		0		135	
24	0		0		0		290	
25	0		0		0		160	
26	0		0		0		90	
27	0		0		0		165	
28	0		0		0		20	
29	0		0		0		295	
30	0		0		0		385	
31	0		0		0		80	
32	0		0		0		85	
33	0		0		0		75	
34	0		0		0		220	
35	0		0		0		235	
36	0		0		0		165	
37	0		0		0		110	
38	0		0		0		135	
39	0		0		0		235	
40	0		0		0		145	
41	0		0		0		295	
42	0		0		0		110	
43	0		0		0		130	
44	0		0		0		145	
45	0		0		0		195	
46	0		0		0		40	
47	0		0		0		225	
48	0		0		0		130	
49	0		0		0		205	
50	0		0		0		145	
Store8
1	0		0		0		280	
2	0		0		0		90	
3	0		0		0		225	
4	0		0		0		355	
5	0		0		0		240	
6	0		0		0		265	
7	0		0		0		185	
8	0		0		0		245	
9	0		0		0		50	
10	0		0		0		270	
11	0		0		0		295	
12	0		0		0		170	
13	0		0		0		180	
14	0		0		0		165	
15	0		0		0		345	
16	0		0		0		40	
17	0		0		0		75	
18	0		0		0		210	
19	0		0		0		150	
20	0		0		0		185	
21	0		0		0		115	
22	0		0		0		225	
23	0		0		0		110	
24	0		0		0		220	
25	0		0		0		195	
26	0		0		0		250	
27	0		0		0		240	
28	0		0		0		255	
29	0		0		0		175	
30	0		0		0		300	
31	0		0		0		375	
32	0		0		0		240	
33	0		0		0		120	
34	0		0		0		215	
35	0		0		0		180	
36	0		0		0		105	
37	0		0		0		205	
38	0		0		0		170	
39	0		0		0		200	
40	0		0		0		105	
41	0		0		0		450	
42	0		0		0		185	
43	0		0		0		275	
44	0		0		0		155	
45	0		0		0		105	
46	0		0		0		360	
47	0		0		0		35	
48	0		0		0		180	
49	0		0		0		200	
50	0		0		0		95	
Store9
1	0		0		0		205	
2	0		0		0		280	
3	0		0		0		400	
4	0		0		0		125	
5	0		0		0		330	
6	0		0		0		265	
7	0		0		0		215	
8	0		0		0		40	
9	0		0		0		255	
10	0		0		0		55	
11	0		0		0		130	
12	0		0		0		195	
13	0		0		0		110	
14	0		0		0		260	
15	0		0		0		95	
16	0		0		0		215	
17	0		0		0		195	
18	0		0		0		135	
19	0		0		0		150	
20	0		0		0		250	
21	0		0		0		125	
22	0		0		0		285	
23	0		0		0		175	
24	0		0		0		195	
25	0		0		0		185	
26	0		0		0		245	
27	0		0		0		370	
28	0		0		0		160	
29	0		0		0		395	
30	0		0		0		150	
31	0		0		0		125	
32	0		0		0		330	
33	0		0		0		200	
34	0		0		0		305	
35	0		0		0		230	
36	0		0		0		120	
37	0		0		0		190	
38	0		0		0		200	
39	0		0		0		180	
40	0		0		0		295	
41	0		0		0		255	
42	0		0		0		65	
43	0		0		0		175	
44	0		0		0		205	
45	0		0		0		85	
46	0		0		0		265	
47	0		0		0		135	
48	0		0		0		330	
49	0		0		0		110	
50	0		0		0		240	
Store10
1	0		0		0		195	
2	0		0		0		130	
3	0		0		0		230	
4	0		0		0		95	
5	0		0		0		195	
6	0		0		0		155	
7	0		0		0		330	
8	0		0		0		245	
9	0		0		0		190	
10	0		0		0		180	
11	0		0		0		155	
12	0		0		0		265	
13	0		0		0		180	
14	0		0		0		290	
15	0		0		0		210	
16	0		0		0		240	
17	0		0		0		265	
18	0		0		0		85	
19	0		0		0		130	
20	0		0		0		160	
21	0		0		0		290	
22	0		0		0		275	
23	0		0		0		175	
24	0		0		0		265	
25	0		0		0		200	
26	0		0		0		275	
27	0		0		0		235	
28	0		0		0		60	
29	0		0		0		215	
30	0		0		0		200	
31	0		0		0		225	
32	0		0		0		210	
33	0		0		0		60	
34	0		0		0		230	
35	0		0		0		115	
36	0		0		0		10	
37	0		0		0		155	
38	0		0		0		150	
39	0		0		0		165	
40	0		0		0		255	
41	0		0		0		170	
42	0		0		0		235	
43	0		0		0		215	
44	0		0		0		140	
45	0		0		0		75	
46	0		0		0		210	
47	0		0		0		225	
48	0		0		0		180	
49	0		0		0		285	
50	0		0		0		165	


Fashion Shipments from Vendor to Warehouse (V T):
0	0	0.9304399	0.7156233	
0	0	0	1.707533	

Printing New Basic Solution:

Inbound Solution (V P T):
1	1	2	759
1	1	5	1138
1	2	2	1837
1	2	5	204
1	3	2	1824
1	3	5	202
1	4	2	580
1	4	5	1353
1	5	2	1021
1	5	5	1020
1	6	2	1294
1	6	5	554
1	7	2	1155
1	7	5	770
1	8	2	1873
1	8	5	208
1	9	2	1963
1	10	2	418
1	10	5	1670
1	11	2	1499
1	11	5	374
1	12	2	1448
1	12	5	620
1	13	2	965
1	13	5	964
1	14	2	1968
1	15	2	1688
1	15	5	421
1	16	2	586
1	16	5	1366
2	17	2	389
2	17	3	1553
2	18	2	804
2	18	3	1205
2	19	2	420
2	19	3	1676
2	20	2	1292
2	20	3	861
2	21	2	439
2	21	3	1753
2	22	2	819
2	22	3	1227
2	23	2	829
2	23	3	1243
2	24	2	362
2	24	3	1444
2	25	2	217
2	25	3	1952
2	26	2	392
2	26	3	1564
2	27	3	2220
2	28	2	202
2	28	3	1816
2	29	2	353
2	29	3	1412
2	30	2	2119
2	31	2	801
2	31	3	1200
2	32	2	1055
2	32	3	702
3	33	2	831
3	33	4	1245
3	34	2	2029
3	35	4	1982
3	36	2	795
3	36	4	1192
3	37	2	1860
3	38	2	1377
3	38	4	589
3	39	2	2100
3	40	2	582
3	40	4	1356
3	41	2	727
3	41	4	1089
3	42	2	1803
3	43	2	1700
3	43	4	424
3	44	2	775
3	44	4	1162
3	45	2	1256
3	45	4	837
3	46	2	1228
3	46	4	818
3	47	2	839
3	47	4	1257
3	48	2	1179
3	48	4	786
3	49	2	2123
3	50	2	1274
3	50	4	848


Outbound Solution(S P T):
1	1	2	168
1	2	2	253
1	3	2	160
1	4	2	194
1	5	2	232
1	6	2	157
1	7	2	177
1	8	2	185
1	9	2	280
1	10	2	219
1	11	2	148
1	12	2	245
1	13	2	199
1	14	2	224
1	15	2	209
1	16	2	231
1	17	2	185
1	18	2	297
1	19	2	214
1	20	2	216
1	21	2	164
1	22	2	258
1	23	2	242
1	24	2	182
1	25	2	227
1	26	2	212
1	27	2	267
1	28	2	186
1	29	2	110
1	30	2	234
1	31	2	176
1	32	2	130
1	33	2	195
1	34	2	210
1	35	2	170
1	36	2	247
1	37	2	180
1	38	2	251
1	39	2	179
1	40	2	155
1	41	2	139
1	42	2	214
1	43	2	166
1	44	2	163
1	45	2	250
1	46	2	210
1	47	2	183
1	48	2	192
1	49	2	220
1	50	2	207
2	1	2	165
2	2	2	113
2	3	2	220
2	4	2	215
2	5	2	156
2	6	2	175
2	7	2	178
2	8	2	268
2	9	2	152
2	10	2	220
2	11	2	198
2	12	2	107
2	13	2	182
2	14	2	223
2	15	2	231
2	16	2	161
2	17	2	218
2	18	2	225
2	19	2	209
2	20	2	229
2	21	2	221
2	22	2	235
2	23	2	133
2	24	2	203
2	25	2	248
2	26	2	232
2	27	2	217
2	28	2	189
2	29	2	190
2	30	2	255
2	31	2	175
2	32	2	141
2	33	2	189
2	34	2	131
2	35	2	183
2	36	2	190
2	37	2	209
2	38	2	198
2	39	2	231
2	40	2	204
2	41	2	235
2	42	2	177
2	43	2	258
2	44	2	212
2	45	2	191
2	46	2	240
2	47	2	150
2	48	2	200
2	49	2	189
2	50	2	211
3	1	3	236
3	2	3	191
3	3	3	261
3	4	3	206
3	5	3	253
3	6	3	214
3	7	3	205
3	8	3	252
3	9	3	181
3	10	3	191
3	11	3	150
3	12	3	241
3	13	3	167
3	14	3	151
3	15	3	216
3	16	3	246
3	17	3	217
3	18	3	214
3	19	3	197
3	20	3	253
3	21	3	215
3	22	3	207
3	23	3	242
3	24	3	192
3	25	3	153
3	26	3	168
3	27	3	202
3	28	3	237
3	29	3	197
3	30	3	155
3	31	3	190
3	32	3	169
3	33	3	238
3	34	3	230
3	35	3	210
3	36	3	186
3	37	3	200
3	38	3	204
3	39	3	209
3	40	3	172
3	41	3	174
3	42	3	133
3	43	3	198
3	44	3	197
3	45	3	206
3	46	3	224
3	47	3	240
3	48	3	183
3	49	3	210
3	50	3	233
4	1	4	125
4	2	4	192
4	3	4	157
4	4	4	187
4	5	4	205
4	6	4	198
4	7	4	121
4	8	4	259
4	9	4	215
4	10	4	251
4	11	4	207
4	12	4	201
4	13	4	232
4	14	4	180
4	15	4	204
4	16	4	230
4	17	4	234
4	18	4	210
4	19	4	219
4	20	4	151
4	21	4	215
4	22	4	196
4	23	4	185
4	24	4	163
4	25	4	214
4	26	4	238
4	27	4	156
4	28	4	246
4	29	4	179
4	30	4	191
4	31	4	203
4	32	4	166
4	33	4	199
4	34	4	287
4	35	4	186
4	36	4	249
4	37	4	157
4	38	4	185
4	39	4	161
4	40	4	206
4	41	4	116
4	42	4	180
4	43	4	224
4	44	4	162
4	45	4	209
4	46	4	153
4	47	4	206
4	48	4	167
4	49	4	178
4	50	4	167
5	1	5	221
5	2	5	212
5	3	5	164
5	4	5	166
5	5	5	232
5	6	5	217
5	7	5	214
5	8	5	102
5	9	5	250
5	10	5	177
5	11	5	199
5	12	5	247
5	13	5	184
5	14	5	238
5	15	5	236
5	16	5	236
5	17	5	172
5	18	5	180
5	19	5	244
5	20	5	183
5	21	5	237
5	22	5	182
5	23	5	211
5	24	5	124
5	25	5	191
5	26	5	193
5	27	5	259
5	28	5	232
5	29	5	153
5	30	5	183
5	31	5	227
5	32	5	185
5	33	5	230
5	34	5	214
5	35	5	209
5	36	5	164
5	37	5	200
5	38	5	182
5	39	5	248
5	40	5	138
5	41	5	188
5	42	5	182
5	43	5	197
5	44	5	214
5	45	5	224
5	46	5	224
5	47	5	223
5	48	5	197
5	49	5	246
5	50	5	198
6	1	3	192
6	2	3	250
6	3	3	148
6	4	3	209
6	5	3	181
6	6	3	140
6	7	3	179
6	8	3	193
6	9	3	149
6	10	3	239
6	11	3	201
6	12	3	194
6	13	3	148
6	14	3	224
6	15	3	197
6	16	3	172
6	17	3	111
6	18	3	171
6	19	3	186
6	20	3	239
6	21	3	208
6	22	3	229
6	23	3	204
6	24	3	172
6	25	3	239
6	26	3	167
6	27	3	233
6	28	3	123
6	29	3	159
6	30	3	169
6	31	3	256
6	32	3	159
6	33	3	146
6	34	3	188
6	35	3	229
6	36	3	197
6	37	3	161
6	38	3	205
6	39	3	226
6	40	3	206
6	41	3	225
6	42	3	191
6	43	3	263
6	44	3	233
6	45	3	205
6	46	3	179
6	47	3	228
6	48	3	145
6	49	3	180
6	50	3	247
7	1	2	231
7	2	2	185
7	3	2	220
7	4	2	190
7	5	2	275
7	6	2	195
7	7	2	252
7	8	2	191
7	9	2	223
7	10	2	212
7	11	2	217
7	12	2	218
7	13	2	248
7	14	2	169
7	15	2	224
7	16	2	159
7	17	2	172
7	18	2	180
7	19	2	217
7	20	2	222
7	21	2	229
7	22	2	231
7	23	2	232
7	24	2	205
7	25	2	229
7	26	2	197
7	27	2	197
7	28	2	215
7	29	2	205
7	30	2	277
7	31	2	204
7	32	2	149
7	33	2	178
7	34	2	173
7	35	2	189
7	36	2	205
7	37	2	175
7	38	2	199
7	39	2	173
7	40	2	199
7	41	2	240
7	42	2	165
7	43	2	262
7	44	2	210
7	45	2	178
7	46	2	204
7	47	2	195
7	48	2	181
7	49	2	174
7	50	2	242
8	1	5	177
8	2	5	210
8	3	5	259
8	4	5	170
8	5	5	197
8	6	5	113
8	7	5	134
8	8	5	242
8	9	5	176
8	10	5	204
8	11	5	172
8	12	5	211
8	13	5	170
8	14	5	108
8	15	5	205
8	16	5	136
8	17	5	220
8	18	5	173
8	19	5	210
8	20	5	192
8	21	5	272
8	22	5	160
8	23	5	211
8	24	5	172
8	25	5	226
8	26	5	178
8	27	5	210
8	28	5	191
8	29	5	179
8	30	5	174
8	31	5	217
8	32	5	203
8	33	5	225
8	34	5	199
8	35	5	197
8	36	5	203
8	37	5	205
8	38	5	181
8	39	5	184
8	40	5	216
8	41	5	174
8	42	5	183
8	43	5	222
8	44	5	172
8	45	5	226
8	46	5	199
8	47	5	191
8	48	5	176
8	49	5	265
8	50	5	203
9	1	3	180
9	2	3	234
9	3	3	246
9	4	3	214
9	5	3	164
9	6	3	201
9	7	3	208
9	8	3	185
9	9	3	171
9	10	3	196
9	11	3	195
9	12	3	267
9	13	3	207
9	14	3	215
9	15	3	225
9	16	3	157
9	17	3	192
9	18	3	184
9	19	3	197
9	20	3	250
9	21	3	184
9	22	3	181
9	23	3	195
9	24	3	136
9	25	3	198
9	26	3	195
9	27	3	256
9	28	3	211
9	29	3	161
9	30	3	203
9	31	3	205
9	32	3	289
9	33	3	273
9	34	3	212
9	35	3	190
9	36	3	144
9	37	3	180
9	38	3	190
9	39	3	205
9	40	3	185
9	41	3	138
9	42	3	192
9	43	3	134
9	44	3	196
9	45	3	171
9	46	3	180
9	47	3	210
9	48	3	287
9	49	3	248
9	50	3	174
10	1	4	202
10	2	4	201
10	3	4	191
10	4	4	182
10	5	4	146
10	6	4	238
10	7	4	257
10	8	4	204
10	9	4	166
10	10	4	179
10	11	4	186
10	12	4	137
10	13	4	192
10	14	4	236
10	15	4	162
10	16	4	224
10	17	4	221
10	18	4	175
10	19	4	203
10	20	4	218
10	21	4	247
10	22	4	167
10	23	4	217
10	24	4	257
10	25	4	244
10	26	4	176
10	27	4	223
10	28	4	188
10	29	4	232
10	30	4	278
10	31	4	148
10	32	4	166
10	33	4	203
10	34	4	185
10	35	4	219
10	36	4	202
10	37	4	193
10	38	4	171
10	39	4	284
10	40	4	257
10	41	4	187
10	42	4	186
10	43	4	200
10	44	4	178
10	45	4	233
10	46	4	233
10	47	4	270
10	48	4	237
10	49	4	213
10	50	4	240


Warehouse Inventory (W P T):
1	740		740		935		327		0		740	
2	0		0		1286		611		218		0	
3	0		0		1224		569		221		0	
4	1017		1017		998		369		0		1017	
5	591		591		949		351		0		591	
6	224		224		991		436		0		224	
7	422		422		970		378		0		422	
8	0		0		1229		599		136		0	
9	0		0		1308		807		426		0	
10	1289		1289		1056		430		0		1289	
11	3		3		939		393		0		3	
12	162		162		1040		338		0		162	
13	610		610		946		424		0		610	
14	0		0		1352		762		346		0	
15	0		0		1024		386		20		0	
16	994		994		1029		454		0		994	
17	186		186		0		1033		578		186	
18	0		0		102		738		353		0	
19	220		220		0		1096		674		220	
20	0		0		625		744		375		0	
21	175		175		0		1146		684		175	
22	0		0		95		705		342		0	
23	0		0		222		824		422		0	
24	228		228		0		944		524		228	
25	487		487		0		1362		904		487	
26	249		249		0		1034		620		249	
27	681		681		0		1529		1150		681	
28	388		388		0		1245		811		388	
29	152		152		0		895		484		152	
30	0		0		1353		826		357		0	
31	0		0		246		795		444		0	
32	0		0		635		720		388		0	
33	388		388		657		0		843		388	
34	0		0		1515		885		413		0	
35	1171		1171		629		0		1577		1171	
36	374		374		527		0		741		374	
37	0		0		1296		755		405		0	
38	0		0		729		130		363		0	
39	0		0		1517		877		432		0	
40	539		539		563		0		893		539	
41	424		424		537		0		786		424	
42	0		0		1247		731		365		0	
43	0		0		1014		419		419		0	
44	436		436		626		0		822		436	
45	0		0		637		55		450		0	
46	9		9		583		0		432		9	
47	367		367		678		0		781		367	
48	9		9		615		0		382		9	
49	0		0		1540		902		511		0	
50	40		40		654		0		441		40	

Store Inventory (S P T):
Store1
1	73		0		135		120		91		73	
2	69		0		236		193		123		69	
3	32		0		137		108		69		32	
4	50		0		177		147		80		50	
5	50		0		175		150		80		50	
6	37		0		103		84		55		37	
7	49		0		146		110		95		49	
8	32		0		141		93		91		32	
9	64		0		222		165		104		64	
10	58		0		206		141		115		58	
11	36		0		143		116		100		36	
12	40		0		199		152		90		40	
13	29		0		164		142		83		29	
14	55		0		188		139		94		55	
15	44		0		162		130		92		44	
16	40		0		200		130		84		40	
17	14		0		135		107		78		14	
18	39		0		239		185		106		39	
19	24		0		153		153		95		24	
20	38		0		180		132		90		38	
21	56		0		132		92		75		56	
22	31		0		197		145		102		31	
23	51		0		183		126		93		51	
24	43		0		156		124		49		43	
25	45		0		197		151		85		45	
26	37		0		153		116		76		37	
27	43		0		202		122		73		43	
28	40		0		135		101		66		40	
29	42		0		106		87		56		42	
30	18		0		178		117		64		18	
31	16		0		131		91		67		16	
32	33		0		93		86		45		33	
33	50		0		161		141		108		50	
34	53		0		162		137		98		53	
35	17		0		116		80		70		17	
36	53		0		196		146		99		53	
37	44		0		129		84		68		44	
38	67		0		204		155		125		67	
39	24		0		140		85		24		24	
40	56		0		134		114		102		56	
41	32		0		106		82		70		32	
42	28		0		188		142		103		28	
43	26		0		131		100		67		26	
44	30		0		115		94		69		30	
45	71		0		197		156		115		71	
46	52		0		161		106		80		52	
47	48		0		142		86		71		48	
48	7		0		155		113		70		7	
49	55		0		163		138		90		55	
50	45		0		152		104		83		45	
Store2
1	33		0		140		136		72		33	
2	3		0		94		76		55		3	
3	41		0		181		133		83		41	
4	31		0		167		97		90		31	
5	31		0		101		82		59		31	
6	49		0		148		116		77		49	
7	43		0		151		125		79		43	
8	56		0		210		146		104		56	
9	42		0		132		79		56		42	
10	29		0		188		115		55		29	
11	41		0		132		97		69		41	
12	27		0		96		61		44		27	
13	37		0		163		123		78		37	
14	47		0		174		134		71		47	
15	41		0		207		165		112		41	
16	59		0		137		102		75		59	
17	30		0		171		115		82		30	
18	51		0		175		112		92		51	
19	37		0		156		141		107		37	
20	42		0		162		107		63		42	
21	37		0		157		99		37		37	
22	93		0		202		163		116		93	
23	37		0		86		74		58		37	
24	36		0		159		128		72		36	
25	30		0		183		144		93		30	
26	47		0		201		169		93		47	
27	44		0		153		97		69		44	
28	23		0		158		120		79		23	
29	28		0		161		111		71		28	
30	29		0		214		151		100		29	
31	61		0		156		134		77		61	
32	26		0		132		91		47		26	
33	49		0		143		108		75		49	
34	32		0		109		87		51		32	
35	36		0		162		130		88		36	
36	47		0		136		94		80		47	
37	49		0		179		129		83		49	
38	40		0		156		109		72		40	
39	35		0		174		136		69		35	
40	14		0		151		121		64		14	
41	65		0		194		147		112		65	
42	54		0		148		94		54		54	
43	64		0		184		156		111		64	
44	70		0		171		144		120		70	
45	27		0		147		114		75		27	
46	35		0		196		146		116		35	
47	51		0		111		86		58		51	
48	9		0		147		110		64		9	
49	44		0		153		124		74		44	
50	44		0		157		98		73		44	
Store3
1	75		50		0		171		119		75	
2	76		52		0		155		108		76	
3	41		37		0		174		113		41	
4	102		73		0		156		115		102	
5	111		68		0		198		152		111	
6	92		55		0		155		123		92	
7	77		32		0		160		124		77	
8	117		35		0		199		156		117	
9	32		10		0		138		76		32	
10	69		25		0		161		103		69	
11	25		9		0		107		70		25	
12	87		43		0		187		130		87	
13	82		61		0		135		103		82	
14	77		45		0		135		102		77	
15	113		65		0		199		158		113	
16	130		48		0		211		149		130	
17	114		66		0		184		150		114	
18	70		25		0		149		105		70	
19	45		0		0		150		102		45	
20	107		45		0		197		160		107	
21	91		39		0		161		119		91	
22	77		20		0		192		130		77	
23	86		39		0		187		129		86	
24	77		46		0		133		87		77	
25	49		36		0		123		95		49	
26	59		36		0		128		99		59	
27	56		37		0		158		119		56	
28	84		47		0		179		118		84	
29	94		58		0		156		132		94	
30	84		48		0		114		91		84	
31	94		38		0		151		128		94	
32	77		47		0		132		119		77	
33	79		57		0		202		128		79	
34	122		53		0		195		153		122	
35	87		37		0		174		144		87	
36	65		33		0		148		103		65	
37	44		29		0		160		110		44	
38	79		18		0		156		123		79	
39	72		37		0		168		122		72	
40	43		8		0		132		115		43	
41	53		31		0		132		90		53	
42	32		32		0		80		58		32	
43	73		40		0		132		85		73	
44	83		45		0		149		126		83	
45	71		35		0		168		110		71	
46	90		45		0		162		113		90	
47	89		53		0		165		127		89	
48	108		56		0		163		145		108	
49	74		30		0		171		135		74	
50	80		57		0		179		128		80	
Store4
1	78		58		27		0		102		78	
2	123		92		54		0		164		123	
3	89		71		35		0		114		89	
4	79		46		19		0		142		79	
5	130		96		73		0		160		130	
6	92		59		31		0		161		92	
7	81		32		8		0		106		81	
8	168		119		62		0		246		168	
9	127		60		32		0		172		127	
10	133		84		60		0		218		133	
11	127		78		37		0		168		127	
12	117		66		29		0		170		117	
13	133		84		47		0		165		133	
14	60		33		24		0		119		60	
15	103		90		58		0		147		103	
16	138		80		54		0		187		138	
17	122		67		43		0		182		122	
18	128		78		31		0		168		128	
19	140		86		51		0		198		140	
20	82		58		31		0		122		82	
21	116		73		35		0		156		116	
22	119		94		36		0		170		119	
23	111		86		46		0		176		111	
24	90		45		21		0		124		90	
25	136		90		58		0		196		136	
26	140		116		78		0		185		140	
27	90		68		35		0		127		90	
28	132		90		24		0		193		132	
29	98		42		22		0		134		98	
30	95		64		20		0		143		95	
31	107		81		37		0		160		107	
32	105		103		50		0		112		105	
33	117		75		44		0		166		117	
34	151		122		60		0		227		151	
35	120		88		31		0		158		120	
36	142		97		62		0		226		142	
37	91		66		29		0		130		91	
38	103		76		40		0		164		103	
39	65		42		7		0		118		65	
40	130		110		60		0		187		130	
41	77		66		51		0		109		77	
42	109		74		42		0		147		109	
43	142		82		33		0		195		142	
44	85		45		16		0		137		85	
45	146		74		47		0		202		146	
46	78		52		24		0		112		78	
47	151		73		31		0		178		151	
48	93		43		23		0		113		93	
49	129		90		38		0		158		129	
50	111		70		26		0		132		111	
Store5
1	165		135		85		55		0		165	
2	192		146		102		51		0		192	
3	146		108		76		43		0		146	
4	108		100		75		17		0		108	
5	176		132		88		17		0		176	
6	132		93		66		38		0		132	
7	162		141		113		72		0		162	
8	97		88		68		38		0		97	
9	227		173		109		61		0		227	
10	143		91		44		18		0		143	
11	141		91		73		23		0		141	
12	195		138		107		59		0		195	
13	145		114		75		49		0		145	
14	193		159		101		53		0		193	
15	166		126		90		75		0		166	
16	180		126		81		20		0		180	
17	172		116		65		39		0		172	
18	155		141		101		58		0		155	
19	199		149		103		64		0		199	
20	132		93		68		49		0		132	
21	189		151		102		64		0		189	
22	159		97		76		31		0		159	
23	183		132		92		35		0		183	
24	98		85		54		35		0		98	
25	160		122		80		43		0		160	
26	143		100		52		41		0		143	
27	220		182		97		55		0		220	
28	160		100		60		4		0		160	
29	105		69		25		20		0		105	
30	141		99		52		40		0		141	
31	196		157		97		59		0		196	
32	145		73		45		29		0		145	
33	181		161		87		49		0		181	
34	166		131		73		42		0		166	
35	173		116		90		34		0		173	
36	135		112		88		31		0		135	
37	185		148		89		28		0		185	
38	115		96		60		36		0		115	
39	194		142		122		41		0		194	
40	99		69		54		36		0		99	
41	153		93		76		30		0		153	
42	146		94		32		12		0		146	
43	134		104		37		11		0		134	
44	153		88		45		25		0		153	
45	157		120		75		39		0		157	
46	160		132		69		37		0		160	
47	176		147		108		38		0		176	
48	165		119		82		50		0		165	
49	214		151		91		56		0		214	
50	182		147		96		39		0		182	
Store6
1	74		42		0		166		120		74	
2	87		33		0		194		140		87	
3	64		44		0		114		109		64	
4	110		43		0		171		147		110	
5	63		42		0		153		114		63	
6	36		20		0		106		82		36	
7	81		27		0		158		136		81	
8	87		50		0		144		121		87	
9	52		24		0		117		87		52	
10	74		35		0		191		130		74	
11	60		30		0		170		142		60	
12	100		60		0		165		148		100	
13	36		33		0		105		69		36	
14	73		37		0		191		133		73	
15	106		47		0		162		135		106	
16	61		19		0		147		108		61	
17	45		0		0		92		57		45	
18	62		36		0		124		83		62	
19	45		12		0		123		96		45	
20	82		42		0		192		119		82	
21	77		37		0		150		113		77	
22	103		44		0		214		149		103	
23	80		41		0		172		124		80	
24	54		32		0		145		92		54	
25	79		44		0		197		136		79	
26	37		31		0		118		78		37	
27	62		40		0		182		109		62	
28	55		30		0		70		70		55	
29	75		22		0		135		101		75	
30	68		36		0		145		118		68	
31	75		43		0		194		130		75	
32	53		26		0		131		89		53	
33	30		0		0		107		78		30	
34	76		29		0		145		99		76	
35	72		15		0		183		114		72	
36	69		19		0		160		113		69	
37	43		15		0		128		108		43	
38	101		44		0		148		130		101	
39	106		49		0		188		168		106	
40	77		31		0		169		138		77	
41	96		57		0		181		146		96	
42	49		34		0		126		75		49	
43	91		44		0		206		142		91	
44	98		74		0		179		134		98	
45	81		37		0		144		110		81	
46	43		21		0		117		76		43	
47	88		35		0		187		118		88	
48	51		24		0		127		103		51	
49	47		21		0		125		88		47	
50	125		61		0		196		162		125	
Store7
1	29		0		195		137		86		29	
2	40		0		168		146		94		40	
3	37		0		170		111		85		37	
4	9		0		130		95		67		9	
5	64		0		218		183		129		64	
6	26		0		167		111		49		26	
7	57		0		206		185		118		57	
8	60		0		179		138		103		60	
9	35		0		160		106		55		35	
10	62		0		183		133		103		62	
11	32		0		165		94		55		32	
12	51		0		178		109		102		51	
13	32		0		183		131		89		32	
14	50		0		137		105		72		50	
15	48		0		173		132		89		48	
16	8		0		93		71		32		8	
17	16		0		127		72		59		16	
18	69		0		154		140		102		69	
19	26		0		154		106		81		26	
20	62		0		181		136		100		62	
21	12		0		173		132		60		12	
22	63		0		193		138		92		63	
23	38		0		182		143		98		38	
24	72		0		171		143		95		72	
25	66		0		171		124		96		66	
26	18		0		136		117		64		18	
27	47		0		165		123		95		47	
28	29		0		149		110		47		29	
29	44		0		164		132		81		44	
30	61		0		239		188		130		61	
31	29		0		141		94		53		29	
32	33		0		129		105		79		33	
33	18		0		171		117		71		18	
34	58		0		142		103		71		58	
35	35		0		153		114		74		35	
36	40		0		166		129		88		40	
37	31		0		115		90		59		31	
38	23		0		178		119		58		23	
39	5		0		112		71		43		5	
40	40		0		160		119		84		40	
41	48		0		199		126		95		48	
42	30		0		115		92		55		30	
43	55		0		218		175		114		55	
44	51		0		165		150		101		51	
45	6		0		136		103		43		6	
46	41		0		149		117		70		41	
47	17		0		143		90		45		17	
48	48		0		160		134		108		48	
49	41		0		127		92		70		41	
50	50		0		193		152		90		50	
Store8
1	133		105		60		21		0		133	
2	191		123		71		27		0		191	
3	200		169		97		29		0		200	
4	116		63		61		24		0		116	
5	168		117		90		30		0		168	
6	82		43		43		36		0		82	
7	104		93		93		29		0		104	
8	203		152		93		47		0		203	
9	146		115		93		37		0		146	
10	161		155		108		62		0		161	
11	126		114		80		37		0		126	
12	167		105		50		45		0		167	
13	114		114		34		32		0		114	
14	102		68		63		30		0		102	
15	142		117		89		50		0		142	
16	107		58		42		16		0		107	
17	164		146		89		34		0		164	
18	158		127		88		42		0		158	
19	179		126		89		53		0		179	
20	150		107		76		33		0		150	
21	221		150		91		51		0		221	
22	117		110		56		23		0		117	
23	162		150		103		40		0		162	
24	138		111		110		61		0		138	
25	184		127		92		73		0		184	
26	123		78		71		20		0		123	
27	165		137		113		47		0		165	
28	174		139		79		48		0		174	
29	142		108		61		30		0		142	
30	148		136		91		56		0		148	
31	180		145		97		51		0		180	
32	157		128		61		26		0		157	
33	167		129		102		57		0		167	
34	182		149		86		35		0		182	
35	153		119		87		62		0		153	
36	175		133		113		73		0		175	
37	144		114		68		27		0		144	
38	138		85		67		34		0		138	
39	146		88		62		30		0		146	
40	195		141		83		43		0		195	
41	169		119		60		14		0		169	
42	181		127		92		50		0		181	
43	172		113		70		45		0		172	
44	153		123		85		41		0		153	
45	175		106		81		26		0		175	
46	178		138		106		45		0		178	
47	166		144		90		42		0		166	
48	137		88		50		22		0		137	
49	222		155		93		62		0		222	
50	185		150		90		61		0		185	
Store9
1	86		34		0		131		104		86	
2	106		67		0		194		155		106	
3	88		39		0		213		159		88	
4	94		45		0		177		110		94	
5	62		13		0		141		92		62	
6	45		12		0		145		71		45	
7	99		77		0		155		139		99	
8	72		34		0		134		115		72	
9	63		26		0		151		114		63	
10	65		51		0		117		88		65	
11	96		64		0		157		128		96	
12	123		48		0		219		181		123	
13	88		34		0		171		121		88	
14	53		32		0		182		127		53	
15	92		59		0		182		130		92	
16	94		33		0		143		114		94	
17	90		57		0		170		134		90	
18	82		24		0		142		92		82	
19	92		48		0		175		127		92	
20	89		33		0		196		132		89	
21	29		8		0		110		51		29	
22	61		39		0		141		109		61	
23	99		39		0		138		117		99	
24	33		17		0		84		59		33	
25	57		14		0		147		94		57	
26	81		57		0		132		111		81	
27	73		32		0		214		146		73	
28	67		60		0		186		127		67	
29	49		0		0		131		85		49	
30	48		29		0		164		111		48	
31	86		37		0		174		113		86	
32	132		68		0		230		189		132	
33	99		53		0		227		157		99	
34	111		57		0		175		114		111	
35	88		45		0		143		129		88	
36	38		23		0		104		68		38	
37	55		28		0		143		83		55	
38	95		27		0		156		120		95	
39	89		30		0		184		141		89	
40	71		25		0		146		84		71	
41	63		49		0		112		89		63	
42	37		27		0		132		77		37	
43	60		29		0		111		92		60	
44	78		52		0		148		111		78	
45	66		30		0		126		96		66	
46	77		47		0		126		126		77	
47	80		48		0		181		134		80	
48	105		57		0		238		185		105	
49	94		35		0		191		140		94	
50	64		32		0		153		91		64	
Store10
1	114		88		28		0		152		114	
2	123		81		53		0		147		123	
3	121		80		45		0		146		121	
4	117		65		45		0		159		117	
5	75		56		33		0		117		75	
6	115		101		47		0		190		115	
7	170		101		55		0		208		170	
8	105		82		32		0		164		105	
9	100		55		21		0		135		100	
10	122		83		39		0		148		122	
11	79		40		28		0		133		79	
12	61		29		13		0		105		61	
13	91		54		10		0		132		91	
14	133		80		26		0		191		133	
15	93		54		26		0		129		93	
16	114		73		46		0		155		114	
17	109		61		38		0		163		109	
18	106		86		43		0		154		106	
19	89		51		39		0		145		89	
20	123		82		34		0		174		123	
21	152		128		62		0		193		152	
22	97		78		23		0		124		97	
23	144		120		47		0		189		144	
24	187		135		69		0		213		187	
25	165		134		72		0		198		165	
26	95		66		39		0		142		95	
27	135		82		43		0		172		135	
28	122		77		43		0		167		122	
29	155		140		80		0		197		155	
30	185		126		55		0		226		185	
31	115		77		49		0		115		115	
32	69		32		14		0		125		69	
33	107		74		36		0		168		107	
34	92		63		14		0		144		92	
35	155		112		51		0		184		155	
36	98		39		12		0		133		98	
37	135		77		51		0		160		135	
38	111		73		34		0		157		111	
39	188		127		60		0		223		188	
40	186		121		65		0		209		186	
41	111		77		45		0		151		111	
42	109		71		41		0		146		109	
43	109		83		51		0		141		109	
44	131		87		20		0		164		131	
45	152		73		51		0		179		152	
46	96		59		33		0		136		96	
47	169		113		43		0		210		169	
48	174		126		66		0		202		174	
49	127		76		28		0		167		127	
50	135		104		74		0		199		135	


Shipments from Vendor to Warehouse (V T):
0	0.7056893	0	0	0.3679913	
0	0.345324	0.6772566	0	0	
0	0.7945806	0	0.5266633	0	

Shipments from Warehouse to Stores (S T):
1	2	0.3475407
1	5	0.34819
2	2	0.329298
2	5	0.3712666
3	3	0.3524553
3	5	0.3246633
4	4	0.3242746
4	5	0.3188667
5	5	0.7304281
6	3	0.3369034
6	5	0.3441833
7	2	0.3557333
7	5	0.2748134
8	5	0.6668167
9	3	0.3443947
9	5	0.33299
10	4	0.345974
10	5	0.32231


Required Putaway workers (Sol T):
0	2	2	3	1	

No of required pickers (T):
0	4	4	3	15	

No of part-time putaway workers (T):
0	0	0	1	0	

No of part-time pickers (T):
0	0	0	0	5	

Best Putaway Technology: 3600
Best Picking Technology: 1000

Required Fashion Putaway Hours:
0	0	7.145833	19.98333	0	

Required Basic Putaway Hours:
0	14.95806	6.063334	3.773611	3.017778	

Required Total Putaway Hours:
0	14.95806	13.20917	23.75694	3.017778	

No of required fashion pick hours:
0	0	0	0	97.665	

No of required basic pick hours:
0	30.306	29.922	20.076	19.822	

No of required total pick hours:
0	30.306	29.922	20.076	117.487	

List of all the costs: 
MHECost		957
PutawayTechCost		4795
PickingTechCost		9130
WhBasicInvCost		1108.25
BasicInbCost		9187.117
WhFashionInvCost		1233.9
FashionInbCost		5417.063
PutawayCost		3440
StoreBasicInvCost		9887.6
StoreFashionInvCost		4883.25
OutboundCost		19570.61
PickingCost		17200
Total		86809.8

List of Top5 Technologies: 
Tech1		3	6	$ 87420.27
Tech2		4	6	$ 87786.75
Tech3		4	5	$ 112274.6
Tech4		4	1	$ 221185.6
Tech5		2	1	$ 258313.5
The start time is 12/31/2014 6:52:25 AM
The End time is 12/31/2014 6:53:28 AM
