Printing New Fashion Solution:

Inbound Fashion Solution (V F T):
1	1	2	4880
1	2	4	5725
1	3	2	4800
1	4	2	5830
1	5	4	4750
1	6	2	5625
1	7	2	5650
1	8	4	4510
1	9	4	5015
1	10	4	3915


Outbound Fashion Solution(S F T):
1	1	4	1150
1	2	5	1240
1	3	4	580
1	4	4	1320
1	5	5	725
1	6	4	880
1	7	4	1070
1	8	5	1025
1	9	5	650
1	10	5	1245
2	2	5	645
2	3	4	1050
2	4	4	1160
2	5	5	630
2	6	4	1125
2	7	4	1045
2	8	5	565
2	9	5	1450
2	10	5	750
3	1	4	1075
3	2	5	1035
3	3	4	735
3	4	3	1595
3	5	5	1630
3	6	4	1510
3	7	4	1075
3	8	5	1290
3	9	5	1705
3	10	5	835
4	1	4	1450
4	2	5	1085
4	3	4	1085
4	4	4	775
4	5	5	570
4	6	4	1315
4	7	4	1275
4	8	5	565
4	9	5	625
4	10	5	195
5	1	4	1205
5	2	5	1720
5	3	3	1350
5	4	4	980
5	5	5	1195
5	6	4	795
5	7	4	1185
5	8	5	1065
5	9	5	585
5	10	5	890


Warehouse Fashion Inventory (W F T):
1	0		4880		4880		0		0	
2	0		0		0		5725		0	
3	0		4800		3450		0		0	
4	0		5830		4235		0		0	
5	0		0		0		4750		0	
6	0		5625		5625		0		0	
7	0		5650		5650		0		0	
8	0		0		0		4510		0	
9	0		0		0		5015		0	
10	0		0		0		3915		0	

Store Fashion Inventory (S F T):
Store1
1	0		0		1150		1150	
2	0		0		0		1240	
3	0		0		580		580	
4	0		0		1320		1320	
5	0		0		0		725	
6	0		0		880		880	
7	0		0		1070		1070	
8	0		0		0		1025	
9	0		0		0		650	
10	0		0		0		1245	
Store2
1	0		0		0		0	
2	0		0		0		645	
3	0		0		1050		1050	
4	0		0		1160		1160	
5	0		0		0		630	
6	0		0		1125		1125	
7	0		0		1045		1045	
8	0		0		0		565	
9	0		0		0		1450	
10	0		0		0		750	
Store3
1	0		0		1075		1075	
2	0		0		0		1035	
3	0		0		735		735	
4	0		1595		1595		1595	
5	0		0		0		1630	
6	0		0		1510		1510	
7	0		0		1075		1075	
8	0		0		0		1290	
9	0		0		0		1705	
10	0		0		0		835	
Store4
1	0		0		1450		1450	
2	0		0		0		1085	
3	0		0		1085		1085	
4	0		0		775		775	
5	0		0		0		570	
6	0		0		1315		1315	
7	0		0		1275		1275	
8	0		0		0		565	
9	0		0		0		625	
10	0		0		0		195	
Store5
1	0		0		1205		1205	
2	0		0		0		1720	
3	0		1350		1350		1350	
4	0		0		980		980	
5	0		0		0		1195	
6	0		0		795		795	
7	0		0		1185		1185	
8	0		0		0		1065	
9	0		0		0		585	
10	0		0		0		890	


Fashion Shipments from Vendor to Warehouse (V T):
0	0.9942567	0	0.8713567	

Printing New Basic Solution:

Inbound Solution (V P T):
1	1	1	3677
1	1	3	409
1	2	1	4318
1	2	3	1080
1	3	1	2555
1	3	3	2556
1	4	1	1402
1	4	3	3273
1	5	1	2290
1	5	3	2290
1	6	1	516
1	6	3	4647
1	7	1	1339
1	7	3	3126
1	8	1	3195
1	8	3	2131
1	9	1	2697
1	9	3	1798
1	10	1	1468
1	10	3	3427


Outbound Solution(S P T):
1	1	1	991
1	2	1	976
1	3	1	1055
1	4	1	1023
1	5	1	812
1	6	1	1198
1	7	1	944
1	8	1	1209
1	9	1	1124
1	10	1	966
2	1	2	896
2	2	2	985
2	3	2	1183
2	4	2	1220
2	5	2	816
2	6	2	881
2	7	2	928
2	8	2	1117
2	9	2	819
2	10	2	926
3	1	3	715
3	2	3	1051
3	3	3	969
3	4	3	981
3	5	3	1081
3	6	3	988
3	7	3	1066
3	8	3	1043
3	9	3	1038
3	10	3	825
4	1	1	769
4	2	1	1309
4	3	1	1058
4	4	1	571
4	5	1	940
4	6	1	1044
4	7	1	556
4	8	1	1137
4	9	1	601
4	10	1	890
5	1	3	715
5	2	3	1077
5	3	3	846
5	4	3	880
5	5	3	931
5	6	3	1052
5	7	3	971
5	8	3	820
5	9	3	913
5	10	3	1288


Warehouse Inventory (W P T):
1	0		1917		1021		0		0		0	
2	0		2033		1048		0		0		0	
3	741		1183		0		741		741		741	
4	1412		1220		0		1412		1412		1412	
5	278		816		0		278		278		278	
6	2607		881		0		2607		2607		2607	
7	1089		928		0		1089		1089		1089	
8	268		1117		0		268		268		268	
9	0		972		153		0		0		0	
10	1314		926		0		1314		1314		1314	

Store Inventory (S P T):
Store1
1	0		907		674		404		116		0	
2	0		842		640		434		236		0	
3	0		845		520		393		226		0	
4	0		789		560		419		259		0	
5	0		634		458		297		160		0	
6	0		965		748		439		172		0	
7	0		809		575		216		54		0	
8	0		868		632		483		256		0	
9	0		835		689		445		287		0	
10	0		882		699		463		225		0	
Store2
1	124		0		647		392		303		124	
2	144		0		750		484		202		144	
3	225		0		965		808		572		225	
4	212		0		956		705		442		212	
5	187		0		653		420		244		187	
6	76		0		615		425		244		76	
7	316		0		717		582		467		316	
8	135		0		822		434		172		135	
9	107		0		767		580		428		107	
10	256		0		673		534		369		256	
Store3
1	244		61		0		495		445		244	
2	342		204		0		986		610		342	
3	306		206		0		745		463		306	
4	360		200		0		806		551		360	
5	358		163		0		867		517		358	
6	456		200		0		781		554		456	
7	359		188		0		768		602		359	
8	340		91		0		774		603		340	
9	338		191		0		814		507		338	
10	158		158		0		558		446		158	
Store4
1	0		614		468		313		127		0	
2	0		1055		831		522		316		0	
3	0		908		744		455		242		0	
4	0		398		398		300		121		0	
5	0		701		499		442		155		0	
6	0		844		700		383		153		0	
7	0		524		412		313		74		0	
8	0		1024		741		503		310		0	
9	0		483		397		381		315		0	
10	0		573		409		314		242		0	
Store5
1	296		151		0		589		473		296	
2	373		215		0		849		655		373	
3	382		130		0		734		599		382	
4	397		256		0		717		590		397	
5	385		177		0		831		656		385	
6	331		153		0		833		574		331	
7	452		267		0		763		500		452	
8	211		110		0		720		467		211	
9	460		241		0		686		577		460	
10	481		205		0		1035		780		481	


Shipments from Vendor to Warehouse (V T):
0.8304694	0	0.9971887	0	0	

Shipments from Warehouse to Stores (S T):
1	1	0.3909427
1	4	0.1832067
1	5	0.1695033
2	2	0.382522
2	4	0.1910067
2	5	0.15237
3	3	0.461158
3	4	0.1414833
3	5	0.2424234
4	1	0.343902
4	4	0.19718
4	5	0.11542
5	3	0.3862333
5	4	0.14428
5	5	0.19164


Required Putaway workers (Sol T):
3	3	3	3	0	

No of required pickers (T):
5	3	6	6	6	

No of part-time putaway workers (T):
1	1	1	1	0	

No of part-time pickers (T):
1	0	2	2	2	

Best Putaway Technology: 1200
Best Picking Technology: 500

Required Fashion Putaway Hours:
0	22.32083	0	19.92917	0	

Required Basic Putaway Hours:
19.5475	0	20.61417	0	0	

Required Total Putaway Hours:
19.5475	22.32083	20.61417	19.92917	0	

No of required fashion pick hours:
0	0	5.89	47.68	47.83	

No of required basic pick hours:
38.346	19.542	38.5	0	0	

No of required total pick hours:
38.346	19.542	44.39	47.68	47.83	

List of all the costs: 
MHECost		378
PutawayTechCost		1060
PickingTechCost		3195
WhBasicInvCost		373.42
BasicInbCost		4573.061
WhFashionInvCost		745.4
FashionInbCost		4150.102
PutawayCost		4160
StoreBasicInvCost		4726.45
StoreFashionInvCost		4021.5
OutboundCost		10708.25
PickingCost		8080
Total		46171.18

List of Top5 Technologies: 
Tech1		2	5	$ 46171.18
Tech2		2	4	$ 52005.52
Tech3		1	4	$ 54489.95
Tech4		1	6	$ 55172.17
Tech5		1	2	$ 66845.58
The start time is 12/17/2014 8:21:17 PM
The End time is 12/17/2014 8:21:22 PM
