Printing New Fashion Solution:

Inbound Fashion Solution (V F T):
1	1	4	4880
1	2	4	5725
1	3	4	4800
1	4	4	5830
1	5	4	4750
1	6	3	5625
1	7	3	5650
1	8	3	4510
1	9	3	5015
1	10	4	3915


Outbound Fashion Solution(S F T):
1	1	5	1150
1	2	5	1240
1	3	5	580
1	4	5	1320
1	5	5	725
1	6	4	880
1	7	5	1070
1	8	4	1025
1	9	4	650
1	10	5	1245
2	2	5	645
2	3	5	1050
2	4	5	1160
2	5	5	630
2	6	5	1125
2	7	5	1045
2	8	5	565
2	9	5	1450
2	10	5	750
3	1	5	1075
3	2	5	1035
3	3	5	735
3	4	5	1595
3	5	5	1630
3	6	5	1510
3	7	5	1075
3	8	5	1290
3	9	5	1705
3	10	5	835
4	1	5	1450
4	2	5	1085
4	3	5	1085
4	4	5	775
4	5	5	570
4	6	4	1315
4	7	4	1275
4	8	5	565
4	9	5	625
4	10	5	195
5	1	5	1205
5	2	5	1720
5	3	5	1350
5	4	5	980
5	5	5	1195
5	6	5	795
5	7	5	1185
5	8	5	1065
5	9	5	585
5	10	5	890


Warehouse Fashion Inventory (W F T):
1	0		0		0		4880		0	
2	0		0		0		5725		0	
3	0		0		0		4800		0	
4	0		0		0		5830		0	
5	0		0		0		4750		0	
6	0		0		5625		3430		0	
7	0		0		5650		4375		0	
8	0		0		4510		3485		0	
9	0		0		5015		4365		0	
10	0		0		0		3915		0	

Store Fashion Inventory (S F T):
Store1
1	0		0		0		1150	
2	0		0		0		1240	
3	0		0		0		580	
4	0		0		0		1320	
5	0		0		0		725	
6	0		0		880		880	
7	0		0		0		1070	
8	0		0		1025		1025	
9	0		0		650		650	
10	0		0		0		1245	
Store2
1	0		0		0		0	
2	0		0		0		645	
3	0		0		0		1050	
4	0		0		0		1160	
5	0		0		0		630	
6	0		0		0		1125	
7	0		0		0		1045	
8	0		0		0		565	
9	0		0		0		1450	
10	0		0		0		750	
Store3
1	0		0		0		1075	
2	0		0		0		1035	
3	0		0		0		735	
4	0		0		0		1595	
5	0		0		0		1630	
6	0		0		0		1510	
7	0		0		0		1075	
8	0		0		0		1290	
9	0		0		0		1705	
10	0		0		0		835	
Store4
1	0		0		0		1450	
2	0		0		0		1085	
3	0		0		0		1085	
4	0		0		0		775	
5	0		0		0		570	
6	0		0		1315		1315	
7	0		0		1275		1275	
8	0		0		0		565	
9	0		0		0		625	
10	0		0		0		195	
Store5
1	0		0		0		1205	
2	0		0		0		1720	
3	0		0		0		1350	
4	0		0		0		980	
5	0		0		0		1195	
6	0		0		0		795	
7	0		0		0		1185	
8	0		0		0		1065	
9	0		0		0		585	
10	0		0		0		890	


Fashion Shipments from Vendor to Warehouse (V T):
0	0	0.9063967	0.9592167	

Printing New Basic Solution:

Inbound Solution (V P T):
1	1	1	3678
1	1	2	408
1	2	1	2160
1	2	2	3238
1	3	1	2556
1	3	2	2555
1	4	1	3740
1	4	2	935
1	5	1	1832
1	5	2	2748
1	6	1	3098
1	6	2	2065
1	7	1	2233
1	7	2	2232
1	8	1	1066
1	8	2	4260
1	9	1	2248
1	9	2	2247
1	10	1	4895


Outbound Solution(S P T):
1	1	4	991
1	2	4	976
1	3	4	1055
1	4	4	1023
1	5	4	812
1	6	4	1198
1	7	4	944
1	8	4	1209
1	9	4	1124
1	10	4	966
2	1	2	896
2	2	2	985
2	3	2	1183
2	4	2	1220
2	5	2	816
2	6	2	881
2	7	2	928
2	8	2	1117
2	9	2	819
2	10	2	926
3	1	1	514
3	1	5	201
3	2	1	783
3	2	5	268
3	3	1	812
3	3	5	157
3	4	1	790
3	4	5	191
3	5	1	922
3	5	5	159
3	6	1	890
3	6	5	98
3	7	1	823
3	7	5	243
3	8	1	780
3	8	5	263
3	9	1	869
3	9	5	169
3	10	1	537
3	10	5	288
4	1	4	769
4	2	4	1309
4	3	4	1058
4	4	4	571
4	5	4	940
4	6	4	1044
4	7	4	556
4	8	4	1137
4	9	4	601
4	10	4	890
5	1	1	715
5	2	1	1077
5	3	1	846
5	4	1	880
5	5	1	931
5	6	1	1052
5	7	1	971
5	8	1	820
5	9	1	913
5	10	1	1288


Warehouse Inventory (W P T):
1	0		2449		1961		1961		201		0	
2	0		300		2553		2553		268		0	
3	0		898		2270		2270		157		0	
4	0		2070		1785		1785		191		0	
5	21		0		1932		1932		180		21	
6	0		1156		2340		2340		98		0	
7	0		439		1743		1743		243		0	
8	534		0		3143		3143		797		534	
9	0		466		1894		1894		169		0	
10	0		3070		2144		2144		288		0	

Store Inventory (S P T):
Store1
1	587		503		270		0		703		587	
2	542		408		206		0		778		542	
3	662		452		127		0		888		662	
4	604		370		141		0		863		604	
5	515		337		161		0		675		515	
6	759		526		309		0		931		759	
7	728		593		359		0		782		728	
8	726		385		149		0		982		726	
9	679		390		244		0		966		679	
10	503		419		236		0		728		503	
Store2
1	124		0		647		392		303		124	
2	144		0		750		484		202		144	
3	225		0		965		808		572		225	
4	212		0		956		705		442		212	
5	187		0		653		420		244		187	
6	76		0		615		425		244		76	
7	316		0		717		582		467		316	
8	135		0		822		434		172		135	
9	107		0		767		580		428		107	
10	256		0		673		534		369		256	
Store3
1	0		331		270		50		0		0	
2	0		645		441		376		0		0	
3	0		712		506		282		0		0	
4	0		630		430		255		0		0	
5	0		727		564		350		0		0	
6	0		634		434		227		0		0	
7	0		652		464		166		0		0	
8	0		531		440		171		0		0	
9	0		722		531		307		0		0	
10	0		537		379		112		0		0	
Store4
1	456		301		155		0		583		456	
2	787		533		309		0		1103		787	
3	603		453		289		0		845		603	
4	271		98		98		0		392		271	
5	498		259		57		0		653		498	
6	661		461		317		0		814		661	
7	243		211		99		0		317		243	
8	634		521		238		0		944		634	
9	220		102		16		0		535		220	
10	576		259		95		0		818		576	
Store5
1	0		570		419		293		177		0	
2	0		919		704		476		282		0	
3	0		594		464		352		217		0	
4	0		739		483		320		193		0	
5	0		723		546		446		271		0	
6	0		874		721		502		243		0	
7	0		786		519		311		48		0	
8	0		719		609		509		256		0	
9	0		694		453		226		117		0	
10	0		1012		807		554		299		0	


Shipments from Vendor to Warehouse (V T):
0.9999307	0.8277274	0	0	0	

Shipments from Warehouse to Stores (S T):
1	4	0.5156393
1	5	0.2280133
2	2	0.382522
2	5	0.3433767
3	1	0.29255
3	5	0.5525147
4	4	0.4497087
4	5	0.2067933
5	1	0.3448333
5	5	0.37732


Required Putaway workers (Sol T):
3	3	3	4	0	

No of required pickers (T):
3	2	0	4	6	

No of part-time putaway workers (T):
0	0	0	1	0	

No of part-time pickers (T):
0	0	0	0	2	

Best Putaway Technology: 1200
Best Picking Technology: 1000

Required Fashion Putaway Hours:
0	0	17.33333	24.91667	0	

Required Basic Putaway Hours:
22.92167	17.24	0	0	0	

Required Total Putaway Hours:
22.92167	17.24	17.33333	24.91667	0	

No of required fashion pick hours:
0	0	0	5.145	45.555	

No of required basic pick hours:
17.213	9.771	0	19.173	2.037	

No of required total pick hours:
17.213	9.771	0	24.318	47.592	

List of all the costs: 
MHECost		432
PutawayTechCost		1060
PickingTechCost		9130
WhBasicInvCost		575.2499
BasicInbCost		4573.061
WhFashionInvCost		663.55
FashionInbCost		4150.102
PutawayCost		5040
StoreBasicInvCost		4424.35
StoreFashionInvCost		2792.25
OutboundCost		7763.153
PickingCost		6880
Total		47483.71

List of Top5 Technologies: 
Tech1		3	5	$ 48668.48
Tech2		2	5	$ 49317.52
Tech3		2	4	$ 51793.71
Tech4		2	6	$ 54232.25
Tech5		2	1	$ 88660.86
The start time is 12/17/2014 8:20:56 PM
The End time is 12/17/2014 8:21:04 PM
