Printing New Fashion Solution:

Inbound Fashion Solution (V F T):
1	1	1	4880
1	2	1	5725
1	3	1	4800
1	4	1	5830
1	5	1	4750
1	6	1	5625
1	7	1	5650
1	8	1	4510
1	9	1	5015
1	10	1	3915


Outbound Fashion Solution(S F T):
1	1	4	1150
1	2	4	1240
1	3	4	580
1	4	3	1320
1	5	4	725
1	6	4	880
1	7	4	1070
1	8	4	1025
1	9	3	650
1	10	4	1245
2	2	4	645
2	3	3	1050
2	4	3	1160
2	5	4	630
2	6	3	1125
2	7	4	1045
2	8	3	565
2	9	3	1450
2	10	3	750
3	1	4	1075
3	2	3	1035
3	3	2	735
3	4	4	1595
3	5	2	1630
3	6	4	1510
3	7	4	1075
3	8	4	1290
3	9	2	1705
3	10	3	835
4	1	3	1450
4	2	3	1085
4	3	3	1085
4	4	4	775
4	5	3	570
4	6	3	1315
4	7	4	1275
4	8	3	565
4	9	3	625
4	10	3	195
5	1	2	1205
5	2	2	1720
5	3	2	1350
5	4	3	980
5	5	2	1195
5	6	2	795
5	7	3	1185
5	8	2	1065
5	9	3	585
5	10	3	890


Warehouse Fashion Inventory (W F T):
1	4880		3675		2225		0		0	
2	5725		4005		1885		0		0	
3	4800		2715		580		0		0	
4	5830		5830		2370		0		0	
5	4750		1925		1355		0		0	
6	5625		4830		2390		0		0	
7	5650		5650		4465		0		0	
8	4510		3445		2315		0		0	
9	5015		3310		0		0		0	
10	3915		3915		1245		0		0	

Store Fashion Inventory (S F T):
Store1
1	0		0		1150		1150	
2	0		0		1240		1240	
3	0		0		580		580	
4	0		1320		1320		1320	
5	0		0		725		725	
6	0		0		880		880	
7	0		0		1070		1070	
8	0		0		1025		1025	
9	0		650		650		650	
10	0		0		1245		1245	
Store2
1	0		0		0		0	
2	0		0		645		645	
3	0		1050		1050		1050	
4	0		1160		1160		1160	
5	0		0		630		630	
6	0		1125		1125		1125	
7	0		0		1045		1045	
8	0		565		565		565	
9	0		1450		1450		1450	
10	0		750		750		750	
Store3
1	0		0		1075		1075	
2	0		1035		1035		1035	
3	735		735		735		735	
4	0		0		1595		1595	
5	1630		1630		1630		1630	
6	0		0		1510		1510	
7	0		0		1075		1075	
8	0		0		1290		1290	
9	1705		1705		1705		1705	
10	0		835		835		835	
Store4
1	0		1450		1450		1450	
2	0		1085		1085		1085	
3	0		1085		1085		1085	
4	0		0		775		775	
5	0		570		570		570	
6	0		1315		1315		1315	
7	0		0		1275		1275	
8	0		565		565		565	
9	0		625		625		625	
10	0		195		195		195	
Store5
1	1205		1205		1205		1205	
2	1720		1720		1720		1720	
3	1350		1350		1350		1350	
4	0		980		980		980	
5	1195		1195		1195		1195	
6	795		795		795		795	
7	0		1185		1185		1185	
8	1065		1065		1065		1065	
9	0		585		585		585	
10	0		890		890		890	


Fashion Shipments from Vendor to Warehouse (V T):
1.865613	0	0	0	

Printing New Basic Solution:

Inbound Solution (V P T):
1	1	2	1225
1	1	5	2861
1	2	2	2699
1	2	5	2699
1	3	2	1533
1	3	5	3578
1	4	2	3740
1	4	5	935
1	5	2	1832
1	5	5	2748
1	6	2	5163
1	7	5	4465
1	8	2	1597
1	8	5	3729
1	9	2	1798
1	9	5	2697
1	10	2	1958
1	10	5	2937


Outbound Solution(S P T):
1	1	5	991
1	2	5	976
1	3	5	1055
1	4	5	1023
1	5	5	812
1	6	5	1198
1	7	5	944
1	8	5	1209
1	9	5	1124
1	10	5	966
2	1	1	683
2	1	4	213
2	2	1	559
2	2	4	426
2	3	1	722
2	3	4	461
2	4	1	745
2	4	4	475
2	5	1	453
2	5	4	363
2	6	1	624
2	6	4	257
2	7	1	497
2	7	4	431
2	8	1	720
2	8	4	397
2	9	1	560
2	9	4	259
2	10	1	505
2	10	4	421
3	1	2	715
3	2	2	1051
3	3	2	969
3	4	2	981
3	5	2	1081
3	6	2	988
3	7	2	1066
3	8	2	1043
3	9	2	1038
3	10	2	825
4	1	3	146
4	1	5	623
4	2	3	224
4	2	5	1085
4	3	3	164
4	3	5	894
4	4	5	571
4	5	3	202
4	5	5	738
4	6	3	144
4	6	5	900
4	7	3	112
4	7	5	444
4	8	3	283
4	8	5	854
4	9	3	86
4	9	5	515
4	10	3	164
4	10	5	726
5	1	1	715
5	2	1	1077
5	3	1	846
5	4	1	880
5	5	1	931
5	6	1	1052
5	7	1	971
5	8	1	820
5	9	1	913
5	10	1	1288


Warehouse Inventory (W P T):
1	1398		0		510		364		151		1398	
2	1636		0		1648		1424		998		1636	
3	1629		61		625		461		0		1629	
4	1625		0		2759		2759		2284		1625	
5	1384		0		751		549		186		1384	
6	1676		0		4175		4031		3774		1676	
7	3077		1609		543		431		0		3077	
8	1666		126		680		397		0		1666	
9	1473		0		760		674		415		1473	
10	1793		0		1133		969		548		1793	

Store Inventory (S P T):
Store1
1	875		791		558		288		0		875	
2	740		606		404		198		0		740	
3	829		619		294		167		0		829	
4	764		530		301		160		0		764	
5	652		474		298		137		0		652	
6	1026		793		576		267		0		1026	
7	890		755		521		162		0		890	
8	953		612		376		227		0		953	
9	837		548		402		158		0		837	
10	741		657		474		238		0		741	
Store2
1	0		559		310		55		179		0	
2	86		501		266		0		144		86	
3	0		497		279		122		347		0	
4	0		533		269		18		230		0	
5	130		396		233		0		187		130	
6	0		548		282		92		168		0	
7	165		346		135		0		316		165	
8	98		683		388		0		135		98	
9	0		453		401		214		321		0	
10	143		392		139		0		256		143	
Store3
1	183		0		654		434		384		183	
2	138		0		847		782		406		138	
3	100		0		763		539		257		100	
4	160		0		781		606		351		160	
5	195		0		918		704		354		195	
6	256		0		788		581		354		256	
7	171		0		878		580		414		171	
8	249		0		952		683		512		249	
9	147		0		847		623		316		147	
10	0		0		667		400		288		0	
Store4
1	496		341		195		186		0		496	
2	769		515		291		206		0		769	
3	652		502		338		213		0		652	
4	450		277		277		179		0		450	
5	583		344		142		287		0		583	
6	747		547		403		230		0		747	
7	370		338		226		239		0		370	
8	544		431		148		193		0		544	
9	204		86		0		70		4		204	
10	484		167		3		72		0		484	
Store5
1	0		570		419		293		177		0	
2	0		919		704		476		282		0	
3	0		594		464		352		217		0	
4	0		739		483		320		193		0	
5	0		723		546		446		271		0	
6	0		874		721		502		243		0	
7	0		786		519		311		48		0	
8	0		719		609		509		256		0	
9	0		694		453		226		117		0	
10	0		1012		807		554		299		0	


Shipments from Vendor to Warehouse (V T):
0	0.886132	0	0	0.9415261	

Shipments from Warehouse to Stores (S T):
1	3	0.1104
1	4	0.24231
1	5	0.3909427
2	1	0.238688
2	3	0.27214
2	4	0.2150707
3	2	0.5165647
3	3	0.05451667
3	4	0.2739833
4	3	0.28776
4	4	0.08305
4	5	0.285692
5	1	0.3448333
5	2	0.2380767
5	3	0.1392433


Required Putaway workers (Sol T):
3	2	0	0	2	

No of required pickers (T):
4	6	6	6	5	

No of part-time putaway workers (T):
1	0	0	0	0	

No of part-time pickers (T):
0	2	2	2	1	

Best Putaway Technology: 2400
Best Picking Technology: 500

Required Fashion Putaway Hours:
21.125	0	0	0	0	

Required Basic Putaway Hours:
0	8.977083	0	0	11.10375	

Required Total Putaway Hours:
21.125	8.977083	0	0	11.10375	

No of required fashion pick hours:
0	22.8	40.94	37.66	0	

No of required basic pick hours:
31.122	19.514	3.05	7.406	35.296	

No of required total pick hours:
31.122	42.314	43.99	45.066	35.296	

List of all the costs: 
MHECost		407
PutawayTechCost		3540
PickingTechCost		3195
WhBasicInvCost		531.52
BasicInbCost		4573.061
WhFashionInvCost		1088.3
FashionInbCost		4150.102
PutawayCost		3440
StoreBasicInvCost		4168.6
StoreFashionInvCost		7233.5
OutboundCost		10708.25
PickingCost		8080
Total		51115.33

List of Top5 Technologies: 
Tech1		3	5	$ 51115.33
Tech2		4	5	$ 52626.59
Tech3		1	5	$ 55040.45
Tech4		1	3	$ 60462.62
Tech5		1	1	$ 84960.62
The start time is 12/17/2014 8:21:04 PM
The End time is 12/17/2014 8:21:10 PM
