Printing New Fashion Solution:

Inbound Fashion Solution (V F T):
1	1	4	5550
1	2	4	5975
1	3	4	5255
1	4	4	5380
1	5	4	4095
1	6	4	5055
1	7	1	4055
1	8	4	5095
1	9	1	6425
1	10	1	4710


Outbound Fashion Solution(S F T):
1	1	5	1410
1	2	5	1805
1	3	5	905
1	4	5	1605
1	5	5	225
1	6	5	265
1	7	3	810
1	8	5	480
1	9	3	1330
1	10	3	1920
2	1	5	990
2	2	5	1255
2	3	5	1220
2	4	5	1295
2	5	5	715
2	6	5	1650
2	7	4	685
2	8	5	1395
2	9	4	1310
2	10	4	720
3	1	5	1265
3	2	5	1075
3	3	5	1170
3	4	5	570
3	5	5	1090
3	6	5	425
3	7	3	990
3	8	5	1040
3	9	3	1200
3	10	3	445
4	1	5	935
4	2	5	1205
4	3	5	780
4	4	5	1285
4	5	5	755
4	6	5	1575
4	7	4	635
4	8	5	900
4	9	4	1305
4	10	4	510
5	1	5	950
5	2	5	635
5	3	5	1180
5	4	5	625
5	5	5	1310
5	6	5	1140
5	7	2	935
5	8	5	1280
5	9	3	1280
5	10	3	1115


Warehouse Fashion Inventory (W F T):
1	0		0		0		5550		0	
2	0		0		0		5975		0	
3	0		0		0		5255		0	
4	0		0		0		5380		0	
5	0		0		0		4095		0	
6	0		0		0		5055		0	
7	4055		3120		1320		0		0	
8	0		0		0		5095		0	
9	6425		6425		2615		0		0	
10	4710		4710		1230		0		0	

Store Fashion Inventory (S F T):
Store1
1	0		0		0		1410	
2	0		0		0		1805	
3	0		0		0		905	
4	0		0		0		1605	
5	0		0		0		225	
6	0		0		0		265	
7	0		810		810		810	
8	0		0		0		480	
9	0		1330		1330		1330	
10	0		1920		1920		1920	
Store2
1	0		0		0		990	
2	0		0		0		1255	
3	0		0		0		1220	
4	0		0		0		1295	
5	0		0		0		715	
6	0		0		0		1650	
7	0		0		685		685	
8	0		0		0		1395	
9	0		0		1310		1310	
10	0		0		720		720	
Store3
1	0		0		0		1265	
2	0		0		0		1075	
3	0		0		0		1170	
4	0		0		0		570	
5	0		0		0		1090	
6	0		0		0		425	
7	0		990		990		990	
8	0		0		0		1040	
9	0		1200		1200		1200	
10	0		445		445		445	
Store4
1	0		0		0		935	
2	0		0		0		1205	
3	0		0		0		780	
4	0		0		0		1285	
5	0		0		0		755	
6	0		0		0		1575	
7	0		0		635		635	
8	0		0		0		900	
9	0		0		1305		1305	
10	0		0		510		510	
Store5
1	0		0		0		950	
2	0		0		0		635	
3	0		0		0		1180	
4	0		0		0		625	
5	0		0		0		1310	
6	0		0		0		1140	
7	935		935		935		935	
8	0		0		0		1280	
9	0		1280		1280		1280	
10	0		1115		1115		1115	


Fashion Shipments from Vendor to Warehouse (V T):
0.5707467	0	0	1.620347	

Printing New Basic Solution:

Inbound Solution (V P T):
1	1	2	3051
1	1	3	1307
1	2	2	1108
1	2	3	4432
1	3	2	3961
1	3	3	990
1	4	2	1093
1	4	3	4369
1	5	2	4285
1	5	3	1071
1	6	2	474
1	6	3	4260
1	7	2	926
1	7	3	3700
1	8	2	4500
1	8	3	499
1	9	2	1964
1	9	3	2946
1	10	2	3993
1	10	3	998


Outbound Solution(S P T):
1	1	3	692
1	2	3	1029
1	3	3	1034
1	4	3	1095
1	5	3	1221
1	6	3	986
1	7	3	1056
1	8	3	1012
1	9	3	823
1	10	3	1134
2	1	4	1063
2	2	4	1282
2	3	4	831
2	4	4	859
2	5	4	1003
2	6	4	1095
2	7	4	1008
2	8	4	1008
2	9	4	968
2	10	4	970
3	1	3	839
3	2	3	1088
3	3	3	921
3	4	3	1068
3	5	3	1030
3	6	3	1033
3	7	3	844
3	8	3	921
3	9	3	1295
3	10	3	975
4	1	4	1017
4	2	4	1072
4	3	4	1119
4	4	4	1338
4	5	4	1063
4	6	4	927
4	7	4	737
4	8	4	925
4	9	4	825
4	10	4	1173
5	1	2	747
5	2	2	1069
5	3	2	1046
5	4	2	1102
5	5	2	1039
5	6	2	693
5	7	2	981
5	8	2	1133
5	9	2	999
5	10	2	739


Warehouse Inventory (W P T):
1	0		0		2304		2080		0		0	
2	0		0		39		2354		0		0	
3	0		0		2915		1950		0		0	
4	9		9		0		2206		9		9	
5	0		0		3246		2066		0		0	
6	219		219		0		2241		219		219	
7	55		55		0		1800		55		55	
8	0		0		3367		1933		0		0	
9	0		0		965		1793		0		0	
10	0		0		3254		2143		0		0	

Store Inventory (S P T):
Store1
1	336		181		0		650		577		336	
2	358		137		0		888		526		358	
3	274		106		0		811		573		274	
4	397		190		0		698		542		397	
5	468		232		0		993		715		468	
6	236		137		0		702		472		236	
7	461		212		0		981		765		461	
8	578		265		0		748		704		578	
9	271		107		0		638		426		271	
10	398		257		0		992		696		398	
Store2
1	709		459		156		0		893		709	
2	788		564		296		0		960		788	
3	581		340		215		0		594		581	
4	558		494		256		0		763		558	
5	656		533		278		0		916		656	
6	650		494		267		0		775		650	
7	645		420		244		0		800		645	
8	583		449		265		0		785		583	
9	679		497		215		0		885		679	
10	611		473		135		0		733		611	
Store3
1	404		180		0		736		528		404	
2	226		108		0		773		432		226	
3	196		160		0		921		603		196	
4	327		77		0		729		596		327	
5	420		238		0		803		589		420	
6	487		107		0		836		602		487	
7	372		98		0		600		422		372	
8	413		300		0		739		611		413	
9	566		259		0		1042		865		566	
10	342		175		0		728		529		342	
Store4
1	653		351		231		0		912		653	
2	478		421		160		0		781		478	
3	345		284		133		0		792		345	
4	649		346		245		0		945		649	
5	501		445		187		0		765		501	
6	505		316		218		0		767		505	
7	640		400		149		0		714		640	
8	525		356		128		0		764		525	
9	396		189		114		0		605		396	
10	632		317		185		0		869		632	
Store5
1	99		0		572		450		188		99	
2	183		0		841		608		368		183	
3	151		0		770		506		212		151	
4	292		0		898		792		544		292	
5	91		0		654		483		351		91	
6	133		0		499		400		286		133	
7	157		0		636		436		294		157	
8	222		0		778		529		443		222	
9	218		0		824		708		433		218	
10	103		0		638		344		241		103	


Shipments from Vendor to Warehouse (V T):
0	0.727286	0.7127014	0	0	

Shipments from Warehouse to Stores (S T):
1	3	0.4666593
1	5	0.2567867
2	4	0.3905373
2	5	0.3947
3	3	0.3844967
3	5	0.2858233
4	4	0.3614434
4	5	0.3422867
5	2	0.322254
5	3	0.08534334
5	5	0.34075


Required Putaway workers (Sol T):
2	3	3	4	0	

No of required pickers (T):
0	3	8	7	10	

No of part-time putaway workers (T):
0	0	0	1	0	

No of part-time pickers (T):
0	0	1	0	3	

Best Putaway Technology: 1200
Best Picking Technology: 500

Required Fashion Putaway Hours:
12.65833	0	0	30.3375	0	

Required Basic Putaway Hours:
0	21.12917	20.47667	0	0	

Required Total Putaway Hours:
12.65833	21.12917	20.47667	30.3375	0	

No of required fashion pick hours:
0	1.87	18.18	10.33	72.81	

No of required basic pick hours:
0	19.096	40.192	40.566	0	

No of required total pick hours:
0	20.966	58.372	50.896	72.81	

List of all the costs: 
MHECost		432
PutawayTechCost		1060
PickingTechCost		3195
WhBasicInvCost		375.0499
BasicInbCost		5688.961
WhFashionInvCost		710.15
FashionInbCost		3382.949
PutawayCost		5040
StoreBasicInvCost		4811.95
StoreFashionInvCost		3887.25
OutboundCost		9531.25
PickingCost		12160
Total		50274.56

List of Top5 Technologies: 
Tech1		2	5	$ 50274.56
Tech2		2	6	$ 52068.48
Tech3		2	2	$ 68290.77
Tech4		2	1	$ 95441.97
Tech5		1	1	$ 105116.9
The start time is 1/1/2015 11:42:01 AM
The End time is 1/1/2015 11:42:07 AM
