Printing New Fashion Solution:

Inbound Fashion Solution (V F T):
1	1	3	5550
1	2	3	5975
1	3	3	5255
1	4	1	5380
1	5	3	4095
1	6	1	5055
1	7	3	4055
1	8	1	5095
1	9	3	6425
1	10	1	4710


Outbound Fashion Solution(S F T):
1	1	5	1410
1	2	5	1805
1	3	5	905
1	4	4	1605
1	5	5	225
1	6	3	265
1	7	5	810
1	8	4	480
1	9	5	1330
1	10	3	1920
2	1	5	990
2	2	5	1255
2	3	5	1220
2	4	4	1295
2	5	4	715
2	6	4	1650
2	7	5	685
2	8	4	1395
2	9	4	1310
2	10	3	720
3	1	5	1265
3	2	4	1075
3	3	5	1170
3	4	3	570
3	5	4	1090
3	6	4	425
3	7	4	990
3	8	4	1040
3	9	5	1200
3	10	4	445
4	1	5	935
4	2	5	1205
4	3	5	780
4	4	4	1285
4	5	4	755
4	6	4	1575
4	7	4	635
4	8	3	900
4	9	5	1305
4	10	4	510
5	1	5	950
5	2	5	635
5	3	5	1180
5	4	4	625
5	5	4	1310
5	6	4	1140
5	7	5	935
5	8	3	1280
5	9	5	1280
5	10	3	1115


Warehouse Fashion Inventory (W F T):
1	0		0		5550		5550		0	
2	0		0		5975		4900		0	
3	0		0		5255		5255		0	
4	5380		5380		4810		0		0	
5	0		0		4095		225		0	
6	5055		5055		4790		0		0	
7	0		0		4055		2430		0	
8	5095		5095		2915		0		0	
9	0		0		6425		5115		0	
10	4710		4710		955		0		0	

Store Fashion Inventory (S F T):
Store1
1	0		0		0		1410	
2	0		0		0		1805	
3	0		0		0		905	
4	0		0		1605		1605	
5	0		0		0		225	
6	0		265		265		265	
7	0		0		0		810	
8	0		0		480		480	
9	0		0		0		1330	
10	0		1920		1920		1920	
Store2
1	0		0		0		990	
2	0		0		0		1255	
3	0		0		0		1220	
4	0		0		1295		1295	
5	0		0		715		715	
6	0		0		1650		1650	
7	0		0		0		685	
8	0		0		1395		1395	
9	0		0		1310		1310	
10	0		720		720		720	
Store3
1	0		0		0		1265	
2	0		0		1075		1075	
3	0		0		0		1170	
4	0		570		570		570	
5	0		0		1090		1090	
6	0		0		425		425	
7	0		0		990		990	
8	0		0		1040		1040	
9	0		0		0		1200	
10	0		0		445		445	
Store4
1	0		0		0		935	
2	0		0		0		1205	
3	0		0		0		780	
4	0		0		1285		1285	
5	0		0		755		755	
6	0		0		1575		1575	
7	0		0		635		635	
8	0		900		900		900	
9	0		0		0		1305	
10	0		0		510		510	
Store5
1	0		0		0		950	
2	0		0		0		635	
3	0		0		0		1180	
4	0		0		625		625	
5	0		0		1310		1310	
6	0		0		1140		1140	
7	0		0		0		935	
8	0		1280		1280		1280	
9	0		0		0		1280	
10	0		1115		1115		1115	


Fashion Shipments from Vendor to Warehouse (V T):
1.215073	0	0.97602	0	

Printing New Basic Solution:

Inbound Solution (V P T):
1	1	2	2179
1	1	4	2179
1	2	2	2770
1	2	4	2770
1	3	2	1980
1	3	4	2971
1	4	2	3277
1	4	4	2185
1	5	2	2142
1	5	4	3214
1	6	2	3313
1	6	4	1421
1	7	2	4163
1	7	4	463
1	8	2	1499
1	8	4	3500
1	9	2	2455
1	9	4	2455
1	10	2	1497
1	10	4	3494


Outbound Solution(S P T):
1	1	3	42
1	1	4	73
1	1	5	577
1	2	3	141
1	2	4	362
1	2	5	526
1	3	3	223
1	3	4	238
1	3	5	573
1	4	3	397
1	4	4	156
1	4	5	542
1	5	3	228
1	5	4	278
1	5	5	715
1	6	3	284
1	6	4	230
1	6	5	472
1	7	3	75
1	7	4	216
1	7	5	765
1	8	3	264
1	8	4	44
1	8	5	704
1	9	3	185
1	9	4	212
1	9	5	426
1	10	3	142
1	10	4	296
1	10	5	696
2	1	3	156
2	1	4	723
2	1	5	184
2	2	3	296
2	2	4	814
2	2	5	172
2	3	3	215
2	3	4	603
2	3	5	13
2	4	3	256
2	4	4	398
2	4	5	205
2	5	3	278
2	5	4	465
2	5	5	260
2	6	3	267
2	6	4	703
2	6	5	125
2	7	3	244
2	7	4	609
2	7	5	155
2	8	3	265
2	8	4	541
2	8	5	202
2	9	3	215
2	9	4	547
2	9	5	206
2	10	3	135
2	10	4	713
2	10	5	122
3	1	3	507
3	1	4	208
3	1	5	124
3	2	3	541
3	2	4	341
3	2	5	206
3	3	3	196
3	3	4	318
3	3	5	407
3	4	3	666
3	4	4	133
3	4	5	269
3	5	3	647
3	5	4	214
3	5	5	169
3	6	3	684
3	6	4	234
3	6	5	115
3	7	3	616
3	7	4	178
3	7	5	50
3	8	3	595
3	8	4	128
3	8	5	198
3	9	3	819
3	9	4	177
3	9	5	299
3	10	3	589
3	10	4	199
3	10	5	187
4	1	3	653
4	1	4	105
4	1	5	259
4	2	3	478
4	2	4	291
4	2	5	303
4	3	3	345
4	3	4	327
4	3	5	447
4	4	3	649
4	4	4	393
4	4	5	296
4	5	3	501
4	5	4	298
4	5	5	264
4	6	3	505
4	6	4	160
4	6	5	262
4	7	3	640
4	7	4	23
4	7	5	74
4	8	3	525
4	8	4	161
4	8	5	239
4	9	3	396
4	9	4	220
4	9	5	209
4	10	3	632
4	10	4	304
4	10	5	237
5	1	2	485
5	1	4	262
5	2	2	829
5	2	4	240
5	3	2	752
5	3	4	294
5	4	2	854
5	4	4	248
5	5	2	907
5	5	4	132
5	6	2	579
5	6	4	114
5	7	2	839
5	7	4	142
5	8	2	1047
5	8	4	86
5	9	2	724
5	9	4	275
5	10	2	636
5	10	4	103


Warehouse Inventory (W P T):
1	0		0		1694		336		1144		0	
2	0		0		1941		485		1207		0	
3	0		0		1228		249		1440		0	
4	0		0		2423		455		1312		0	
5	419		419		1654		0		1827		419	
6	0		0		2734		994		974		0	
7	0		0		3324		1749		1044		0	
8	1197		1197		1649		0		2540		1197	
9	0		0		1731		116		1140		0	
10	637		637		1498		0		1879		637	

Store Inventory (S P T):
Store1
1	336		181		0		0		0		336	
2	358		137		0		0		0		358	
3	274		106		0		0		0		274	
4	397		190		0		0		0		397	
5	468		232		0		0		0		468	
6	236		137		0		0		0		236	
7	461		212		0		0		0		461	
8	578		265		0		0		0		578	
9	271		107		0		0		0		271	
10	398		257		0		0		0		398	
Store2
1	553		303		0		0		553		553	
2	492		268		0		0		492		492	
3	366		125		0		0		366		366	
4	302		238		0		0		302		302	
5	378		255		0		0		378		378	
6	383		227		0		0		383		383	
7	401		176		0		0		401		401	
8	318		184		0		0		318		318	
9	464		282		0		0		464		464	
10	476		338		0		0		476		476	
Store3
1	404		180		0		404		404		404	
2	226		108		0		226		226		226	
3	196		160		0		196		196		196	
4	327		77		0		327		327		327	
5	420		238		0		420		420		420	
6	487		107		0		487		487		487	
7	372		98		0		372		372		372	
8	413		300		0		413		413		413	
9	566		259		0		566		566		566	
10	342		175		0		342		342		342	
Store4
1	422		120		0		422		422		422	
2	318		261		0		318		318		318	
3	212		151		0		212		212		212	
4	404		101		0		404		404		404	
5	314		258		0		314		314		314	
6	287		98		0		287		287		287	
7	491		251		0		491		491		491	
8	397		228		0		397		397		397	
9	282		75		0		282		282		282	
10	447		132		0		447		447		447	
Store5
1	99		0		310		188		188		99	
2	183		0		601		368		368		183	
3	151		0		476		212		212		151	
4	292		0		650		544		544		292	
5	91		0		522		351		351		91	
6	133		0		385		286		286		133	
7	157		0		494		294		294		157	
8	222		0		692		443		443		222	
9	218		0		549		433		433		218	
10	103		0		535		241		241		103	


Shipments from Vendor to Warehouse (V T):
0	0.7200846	0	0.7199026	0	

Shipments from Warehouse to Stores (S T):
1	3	0.197752
1	4	0.176212
1	5	0.349482
2	3	0.1163427
2	4	0.488864
2	5	0.1800307
3	3	0.204388
3	4	0.2985347
3	5	0.1673973
4	3	0.2020607
4	4	0.3289587
4	5	0.1727107
5	2	0.2269047
5	3	0.15105
5	4	0.220346
5	5	0.1500467


Required Putaway workers (Sol T):
3	3	4	3	0	

No of required pickers (T):
0	2	6	9	9	

No of part-time putaway workers (T):
0	0	1	0	0	

No of part-time pickers (T):
0	0	0	3	3	

Best Putaway Technology: 1200
Best Picking Technology: 500

Required Fashion Putaway Hours:
16.86667	0	26.12917	0	0	

Required Basic Putaway Hours:
0	21.0625	0	20.54333	0	

Required Total Putaway Hours:
16.86667	21.0625	26.12917	20.54333	0	

No of required fashion pick hours:
0	0	13.54	42.7	46.95	

No of required basic pick hours:
0	15.304	30.984	29.058	24.508	

No of required total pick hours:
0	15.304	44.524	71.758	71.458	

List of all the costs: 
MHECost		432
PutawayTechCost		1060
PickingTechCost		3195
WhBasicInvCost		432.73
BasicInbCost		5688.961
WhFashionInvCost		1087.8
FashionInbCost		3382.949
PutawayCost		5040
StoreBasicInvCost		2760.2
StoreFashionInvCost		4324.25
OutboundCost		12931.85
PickingCost		11040
Total		51375.74

List of Top5 Technologies: 
Tech1		2	5	$ 51375.74
Tech2		4	5	$ 53778.26
Tech3		4	4	$ 56278.19
Tech4		4	6	$ 58754.89
Tech5		4	1	$ 86926.69
The start time is 1/1/2015 11:42:01 AM
The End time is 1/1/2015 11:42:10 AM
