Printing New Fashion Solution:

Inbound Fashion Solution (V F T):
1	1	3	5550
1	2	3	5975
1	3	4	5255
1	4	4	5380
1	5	3	4095
1	6	3	5055
1	7	4	4055
1	8	3	5095
1	9	4	6425
1	10	3	4710


Outbound Fashion Solution(S F T):
1	1	4	1410
1	2	4	1805
1	3	5	905
1	4	5	1605
1	5	5	225
1	6	4	265
1	7	5	810
1	8	4	480
1	9	5	1330
1	10	4	1920
2	1	4	990
2	2	4	1255
2	3	5	1220
2	4	5	1295
2	5	4	715
2	6	4	1650
2	7	5	685
2	8	5	1395
2	9	5	1310
2	10	4	720
3	1	5	1265
3	2	5	1075
3	3	5	1170
3	4	5	570
3	5	5	1090
3	6	5	425
3	7	5	990
3	8	5	1040
3	9	5	1200
3	10	5	445
4	1	4	935
4	2	5	1205
4	3	5	780
4	4	5	1285
4	5	5	755
4	6	5	1575
4	7	5	635
4	8	5	900
4	9	5	1305
4	10	5	510
5	1	4	950
5	2	4	635
5	3	5	1180
5	4	5	625
5	5	4	1310
5	6	4	1140
5	7	5	935
5	8	5	1280
5	9	5	1280
5	10	5	1115


Warehouse Fashion Inventory (W F T):
1	0		0		5550		1265		0	
2	0		0		5975		2280		0	
3	0		0		0		5255		0	
4	0		0		0		5380		0	
5	0		0		4095		2070		0	
6	0		0		5055		2000		0	
7	0		0		0		4055		0	
8	0		0		5095		4615		0	
9	0		0		0		6425		0	
10	0		0		4710		2070		0	

Store Fashion Inventory (S F T):
Store1
1	0		0		1410		1410	
2	0		0		1805		1805	
3	0		0		0		905	
4	0		0		0		1605	
5	0		0		0		225	
6	0		0		265		265	
7	0		0		0		810	
8	0		0		480		480	
9	0		0		0		1330	
10	0		0		1920		1920	
Store2
1	0		0		990		990	
2	0		0		1255		1255	
3	0		0		0		1220	
4	0		0		0		1295	
5	0		0		715		715	
6	0		0		1650		1650	
7	0		0		0		685	
8	0		0		0		1395	
9	0		0		0		1310	
10	0		0		720		720	
Store3
1	0		0		0		1265	
2	0		0		0		1075	
3	0		0		0		1170	
4	0		0		0		570	
5	0		0		0		1090	
6	0		0		0		425	
7	0		0		0		990	
8	0		0		0		1040	
9	0		0		0		1200	
10	0		0		0		445	
Store4
1	0		0		935		935	
2	0		0		0		1205	
3	0		0		0		780	
4	0		0		0		1285	
5	0		0		0		755	
6	0		0		0		1575	
7	0		0		0		635	
8	0		0		0		900	
9	0		0		0		1305	
10	0		0		0		510	
Store5
1	0		0		950		950	
2	0		0		635		635	
3	0		0		0		1180	
4	0		0		0		625	
5	0		0		1310		1310	
6	0		0		1140		1140	
7	0		0		0		935	
8	0		0		0		1280	
9	0		0		0		1280	
10	0		0		0		1115	


Fashion Shipments from Vendor to Warehouse (V T):
0	0	1.450267	0.7408267	

Printing New Basic Solution:

Inbound Solution (V P T):
1	1	1	4358
1	2	1	2216
1	2	2	3324
1	3	1	1486
1	3	2	3465
1	4	1	5462
1	5	1	4285
1	5	2	1071
1	6	1	1894
1	6	2	2840
1	7	1	926
1	7	2	3700
1	8	1	500
1	8	2	4499
1	9	1	1474
1	9	2	3436
1	10	1	999
1	10	2	3992


Outbound Solution(S P T):
1	1	3	692
1	2	3	1029
1	3	3	1034
1	4	3	1095
1	5	3	1221
1	6	3	986
1	7	3	1056
1	8	3	1012
1	9	3	823
1	10	3	1134
2	1	2	1063
2	2	2	1282
2	3	2	831
2	4	2	859
2	5	2	1003
2	6	2	1095
2	7	2	1008
2	8	2	1008
2	9	2	968
2	10	2	970
3	1	1	839
3	2	1	1088
3	3	1	921
3	4	1	1068
3	5	1	1030
3	6	1	1033
3	7	1	844
3	8	1	921
3	9	1	1295
3	10	1	975
4	1	4	1017
4	2	4	1072
4	3	4	1119
4	4	4	1338
4	5	4	1063
4	6	4	927
4	7	4	737
4	8	4	925
4	9	4	825
4	10	4	1173
5	1	2	747
5	2	2	1069
5	3	2	1046
5	4	2	1102
5	5	2	1039
5	6	2	693
5	7	2	981
5	8	2	1133
5	9	2	999
5	10	2	739


Warehouse Inventory (W P T):
1	0		3519		1709		1017		0		0	
2	0		1128		2101		1072		0		0	
3	0		565		2153		1119		0		0	
4	0		4394		2433		1338		0		0	
5	0		3255		2284		1063		0		0	
6	0		861		1913		927		0		0	
7	0		82		1793		737		0		0	
8	421		0		2358		1346		421		421	
9	0		179		1648		825		0		0	
10	0		24		2307		1173		0		0	

Store Inventory (S P T):
Store1
1	336		181		0		650		577		336	
2	358		137		0		888		526		358	
3	274		106		0		811		573		274	
4	397		190		0		698		542		397	
5	468		232		0		993		715		468	
6	236		137		0		702		472		236	
7	461		212		0		981		765		461	
8	578		265		0		748		704		578	
9	271		107		0		638		426		271	
10	398		257		0		992		696		398	
Store2
1	250		0		760		604		434		250	
2	224		0		1014		718		396		224	
3	241		0		706		491		254		241	
4	64		0		621		365		269		64	
5	123		0		748		470		383		123	
6	156		0		868		601		281		156	
7	225		0		832		588		380		225	
8	134		0		824		559		336		134	
9	182		0		686		471		388		182	
10	138		0		632		497		260		138	
Store3
1	0		615		435		332		124		0	
2	0		970		862		547		206		0	
3	0		885		725		725		407		0	
4	0		818		741		402		269		0	
5	0		848		610		383		169		0	
6	0		653		546		349		115		0	
7	0		570		472		228		50		0	
8	0		808		508		326		198		0	
9	0		988		729		476		299		0	
10	0		808		633		386		187		0	
Store4
1	653		351		231		0		912		653	
2	478		421		160		0		781		478	
3	345		284		133		0		792		345	
4	649		346		245		0		945		649	
5	501		445		187		0		765		501	
6	505		316		218		0		767		505	
7	640		400		149		0		714		640	
8	525		356		128		0		764		525	
9	396		189		114		0		605		396	
10	632		317		185		0		869		632	
Store5
1	99		0		572		450		188		99	
2	183		0		841		608		368		183	
3	151		0		770		506		212		151	
4	292		0		898		792		544		292	
5	91		0		654		483		351		91	
6	133		0		499		400		286		133	
7	157		0		636		436		294		157	
8	222		0		778		529		443		222	
9	218		0		824		708		433		218	
10	103		0		638		344		241		103	


Shipments from Vendor to Warehouse (V T):
0.5895793	0.850408	0	0	0	

Shipments from Warehouse to Stores (S T):
1	3	0.2913527
1	4	0.24851
1	5	0.1835833
2	2	0.2959673
2	4	0.2403267
2	5	0.2489433
3	1	0.2935267
3	5	0.3767934
4	4	0.32353
4	5	0.3802
5	2	0.2767507
5	4	0.1861633
5	5	0.2854333


Required Putaway workers (Sol T):
3	3	4	3	0	

No of required pickers (T):
3	5	3	7	9	

No of part-time putaway workers (T):
0	0	1	0	0	

No of part-time pickers (T):
0	0	0	1	3	

Best Putaway Technology: 1200
Best Picking Technology: 500

Required Fashion Putaway Hours:
0	0	25.4	17.59583	0	

Required Basic Putaway Hours:
19.66667	21.93917	0	0	0	

Required Total Putaway Hours:
19.66667	21.93917	25.4	17.59583	0	

No of required fashion pick hours:
0	0	0	32.36	70.83	

No of required basic pick hours:
20.028	39.27	20.164	20.392	0	

No of required total pick hours:
20.028	39.27	20.164	52.752	70.83	

List of all the costs: 
MHECost		432
PutawayTechCost		1060
PickingTechCost		3195
WhBasicInvCost		461.65
BasicInbCost		5688.961
WhFashionInvCost		658.95
FashionInbCost		3382.949
PutawayCost		5040
StoreBasicInvCost		4703.05
StoreFashionInvCost		3388.75
OutboundCost		10716.89
PickingCost		10560
Total		49288.2

List of Top5 Technologies: 
Tech1		2	5	$ 49288.2
Tech2		3	5	$ 54844.8
Tech3		3	6	$ 59417.76
Tech4		3	2	$ 71887.36
Tech5		3	1	$ 96196.36
The start time is 1/1/2015 11:42:01 AM
The End time is 1/1/2015 11:42:10 AM
