Printing New Fashion Solution:

Inbound Fashion Solution (V F T):
1	1	4	2060
1	2	4	2020
1	3	4	2045
1	4	4	2080
1	5	4	2155
1	6	4	2275
1	7	4	2015
1	8	4	2280
1	9	4	1545
1	10	4	1905
1	11	4	2125
1	12	4	1810
1	13	4	1945
1	14	4	2545
1	15	4	1740
1	16	4	2095
1	17	4	1830
1	18	4	2205
1	19	4	1905
1	20	4	2000
1	21	4	2140
1	22	4	2400
1	23	4	1840
1	24	4	2010
1	25	4	2350
2	26	1	2225
2	27	1	2150
2	28	1	2305
2	29	1	1815
2	30	1	1745
2	31	1	2105
2	32	1	1760
2	33	1	1545
2	34	1	2095
2	35	1	1910
2	36	1	2255
2	37	1	1940
2	38	1	1820
2	39	1	1760
2	40	1	1765
2	41	1	1740
2	42	1	2260
2	43	1	2090
2	44	1	1765
2	45	1	1775
2	46	1	1840
2	47	1	2325
2	48	1	2325
2	49	1	1675
2	50	1	1665


Outbound Fashion Solution(S F T):
1	1	5	155
1	2	5	215
1	3	5	280
1	4	5	165
1	5	5	215
1	6	5	180
1	7	5	390
1	8	5	125
1	9	5	180
1	10	5	115
1	11	5	255
1	12	5	160
1	13	5	165
1	14	5	75
1	15	5	170
1	16	5	185
1	17	5	125
1	18	5	145
1	19	5	275
1	20	5	170
1	21	5	265
1	22	5	185
1	23	5	275
1	24	5	285
1	25	5	225
1	26	3	315
1	27	2	90
1	28	2	140
1	29	3	195
1	30	3	300
1	31	4	160
1	32	4	145
1	33	3	75
1	34	3	255
1	35	4	210
1	36	4	310
1	37	4	160
1	38	2	70
1	39	3	185
1	40	4	245
1	41	3	205
1	42	3	135
1	43	3	110
1	44	2	265
1	45	4	220
1	46	3	180
1	47	3	250
1	48	3	165
1	49	2	160
1	50	4	120
2	1	5	210
2	2	5	120
2	3	5	250
2	4	5	155
2	5	5	175
2	6	5	175
2	7	5	80
2	8	5	325
2	9	5	110
2	10	5	185
2	11	5	80
2	12	5	175
2	13	5	45
2	14	5	275
2	15	5	95
2	16	5	320
2	17	5	240
2	18	5	90
2	19	5	160
2	20	5	185
2	21	5	285
2	22	5	265
2	23	5	340
2	24	5	165
2	25	5	325
2	26	4	145
2	27	2	335
2	28	4	230
2	29	3	225
2	30	3	135
2	31	2	270
2	32	2	110
2	33	4	205
2	34	2	20
2	35	3	180
2	36	2	410
2	37	4	335
2	38	4	260
2	39	4	195
2	40	2	255
2	41	4	235
2	42	3	265
2	43	3	245
2	44	4	280
2	45	2	275
2	46	3	210
2	47	4	375
2	48	2	170
2	49	3	75
3	1	5	180
3	2	5	160
3	3	5	80
3	4	5	230
3	5	5	30
3	6	5	315
3	7	5	170
3	8	5	245
3	9	5	200
3	10	5	80
3	11	5	100
3	12	5	180
3	13	5	165
3	14	5	345
3	15	5	165
3	16	5	135
3	17	5	250
3	18	5	235
3	19	5	120
3	20	5	195
3	21	5	125
3	22	5	325
3	23	5	195
3	24	5	130
3	25	5	230
3	26	4	255
3	27	3	255
3	28	2	175
3	29	4	285
3	30	3	115
3	31	4	245
3	32	3	95
3	33	4	115
3	34	4	135
3	35	3	290
3	36	3	385
3	37	3	365
3	38	3	250
3	39	3	100
3	40	4	85
3	41	2	210
3	42	4	220
3	43	4	295
3	44	2	75
3	45	3	70
3	46	4	240
3	47	3	170
3	48	4	270
3	49	4	180
3	50	4	360
4	1	5	150
4	2	5	175
4	3	5	240
4	4	5	135
4	5	5	120
4	6	5	200
4	7	5	175
4	8	5	345
4	9	5	120
4	10	5	130
4	11	5	290
4	12	5	320
4	13	5	300
4	14	5	340
4	15	5	160
4	16	5	150
4	17	5	205
4	18	5	385
4	19	5	105
4	20	5	230
4	21	5	250
4	22	5	165
4	23	5	195
4	24	5	225
4	25	5	300
4	26	4	300
4	27	3	235
4	28	4	295
4	29	4	265
4	30	2	185
4	31	2	190
4	32	4	270
4	33	2	100
4	34	3	85
4	35	2	130
4	36	4	130
4	37	2	255
4	38	4	70
4	39	2	225
4	40	3	220
4	41	3	240
4	42	2	115
4	43	4	345
4	44	2	5
4	45	3	140
4	46	3	95
4	47	3	75
4	48	2	150
4	49	4	180
4	50	3	85
5	1	5	205
5	2	5	185
5	3	5	85
5	4	5	350
5	5	5	235
5	6	5	415
5	7	5	145
5	8	5	220
5	9	5	175
5	10	5	285
5	11	5	305
5	12	5	165
5	13	5	155
5	14	5	160
5	15	5	185
5	16	5	150
5	17	5	110
5	18	5	230
5	19	5	375
5	20	5	125
5	21	5	290
5	22	5	290
5	23	5	55
5	24	5	290
5	25	5	170
5	26	3	250
5	27	3	265
5	28	3	205
5	30	3	105
5	31	4	250
5	32	4	210
5	33	2	215
5	34	4	275
5	35	4	80
5	36	3	40
5	37	4	75
5	38	3	290
5	39	3	275
5	40	4	55
5	41	3	90
5	42	4	245
5	43	3	190
5	44	4	10
5	45	2	165
5	46	3	135
5	47	3	365
5	48	4	80
5	49	2	110
5	50	3	260
6	1	5	170
6	2	5	265
6	3	5	200
6	4	5	150
6	5	5	185
6	6	5	140
6	7	5	145
6	8	5	205
6	9	5	190
6	10	5	190
6	11	5	235
6	12	5	70
6	13	5	235
6	14	5	250
6	15	5	230
6	16	5	150
6	17	5	230
6	18	5	250
6	19	5	75
6	20	5	80
6	21	5	220
6	22	5	240
6	23	5	300
6	24	5	115
6	25	5	125
6	26	3	230
6	27	3	320
6	28	3	265
6	29	4	250
6	30	4	310
6	31	3	245
6	32	4	160
6	33	3	175
6	34	3	295
6	35	4	225
6	36	3	135
6	37	2	100
6	38	4	65
6	39	4	130
6	40	3	150
6	41	2	230
6	42	3	320
6	43	2	250
6	44	2	145
6	45	3	285
6	46	2	185
6	47	2	210
6	48	4	255
6	49	3	225
6	50	2	185
7	1	5	200
7	2	5	225
7	3	5	195
7	4	5	120
7	5	5	285
7	6	5	160
7	7	5	155
7	8	5	205
7	9	5	155
7	10	5	200
7	11	5	180
7	12	5	150
7	13	5	160
7	14	5	345
7	15	5	260
7	16	5	235
7	17	5	110
7	18	5	135
7	19	5	280
7	20	5	300
7	21	5	145
7	22	5	305
7	23	5	215
7	24	5	190
7	25	5	195
7	26	3	145
7	27	2	195
7	28	3	250
7	29	3	200
7	30	2	180
7	31	3	150
7	32	4	115
7	33	4	85
7	34	3	250
7	35	4	240
7	36	2	210
7	37	4	200
7	38	2	180
7	39	3	125
7	40	4	240
7	41	3	100
7	42	4	125
7	43	3	210
7	44	4	350
7	45	4	65
7	46	3	160
7	47	3	210
7	48	3	325
7	49	4	225
7	50	3	115
8	1	5	295
8	2	5	245
8	3	5	205
8	4	5	205
8	5	5	235
8	6	5	175
8	7	5	290
8	8	5	230
8	9	5	160
8	10	5	285
8	11	5	145
8	12	5	160
8	13	5	235
8	14	5	280
8	15	5	160
8	16	5	270
8	17	5	160
8	18	5	235
8	19	5	175
8	20	5	180
8	21	5	175
8	22	5	155
8	23	5	30
8	24	5	105
8	25	5	260
8	26	3	210
8	27	3	130
8	28	4	325
8	29	3	235
8	30	3	190
8	31	4	60
8	32	2	260
8	33	2	265
8	34	4	295
8	35	3	210
8	36	4	255
8	37	3	260
8	38	3	210
8	39	4	215
8	40	2	205
8	41	3	130
8	42	4	195
8	43	2	130
8	44	3	195
8	45	3	205
8	46	3	180
8	47	4	245
8	48	2	345
8	49	4	200
8	50	2	135
9	1	5	190
9	2	5	180
9	3	5	170
9	4	5	390
9	5	5	375
9	6	5	240
9	7	5	195
9	8	5	150
9	9	5	70
9	10	5	195
9	11	5	360
9	12	5	260
9	13	5	220
9	14	5	215
9	15	5	150
9	16	5	220
9	17	5	135
9	18	5	185
9	19	5	235
9	20	5	250
9	21	5	230
9	22	5	290
9	23	5	110
9	24	5	245
9	25	5	280
9	26	2	280
9	27	3	145
9	28	2	150
9	29	2	90
9	30	3	125
9	31	2	350
9	32	3	255
9	33	4	145
9	34	4	240
9	35	3	150
9	36	2	230
9	37	4	40
9	38	3	310
9	39	3	215
9	40	4	195
9	41	4	155
9	42	4	320
9	43	2	195
9	44	3	295
9	45	4	220
9	46	4	210
9	47	4	255
9	48	3	260
9	49	2	195
9	50	2	295
10	1	5	305
10	2	5	250
10	3	5	340
10	4	5	180
10	5	5	300
10	6	5	275
10	7	5	270
10	8	5	230
10	9	5	185
10	10	5	240
10	11	5	175
10	12	5	170
10	13	5	265
10	14	5	260
10	15	5	165
10	16	5	280
10	17	5	265
10	18	5	315
10	19	5	105
10	20	5	285
10	21	5	155
10	22	5	180
10	23	5	125
10	24	5	260
10	25	5	240
10	26	4	95
10	27	3	180
10	28	2	270
10	29	4	70
10	30	3	100
10	31	4	185
10	32	3	140
10	33	4	165
10	34	3	245
10	35	4	195
10	36	3	150
10	37	4	150
10	38	3	115
10	39	2	95
10	40	3	115
10	41	3	145
10	42	3	320
10	43	3	120
10	44	3	145
10	45	3	130
10	46	4	245
10	47	2	170
10	48	3	305
10	49	3	125
10	50	3	110


Warehouse Fashion Inventory (W F T):
1	0		0		0		2060		0	
2	0		0		0		2020		0	
3	0		0		0		2045		0	
4	0		0		0		2080		0	
5	0		0		0		2155		0	
6	0		0		0		2275		0	
7	0		0		0		2015		0	
8	0		0		0		2280		0	
9	0		0		0		1545		0	
10	0		0		0		1905		0	
11	0		0		0		2125		0	
12	0		0		0		1810		0	
13	0		0		0		1945		0	
14	0		0		0		2545		0	
15	0		0		0		1740		0	
16	0		0		0		2095		0	
17	0		0		0		1830		0	
18	0		0		0		2205		0	
19	0		0		0		1905		0	
20	0		0		0		2000		0	
21	0		0		0		2140		0	
22	0		0		0		2400		0	
23	0		0		0		1840		0	
24	0		0		0		2010		0	
25	0		0		0		2350		0	
26	2225		1945		795		0		0	
27	2150		1530		0		0		0	
28	2305		1570		850		0		0	
29	1815		1725		870		0		0	
30	1745		1380		310		0		0	
31	2105		1295		900		0		0	
32	1760		1390		900		0		0	
33	1545		965		715		0		0	
34	2095		2075		945		0		0	
35	1910		1780		950		0		0	
36	2255		1405		695		0		0	
37	1940		1585		960		0		0	
38	1820		1570		395		0		0	
39	1760		1440		540		0		0	
40	1765		1305		820		0		0	
41	1740		1300		390		0		0	
42	2260		2145		1105		0		0	
43	2090		1515		640		0		0	
44	1765		1275		640		0		0	
45	1775		1335		505		0		0	
46	1840		1655		695		0		0	
47	2325		1945		875		0		0	
48	2325		1660		605		0		0	
49	1675		1210		785		0		0	
50	1665		1050		480		0		0	

Store Fashion Inventory (S F T):
Store1
1	0		0		0		155	
2	0		0		0		215	
3	0		0		0		280	
4	0		0		0		165	
5	0		0		0		215	
6	0		0		0		180	
7	0		0		0		390	
8	0		0		0		125	
9	0		0		0		180	
10	0		0		0		115	
11	0		0		0		255	
12	0		0		0		160	
13	0		0		0		165	
14	0		0		0		75	
15	0		0		0		170	
16	0		0		0		185	
17	0		0		0		125	
18	0		0		0		145	
19	0		0		0		275	
20	0		0		0		170	
21	0		0		0		265	
22	0		0		0		185	
23	0		0		0		275	
24	0		0		0		285	
25	0		0		0		225	
26	0		315		315		315	
27	90		90		90		90	
28	140		140		140		140	
29	0		195		195		195	
30	0		300		300		300	
31	0		0		160		160	
32	0		0		145		145	
33	0		75		75		75	
34	0		255		255		255	
35	0		0		210		210	
36	0		0		310		310	
37	0		0		160		160	
38	70		70		70		70	
39	0		185		185		185	
40	0		0		245		245	
41	0		205		205		205	
42	0		135		135		135	
43	0		110		110		110	
44	265		265		265		265	
45	0		0		220		220	
46	0		180		180		180	
47	0		250		250		250	
48	0		165		165		165	
49	160		160		160		160	
50	0		0		120		120	
Store2
1	0		0		0		210	
2	0		0		0		120	
3	0		0		0		250	
4	0		0		0		155	
5	0		0		0		175	
6	0		0		0		175	
7	0		0		0		80	
8	0		0		0		325	
9	0		0		0		110	
10	0		0		0		185	
11	0		0		0		80	
12	0		0		0		175	
13	0		0		0		45	
14	0		0		0		275	
15	0		0		0		95	
16	0		0		0		320	
17	0		0		0		240	
18	0		0		0		90	
19	0		0		0		160	
20	0		0		0		185	
21	0		0		0		285	
22	0		0		0		265	
23	0		0		0		340	
24	0		0		0		165	
25	0		0		0		325	
26	0		0		145		145	
27	335		335		335		335	
28	0		0		230		230	
29	0		225		225		225	
30	0		135		135		135	
31	270		270		270		270	
32	110		110		110		110	
33	0		0		205		205	
34	20		20		20		20	
35	0		180		180		180	
36	410		410		410		410	
37	0		0		335		335	
38	0		0		260		260	
39	0		0		195		195	
40	255		255		255		255	
41	0		0		235		235	
42	0		265		265		265	
43	0		245		245		245	
44	0		0		280		280	
45	275		275		275		275	
46	0		210		210		210	
47	0		0		375		375	
48	170		170		170		170	
49	0		75		75		75	
50	0		0		0		0	
Store3
1	0		0		0		180	
2	0		0		0		160	
3	0		0		0		80	
4	0		0		0		230	
5	0		0		0		30	
6	0		0		0		315	
7	0		0		0		170	
8	0		0		0		245	
9	0		0		0		200	
10	0		0		0		80	
11	0		0		0		100	
12	0		0		0		180	
13	0		0		0		165	
14	0		0		0		345	
15	0		0		0		165	
16	0		0		0		135	
17	0		0		0		250	
18	0		0		0		235	
19	0		0		0		120	
20	0		0		0		195	
21	0		0		0		125	
22	0		0		0		325	
23	0		0		0		195	
24	0		0		0		130	
25	0		0		0		230	
26	0		0		255		255	
27	0		255		255		255	
28	175		175		175		175	
29	0		0		285		285	
30	0		115		115		115	
31	0		0		245		245	
32	0		95		95		95	
33	0		0		115		115	
34	0		0		135		135	
35	0		290		290		290	
36	0		385		385		385	
37	0		365		365		365	
38	0		250		250		250	
39	0		100		100		100	
40	0		0		85		85	
41	210		210		210		210	
42	0		0		220		220	
43	0		0		295		295	
44	75		75		75		75	
45	0		70		70		70	
46	0		0		240		240	
47	0		170		170		170	
48	0		0		270		270	
49	0		0		180		180	
50	0		0		360		360	
Store4
1	0		0		0		150	
2	0		0		0		175	
3	0		0		0		240	
4	0		0		0		135	
5	0		0		0		120	
6	0		0		0		200	
7	0		0		0		175	
8	0		0		0		345	
9	0		0		0		120	
10	0		0		0		130	
11	0		0		0		290	
12	0		0		0		320	
13	0		0		0		300	
14	0		0		0		340	
15	0		0		0		160	
16	0		0		0		150	
17	0		0		0		205	
18	0		0		0		385	
19	0		0		0		105	
20	0		0		0		230	
21	0		0		0		250	
22	0		0		0		165	
23	0		0		0		195	
24	0		0		0		225	
25	0		0		0		300	
26	0		0		300		300	
27	0		235		235		235	
28	0		0		295		295	
29	0		0		265		265	
30	185		185		185		185	
31	190		190		190		190	
32	0		0		270		270	
33	100		100		100		100	
34	0		85		85		85	
35	130		130		130		130	
36	0		0		130		130	
37	255		255		255		255	
38	0		0		70		70	
39	225		225		225		225	
40	0		220		220		220	
41	0		240		240		240	
42	115		115		115		115	
43	0		0		345		345	
44	5		5		5		5	
45	0		140		140		140	
46	0		95		95		95	
47	0		75		75		75	
48	150		150		150		150	
49	0		0		180		180	
50	0		85		85		85	
Store5
1	0		0		0		205	
2	0		0		0		185	
3	0		0		0		85	
4	0		0		0		350	
5	0		0		0		235	
6	0		0		0		415	
7	0		0		0		145	
8	0		0		0		220	
9	0		0		0		175	
10	0		0		0		285	
11	0		0		0		305	
12	0		0		0		165	
13	0		0		0		155	
14	0		0		0		160	
15	0		0		0		185	
16	0		0		0		150	
17	0		0		0		110	
18	0		0		0		230	
19	0		0		0		375	
20	0		0		0		125	
21	0		0		0		290	
22	0		0		0		290	
23	0		0		0		55	
24	0		0		0		290	
25	0		0		0		170	
26	0		250		250		250	
27	0		265		265		265	
28	0		205		205		205	
29	0		0		0		0	
30	0		105		105		105	
31	0		0		250		250	
32	0		0		210		210	
33	215		215		215		215	
34	0		0		275		275	
35	0		0		80		80	
36	0		40		40		40	
37	0		0		75		75	
38	0		290		290		290	
39	0		275		275		275	
40	0		0		55		55	
41	0		90		90		90	
42	0		0		245		245	
43	0		190		190		190	
44	0		0		10		10	
45	165		165		165		165	
46	0		135		135		135	
47	0		365		365		365	
48	0		0		80		80	
49	110		110		110		110	
50	0		260		260		260	
Store6
1	0		0		0		170	
2	0		0		0		265	
3	0		0		0		200	
4	0		0		0		150	
5	0		0		0		185	
6	0		0		0		140	
7	0		0		0		145	
8	0		0		0		205	
9	0		0		0		190	
10	0		0		0		190	
11	0		0		0		235	
12	0		0		0		70	
13	0		0		0		235	
14	0		0		0		250	
15	0		0		0		230	
16	0		0		0		150	
17	0		0		0		230	
18	0		0		0		250	
19	0		0		0		75	
20	0		0		0		80	
21	0		0		0		220	
22	0		0		0		240	
23	0		0		0		300	
24	0		0		0		115	
25	0		0		0		125	
26	0		230		230		230	
27	0		320		320		320	
28	0		265		265		265	
29	0		0		250		250	
30	0		0		310		310	
31	0		245		245		245	
32	0		0		160		160	
33	0		175		175		175	
34	0		295		295		295	
35	0		0		225		225	
36	0		135		135		135	
37	100		100		100		100	
38	0		0		65		65	
39	0		0		130		130	
40	0		150		150		150	
41	230		230		230		230	
42	0		320		320		320	
43	250		250		250		250	
44	145		145		145		145	
45	0		285		285		285	
46	185		185		185		185	
47	210		210		210		210	
48	0		0		255		255	
49	0		225		225		225	
50	185		185		185		185	
Store7
1	0		0		0		200	
2	0		0		0		225	
3	0		0		0		195	
4	0		0		0		120	
5	0		0		0		285	
6	0		0		0		160	
7	0		0		0		155	
8	0		0		0		205	
9	0		0		0		155	
10	0		0		0		200	
11	0		0		0		180	
12	0		0		0		150	
13	0		0		0		160	
14	0		0		0		345	
15	0		0		0		260	
16	0		0		0		235	
17	0		0		0		110	
18	0		0		0		135	
19	0		0		0		280	
20	0		0		0		300	
21	0		0		0		145	
22	0		0		0		305	
23	0		0		0		215	
24	0		0		0		190	
25	0		0		0		195	
26	0		145		145		145	
27	195		195		195		195	
28	0		250		250		250	
29	0		200		200		200	
30	180		180		180		180	
31	0		150		150		150	
32	0		0		115		115	
33	0		0		85		85	
34	0		250		250		250	
35	0		0		240		240	
36	210		210		210		210	
37	0		0		200		200	
38	180		180		180		180	
39	0		125		125		125	
40	0		0		240		240	
41	0		100		100		100	
42	0		0		125		125	
43	0		210		210		210	
44	0		0		350		350	
45	0		0		65		65	
46	0		160		160		160	
47	0		210		210		210	
48	0		325		325		325	
49	0		0		225		225	
50	0		115		115		115	
Store8
1	0		0		0		295	
2	0		0		0		245	
3	0		0		0		205	
4	0		0		0		205	
5	0		0		0		235	
6	0		0		0		175	
7	0		0		0		290	
8	0		0		0		230	
9	0		0		0		160	
10	0		0		0		285	
11	0		0		0		145	
12	0		0		0		160	
13	0		0		0		235	
14	0		0		0		280	
15	0		0		0		160	
16	0		0		0		270	
17	0		0		0		160	
18	0		0		0		235	
19	0		0		0		175	
20	0		0		0		180	
21	0		0		0		175	
22	0		0		0		155	
23	0		0		0		30	
24	0		0		0		105	
25	0		0		0		260	
26	0		210		210		210	
27	0		130		130		130	
28	0		0		325		325	
29	0		235		235		235	
30	0		190		190		190	
31	0		0		60		60	
32	260		260		260		260	
33	265		265		265		265	
34	0		0		295		295	
35	0		210		210		210	
36	0		0		255		255	
37	0		260		260		260	
38	0		210		210		210	
39	0		0		215		215	
40	205		205		205		205	
41	0		130		130		130	
42	0		0		195		195	
43	130		130		130		130	
44	0		195		195		195	
45	0		205		205		205	
46	0		180		180		180	
47	0		0		245		245	
48	345		345		345		345	
49	0		0		200		200	
50	135		135		135		135	
Store9
1	0		0		0		190	
2	0		0		0		180	
3	0		0		0		170	
4	0		0		0		390	
5	0		0		0		375	
6	0		0		0		240	
7	0		0		0		195	
8	0		0		0		150	
9	0		0		0		70	
10	0		0		0		195	
11	0		0		0		360	
12	0		0		0		260	
13	0		0		0		220	
14	0		0		0		215	
15	0		0		0		150	
16	0		0		0		220	
17	0		0		0		135	
18	0		0		0		185	
19	0		0		0		235	
20	0		0		0		250	
21	0		0		0		230	
22	0		0		0		290	
23	0		0		0		110	
24	0		0		0		245	
25	0		0		0		280	
26	280		280		280		280	
27	0		145		145		145	
28	150		150		150		150	
29	90		90		90		90	
30	0		125		125		125	
31	350		350		350		350	
32	0		255		255		255	
33	0		0		145		145	
34	0		0		240		240	
35	0		150		150		150	
36	230		230		230		230	
37	0		0		40		40	
38	0		310		310		310	
39	0		215		215		215	
40	0		0		195		195	
41	0		0		155		155	
42	0		0		320		320	
43	195		195		195		195	
44	0		295		295		295	
45	0		0		220		220	
46	0		0		210		210	
47	0		0		255		255	
48	0		260		260		260	
49	195		195		195		195	
50	295		295		295		295	
Store10
1	0		0		0		305	
2	0		0		0		250	
3	0		0		0		340	
4	0		0		0		180	
5	0		0		0		300	
6	0		0		0		275	
7	0		0		0		270	
8	0		0		0		230	
9	0		0		0		185	
10	0		0		0		240	
11	0		0		0		175	
12	0		0		0		170	
13	0		0		0		265	
14	0		0		0		260	
15	0		0		0		165	
16	0		0		0		280	
17	0		0		0		265	
18	0		0		0		315	
19	0		0		0		105	
20	0		0		0		285	
21	0		0		0		155	
22	0		0		0		180	
23	0		0		0		125	
24	0		0		0		260	
25	0		0		0		240	
26	0		0		95		95	
27	0		180		180		180	
28	270		270		270		270	
29	0		0		70		70	
30	0		100		100		100	
31	0		0		185		185	
32	0		140		140		140	
33	0		0		165		165	
34	0		245		245		245	
35	0		0		195		195	
36	0		150		150		150	
37	0		0		150		150	
38	0		115		115		115	
39	95		95		95		95	
40	0		115		115		115	
41	0		145		145		145	
42	0		320		320		320	
43	0		120		120		120	
44	0		145		145		145	
45	0		130		130		130	
46	0		0		245		245	
47	170		170		170		170	
48	0		305		305		305	
49	0		125		125		125	
50	0		110		110		110	


Fashion Shipments from Vendor to Warehouse (V T):
0	0	0	1.908073	
1.68085	0	0	0	

Printing New Basic Solution:

Inbound Solution (V P T):
1	1	3	1891
1	2	2	1811
1	2	3	201
1	3	2	1302
1	3	3	557
1	4	2	430
1	4	3	1716
1	5	2	1235
1	5	3	823
1	6	2	840
1	6	3	1258
1	7	2	1872
1	7	3	207
1	8	2	749
1	8	3	1123
1	9	2	782
1	9	3	1172
1	10	2	1034
1	10	3	1034
1	11	3	1897
1	12	2	1276
1	12	3	850
1	13	3	1947
1	14	2	583
1	14	3	1359
1	15	2	835
1	15	3	1252
1	16	2	866
1	16	3	1298
2	17	2	188
2	17	3	1688
2	18	2	1720
2	18	3	191
2	19	2	1178
2	19	3	784
2	20	2	1462
2	20	3	626
2	21	2	1075
2	21	3	1075
2	22	2	809
2	22	3	1212
2	23	2	197
2	23	3	1767
2	24	2	389
2	24	3	1554
2	25	2	1798
2	25	3	199
2	26	2	1444
2	26	3	618
2	27	2	1384
2	27	3	592
2	28	2	858
2	28	3	1286
2	29	2	1154
2	29	3	768
2	30	2	188
2	30	3	1691
2	31	2	1125
2	31	3	749
2	32	3	2035
3	33	2	194
3	33	3	1753
3	34	2	385
3	34	3	1541
3	35	2	572
3	35	3	1337
3	36	2	204
3	36	3	1843
3	37	2	194
3	37	3	1752
3	38	2	1025
3	38	3	1026
3	39	2	808
3	39	3	1213
3	40	2	817
3	40	3	1226
3	41	3	1802
3	42	2	1340
3	42	3	575
3	43	2	969
3	43	3	970
3	44	2	888
3	44	3	1333
3	45	2	616
3	45	3	1439
3	46	2	1639
3	46	3	410
3	47	2	1228
3	47	3	820
3	48	2	586
3	48	3	1369
3	49	2	173
3	49	3	1564
3	50	2	2042


Outbound Solution(S P T):
1	1	2	41
1	1	3	25
1	1	4	83
1	2	2	25
1	2	3	56
1	2	4	99
1	3	2	42
1	3	3	35
1	3	4	138
1	4	2	62
1	4	3	40
1	4	4	145
1	5	2	31
1	5	3	40
1	5	4	131
1	6	2	32
1	6	3	73
1	6	4	106
1	7	2	54
1	7	3	54
1	7	4	153
1	8	2	21
1	8	3	35
1	8	4	110
1	9	2	48
1	9	3	85
1	9	4	111
1	10	2	59
1	10	3	33
1	10	4	116
1	11	2	50
1	11	3	10
1	11	4	129
1	12	2	7
1	12	3	54
1	12	4	130
1	13	2	20
1	13	3	36
1	13	4	95
1	14	2	60
1	14	3	32
1	14	4	107
1	15	2	41
1	15	3	43
1	15	4	139
1	16	2	55
1	16	3	32
1	16	4	146
1	17	2	23
1	17	3	36
1	17	4	141
1	18	2	35
1	18	3	12
1	18	4	94
1	19	2	34
1	19	3	59
1	19	4	141
1	20	2	43
1	20	3	65
1	20	4	84
1	21	2	40
1	21	3	65
1	21	4	75
1	22	2	37
1	22	3	40
1	22	4	107
1	23	2	31
1	23	3	47
1	23	4	86
1	24	2	19
1	24	3	47
1	24	4	136
1	25	2	43
1	25	3	12
1	25	4	150
1	26	2	53
1	26	3	16
1	26	4	88
1	27	2	52
1	27	3	51
1	27	4	67
1	28	2	36
1	28	3	56
1	28	4	152
1	29	2	59
1	29	3	35
1	29	4	87
1	30	2	28
1	30	3	39
1	30	4	101
1	31	2	63
1	31	3	64
1	31	4	102
1	32	2	48
1	32	3	62
1	32	4	140
1	33	2	34
1	33	3	31
1	33	4	138
1	34	2	58
1	34	3	17
1	34	4	163
1	35	2	26
1	35	3	57
1	35	4	102
1	36	2	74
1	36	3	3
1	36	4	146
1	37	2	75
1	37	3	48
1	37	4	122
1	38	2	33
1	38	3	18
1	38	4	74
1	39	2	32
1	39	3	40
1	39	4	100
1	40	2	41
1	40	3	55
1	40	4	128
1	41	2	49
1	41	3	23
1	41	4	71
1	42	2	43
1	42	3	26
1	42	4	115
1	43	2	35
1	43	4	88
1	44	2	58
1	44	3	70
1	44	4	106
1	45	2	31
1	45	3	42
1	45	4	133
1	46	3	38
1	46	4	116
1	47	2	93
1	47	3	39
1	47	4	138
1	48	2	40
1	48	3	26
1	48	4	115
1	49	2	44
1	49	3	30
1	49	4	69
1	50	2	48
1	50	3	55
1	50	4	79
2	1	2	33
2	1	3	82
2	1	4	58
2	2	2	52
2	2	3	74
2	2	4	59
2	3	2	28
2	3	3	43
2	3	4	54
2	4	2	58
2	4	3	116
2	4	4	45
2	5	2	39
2	5	3	61
2	5	4	77
2	6	2	43
2	6	3	98
2	6	4	91
2	7	2	27
2	7	3	91
2	7	4	113
2	8	2	42
2	8	3	72
2	8	4	70
2	9	2	27
2	9	3	111
2	9	4	41
2	10	2	38
2	10	3	81
2	10	4	91
2	11	2	20
2	11	3	77
2	11	4	71
2	12	2	39
2	12	3	105
2	12	4	88
2	13	2	10
2	13	3	48
2	13	4	76
2	14	2	64
2	14	3	78
2	14	4	74
2	15	2	53
2	15	3	100
2	15	4	87
2	16	2	32
2	16	3	108
2	16	4	27
2	17	2	24
2	17	3	92
2	17	4	82
2	18	2	59
2	18	3	93
2	18	4	55
2	19	2	38
2	19	3	71
2	19	4	121
2	20	2	51
2	20	3	69
2	20	4	66
2	21	2	57
2	21	3	87
2	21	4	116
2	22	3	42
2	22	4	85
2	23	2	57
2	23	3	39
2	23	4	73
2	24	2	32
2	24	3	94
2	24	4	38
2	25	2	43
2	25	3	96
2	25	4	71
2	26	2	41
2	26	3	45
2	26	4	52
2	27	2	60
2	27	3	85
2	27	4	62
2	28	2	34
2	28	3	60
2	28	4	83
2	29	2	55
2	29	3	95
2	29	4	94
2	30	2	35
2	30	3	55
2	30	4	71
2	31	2	24
2	31	3	68
2	31	4	93
2	32	2	68
2	32	3	59
2	32	4	36
2	33	2	29
2	33	3	99
2	33	4	48
2	34	2	26
2	34	3	98
2	34	4	79
2	35	2	54
2	35	3	77
2	35	4	70
2	36	2	25
2	36	3	93
2	36	4	65
2	37	2	34
2	37	3	85
2	37	4	37
2	38	2	42
2	38	3	63
2	38	4	107
2	39	2	25
2	39	3	78
2	39	4	111
2	40	2	52
2	40	3	81
2	40	4	92
2	41	2	32
2	41	3	99
2	41	4	85
2	42	2	27
2	42	3	51
2	42	4	79
2	43	2	26
2	43	3	85
2	43	4	102
2	44	2	43
2	44	3	85
2	44	4	68
2	45	2	22
2	45	3	45
2	45	4	86
2	46	2	50
2	46	3	86
2	46	4	93
2	47	2	50
2	47	3	93
2	47	4	20
2	48	2	28
2	48	3	93
2	48	4	96
2	49	2	43
2	49	3	28
2	49	4	91
2	50	2	15
2	50	3	70
2	50	4	111
3	1	2	16
3	1	3	70
3	1	4	133
3	2	2	43
3	2	3	13
3	2	4	141
3	3	2	49
3	3	3	18
3	3	4	97
3	4	2	40
3	4	3	55
3	4	4	167
3	5	2	44
3	5	3	21
3	5	4	138
3	6	2	55
3	6	3	22
3	6	4	118
3	7	2	42
3	7	3	27
3	7	4	114
3	8	2	38
3	8	3	31
3	8	4	145
3	9	2	39
3	9	3	50
3	9	4	95
3	10	2	55
3	10	3	42
3	10	4	107
3	11	2	31
3	11	3	24
3	11	4	125
3	12	2	41
3	12	3	35
3	12	4	79
3	13	2	36
3	13	3	43
3	13	4	125
3	14	2	34
3	14	3	43
3	14	4	124
3	15	2	50
3	15	3	29
3	15	4	90
3	16	2	57
3	16	3	52
3	16	4	123
3	17	2	26
3	17	3	7
3	17	4	87
3	18	2	62
3	18	3	4
3	18	4	54
3	19	2	20
3	19	3	30
3	19	4	104
3	20	2	38
3	20	3	49
3	20	4	155
3	21	2	69
3	21	3	32
3	21	4	150
3	22	2	28
3	22	3	43
3	22	4	180
3	23	2	49
3	23	3	43
3	23	4	126
3	24	2	46
3	24	3	43
3	24	4	80
3	25	2	61
3	25	3	17
3	25	4	129
3	26	2	29
3	26	3	55
3	26	4	101
3	27	2	60
3	27	3	34
3	27	4	71
3	28	2	48
3	28	3	37
3	28	4	166
3	29	2	16
3	29	3	61
3	29	4	68
3	30	2	53
3	30	3	57
3	30	4	122
3	31	2	58
3	31	3	39
3	31	4	69
3	32	2	65
3	32	3	18
3	32	4	109
3	33	2	55
3	33	3	20
3	33	4	100
3	34	2	65
3	34	3	35
3	34	4	83
3	35	2	29
3	35	3	45
3	35	4	174
3	36	2	73
3	36	3	18
3	36	4	117
3	37	2	47
3	37	3	60
3	37	4	66
3	38	2	64
3	38	3	46
3	38	4	95
3	39	2	49
3	39	3	43
3	39	4	130
3	40	2	72
3	40	3	18
3	40	4	119
3	41	2	37
3	41	3	32
3	41	4	106
3	42	2	76
3	42	3	50
3	42	4	118
3	43	2	41
3	43	3	31
3	43	4	141
3	44	2	28
3	44	3	54
3	44	4	135
3	45	2	36
3	45	3	53
3	45	4	106
3	46	2	52
3	46	3	38
3	46	4	142
3	47	2	23
3	47	3	50
3	47	4	130
3	48	2	45
3	48	3	46
3	48	4	92
3	49	2	30
3	49	3	59
3	49	4	126
3	50	2	21
3	50	3	64
3	50	4	94
4	1	2	77
4	1	3	24
4	1	4	80
4	2	2	100
4	2	3	47
4	2	4	90
4	3	2	117
4	3	3	20
4	3	4	61
4	4	2	50
4	4	3	60
4	4	4	62
4	5	2	62
4	5	3	16
4	5	4	99
4	6	2	62
4	6	3	24
4	6	4	109
4	7	2	75
4	7	3	51
4	7	4	69
4	8	2	76
4	8	3	25
4	8	4	24
4	9	2	68
4	9	3	43
4	9	4	71
4	10	2	84
4	10	3	18
4	10	4	80
4	11	2	129
4	11	3	20
4	11	4	47
4	12	2	35
4	12	3	34
4	12	4	97
4	13	2	107
4	13	3	16
4	13	4	43
4	14	2	48
4	14	3	41
4	14	4	52
4	15	2	71
4	15	3	62
4	15	4	111
4	16	2	75
4	16	3	55
4	16	4	86
4	17	2	53
4	17	3	42
4	17	4	79
4	18	2	120
4	18	3	23
4	18	4	48
4	19	2	91
4	19	3	11
4	19	4	102
4	20	2	83
4	20	3	67
4	20	4	72
4	21	2	119
4	21	4	38
4	22	2	45
4	22	3	7
4	22	4	71
4	23	2	117
4	23	3	44
4	23	4	83
4	24	2	82
4	24	3	33
4	24	4	37
4	25	2	69
4	25	3	22
4	25	4	74
4	26	2	49
4	26	3	51
4	26	4	105
4	27	2	59
4	27	3	56
4	27	4	70
4	28	2	62
4	28	3	60
4	28	4	108
4	29	2	66
4	29	3	50
4	29	4	107
4	30	2	76
4	30	3	51
4	30	4	94
4	31	2	56
4	31	3	40
4	31	4	127
4	32	2	39
4	32	3	23
4	32	4	92
4	33	2	93
4	33	3	31
4	33	4	83
4	34	2	37
4	34	3	35
4	34	4	81
4	35	2	74
4	35	3	48
4	35	4	67
4	36	2	90
4	36	3	45
4	36	4	69
4	37	2	90
4	37	3	41
4	37	4	77
4	38	2	40
4	38	3	64
4	38	4	71
4	39	2	104
4	39	3	49
4	39	4	95
4	40	2	101
4	40	3	31
4	40	4	42
4	41	2	81
4	41	3	10
4	41	4	41
4	42	2	58
4	42	3	29
4	42	4	72
4	43	2	63
4	43	3	48
4	43	4	62
4	44	2	75
4	44	3	52
4	44	4	69
4	45	2	76
4	45	3	46
4	45	4	82
4	46	2	64
4	46	3	57
4	46	4	93
4	47	2	100
4	47	3	23
4	47	4	71
4	48	2	93
4	48	3	18
4	48	4	118
4	49	2	53
4	49	3	33
4	49	4	77
4	50	2	70
4	50	3	30
4	50	4	72
5	1	2	21
5	1	3	15
5	1	4	60
5	2	2	57
5	2	3	32
5	2	4	95
5	3	2	94
5	3	3	53
5	3	4	116
5	4	2	89
5	4	3	51
5	4	4	91
5	5	2	95
5	5	3	45
5	5	4	41
5	6	2	71
5	6	3	28
5	6	4	73
5	7	2	84
5	7	3	46
5	7	4	92
5	8	2	79
5	8	3	13
5	8	4	106
5	9	2	104
5	9	3	56
5	9	4	67
5	10	2	91
5	10	3	53
5	10	4	39
5	11	2	124
5	11	3	13
5	11	4	83
5	12	2	85
5	12	3	64
5	12	4	78
5	13	2	86
5	13	3	55
5	13	4	112
5	14	2	74
5	14	3	49
5	14	4	39
5	15	2	76
5	15	3	26
5	15	4	100
5	16	2	105
5	16	3	39
5	16	4	120
5	17	2	96
5	17	3	34
5	17	4	64
5	18	2	108
5	18	3	24
5	18	4	51
5	19	2	90
5	19	3	60
5	19	4	58
5	20	2	89
5	20	3	14
5	20	4	100
5	21	2	69
5	21	3	58
5	21	4	61
5	22	2	83
5	22	3	45
5	22	4	113
5	23	2	90
5	23	3	51
5	23	4	91
5	24	2	97
5	24	3	73
5	24	4	62
5	25	2	71
5	25	3	51
5	25	4	72
5	26	2	72
5	26	3	39
5	26	4	100
5	27	2	67
5	27	3	58
5	27	4	128
5	28	2	33
5	28	3	52
5	28	4	74
5	29	2	100
5	29	3	16
5	29	4	40
5	30	2	75
5	30	3	36
5	30	4	76
5	31	2	55
5	31	3	38
5	31	4	63
5	32	2	116
5	32	3	32
5	32	4	86
5	33	2	50
5	33	3	44
5	33	4	76
5	34	2	74
5	34	3	41
5	34	4	74
5	35	2	58
5	35	3	61
5	35	4	88
5	36	2	105
5	36	3	25
5	36	4	90
5	37	2	100
5	37	3	13
5	37	4	90
5	38	2	78
5	38	3	69
5	38	4	114
5	39	2	76
5	39	3	25
5	39	4	59
5	40	2	105
5	40	3	65
5	40	4	54
5	41	2	103
5	41	3	47
5	41	4	103
5	42	2	89
5	42	3	67
5	42	4	96
5	43	2	103
5	43	3	45
5	43	4	87
5	44	2	73
5	44	3	58
5	44	4	128
5	45	2	87
5	45	3	30
5	45	4	63
5	46	2	88
5	46	3	58
5	46	4	90
5	47	2	91
5	47	3	47
5	47	4	109
5	48	2	84
5	48	3	22
5	48	4	77
5	49	2	43
5	49	3	34
5	49	4	121
5	50	2	103
5	50	3	25
5	50	4	104
6	1	2	64
6	1	3	68
6	1	4	84
6	2	2	30
6	2	3	81
6	2	4	103
6	3	2	39
6	3	3	92
6	3	4	41
6	4	2	42
6	4	3	82
6	4	4	78
6	5	2	66
6	5	3	65
6	5	4	109
6	6	3	91
6	6	4	108
6	7	2	44
6	7	3	86
6	7	4	52
6	8	2	32
6	8	3	84
6	8	4	77
6	9	2	28
6	9	3	63
6	9	4	73
6	10	2	50
6	10	3	44
6	10	4	81
6	11	2	40
6	11	3	74
6	11	4	41
6	12	2	76
6	12	3	96
6	12	4	81
6	13	2	20
6	13	3	98
6	13	4	73
6	14	2	33
6	14	3	86
6	14	4	82
6	15	2	51
6	15	3	74
6	15	4	93
6	16	2	25
6	16	3	96
6	16	4	64
6	17	2	34
6	17	3	96
6	17	4	84
6	18	2	46
6	18	3	63
6	18	4	56
6	19	2	34
6	19	3	89
6	19	4	89
6	20	2	49
6	20	3	57
6	20	4	70
6	21	2	52
6	21	3	89
6	21	4	99
6	22	2	54
6	22	3	92
6	22	4	118
6	23	2	37
6	23	3	89
6	23	4	81
6	24	2	56
6	24	3	94
6	24	4	81
6	25	2	45
6	25	3	78
6	25	4	85
6	26	2	43
6	26	3	135
6	26	4	109
6	27	2	45
6	27	3	56
6	27	4	93
6	28	2	66
6	28	3	79
6	28	4	92
6	29	2	27
6	29	3	65
6	29	4	81
6	30	2	43
6	30	3	84
6	30	4	55
6	31	2	20
6	31	3	39
6	31	4	64
6	32	2	17
6	32	3	69
6	32	4	117
6	33	2	25
6	33	3	115
6	33	4	95
6	34	2	30
6	34	3	87
6	34	4	72
6	35	2	25
6	35	3	76
6	35	4	84
6	36	2	52
6	36	3	110
6	36	4	41
6	37	2	40
6	37	3	72
6	37	4	71
6	38	2	37
6	38	3	70
6	38	4	91
6	39	2	48
6	39	3	74
6	39	4	96
6	40	2	33
6	40	3	96
6	40	4	86
6	41	2	39
6	41	3	50
6	41	4	68
6	42	2	27
6	42	3	90
6	42	4	74
6	43	2	42
6	43	3	47
6	43	4	87
6	44	2	73
6	44	3	109
6	44	4	89
6	45	2	66
6	45	3	117
6	45	4	89
6	46	2	31
6	46	3	96
6	46	4	99
6	47	2	49
6	47	3	72
6	47	4	50
6	48	2	42
6	48	3	94
6	48	4	83
6	49	2	53
6	49	3	61
6	49	4	37
6	50	2	76
6	50	3	77
6	50	4	108
7	1	2	64
7	1	3	69
7	1	4	140
7	2	2	40
7	2	3	35
7	2	4	145
7	3	2	31
7	3	3	27
7	3	4	127
7	4	2	34
7	4	3	44
7	4	4	137
7	5	2	36
7	5	3	24
7	5	4	128
7	6	2	16
7	6	3	44
7	6	4	100
7	7	2	50
7	7	3	34
7	7	4	88
7	8	2	45
7	8	3	29
7	8	4	100
7	9	2	57
7	9	3	41
7	9	4	102
7	10	2	24
7	10	3	47
7	10	4	205
7	11	2	19
7	11	3	35
7	11	4	125
7	12	2	41
7	12	3	32
7	12	4	136
7	13	2	28
7	13	3	51
7	13	4	154
7	14	2	57
7	14	3	51
7	14	4	149
7	15	2	50
7	15	3	20
7	15	4	96
7	16	2	26
7	16	3	40
7	16	4	123
7	17	2	30
7	17	3	75
7	17	4	108
7	18	2	45
7	18	3	45
7	18	4	148
7	19	2	50
7	19	3	38
7	19	4	121
7	20	2	53
7	20	3	52
7	20	4	152
7	21	2	34
7	21	3	42
7	21	4	132
7	22	2	38
7	22	3	73
7	22	4	116
7	23	2	64
7	23	3	25
7	23	4	116
7	24	2	75
7	24	3	54
7	24	4	114
7	25	2	41
7	25	3	40
7	25	4	135
7	26	2	25
7	26	3	35
7	26	4	131
7	27	2	61
7	27	3	35
7	27	4	144
7	28	2	35
7	28	3	41
7	28	4	107
7	29	2	3
7	29	3	55
7	29	4	142
7	30	2	59
7	30	3	34
7	30	4	114
7	31	2	31
7	31	3	22
7	31	4	187
7	32	2	48
7	32	3	54
7	32	4	110
7	33	2	62
7	33	3	25
7	33	4	130
7	34	2	55
7	34	3	38
7	34	4	115
7	35	2	26
7	35	3	15
7	35	4	53
7	36	2	43
7	36	3	37
7	36	4	117
7	37	2	18
7	37	3	32
7	37	4	166
7	38	2	42
7	38	3	36
7	38	4	138
7	39	2	53
7	39	3	57
7	39	4	115
7	40	2	34
7	40	3	50
7	40	4	119
7	41	2	38
7	41	3	57
7	41	4	124
7	42	2	22
7	42	3	38
7	42	4	120
7	43	2	58
7	43	3	42
7	43	4	139
7	44	2	19
7	44	3	40
7	44	4	95
7	45	2	62
7	45	3	35
7	45	4	117
7	46	2	38
7	46	3	35
7	46	4	104
7	47	2	57
7	47	3	36
7	47	4	116
7	48	2	45
7	48	3	41
7	48	4	93
7	49	2	24
7	49	3	19
7	49	4	100
7	50	2	38
7	50	3	33
7	50	4	112
8	1	2	13
8	1	3	73
8	1	5	80
8	2	2	22
8	2	3	85
8	2	5	70
8	3	2	69
8	3	3	61
8	3	5	61
8	4	2	54
8	4	3	61
8	4	5	103
8	5	2	54
8	5	3	57
8	5	5	95
8	6	2	47
8	6	3	107
8	6	5	78
8	7	2	60
8	7	3	66
8	7	5	67
8	8	2	42
8	8	3	65
8	8	5	76
8	9	2	46
8	9	3	16
8	9	5	109
8	10	2	33
8	10	3	76
8	10	5	58
8	11	2	48
8	11	3	77
8	11	5	93
8	12	2	34
8	12	3	61
8	12	5	96
8	13	2	47
8	13	3	102
8	13	5	53
8	14	2	36
8	14	3	77
8	14	5	77
8	15	2	28
8	15	3	55
8	15	5	71
8	16	2	28
8	16	3	80
8	16	5	63
8	17	2	34
8	17	3	66
8	17	5	44
8	18	2	19
8	18	3	94
8	18	5	104
8	19	2	42
8	19	3	69
8	19	5	56
8	20	2	22
8	20	3	52
8	20	5	86
8	21	2	53
8	21	3	99
8	21	5	106
8	22	2	38
8	22	3	91
8	22	5	69
8	23	2	54
8	23	3	44
8	23	5	63
8	24	2	28
8	24	3	43
8	24	5	97
8	25	2	34
8	25	3	74
8	25	5	60
8	26	2	21
8	26	3	120
8	26	5	61
8	27	2	43
8	27	3	91
8	27	5	104
8	28	2	72
8	28	3	91
8	28	5	84
8	29	2	47
8	29	3	97
8	29	5	114
8	30	2	14
8	30	3	88
8	30	5	33
8	31	2	36
8	31	3	69
8	31	5	39
8	32	2	51
8	32	3	90
8	32	5	81
8	33	2	55
8	33	3	99
8	33	5	72
8	34	2	20
8	34	3	79
8	34	5	71
8	35	2	40
8	35	3	80
8	35	5	59
8	36	2	44
8	36	3	49
8	36	5	92
8	37	2	47
8	37	3	55
8	37	5	82
8	38	2	26
8	38	3	112
8	38	5	72
8	39	2	44
8	39	3	119
8	39	5	94
8	40	2	8
8	40	3	48
8	40	5	80
8	41	2	37
8	41	3	64
8	41	5	47
8	42	2	40
8	42	3	42
8	42	5	97
8	43	2	39
8	43	3	82
8	43	5	39
8	44	2	49
8	44	3	102
8	44	5	85
8	45	2	18
8	45	3	103
8	45	5	74
8	46	2	37
8	46	3	120
8	46	5	100
8	47	2	43
8	47	3	54
8	47	5	92
8	48	2	44
8	48	3	110
8	48	5	43
8	49	2	23
8	49	3	68
8	49	5	85
8	50	2	73
8	50	3	91
8	50	5	72
9	1	2	31
9	1	3	88
9	1	4	77
9	2	2	53
9	2	3	46
9	2	4	92
9	3	2	39
9	3	3	62
9	3	4	46
9	4	2	30
9	4	3	87
9	4	4	72
9	5	2	71
9	5	3	78
9	5	4	99
9	6	2	60
9	6	3	87
9	6	4	87
9	7	2	58
9	7	3	91
9	7	4	79
9	8	2	25
9	8	3	76
9	8	4	110
9	9	2	33
9	9	3	92
9	9	4	79
9	10	2	49
9	10	3	86
9	10	4	103
9	11	2	58
9	11	3	84
9	11	4	69
9	12	2	72
9	12	3	105
9	12	4	97
9	13	2	26
9	13	3	67
9	13	4	74
9	14	2	35
9	14	3	56
9	14	4	88
9	15	2	66
9	15	3	62
9	15	4	95
9	16	2	54
9	16	3	133
9	16	4	110
9	17	2	42
9	17	3	57
9	17	4	86
9	18	2	33
9	18	3	113
9	18	4	85
9	19	2	42
9	19	3	59
9	19	4	89
9	20	2	47
9	20	3	126
9	20	4	95
9	21	2	7
9	21	3	81
9	21	4	69
9	22	2	38
9	22	3	84
9	22	4	95
9	23	2	46
9	23	3	75
9	23	4	81
9	24	2	31
9	24	3	98
9	24	4	98
9	25	2	53
9	25	3	84
9	25	4	99
9	26	2	49
9	26	3	119
9	26	4	102
9	27	2	39
9	27	3	26
9	27	4	92
9	28	2	30
9	28	3	130
9	28	4	53
9	29	2	37
9	29	3	79
9	29	4	52
9	30	2	68
9	30	3	101
9	30	4	55
9	31	2	23
9	31	3	100
9	31	4	108
9	32	2	61
9	32	3	71
9	32	4	86
9	33	2	42
9	33	3	66
9	33	4	50
9	34	2	62
9	34	3	97
9	34	4	107
9	35	2	51
9	35	3	92
9	35	4	66
9	36	2	53
9	36	3	110
9	36	4	68
9	37	2	48
9	37	3	109
9	37	4	59
9	38	2	45
9	38	3	62
9	38	4	111
9	39	2	13
9	39	3	61
9	39	4	69
9	40	2	31
9	40	3	89
9	40	4	105
9	41	2	17
9	41	3	82
9	41	4	35
9	42	2	51
9	42	3	51
9	42	4	104
9	43	2	23
9	43	3	107
9	43	4	45
9	44	2	48
9	44	3	78
9	44	4	91
9	45	2	43
9	45	3	106
9	45	4	108
9	46	2	39
9	46	3	74
9	46	4	53
9	47	2	40
9	47	3	118
9	47	4	88
9	48	2	43
9	48	3	79
9	48	4	90
9	49	2	36
9	49	3	53
9	49	4	99
9	50	2	49
9	50	3	76
9	50	4	66
10	1	2	54
10	1	3	168
10	2	2	105
10	2	3	122
10	3	2	72
10	3	3	127
10	4	2	103
10	4	3	88
10	5	2	92
10	5	3	144
10	6	2	123
10	6	3	145
10	7	2	81
10	7	3	131
10	8	2	98
10	8	3	126
10	9	2	74
10	9	3	125
10	10	2	68
10	10	3	157
10	11	2	59
10	11	3	122
10	12	2	107
10	12	3	121
10	13	2	107
10	13	3	139
10	14	2	66
10	14	3	130
10	15	2	107
10	15	3	141
10	16	2	128
10	16	3	82
10	17	2	83
10	17	3	151
10	18	2	95
10	18	3	123
10	19	2	52
10	19	3	102
10	20	2	66
10	20	3	116
10	21	2	110
10	21	3	141
10	22	2	87
10	22	3	102
10	23	2	44
10	23	3	118
10	24	2	66
10	24	3	89
10	25	2	55
10	25	3	133
10	26	2	81
10	26	3	135
10	27	2	78
10	27	3	89
10	28	2	50
10	28	3	153
10	29	2	110
10	29	3	64
10	30	2	50
10	30	3	112
10	31	2	67
10	31	3	110
10	32	2	43
10	32	3	144
10	33	2	71
10	33	3	109
10	34	2	31
10	34	3	96
10	35	2	82
10	35	3	130
10	36	2	92
10	36	3	101
10	37	2	74
10	37	3	88
10	38	2	79
10	38	3	152
10	39	2	108
10	39	3	54
10	40	2	97
10	40	3	111
10	41	2	89
10	41	3	136
10	42	2	78
10	42	3	85
10	43	2	74
10	43	3	158
10	44	2	75
10	44	3	166
10	45	2	73
10	45	3	106
10	46	2	101
10	46	3	57
10	47	2	56
10	47	3	100
10	48	2	55
10	48	3	100
10	49	2	112
10	49	3	86
10	50	2	109
10	50	3	101


Warehouse Inventory (W P T):
1	414		414		0		1209		494		414	
2	0		0		1284		894		70		0	
3	0		0		722		741		61		0	
4	132		132		0		1032		235		132	
5	0		0		645		917		95		0	
6	0		0		331		870		78		0	
7	0		0		1297		827		67		0	
8	0		0		251		818		76		0	
9	0		0		258		748		109		0	
10	0		0		483		880		58		0	
11	578		578		0		1361		671		578	
12	0		0		739		882		96		0	
13	487		487		0		1292		540		487	
14	0		0		76		792		77		0	
15	0		0		242		882		71		0	
16	0		0		281		862		63		0	
17	257		257		0		1032		301		257	
18	0		0		1098		695		104		0	
19	0		0		685		881		56		0	
20	0		0		921		880		86		0	
21	0		0		465		846		106		0	
22	0		0		361		954		69		0	
23	392		392		0		1192		455		392	
24	143		143		0		886		240		143	
25	0		0		1283		875		60		0	
26	0		0		981		849		61		0	
27	0		0		820		831		104		0	
28	0		0		392		919		84		0	
29	0		0		634		785		114		0	
30	313		313		0		1034		346		313	
31	0		0		692		852		39		0	
32	556		556		0		1413		637		556	
33	322		322		0		1114		394		322	
34	73		73		0		918		144		73	
35	0		0		107		763		59		0	
36	447		447		0		1252		539		447	
37	379		379		0		1149		461		379	
38	0		0		539		873		72		0	
39	0		0		256		869		94		0	
40	0		0		243		825		80		0	
41	522		522		0		1202		569		522	
42	0		0		829		875		97		0	
43	0		0		465		790		39		0	
44	0		0		347		866		85		0	
45	0		0		102		858		74		0	
46	0		0		1139		890		100		0	
47	0		0		626		814		92		0	
48	0		0		67		807		43		0	
49	288		288		0		1093		373		288	
50	0		0		1440		818		72		0	

Store Inventory (S P T):
Store1
1	17		0		0		0		54		17	
2	44		0		0		0		83		44	
3	28		0		0		0		67		28	
4	59		0		0		0		100		59	
5	29		0		0		0		75		29	
6	25		0		0		0		62		25	
7	53		0		0		0		99		53	
8	17		0		0		0		84		17	
9	29		0		0		0		55		29	
10	36		0		0		0		87		36	
11	52		0		0		0		104		52	
12	43		0		0		0		88		43	
13	27		0		0		0		65		27	
14	25		0		0		0		55		25	
15	56		0		0		0		104		56	
16	33		0		0		0		85		33	
17	25		0		0		0		98		25	
18	32		0		0		0		60		32	
19	32		0		0		0		80		32	
20	26		0		0		0		59		26	
21	27		0		0		0		51		27	
22	24		0		0		0		57		24	
23	33		0		0		0		60		33	
24	60		0		0		0		85		60	
25	53		0		0		0		94		53	
26	4		0		0		0		31		4	
27	37		0		0		0		59		37	
28	41		0		0		0		78		41	
29	14		0		0		0		49		14	
30	39		0		0		0		57		39	
31	44		0		0		0		69		44	
32	79		0		0		0		85		79	
33	53		0		0		0		102		53	
34	44		0		0		0		102		44	
35	29		0		0		0		66		29	
36	25		0		0		0		95		25	
37	41		0		0		0		75		41	
38	22		0		0		0		43		22	
39	37		0		0		0		89		37	
40	24		0		0		0		73		24	
41	31		0		0		0		61		31	
42	38		0		0		0		80		38	
43	12		0		0		0		44		12	
44	33		0		0		0		51		33	
45	38		0		0		0		88		38	
46	53		0		0		0		83		53	
47	31		0		0		0		88		31	
48	42		0		0		0		76		42	
49	24		0		0		0		33		24	
50	25		0		0		0		61		25	
Store2
1	34		0		0		37		71		34	
2	32		0		0		33		65		32	
3	48		0		0		29		77		48	
4	13		0		0		56		69		13	
5	36		0		0		35		71		36	
6	38		0		0		45		83		38	
7	64		0		0		43		107		64	
8	40		0		0		38		78		40	
9	21		0		0		56		77		21	
10	24		0		0		25		49		24	
11	51		0		0		11		62		51	
12	61		0		0		56		117		61	
13	22		0		0		21		43		22	
14	64		0		0		36		100		64	
15	73		0		0		38		111		73	
16	15		0		0		52		67		15	
17	25		0		0		51		76		25	
18	27		0		0		46		73		27	
19	70		0		0		26		96		70	
20	33		0		0		34		67		33	
21	63		0		0		46		109		63	
22	41		0		0		23		64		41	
23	43		0		0		33		76		43	
24	16		0		0		64		80		16	
25	52		0		0		31		83		52	
26	21		0		0		29		50		21	
27	29		0		0		46		75		29	
28	40		0		0		23		63		40	
29	47		0		0		72		119		47	
30	42		0		0		48		90		42	
31	48		0		0		38		86		48	
32	15		0		0		35		50		15	
33	17		0		0		55		72		17	
34	14		0		0		35		49		14	
35	43		0		0		36		79		43	
36	44		0		0		47		91		44	
37	29		0		0		45		74		29	
38	87		0		0		38		125		87	
39	65		0		0		64		129		65	
40	66		0		0		33		99		66	
41	44		0		0		61		105		44	
42	31		0		0		19		50		31	
43	34		0		0		38		72		34	
44	35		0		0		66		101		35	
45	30		0		0		10		40		30	
46	47		0		0		26		73		47	
47	3		0		0		49		52		3	
48	38		0		0		38		76		38	
49	46		0		0		1		47		46	
50	61		0		0		42		103		61	
Store3
1	32		0		0		0		85		32	
2	53		0		0		0		109		53	
3	29		0		0		0		60		29	
4	23		0		0		0		108		23	
5	38		0		0		0		92		38	
6	43		0		0		0		101		43	
7	36		0		0		0		88		36	
8	45		0		0		0		84		45	
9	31		0		0		0		81		31	
10	46		0		0		0		62		46	
11	40		0		0		0		97		40	
12	53		0		0		0		70		53	
13	32		0		0		0		83		32	
14	21		0		0		0		71		21	
15	27		0		0		0		67		27	
16	49		0		0		0		89		49	
17	43		0		0		0		51		43	
18	25		0		0		0		32		25	
19	11		0		0		0		59		11	
20	33		0		0		0		84		33	
21	50		0		0		0		94		50	
22	59		0		0		0		139		59	
23	47		0		0		0		95		47	
24	44		0		0		0		62		44	
25	58		0		0		0		81		58	
26	12		0		0		0		86		12	
27	10		0		0		0		42		10	
28	76		0		0		0		102		76	
29	39		0		0		0		55		39	
30	53		0		0		0		109		53	
31	12		0		0		0		39		12	
32	40		0		0		0		78		40	
33	24		0		0		0		65		24	
34	22		0		0		0		58		22	
35	63		0		0		0		132		63	
36	56		0		0		0		87		56	
37	11		0		0		0		43		11	
38	39		0		0		0		65		39	
39	37		0		0		0		77		37	
40	23		0		0		0		92		23	
41	23		0		0		0		68		23	
42	41		0		0		0		86		41	
43	47		0		0		0		69		47	
44	53		0		0		0		92		53	
45	36		0		0		0		77		36	
46	58		0		0		0		99		58	
47	63		0		0		0		102		63	
48	29		0		0		0		54		29	
49	57		0		0		0		102		57	
50	26		0		0		0		61		26	
Store4
1	52		0		52		52		92		52	
2	44		0		44		44		104		44	
3	54		0		54		54		97		54	
4	29		0		29		29		51		29	
5	33		0		33		33		99		33	
6	15		0		15		15		68		15	
7	46		0		46		46		92		46	
8	27		0		27		27		50		27	
9	28		0		28		28		59		28	
10	39		0		39		39		85		39	
11	71		0		71		71		90		71	
12	19		0		19		19		66		19	
13	60		0		60		60		100		60	
14	34		0		34		34		52		34	
15	17		0		17		17		75		17	
16	24		0		24		24		51		24	
17	30		0		30		30		59		30	
18	78		0		78		78		109		78	
19	55		0		55		55		113		55	
20	29		0		29		29		59		29	
21	53		0		53		53		72		53	
22	24		0		24		24		60		24	
23	48		0		48		48		91		48	
24	57		0		57		57		71		57	
25	50		0		50		50		72		50	
26	22		0		22		22		88		22	
27	48		0		48		48		90		48	
28	28		0		28		28		76		28	
29	25		0		25		25		102		25	
30	50		0		50		50		99		50	
31	35		0		35		35		112		35	
32	16		0		16		16		64		16	
33	23		0		23		23		78		23	
34	23		0		23		23		66		23	
35	49		0		49		49		82		49	
36	44		0		44		44		98		44	
37	43		0		43		43		86		43	
38	21		0		21		21		70		21	
39	46		0		46		46		97		46	
40	49		0		49		49		72		49	
41	24		0		24		24		54		24	
42	20		0		20		20		54		20	
43	31		0		31		31		54		31	
44	43		0		43		43		73		43	
45	16		0		16		16		70		16	
46	0		0		0		0		57		0	
47	31		0		31		31		69		31	
48	62		0		62		62		107		62	
49	26		0		26		26		51		26	
50	40		0		40		40		96		40	
Store5
1	21		0		21		21		55		21	
2	29		0		29		29		66		29	
3	35		0		35		35		70		35	
4	48		0		48		48		99		48	
5	35		0		35		35		66		35	
6	36		0		36		36		76		36	
7	26		0		26		26		64		26	
8	34		0		34		34		86		34	
9	37		0		37		37		66		37	
10	47		0		47		47		61		47	
11	64		0		64		64		103		64	
12	22		0		22		22		61		22	
13	31		0		31		31		84		31	
14	37		0		37		37		76		37	
15	19		0		19		19		75		19	
16	68		0		68		68		116		68	
17	38		0		38		38		91		38	
18	61		0		61		61		70		61	
19	46		0		46		46		67		46	
20	38		0		38		38		82		38	
21	34		0		34		34		70		34	
22	47		0		47		47		116		47	
23	43		0		43		43		85		43	
24	54		0		54		54		79		54	
25	7		0		7		7		47		7	
26	33		0		33		33		102		33	
27	19		0		19		19		90		19	
28	0		0		0		0		47		0	
29	50		0		50		50		71		50	
30	41		0		41		41		70		41	
31	38		0		38		38		65		38	
32	70		0		70		70		116		70	
33	27		0		27		27		90		27	
34	28		0		28		28		41		28	
35	45		0		45		45		97		45	
36	64		0		64		64		111		64	
37	42		0		42		42		100		42	
38	50		0		50		50		114		50	
39	29		0		29		29		39		29	
40	56		0		56		56		99		56	
41	58		0		58		58		113		58	
42	47		0		47		47		85		47	
43	48		0		48		48		85		48	
44	38		0		38		38		104		38	
45	39		0		39		39		68		39	
46	34		0		34		34		82		34	
47	28		0		28		28		85		28	
48	50		0		50		50		83		50	
49	29		0		29		29		107		29	
50	56		0		56		56		99		56	
Store6
1	33		0		0		33		60		33	
2	31		0		0		31		86		31	
3	40		0		0		40		64		40	
4	38		0		0		38		73		38	
5	50		0		0		50		118		50	
6	33		0		0		33		99		33	
7	38		0		0		38		66		38	
8	38		0		0		38		94		38	
9	35		0		0		35		46		35	
10	21		0		0		21		61		21	
11	34		0		0		34		64		34	
12	57		0		0		57		105		57	
13	76		0		0		76		110		76	
14	43		0		0		43		94		43	
15	40		0		0		40		69		40	
16	59		0		0		59		92		59	
17	45		0		0		45		77		45	
18	20		0		0		20		35		20	
19	62		0		0		62		107		62	
20	10		0		0		10		51		10	
21	50		0		0		50		101		50	
22	54		0		0		54		109		54	
23	41		0		0		41		69		41	
24	48		0		0		48		91		48	
25	26		0		0		26		75		26	
26	62		0		0		62		138		62	
27	43		0		0		43		85		43	
28	28		0		0		28		63		28	
29	29		0		0		29		50		29	
30	53		0		0		53		92		53	
31	3		0		0		3		23		3	
32	43		0		0		43		93		43	
33	69		0		0		69		127		69	
34	24		0		0		24		56		24	
35	46		0		0		46		82		46	
36	47		0		0		47		61		47	
37	56		0		0		56		87		56	
38	30		0		0		30		65		30	
39	56		0		0		56		112		56	
40	67		0		0		67		109		67	
41	12		0		0		12		61		12	
42	30		0		0		30		33		30	
43	33		0		0		33		86		33	
44	84		0		0		84		147		84	
45	33		0		0		33		93		33	
46	52		0		0		52		95		52	
47	38		0		0		38		52		38	
48	66		0		0		66		107		66	
49	46		0		0		46		55		46	
50	33		0		0		33		75		33	
Store7
1	23		0		0		0		94		23	
2	48		0		0		0		89		48	
3	42		0		0		0		71		42	
4	49		0		0		0		80		49	
5	70		0		0		0		94		70	
6	26		0		0		0		68		26	
7	28		0		0		0		66		28	
8	27		0		0		0		65		27	
9	30		0		0		0		66		30	
10	74		0		0		0		148		74	
11	20		0		0		0		60		20	
12	35		0		0		0		80		35	
13	59		0		0		0		117		59	
14	23		0		0		0		104		23	
15	31		0		0		0		51		31	
16	28		0		0		0		69		28	
17	38		0		0		0		75		38	
18	44		0		0		0		83		44	
19	50		0		0		0		92		50	
20	75		0		0		0		109		75	
21	33		0		0		0		58		33	
22	41		0		0		0		63		41	
23	46		0		0		0		79		46	
24	10		0		0		0		59		10	
25	36		0		0		0		72		36	
26	44		0		0		0		73		44	
27	50		0		0		0		106		50	
28	21		0		0		0		57		21	
29	34		0		0		0		89		34	
30	42		0		0		0		84		42	
31	58		0		0		0		132		58	
32	37		0		0		0		73		37	
33	55		0		0		0		106		55	
34	34		0		0		0		74		34	
35	10		0		0		0		34		10	
36	42		0		0		0		88		42	
37	39		0		0		0		113		39	
38	51		0		0		0		111		51	
39	20		0		0		0		62		20	
40	47		0		0		0		81		47	
41	33		0		0		0		79		33	
42	25		0		0		0		74		25	
43	56		0		0		0		107		56	
44	40		0		0		0		50		40	
45	52		0		0		0		108		52	
46	27		0		0		0		73		27	
47	57		0		0		0		81		57	
48	36		0		0		0		65		36	
49	34		0		0		0		53		34	
50	33		0		0		0		82		33	
Store8
1	52		20		20		52		0		52	
2	43		0		0		43		0		43	
3	36		2		2		36		0		36	
4	54		12		12		54		0		54	
5	36		0		0		36		10		36	
6	50		0		0		50		6		50	
7	15		0		0		15		0		15	
8	32		0		0		32		25		32	
9	66		64		64		66		0		66	
10	32		0		0		32		29		32	
11	51		28		28		51		0		51	
12	52		30		30		52		0		52	
13	46		7		7		46		0		46	
14	37		9		9		37		0		37	
15	55		0		0		55		23		55	
16	34		9		9		34		0		34	
17	29		0		0		29		22		29	
18	48		2		2		48		0		48	
19	45		0		0		45		25		45	
20	40		13		13		40		0		40	
21	55		20		20		55		0		55	
22	57		0		0		57		25		57	
23	20		8		8		20		0		20	
24	63		30		30		63		0		63	
25	36		0		0		36		20		36	
26	64		0		0		64		48		64	
27	48		0		0		48		36		48	
28	56		11		11		56		0		56	
29	66		14		14		66		0		66	
30	36		0		0		36		27		36	
31	39		0		0		39		28		39	
32	59		0		0		59		32		59	
33	78		0		0		78		33		78	
34	49		0		0		49		6		49	
35	52		0		0		52		36		52	
36	34		18		18		34		0		34	
37	53		21		21		53		0		53	
38	48		0		0		48		18		48	
39	67		1		1		67		0		67	
40	25		13		13		25		0		25	
41	42		0		0		42		15		42	
42	45		45		45		45		0		45	
43	0		0		0		0		0		0	
44	38		0		0		38		3		38	
45	43		0		0		43		7		43	
46	65		0		0		65		31		65	
47	64		29		29		64		0		64	
48	41		0		0		41		34		41	
49	54		0		0		54		1		54	
50	41		0		0		41		12		41	
Store9
1	47		0		0		47		86		47	
2	29		0		0		29		71		29	
3	38		0		0		38		61		38	
4	44		0		0		44		66		44	
5	37		0		0		37		92		37	
6	35		0		0		35		79		35	
7	53		0		0		53		105		53	
8	46		0		0		46		91		46	
9	46		0		0		46		91		46	
10	36		0		0		36		102		36	
11	11		0		0		11		51		11	
12	39		0		0		39		73		39	
13	22		0		0		22		70		22	
14	31		0		0		31		90		31	
15	41		0		0		41		102		41	
16	56		0		0		56		109		56	
17	28		0		0		28		74		28	
18	71		0		0		71		135		71	
19	42		0		0		42		97		42	
20	68		0		0		68		118		68	
21	43		0		0		43		81		43	
22	36		0		0		36		76		36	
23	29		0		0		29		93		29	
24	69		0		0		69		119		69	
25	28		0		0		28		58		28	
26	60		0		0		60		122		60	
27	0		0		0		0		61		0	
28	67		0		0		67		97		67	
29	50		0		0		50		72		50	
30	25		0		0		25		52		25	
31	40		0		0		40		109		40	
32	12		0		0		12		66		12	
33	57		0		0		57		72		57	
34	43		0		0		43		104		43	
35	62		0		0		62		87		62	
36	46		0		0		46		81		46	
37	57		0		0		57		101		57	
38	17		0		0		17		86		17	
39	18		0		0		18		50		18	
40	50		0		0		50		104		50	
41	41		0		0		41		61		41	
42	19		0		0		19		61		19	
43	48		0		0		48		81		48	
44	61		0		0		61		101		61	
45	42		0		0		42		92		42	
46	50		0		0		50		75		50	
47	59		0		0		59		88		59	
48	37		0		0		37		82		37	
49	22		0		0		22		82		22	
50	44		0		0		44		80		44	
Store10
1	19		0		19		137		77		19	
2	58		0		58		123		101		58	
3	40		0		40		119		103		40	
4	64		0		64		133		109		64	
5	44		0		44		162		105		44	
6	61		0		61		158		112		61	
7	57		0		57		136		102		57	
8	31		0		31		117		86		31	
9	53		0		53		115		71		53	
10	33		0		33		130		80		33	
11	19		0		19		105		74		19	
12	63		0		63		130		89		63	
13	66		0		66		181		134		66	
14	31		0		31		100		42		31	
15	71		0		71		200		134		71	
16	59		0		59		115		112		59	
17	80		0		80		182		121		80	
18	56		0		56		122		92		56	
19	35		0		35		101		89		35	
20	29		0		29		105		57		29	
21	37		0		37		143		87		37	
22	55		0		55		136		102		55	
23	19		0		19		94		50		19	
24	52		0		52		103		80		52	
25	23		0		23		126		76		23	
26	31		0		31		131		90		31	
27	49		0		49		100		67		49	
28	24		0		24		105		78		24	
29	48		0		48		84		53		48	
30	28		0		28		105		88		28	
31	24		0		24		76		43		24	
32	21		0		21		114		73		21	
33	29		0		29		97		67		29	
34	3		0		3		56		48		3	
35	46		0		46		126		93		46	
36	34		0		34		108		69		34	
37	43		0		43		97		58		43	
38	40		0		40		120		68		40	
39	73		0		73		98		75		73	
40	47		0		47		158		95		47	
41	61		0		61		160		110		61	
42	21		0		21		74		55		21	
43	41		0		41		131		77		41	
44	41		0		41		172		92		41	
45	44		0		44		123		90		44	
46	44		0		44		84		58		44	
47	35		0		35		127		82		35	
48	45		0		45		114		101		45	
49	43		0		43		110		94		43	
50	59		0		59		137		111		59	


Shipments from Vendor to Warehouse (V T):
0	0.4694926	0.6852347	0	0	
0	0.5324934	0.5889913	0	0	
0	0.4582114	0.6846521	0	0	

Shipments from Warehouse to Stores (S T):
1	2	0.08867134
1	3	0.15214
1	4	0.2674267
1	5	0.1880634
2	2	0.1393947
2	3	0.1779693
2	4	0.205014
2	5	0.16966
3	2	0.09074534
3	3	0.140122
3	4	0.2991093
3	5	0.1671433
4	2	0.187916
4	3	0.1082467
4	4	0.174794
4	5	0.2039133
5	2	0.1633813
5	3	0.1465087
5	4	0.1944686
5	5	0.2050867
6	2	0.1111027
6	3	0.2298133
6	4	0.19002
6	5	0.1701033
7	2	0.09540801
7	3	0.1381073
7	4	0.2670186
7	5	0.1899067
8	2	0.1148853
8	3	0.213116
8	4	0.05054333
8	5	0.3151546
9	2	0.1390087
9	3	0.198754
9	4	0.206286
9	5	0.2124567
10	2	0.147346
10	3	0.28736
10	4	0.04566666
10	5	0.2161667


Required Putaway workers (Sol T):
2	2	2	2	0	

No of required pickers (T):
0	5	7	7	7	

No of part-time putaway workers (T):
0	0	0	0	0	

No of part-time pickers (T):
0	0	2	2	2	

Best Putaway Technology: 3600
Best Picking Technology: 1000

Required Fashion Putaway Hours:
13.51528	0	0	14.25556	0	

Required Basic Putaway Hours:
0	11.74	15.9425	0	0	

Required Total Putaway Hours:
13.51528	11.74	15.9425	14.25556	0	

No of required fashion pick hours:
0	10.605	20.685	17.365	51.32	

No of required basic pick hours:
0	26.466	31.787	37.597	3.807	

No of required total pick hours:
0	37.071	52.472	54.962	55.127	

List of all the costs: 
MHECost		870
PutawayTechCost		4795
PickingTechCost		9130
WhBasicInvCost		875.2401
BasicInbCost		9946.965
WhFashionInvCost		1553.9
FashionInbCost		9714.253
PutawayCost		3200
StoreBasicInvCost		4088.15
StoreFashionInvCost		9526.25
OutboundCost		32358.41
PickingCost		9440
Total		95498.16

List of Top5 Technologies: 
Tech1		4	6	$ 95498.16
Tech2		4	5	$ 101639.6
Tech3		4	4	$ 107342.2
Tech4		4	2	$ 128139.6
Tech5		4	1	$ 172343.8
The start time is 12/18/2014 6:15:16 AM
The End time is 12/18/2014 6:15:50 AM
