Printing New Fashion Solution:

Inbound Fashion Solution (V F T):
1	1	4	4030
1	2	3	3705
1	3	4	4460
1	4	3	5570
1	5	4	3775
1	6	3	2850
1	7	3	5515
1	8	4	5475
1	9	4	2985
1	10	4	4990


Outbound Fashion Solution(S F T):
1	1	5	1165
1	2	5	305
1	3	5	1570
1	4	5	1410
1	5	5	290
1	6	5	160
1	7	4	1420
1	9	5	725
1	10	5	1070
2	1	5	605
2	2	5	455
2	3	5	750
2	4	5	1010
2	5	5	1125
2	6	4	1490
2	7	5	1370
2	8	5	1830
2	9	5	980
2	10	5	525
3	1	5	730
3	2	4	1410
3	3	5	320
3	4	4	690
3	5	5	585
3	6	5	225
3	7	4	1100
3	8	5	805
3	9	5	620
3	10	5	1020
4	1	5	610
4	2	5	840
4	3	5	660
4	4	5	1180
4	5	5	660
4	6	5	585
4	7	5	1025
4	8	5	1350
4	9	5	280
4	10	5	1190
5	1	5	920
5	2	5	695
5	3	5	1160
5	4	5	1280
5	5	5	1115
5	6	5	390
5	7	5	600
5	8	5	1490
5	9	5	380
5	10	5	1185


Warehouse Fashion Inventory (W F T):
1	0		0		0		4030		0	
2	0		0		3705		2295		0	
3	0		0		0		4460		0	
4	0		0		5570		4880		0	
5	0		0		0		3775		0	
6	0		0		2850		1360		0	
7	0		0		5515		2995		0	
8	0		0		0		5475		0	
9	0		0		0		2985		0	
10	0		0		0		4990		0	

Store Fashion Inventory (S F T):
Store1
1	0		0		0		1165	
2	0		0		0		305	
3	0		0		0		1570	
4	0		0		0		1410	
5	0		0		0		290	
6	0		0		0		160	
7	0		0		1420		1420	
8	0		0		0		0	
9	0		0		0		725	
10	0		0		0		1070	
Store2
1	0		0		0		605	
2	0		0		0		455	
3	0		0		0		750	
4	0		0		0		1010	
5	0		0		0		1125	
6	0		0		1490		1490	
7	0		0		0		1370	
8	0		0		0		1830	
9	0		0		0		980	
10	0		0		0		525	
Store3
1	0		0		0		730	
2	0		0		1410		1410	
3	0		0		0		320	
4	0		0		690		690	
5	0		0		0		585	
6	0		0		0		225	
7	0		0		1100		1100	
8	0		0		0		805	
9	0		0		0		620	
10	0		0		0		1020	
Store4
1	0		0		0		610	
2	0		0		0		840	
3	0		0		0		660	
4	0		0		0		1180	
5	0		0		0		660	
6	0		0		0		585	
7	0		0		0		1025	
8	0		0		0		1350	
9	0		0		0		280	
10	0		0		0		1190	
Store5
1	0		0		0		920	
2	0		0		0		695	
3	0		0		0		1160	
4	0		0		0		1280	
5	0		0		0		1115	
6	0		0		0		390	
7	0		0		0		600	
8	0		0		0		1490	
9	0		0		0		380	
10	0		0		0		1185	


Fashion Shipments from Vendor to Warehouse (V T):
0	0	0.4370967	0.86487	

Printing New Basic Solution:

Inbound Solution (V P T):
1	1	1	561
1	1	5	5056
1	2	1	3593
1	2	5	1540
1	3	1	936
1	3	5	3748
1	4	1	3963
1	4	5	991
1	5	1	1412
1	5	5	3296
1	6	1	1775
1	6	5	4142
1	7	1	4545
1	7	5	1137
1	8	1	2376
1	8	5	2376
1	9	1	3052
1	9	5	2035
1	10	1	3030
1	10	5	2020


Outbound Solution(S P T):
1	1	4	883
1	2	4	1073
1	3	4	941
1	4	4	815
1	5	4	1337
1	6	4	1054
1	7	4	1081
1	8	4	790
1	9	4	1042
1	10	4	919
2	1	4	980
2	2	4	849
2	3	4	907
2	4	4	927
2	5	4	807
2	6	4	1618
2	7	4	953
2	8	4	997
2	9	4	671
2	10	4	1097
3	1	1	793
3	1	4	234
3	2	1	874
3	2	4	335
3	3	1	932
3	3	4	183
3	4	1	769
3	4	4	198
3	5	1	749
3	5	4	139
3	6	1	738
3	6	4	214
3	7	1	1031
3	7	4	211
3	8	1	866
3	8	4	182
3	9	1	1039
3	9	4	346
3	10	1	672
3	10	4	196
4	1	1	1350
4	2	1	1103
4	3	1	791
4	4	1	961
4	5	1	868
4	6	1	970
4	7	1	1268
4	8	1	973
4	9	1	1289
4	10	1	826
5	1	5	1377
5	2	5	899
5	3	5	930
5	4	5	1284
5	5	5	808
5	6	5	1323
5	7	5	1138
5	8	5	944
5	9	5	700
5	10	5	1340


Warehouse Inventory (W P T):
1	3679		2097		2097		2097		0		3679	
2	641		2257		2257		2257		0		641	
3	2818		2031		2031		2031		0		2818	
4	0		2233		2233		2233		293		0	
5	2488		2283		2283		2283		0		2488	
6	2819		2886		2886		2886		0		2819	
7	0		2246		2246		2246		1		0	
8	1432		1969		1969		1969		0		1432	
9	1335		2059		2059		2059		0		1335	
10	680		2212		2212		2212		0		680	

Store Inventory (S P T):
Store1
1	363		293		52		0		688		363	
2	593		425		107		0		891		593	
3	606		488		177		0		718		606	
4	588		397		160		0		626		588	
5	855		541		358		0		1089		855	
6	693		517		243		0		827		693	
7	722		496		291		0		828		722	
8	472		356		177		0		621		472	
9	648		382		135		0		852		648	
10	508		381		234		0		777		508	
Store2
1	475		311		188		0		739		475	
2	507		358		203		0		669		507	
3	636		366		203		0		904		636	
4	647		476		270		0		834		647	
5	541		429		350		0		756		541	
6	842		600		372		0		1156		842	
7	436		347		167		0		692		436	
8	467		397		218		0		719		467	
9	421		213		132		0		630		421	
10	769		505		313		0		922		769	
Store3
1	0		526		316		282		234		0	
2	0		686		444		170		335		0	
3	0		706		472		200		183		0	
4	0		593		308		12		198		0	
5	0		531		314		152		139		0	
6	0		572		386		175		214		0	
7	0		729		468		242		211		0	
8	0		608		431		212		182		0	
9	0		691		623		371		346		0	
10	0		474		406		303		196		0	
Store4
1	0		1182		896		597		205		0	
2	0		869		526		308		98		0	
3	0		568		374		214		196		0	
4	0		683		473		387		132		0	
5	0		557		416		283		156		0	
6	0		873		656		480		286		0	
7	0		983		691		353		167		0	
8	0		724		552		438		278		0	
9	0		1061		828		596		279		0	
10	0		534		380		227		190		0	
Store5
1	1101		763		501		204		0		1101	
2	677		445		367		199		0		677	
3	686		426		195		170		0		686	
4	905		872		550		403		0		905	
5	680		538		390		243		0		680	
6	890		621		536		288		0		890	
7	923		656		445		217		0		923	
8	762		617		374		202		0		762	
9	604		428		428		221		0		604	
10	1050		701		487		288		0		1050	


Shipments from Vendor to Warehouse (V T):
0.814492	0	0	0	0.749498	

Shipments from Warehouse to Stores (S T):
1	4	0.32957
1	5	0.2296067
2	4	0.322092
2	5	0.2266467
3	1	0.260762
3	4	0.1720973
3	5	0.1470267
4	1	0.309814
4	5	0.2594367
5	5	0.6089047


Required Putaway workers (Sol T):
3	0	2	3	3	

No of required pickers (T):
3	0	0	4	6	

No of part-time putaway workers (T):
1	0	0	1	1	

No of part-time pickers (T):
0	0	0	0	2	

Best Putaway Technology: 1200
Best Picking Technology: 1000

Required Fashion Putaway Hours:
0	0	14.7	21.42917	0	

Required Basic Putaway Hours:
21.03583	0	0	0	21.95083	

Required Total Putaway Hours:
21.03583	0	14.7	21.42917	21.95083	

No of required fashion pick hours:
0	0	0	6.11	37.245	

No of required basic pick hours:
18.862	0	0	21.979	10.743	

No of required total pick hours:
18.862	0	0	28.089	47.988	

List of all the costs: 
MHECost		351
PutawayTechCost		1060
PickingTechCost		9130
WhBasicInvCost		830.0499
BasicInbCost		2780.333
WhFashionInvCost		548.85
FashionInbCost		2415.006
PutawayCost		3920
StoreBasicInvCost		4787.25
StoreFashionInvCost		2473.25
OutboundCost		11935.04
PickingCost		6880
Total		47110.78

List of Top5 Technologies: 
Tech1		2	6	$ 47110.78
Tech2		2	5	$ 60192.71
Tech3		2	1	$ 100426.3
Tech4		1	1	$ 102536.4
Tech5		None	None	$ -
The start time is 1/1/2015 1:27:40 PM
The End time is 1/1/2015 1:27:50 PM
