Printing New Fashion Solution:

Inbound Fashion Solution (V F T):
1	1	3	4030
1	2	4	3705
1	3	3	4460
1	4	3	5570
1	5	4	3775
1	6	4	2850
1	7	4	5515
1	8	4	5475
1	9	3	2985
1	10	4	4990


Outbound Fashion Solution(S F T):
1	1	5	1165
1	2	5	305
1	3	5	1570
1	4	5	1410
1	5	5	290
1	6	5	160
1	7	5	1420
1	9	5	725
1	10	5	1070
2	1	5	605
2	2	5	455
2	3	5	750
2	4	5	1010
2	5	5	1125
2	6	5	1490
2	7	5	1370
2	8	5	1830
2	9	4	980
2	10	5	525
3	1	5	730
3	2	5	1410
3	3	5	320
3	4	5	690
3	5	5	585
3	6	5	225
3	7	5	1100
3	8	5	805
3	9	5	620
3	10	5	1020
4	1	5	610
4	2	5	840
4	3	5	660
4	4	5	1180
4	5	5	660
4	6	5	585
4	7	5	1025
4	8	5	1350
4	9	5	280
4	10	5	1190
5	1	4	920
5	2	5	695
5	3	5	1160
5	4	4	1280
5	5	5	1115
5	6	5	390
5	7	5	600
5	8	5	1490
5	9	4	380
5	10	5	1185


Warehouse Fashion Inventory (W F T):
1	0		0		4030		3110		0	
2	0		0		0		3705		0	
3	0		0		4460		4460		0	
4	0		0		5570		4290		0	
5	0		0		0		3775		0	
6	0		0		0		2850		0	
7	0		0		0		5515		0	
8	0		0		0		5475		0	
9	0		0		2985		1625		0	
10	0		0		0		4990		0	

Store Fashion Inventory (S F T):
Store1
1	0		0		0		1165	
2	0		0		0		305	
3	0		0		0		1570	
4	0		0		0		1410	
5	0		0		0		290	
6	0		0		0		160	
7	0		0		0		1420	
8	0		0		0		0	
9	0		0		0		725	
10	0		0		0		1070	
Store2
1	0		0		0		605	
2	0		0		0		455	
3	0		0		0		750	
4	0		0		0		1010	
5	0		0		0		1125	
6	0		0		0		1490	
7	0		0		0		1370	
8	0		0		0		1830	
9	0		0		980		980	
10	0		0		0		525	
Store3
1	0		0		0		730	
2	0		0		0		1410	
3	0		0		0		320	
4	0		0		0		690	
5	0		0		0		585	
6	0		0		0		225	
7	0		0		0		1100	
8	0		0		0		805	
9	0		0		0		620	
10	0		0		0		1020	
Store4
1	0		0		0		610	
2	0		0		0		840	
3	0		0		0		660	
4	0		0		0		1180	
5	0		0		0		660	
6	0		0		0		585	
7	0		0		0		1025	
8	0		0		0		1350	
9	0		0		0		280	
10	0		0		0		1190	
Store5
1	0		0		920		920	
2	0		0		0		695	
3	0		0		0		1160	
4	0		0		1280		1280	
5	0		0		0		1115	
6	0		0		0		390	
7	0		0		0		600	
8	0		0		0		1490	
9	0		0		380		380	
10	0		0		0		1185	


Fashion Shipments from Vendor to Warehouse (V T):
0	0	0.4555734	0.8463933	

Printing New Basic Solution:

Inbound Solution (V P T):
1	1	1	5055
1	1	2	562
1	2	1	3079
1	2	2	2054
1	3	1	3278
1	3	2	1406
1	4	1	1486
1	4	2	3468
1	5	1	1412
1	5	2	3296
1	6	1	1183
1	6	2	4734
1	7	2	5682
1	8	1	1425
1	8	2	3327
1	9	1	1526
1	9	2	3561
1	10	1	5050


Outbound Solution(S P T):
1	1	2	883
1	2	2	1073
1	3	2	941
1	4	2	815
1	5	2	1337
1	6	2	1054
1	7	2	1081
1	8	2	790
1	9	2	1042
1	10	2	919
2	1	4	980
2	2	4	849
2	3	4	907
2	4	4	927
2	5	4	807
2	6	4	1618
2	7	4	953
2	8	4	997
2	9	4	671
2	10	4	1097
3	1	2	1027
3	2	2	1209
3	3	2	1115
3	4	2	967
3	5	2	888
3	6	2	952
3	7	2	1242
3	8	2	1048
3	9	2	1385
3	10	2	868
4	1	1	1350
4	2	1	1103
4	3	1	791
4	4	1	961
4	5	1	868
4	6	1	970
4	7	1	1268
4	8	1	973
4	9	1	1289
4	10	1	826
5	1	4	1377
5	2	4	899
5	3	4	930
5	4	4	1284
5	5	4	808
5	6	4	1323
5	7	4	1138
5	8	4	944
5	9	4	700
5	10	4	1340


Warehouse Inventory (W P T):
1	0		3705		2357		2357		0		0	
2	0		1976		1748		1748		0		0	
3	0		2487		1837		1837		0		0	
4	0		525		2211		2211		0		0	
5	0		544		1615		1615		0		0	
6	0		213		2941		2941		0		0	
7	1268		0		3359		3359		1268		1268	
8	0		452		1941		1941		0		0	
9	0		237		1371		1371		0		0	
10	0		4224		2437		2437		0		0	

Store Inventory (S P T):
Store1
1	70		0		642		590		395		70	
2	168		0		755		648		466		168	
3	118		0		630		453		230		118	
4	191		0		578		418		229		191	
5	314		0		1154		796		548		314	
6	176		0		780		537		310		176	
7	226		0		876		585		332		226	
8	116		0		611		434		265		116	
9	266		0		795		660		470		266	
10	127		0		772		538		396		127	
Store2
1	475		311		188		0		739		475	
2	507		358		203		0		669		507	
3	636		366		203		0		904		636	
4	647		476		270		0		834		647	
5	541		429		350		0		756		541	
6	842		600		372		0		1156		842	
7	436		347		167		0		692		436	
8	467		397		218		0		719		467	
9	421		213		132		0		630		421	
10	769		505		313		0		922		769	
Store3
1	267		0		817		783		501		267	
2	188		0		967		693		523		188	
3	226		0		881		609		409		226	
4	176		0		682		386		374		176	
5	218		0		671		509		357		218	
6	166		0		766		555		380		166	
7	302		0		981		755		513		302	
8	258		0		871		652		440		258	
9	348		0		1317		1065		694		348	
10	198		0		800		697		394		198	
Store4
1	0		1182		896		597		205		0	
2	0		869		526		308		98		0	
3	0		568		374		214		196		0	
4	0		683		473		387		132		0	
5	0		557		416		283		156		0	
6	0		873		656		480		286		0	
7	0		983		691		353		167		0	
8	0		724		552		438		278		0	
9	0		1061		828		596		279		0	
10	0		534		380		227		190		0	
Store5
1	897		559		297		0		1173		897	
2	478		246		168		0		700		478	
3	516		256		25		0		760		516	
4	502		469		147		0		881		502	
5	437		295		147		0		565		437	
6	602		333		248		0		1035		602	
7	706		439		228		0		921		706	
8	560		415		172		0		742		560	
9	383		207		207		0		479		383	
10	762		413		199		0		1052		762	


Shipments from Vendor to Warehouse (V T):
0.5841654	0.9798247	0	0	0	

Shipments from Warehouse to Stores (S T):
1	2	0.3030633
1	5	0.2561134
2	4	0.320152
2	5	0.2285867
3	2	0.327526
3	5	0.25236
4	1	0.309814
4	5	0.2594367
5	4	0.386768
5	5	0.2221366


Required Putaway workers (Sol T):
3	3	2	3	0	

No of required pickers (T):
3	6	0	7	10	

No of part-time putaway workers (T):
1	1	0	1	0	

No of part-time pickers (T):
0	0	0	0	3	

Best Putaway Technology: 1200
Best Picking Technology: 500

Required Fashion Putaway Hours:
0	0	14.20417	21.925	0	

Required Basic Putaway Hours:
19.57833	23.40833	0	0	0	

Required Total Putaway Hours:
19.57833	23.40833	14.20417	21.925	0	

No of required fashion pick hours:
0	0	0	7.12	79.59	

No of required basic pick hours:
20.798	41.272	0	41.098	0	

No of required total pick hours:
20.798	41.272	0	48.218	79.59	

List of all the costs: 
MHECost		351
PutawayTechCost		1060
PickingTechCost		3195
WhBasicInvCost		605.33
BasicInbCost		2780.333
WhFashionInvCost		568.4
FashionInbCost		2415.007
PutawayCost		3920
StoreBasicInvCost		5027.55
StoreFashionInvCost		2345.75
OutboundCost		13042.81
PickingCost		11920
Total		47231.18

List of Top5 Technologies: 
Tech1		2	5	$ 47231.18
Tech2		2	1	$ 99401.97
Tech3		1	1	$ 119178.6
Tech4		None	None	$ -
Tech5		None	None	$ -
The start time is 1/1/2015 1:27:40 PM
The End time is 1/1/2015 1:27:46 PM
