Printing New Fashion Solution:

Inbound Fashion Solution (V F T):
1	1	2	4030
1	2	2	3705
1	3	2	4460
1	4	1	5570
1	5	1	3775
1	6	2	2850
1	7	1	5515
1	8	1	5475
1	9	2	2985
1	10	1	4990


Outbound Fashion Solution(S F T):
1	1	5	1165
1	2	5	305
1	3	4	1570
1	4	5	1410
1	5	5	290
1	6	5	160
1	7	4	1420
1	9	5	725
1	10	5	1070
2	1	5	605
2	2	5	455
2	3	4	750
2	4	5	1010
2	5	5	1125
2	6	5	1490
2	7	4	1370
2	8	5	1830
2	9	4	980
2	10	5	525
3	1	4	730
3	2	5	1410
3	3	4	320
3	4	4	690
3	5	5	585
3	6	5	225
3	7	4	1100
3	8	5	805
3	9	4	620
3	10	5	1020
4	1	4	610
4	2	5	840
4	3	4	660
4	4	4	1180
4	5	5	660
4	6	5	585
4	7	4	1025
4	8	5	1350
4	9	4	280
4	10	5	1190
5	1	4	920
5	2	5	695
5	3	4	1160
5	4	4	1280
5	5	5	1115
5	6	5	390
5	7	5	600
5	8	5	1490
5	9	4	380
5	10	5	1185


Warehouse Fashion Inventory (W F T):
1	0		4030		4030		1770		0	
2	0		3705		3705		3705		0	
3	0		4460		4460		0		0	
4	5570		5570		5570		2420		0	
5	3775		3775		3775		3775		0	
6	0		2850		2850		2850		0	
7	5515		5515		5515		600		0	
8	5475		5475		5475		5475		0	
9	0		2985		2985		725		0	
10	4990		4990		4990		4990		0	

Store Fashion Inventory (S F T):
Store1
1	0		0		0		1165	
2	0		0		0		305	
3	0		0		1570		1570	
4	0		0		0		1410	
5	0		0		0		290	
6	0		0		0		160	
7	0		0		1420		1420	
8	0		0		0		0	
9	0		0		0		725	
10	0		0		0		1070	
Store2
1	0		0		0		605	
2	0		0		0		455	
3	0		0		750		750	
4	0		0		0		1010	
5	0		0		0		1125	
6	0		0		0		1490	
7	0		0		1370		1370	
8	0		0		0		1830	
9	0		0		980		980	
10	0		0		0		525	
Store3
1	0		0		730		730	
2	0		0		0		1410	
3	0		0		320		320	
4	0		0		690		690	
5	0		0		0		585	
6	0		0		0		225	
7	0		0		1100		1100	
8	0		0		0		805	
9	0		0		620		620	
10	0		0		0		1020	
Store4
1	0		0		610		610	
2	0		0		0		840	
3	0		0		660		660	
4	0		0		1180		1180	
5	0		0		0		660	
6	0		0		0		585	
7	0		0		1025		1025	
8	0		0		0		1350	
9	0		0		280		280	
10	0		0		0		1190	
Store5
1	0		0		920		920	
2	0		0		0		695	
3	0		0		1160		1160	
4	0		0		1280		1280	
5	0		0		0		1115	
6	0		0		0		390	
7	0		0		0		600	
8	0		0		0		1490	
9	0		0		380		380	
10	0		0		0		1185	


Fashion Shipments from Vendor to Warehouse (V T):
0.7127634	0.5892033	0	0	

Printing New Basic Solution:

Inbound Solution (V P T):
1	1	3	2023
1	1	4	3594
1	2	3	1900
1	2	4	3233
1	3	3	891
1	3	4	3793
1	4	3	3172
1	4	4	1782
1	5	3	4473
1	5	4	235
1	6	3	4143
1	6	4	1774
1	7	3	3864
1	7	4	1818
1	8	3	1759
1	8	4	2993
1	9	3	3256
1	9	4	1831
1	10	3	2525
1	10	4	2525


Outbound Solution(S P T):
1	1	3	883
1	2	3	1073
1	3	3	941
1	4	3	815
1	5	3	1337
1	6	3	1054
1	7	3	1081
1	8	3	790
1	9	3	1042
1	10	3	919
2	1	3	980
2	2	3	849
2	3	3	907
2	4	3	927
2	5	3	807
2	6	3	1618
2	7	3	953
2	8	3	997
2	9	3	671
2	10	3	1097
3	1	2	1027
3	2	2	1209
3	3	2	1115
3	4	2	967
3	5	2	888
3	6	2	952
3	7	2	1242
3	8	2	1048
3	9	2	1385
3	10	2	868
4	1	1	1350
4	2	1	1103
4	3	1	791
4	4	1	961
4	5	1	868
4	6	1	970
4	7	1	1268
4	8	1	973
4	9	1	1289
4	10	1	826
5	1	4	1377
5	2	4	899
5	3	4	930
5	4	4	1284
5	5	4	808
5	6	4	1323
5	7	4	1138
5	8	4	944
5	9	4	700
5	10	4	1340


Warehouse Inventory (W P T):
1	2377		1027		0		160		2377		2377	
2	2334		1231		22		0		2334		2334	
3	2863		2072		957		0		2863		2863	
4	1928		967		0		1430		1928		1928	
5	1756		888		0		2329		1756		1756	
6	1922		952		0		1471		1922		1922	
7	2510		1242		0		1830		2510		2510	
8	2049		1076		28		0		2049		2049	
9	2674		1385		0		1543		2674		2674	
10	1694		868		0		509		1694		1694	

Store Inventory (S P T):
Store1
1	311		241		0		831		636		311	
2	486		318		0		966		784		486	
3	429		311		0		764		541		429	
4	428		237		0		655		466		428	
5	497		183		0		979		731		497	
6	450		274		0		811		584		450	
7	431		205		0		790		537		431	
8	295		179		0		613		444		295	
9	513		247		0		907		717		513	
10	274		147		0		685		543		274	
Store2
1	287		123		0		792		551		287	
2	304		155		0		646		466		304	
3	433		163		0		704		701		433	
4	377		206		0		657		564		377	
5	191		79		0		457		406		191	
6	470		228		0		1246		784		470	
7	269		180		0		786		525		269	
8	249		179		0		779		501		249	
9	289		81		0		539		498		289	
10	456		192		0		784		609		456	
Store3
1	267		0		817		783		501		267	
2	188		0		967		693		523		188	
3	226		0		881		609		409		226	
4	176		0		682		386		374		176	
5	218		0		671		509		357		218	
6	166		0		766		555		380		166	
7	302		0		981		755		513		302	
8	258		0		871		652		440		258	
9	348		0		1317		1065		694		348	
10	198		0		800		697		394		198	
Store4
1	0		1182		896		597		205		0	
2	0		869		526		308		98		0	
3	0		568		374		214		196		0	
4	0		683		473		387		132		0	
5	0		557		416		283		156		0	
6	0		873		656		480		286		0	
7	0		983		691		353		167		0	
8	0		724		552		438		278		0	
9	0		1061		828		596		279		0	
10	0		534		380		227		190		0	
Store5
1	897		559		297		0		1173		897	
2	478		246		168		0		700		478	
3	516		256		25		0		760		516	
4	502		469		147		0		881		502	
5	437		295		147		0		565		437	
6	602		333		248		0		1035		602	
7	706		439		228		0		921		706	
8	560		415		172		0		742		560	
9	383		207		207		0		479		383	
10	762		413		199		0		1052		762	


Shipments from Vendor to Warehouse (V T):
0	0	0.9091073	0.6548827	0	

Shipments from Warehouse to Stores (S T):
1	3	0.3030633
1	4	0.08093333
1	5	0.17518
2	3	0.2992453
2	4	0.07247999
2	5	0.1770133
3	2	0.327526
3	4	0.08209334
3	5	0.1702667
4	1	0.309814
4	4	0.08996667
4	5	0.16947
5	4	0.4269813
5	5	0.1819233


Required Putaway workers (Sol T):
3	2	3	3	0	

No of required pickers (T):
3	3	5	7	7	

No of part-time putaway workers (T):
1	0	1	1	0	

No of part-time pickers (T):
0	0	0	2	2	

Best Putaway Technology: 1200
Best Picking Technology: 500

Required Fashion Putaway Hours:
21.10417	15.025	0	0	0	

Required Basic Putaway Hours:
0	0	23.33833	19.64833	0	

Required Total Putaway Hours:
21.10417	15.025	23.33833	19.64833	0	

No of required fashion pick hours:
0	0	0	34.09	52.62	

No of required basic pick hours:
20.798	21.402	39.482	21.486	0	

No of required total pick hours:
20.798	21.402	39.482	55.576	52.62	

List of all the costs: 
MHECost		351
PutawayTechCost		1060
PickingTechCost		3195
WhBasicInvCost		662.0099
BasicInbCost		2780.333
WhFashionInvCost		1383.45
FashionInbCost		2415.006
PutawayCost		3920
StoreBasicInvCost		5002.6
StoreFashionInvCost		3020
OutboundCost		16455.25
PickingCost		8960
Total		49204.65

List of Top5 Technologies: 
Tech1		2	5	$ 49204.65
Tech2		2	4	$ 51466.92
Tech3		2	2	$ 66408.42
Tech4		2	1	$ 85885.02
Tech5		3	1	$ 108079.8
The start time is 1/1/2015 1:27:39 PM
The End time is 1/1/2015 1:27:46 PM
