Printing New Fashion Solution:

Inbound Fashion Solution (V F T):
1	1	2	4030
1	2	1	3705
1	3	1	4460
1	4	1	5570
1	5	1	3775
1	6	1	2850
1	7	2	5515
1	8	1	5475
1	9	2	2985
1	10	2	4990


Outbound Fashion Solution(S F T):
1	1	4	1165
1	2	3	305
1	3	3	1570
1	4	3	1410
1	5	2	290
1	6	3	160
1	7	4	1420
1	9	4	725
1	10	3	1070
2	1	4	605
2	2	3	455
2	3	4	750
2	4	3	1010
2	5	3	1125
2	6	3	1490
2	7	4	1370
2	8	4	1830
2	9	3	980
2	10	4	525
3	1	3	730
3	2	3	1410
3	3	2	320
3	4	2	690
3	5	3	585
3	6	3	225
3	7	3	1100
3	8	3	805
3	9	3	620
3	10	3	1020
4	1	4	610
4	2	4	840
4	3	3	660
4	4	2	1180
4	5	3	660
4	6	2	585
4	7	3	1025
4	8	3	1350
4	9	4	280
4	10	4	1190
5	1	4	920
5	2	2	695
5	3	2	1160
5	4	2	1280
5	5	2	1115
5	6	2	390
5	7	4	600
5	8	2	1490
5	9	4	380
5	10	4	1185


Warehouse Fashion Inventory (W F T):
1	0		4030		3300		0		0	
2	3705		3010		840		0		0	
3	4460		2980		750		0		0	
4	5570		2420		0		0		0	
5	3775		2370		0		0		0	
6	2850		1875		0		0		0	
7	0		5515		3390		0		0	
8	5475		3985		1830		0		0	
9	0		2985		1385		0		0	
10	0		4990		2900		0		0	

Store Fashion Inventory (S F T):
Store1
1	0		0		1165		1165	
2	0		305		305		305	
3	0		1570		1570		1570	
4	0		1410		1410		1410	
5	290		290		290		290	
6	0		160		160		160	
7	0		0		1420		1420	
8	0		0		0		0	
9	0		0		725		725	
10	0		1070		1070		1070	
Store2
1	0		0		605		605	
2	0		455		455		455	
3	0		0		750		750	
4	0		1010		1010		1010	
5	0		1125		1125		1125	
6	0		1490		1490		1490	
7	0		0		1370		1370	
8	0		0		1830		1830	
9	0		980		980		980	
10	0		0		525		525	
Store3
1	0		730		730		730	
2	0		1410		1410		1410	
3	320		320		320		320	
4	690		690		690		690	
5	0		585		585		585	
6	0		225		225		225	
7	0		1100		1100		1100	
8	0		805		805		805	
9	0		620		620		620	
10	0		1020		1020		1020	
Store4
1	0		0		610		610	
2	0		0		840		840	
3	0		660		660		660	
4	1180		1180		1180		1180	
5	0		660		660		660	
6	585		585		585		585	
7	0		1025		1025		1025	
8	0		1350		1350		1350	
9	0		0		280		280	
10	0		0		1190		1190	
Store5
1	0		0		920		920	
2	695		695		695		695	
3	1160		1160		1160		1160	
4	1280		1280		1280		1280	
5	1115		1115		1115		1115	
6	390		390		390		390	
7	0		0		600		600	
8	1490		1490		1490		1490	
9	0		0		380		380	
10	0		0		1185		1185	


Fashion Shipments from Vendor to Warehouse (V T):
0.66898	0.6329867	0	0	

Printing New Basic Solution:

Inbound Solution (V P T):
1	1	4	3443
1	1	5	2174
1	2	4	2516
1	2	5	2617
1	3	4	2035
1	3	5	2649
1	4	4	2802
1	4	5	2152
1	5	4	2333
1	5	5	2375
1	6	4	458
1	6	5	5459
1	7	4	4523
1	7	5	1159
1	8	5	4752
1	9	4	3553
1	9	5	1534
1	10	4	2463
1	10	5	2587


Outbound Solution(S P T):
1	1	1	883
1	2	1	1073
1	3	1	941
1	4	1	815
1	5	1	1337
1	6	1	1054
1	7	1	1081
1	8	1	790
1	9	1	1042
1	10	1	919
2	1	5	980
2	2	5	849
2	3	5	907
2	4	5	927
2	5	5	807
2	6	5	1618
2	7	5	953
2	8	5	997
2	9	5	671
2	10	5	1097
3	1	2	244
3	1	5	783
3	2	2	516
3	2	5	693
3	3	2	506
3	3	5	609
3	4	2	581
3	4	5	386
3	5	2	379
3	5	5	509
3	6	2	397
3	6	5	555
3	7	2	487
3	7	5	755
3	8	2	396
3	8	5	652
3	9	2	320
3	9	5	1065
3	10	2	171
3	10	5	697
4	1	3	299
4	1	4	1051
4	2	3	218
4	2	4	885
4	3	3	160
4	3	4	631
4	4	3	86
4	4	4	875
4	5	3	133
4	5	4	735
4	6	3	176
4	6	4	794
4	7	3	338
4	7	4	930
4	8	3	114
4	8	4	859
4	9	3	232
4	9	4	1057
4	10	3	153
4	10	4	673
5	1	2	1377
5	2	2	899
5	3	2	930
5	4	2	1284
5	5	2	808
5	6	2	1323
5	7	2	1138
5	8	2	944
5	9	2	700
5	10	2	1340


Warehouse Inventory (W P T):
1	2803		1920		299		0		2392		2803	
2	2706		1633		218		0		1631		2706	
3	2537		1596		160		0		1404		2537	
4	2766		1951		86		0		1927		2766	
5	2657		1320		133		0		1598		2657	
6	3286		2232		512		336		0		3286	
7	3044		1963		338		0		3593		3044	
8	3103		2313		973		859		0		3103	
9	2294		1252		232		0		2496		2294	
10	2583		1664		153		0		1790		2583	

Store Inventory (S P T):
Store1
1	0		813		572		520		325		0	
2	0		905		587		480		298		0	
3	0		823		512		335		112		0	
4	0		624		387		227		38		0	
5	0		1023		840		482		234		0	
6	0		878		604		361		134		0	
7	0		855		650		359		106		0	
8	0		674		495		318		149		0	
9	0		776		529		394		204		0	
10	0		792		645		411		269		0	
Store2
1	716		552		429		241		0		716	
2	687		538		383		180		0		687	
3	639		369		206		3		0		639	
4	740		569		363		93		0		740	
5	592		480		401		51		0		592	
6	1304		1062		834		462		0		1304	
7	697		608		428		261		0		697	
8	745		675		496		278		0		745	
9	462		254		173		41		0		462	
10	944		680		488		175		0		944	
Store3
1	549		282		316		282		0		549	
2	358		170		444		170		0		358	
3	426		200		472		200		0		426	
4	188		12		308		12		0		188	
5	370		152		314		152		0		370	
6	341		175		386		175		0		341	
7	544		242		468		242		0		544	
8	470		212		431		212		0		470	
9	719		371		623		371		0		719	
10	501		303		406		303		0		501	
Store4
1	454		286		0		0		659		454	
2	577		343		0		0		675		577	
3	417		194		0		0		613		417	
4	488		210		0		0		620		488	
5	452		141		0		0		608		452	
6	314		217		0		0		600		314	
7	577		292		0		0		744		577	
8	421		172		0		0		699		421	
9	461		233		0		0		740		461	
10	446		154		0		0		636		446	
Store5
1	338		0		1115		818		614		338	
2	232		0		821		653		454		232	
3	260		0		699		674		504		260	
4	33		0		962		815		412		33	
5	142		0		660		513		270		142	
6	269		0		1238		990		702		269	
7	267		0		927		699		482		267	
8	145		0		701		529		327		145	
9	176		0		700		493		272		176	
10	349		0		1126		927		639		349	


Shipments from Vendor to Warehouse (V T):
0	0	0	0.7702347	0.7937554	

Shipments from Warehouse to Stores (S T):
1	1	0.3030633
1	2	0.005993334
1	3	0.1685367
1	4	0.08158333
2	3	0.10854
2	4	0.1409533
2	5	0.2992453
3	2	0.1537433
3	3	0.2288467
3	5	0.197296
4	2	0.03021
4	3	0.137058
4	4	0.4019827
5	2	0.480108
5	4	0.1287967


Required Putaway workers (Sol T):
3	2	0	3	3	

No of required pickers (T):
3	6	6	6	5	

No of part-time putaway workers (T):
1	0	0	1	1	

No of part-time pickers (T):
0	2	2	2	1	

Best Putaway Technology: 1200
Best Picking Technology: 500

Required Fashion Putaway Hours:
21.52917	14.6	0	0	0	

Required Basic Putaway Hours:
0	0	0	20.105	22.88167	

Required Total Putaway Hours:
21.52917	14.6	0	20.105	22.88167	

No of required fashion pick hours:
0	18.39	39.53	28.79	0	

No of required basic pick hours:
19.87	29.48	3.818	16.98	33.02	

No of required total pick hours:
19.87	47.87	43.348	45.77	33.02	

List of all the costs: 
MHECost		351
PutawayTechCost		1060
PickingTechCost		3195
WhBasicInvCost		667.53
BasicInbCost		2780.333
WhFashionInvCost		743.9
FashionInbCost		2415.007
PutawayCost		3920
StoreBasicInvCost		4415.05
StoreFashionInvCost		6243.25
OutboundCost		17258.92
PickingCost		8080
Total		51129.99

List of Top5 Technologies: 
Tech1		2	5	$ 51129.99
Tech2		2	4	$ 54484.77
Tech3		4	4	$ 57489.73
Tech4		4	1	$ 89037.85
Tech5		1	1	$ 126882
The start time is 1/1/2015 1:27:40 PM
The End time is 1/1/2015 1:27:47 PM
