WarehouseVolume:[
(1)	[100000000]
]
StoreVolume:[
(1)	[10000000]
(2)	[10000000]
(3)	[10000000]
(4)	[10000000]
(5)	[10000000]
]
StoreDemand:[
(1	1	1)	[70]
(1	1	2)	[241]
(1	1	3)	[52]
(1	1	4)	[195]
(1	1	5)	[325]
(1	2	1)	[168]
(1	2	2)	[318]
(1	2	3)	[107]
(1	2	4)	[182]
(1	2	5)	[298]
(1	3	1)	[118]
(1	3	2)	[311]
(1	3	3)	[177]
(1	3	4)	[223]
(1	3	5)	[112]
(1	4	1)	[191]
(1	4	2)	[237]
(1	4	3)	[160]
(1	4	4)	[189]
(1	4	5)	[38]
(1	5	1)	[314]
(1	5	2)	[183]
(1	5	3)	[358]
(1	5	4)	[248]
(1	5	5)	[234]
(1	6	1)	[176]
(1	6	2)	[274]
(1	6	3)	[243]
(1	6	4)	[227]
(1	6	5)	[134]
(1	7	1)	[226]
(1	7	2)	[205]
(1	7	3)	[291]
(1	7	4)	[253]
(1	7	5)	[106]
(1	8	1)	[116]
(1	8	2)	[179]
(1	8	3)	[177]
(1	8	4)	[169]
(1	8	5)	[149]
(1	9	1)	[266]
(1	9	2)	[247]
(1	9	3)	[135]
(1	9	4)	[190]
(1	9	5)	[204]
(1	10	1)	[127]
(1	10	2)	[147]
(1	10	3)	[234]
(1	10	4)	[142]
(1	10	5)	[269]
(2	1	1)	[164]
(2	1	2)	[123]
(2	1	3)	[188]
(2	1	4)	[241]
(2	1	5)	[264]
(2	2	1)	[149]
(2	2	2)	[155]
(2	2	3)	[203]
(2	2	4)	[180]
(2	2	5)	[162]
(2	3	1)	[270]
(2	3	2)	[163]
(2	3	3)	[203]
(2	3	4)	[3]
(2	3	5)	[268]
(2	4	1)	[171]
(2	4	2)	[206]
(2	4	3)	[270]
(2	4	4)	[93]
(2	4	5)	[187]
(2	5	1)	[112]
(2	5	2)	[79]
(2	5	3)	[350]
(2	5	4)	[51]
(2	5	5)	[215]
(2	6	1)	[242]
(2	6	2)	[228]
(2	6	3)	[372]
(2	6	4)	[462]
(2	6	5)	[314]
(2	7	1)	[89]
(2	7	2)	[180]
(2	7	3)	[167]
(2	7	4)	[261]
(2	7	5)	[256]
(2	8	1)	[70]
(2	8	2)	[179]
(2	8	3)	[218]
(2	8	4)	[278]
(2	8	5)	[252]
(2	9	1)	[208]
(2	9	2)	[81]
(2	9	3)	[132]
(2	9	4)	[41]
(2	9	5)	[209]
(2	10	1)	[264]
(2	10	2)	[192]
(2	10	3)	[313]
(2	10	4)	[175]
(2	10	5)	[153]
(3	1	1)	[267]
(3	1	2)	[210]
(3	1	3)	[34]
(3	1	4)	[282]
(3	1	5)	[234]
(3	2	1)	[188]
(3	2	2)	[242]
(3	2	3)	[274]
(3	2	4)	[170]
(3	2	5)	[335]
(3	3	1)	[226]
(3	3	2)	[234]
(3	3	3)	[272]
(3	3	4)	[200]
(3	3	5)	[183]
(3	4	1)	[176]
(3	4	2)	[285]
(3	4	3)	[296]
(3	4	4)	[12]
(3	4	5)	[198]
(3	5	1)	[218]
(3	5	2)	[217]
(3	5	3)	[162]
(3	5	4)	[152]
(3	5	5)	[139]
(3	6	1)	[166]
(3	6	2)	[186]
(3	6	3)	[211]
(3	6	4)	[175]
(3	6	5)	[214]
(3	7	1)	[302]
(3	7	2)	[261]
(3	7	3)	[226]
(3	7	4)	[242]
(3	7	5)	[211]
(3	8	1)	[258]
(3	8	2)	[177]
(3	8	3)	[219]
(3	8	4)	[212]
(3	8	5)	[182]
(3	9	1)	[348]
(3	9	2)	[68]
(3	9	3)	[252]
(3	9	4)	[371]
(3	9	5)	[346]
(3	10	1)	[198]
(3	10	2)	[68]
(3	10	3)	[103]
(3	10	4)	[303]
(3	10	5)	[196]
(4	1	1)	[168]
(4	1	2)	[286]
(4	1	3)	[299]
(4	1	4)	[392]
(4	1	5)	[205]
(4	2	1)	[234]
(4	2	2)	[343]
(4	2	3)	[218]
(4	2	4)	[210]
(4	2	5)	[98]
(4	3	1)	[223]
(4	3	2)	[194]
(4	3	3)	[160]
(4	3	4)	[18]
(4	3	5)	[196]
(4	4	1)	[278]
(4	4	2)	[210]
(4	4	3)	[86]
(4	4	4)	[255]
(4	4	5)	[132]
(4	5	1)	[311]
(4	5	2)	[141]
(4	5	3)	[133]
(4	5	4)	[127]
(4	5	5)	[156]
(4	6	1)	[97]
(4	6	2)	[217]
(4	6	3)	[176]
(4	6	4)	[194]
(4	6	5)	[286]
(4	7	1)	[285]
(4	7	2)	[292]
(4	7	3)	[338]
(4	7	4)	[186]
(4	7	5)	[167]
(4	8	1)	[249]
(4	8	2)	[172]
(4	8	3)	[114]
(4	8	4)	[160]
(4	8	5)	[278]
(4	9	1)	[228]
(4	9	2)	[233]
(4	9	3)	[232]
(4	9	4)	[317]
(4	9	5)	[279]
(4	10	1)	[292]
(4	10	2)	[154]
(4	10	3)	[153]
(4	10	4)	[37]
(4	10	5)	[190]
(5	1	1)	[338]
(5	1	2)	[262]
(5	1	3)	[297]
(5	1	4)	[204]
(5	1	5)	[276]
(5	2	1)	[232]
(5	2	2)	[78]
(5	2	3)	[168]
(5	2	4)	[199]
(5	2	5)	[222]
(5	3	1)	[260]
(5	3	2)	[231]
(5	3	3)	[25]
(5	3	4)	[170]
(5	3	5)	[244]
(5	4	1)	[33]
(5	4	2)	[322]
(5	4	3)	[147]
(5	4	4)	[403]
(5	4	5)	[379]
(5	5	1)	[142]
(5	5	2)	[148]
(5	5	3)	[147]
(5	5	4)	[243]
(5	5	5)	[128]
(5	6	1)	[269]
(5	6	2)	[85]
(5	6	3)	[248]
(5	6	4)	[288]
(5	6	5)	[433]
(5	7	1)	[267]
(5	7	2)	[211]
(5	7	3)	[228]
(5	7	4)	[217]
(5	7	5)	[215]
(5	8	1)	[145]
(5	8	2)	[243]
(5	8	3)	[172]
(5	8	4)	[202]
(5	8	5)	[182]
(5	9	1)	[176]
(5	9	2)	[0]
(5	9	3)	[207]
(5	9	4)	[221]
(5	9	5)	[96]
(5	10	1)	[349]
(5	10	2)	[214]
(5	10	3)	[199]
(5	10	4)	[288]
(5	10	5)	[290]
]
FixedCostVendorToWarehouse:[
(1	1)	[143.71]
]
FixedCostWarehouseToStore:[
(1	1)	[143.71]
(1	2)	[253.17]
(1	3)	[97.5]
(1	4)	[143.71]
(1	5)	[468.61]
]
Variable_FixedCostVendorToWarehouse:[
(1	1)	[659.96]
]
VariableCostVendorToWarehouse:[
(1	1)	[0.05]
]
Variable_FixedCostWarehouseToStore:[
(1	1)	[659.96]
(1	2)	[884.41]
(1	3)	[570.02]
(1	4)	[659.96]
(1	5)	[1306.68]
]
VariableCostWarehouseToStore:[
(1	1)	[0.05]
(1	2)	[0.067]
(1	3)	[0.042]
(1	4)	[0.05]
(1	5)	[0.099]
]
ProductVolume:[
(1)	[0.4]
(2)	[0.91]
(3)	[0.35]
(4)	[0.68]
(5)	[0.37]
(6)	[0.8]
(7)	[0.14]
(8)	[0.25]
(9)	[0.76]
(10)	[0.02]
]
ProductWeight:[
(1)	[0.14]
(2)	[0.2]
(3)	[0.68]
(4)	[0.78]
(5)	[0.42]
(6)	[0.62]
(7)	[0.62]
(8)	[0.16]
(9)	[0.61]
(10)	[0.31]
]
MapVendorToProduct:[
(1	1)	[1]
(1	2)	[1]
(1	3)	[1]
(1	4)	[1]
(1	5)	[1]
(1	6)	[1]
(1	7)	[1]
(1	8)	[1]
(1	9)	[1]
(1	10)	[1]
]
LeadTimeWarehouseToStores:[
(1	1)	[0]
(1	2)	[0]
(1	3)	[0]
(1	4)	[0]
(1	5)	[0]
]
StoreDemandForFashionProducts:[
(1	1)	[1165]
(1	2)	[305]
(1	3)	[1570]
(1	4)	[1410]
(1	5)	[290]
(1	6)	[160]
(1	7)	[1420]
(1	8)	[0]
(1	9)	[725]
(1	10)	[1070]
(2	1)	[605]
(2	2)	[455]
(2	3)	[750]
(2	4)	[1010]
(2	5)	[1125]
(2	6)	[1490]
(2	7)	[1370]
(2	8)	[1830]
(2	9)	[980]
(2	10)	[525]
(3	1)	[730]
(3	2)	[1410]
(3	3)	[320]
(3	4)	[690]
(3	5)	[585]
(3	6)	[225]
(3	7)	[1100]
(3	8)	[805]
(3	9)	[620]
(3	10)	[1020]
(4	1)	[610]
(4	2)	[840]
(4	3)	[660]
(4	4)	[1180]
(4	5)	[660]
(4	6)	[585]
(4	7)	[1025]
(4	8)	[1350]
(4	9)	[280]
(4	10)	[1190]
(5	1)	[920]
(5	2)	[695]
(5	3)	[1160]
(5	4)	[1280]
(5	5)	[1115]
(5	6)	[390]
(5	7)	[600]
(5	8)	[1490]
(5	9)	[380]
(5	10)	[1185]
]
FixedCostFashionVendorToWarehouse:[
(1	1)	[126.26]
]
Variable_FixedCostFashionVendorToWarehouse:[
(1	1)	[622.3]
]
VariableCostFashionVendorToWarehouse:[
(1	1)	[0.047]
]
FashionProductVolume:[
(1)	[0.98]
(2)	[0.49]
(3)	[0.69]
(4)	[0.65]
(5)	[0.55]
(6)	[0.74]
(7)	[0.37]
(8)	[0.88]
(9)	[0.68]
(10)	[0.15]
]
FashionProductWeight:[
(1)	[0.51]
(2)	[0.77]
(3)	[0.52]
(4)	[0.27]
(5)	[0.31]
(6)	[0.23]
(7)	[0.28]
(8)	[0.28]
(9)	[0.32]
(10)	[0.99]
]
MapFashionVendorToProduct:[
(1	1)	[1]
(1	2)	[1]
(1	3)	[1]
(1	4)	[1]
(1	5)	[1]
(1	6)	[1]
(1	7)	[1]
(1	8)	[1]
(1	9)	[1]
(1	10)	[1]
]
