Results from Tech10
Putaway Technology: 1200.0
Picking Technology: 500.0

Full-Time Putaway workers: 2.0
Full-Time Picking workers: 4.0

Cost Breakdown:
	MHECost              $324.00
	PutawayTechCost      $1,060.00
	PickingTechCost      $3,195.00
	WhBasicInvCost       $487.81
	BasicInbCost         $7,733.28
	WhFashionInvCost     $1,173.80
	FashionInbCost       $4,188.01
	PutawayCost          $3,680.00
	StoreBasicInvCost    $2,869.40
	StoreFashionInvCost  $4,961.25
	OutboundCost         $8,394.99
	PickingCost          $7,840.00
	Total                $45,907.54


Printing New Fashion Solution:

Inbound Fashion Solution
1 	1 	2 	5460
1 	10 	2 	4440
1 	2 	1 	5520
1 	3 	2 	4850
1 	4 	1 	5420
1 	5 	1 	4320
1 	6 	1 	5045
1 	7 	2 	5075
1 	8 	2 	3820
1 	9 	2 	5125

Outbound Solution
1 	1 	5 	1450
1 	10 	5 	815
1 	2 	5 	1550
1 	3 	5 	575
1 	4 	5 	355
1 	5 	5 	450
1 	6 	5 	990
1 	7 	5 	1655
1 	8 	5 	1145
1 	9 	5 	650
2 	1 	5 	0
2 	10 	4 	765
2 	2 	2 	1165
2 	3 	4 	1190
2 	4 	2 	1220
2 	5 	4 	930
2 	6 	2 	495
2 	7 	4 	860
2 	8 	4 	1040
2 	9 	4 	1515
3 	1 	4 	625
3 	10 	4 	895
3 	2 	4 	790
3 	3 	4 	445
3 	4 	4 	825
3 	5 	4 	425
3 	6 	4 	1430
3 	7 	4 	970
3 	8 	4 	645
3 	9 	4 	1320
4 	1 	3 	1815
4 	10 	3 	770
4 	2 	3 	1285
4 	3 	3 	1235
4 	4 	3 	1375
4 	5 	3 	1870
4 	6 	3 	1105
4 	7 	3 	770
4 	8 	3 	710
4 	9 	3 	1390
5 	1 	5 	1570
5 	10 	5 	1195
5 	2 	2 	730
5 	3 	5 	1405
5 	4 	5 	1645
5 	5 	5 	645
5 	6 	5 	1025
5 	7 	5 	820
5 	8 	5 	280
5 	9 	5 	250

Store Inventory
Store1
1 0          0          0          0          1450      
1 0          0          0          0          815       
1 0          0          0          0          1550      
1 0          0          0          0          575       
1 0          0          0          0          355       
1 0          0          0          0          450       
1 0          0          0          0          990       
1 0          0          0          0          1655      
1 0          0          0          0          1145      
1 0          0          0          0          650       
Store2
1 0          0          0          0          0         
1 0          0          0          765        765       
1 0          1165       1165       1165       1165      
1 0          0          0          1190       1190      
1 0          1220       1220       1220       1220      
1 0          0          0          930        930       
1 0          495        495        495        495       
1 0          0          0          860        860       
1 0          0          0          1040       1040      
1 0          0          0          1515       1515      
Store3
1 0          0          0          625        625       
1 0          0          0          895        895       
1 0          0          0          790        790       
1 0          0          0          445        445       
1 0          0          0          825        825       
1 0          0          0          425        425       
1 0          0          0          1430       1430      
1 0          0          0          970        970       
1 0          0          0          645        645       
1 0          0          0          1320       1320      
Store4
1 0          0          1815       1815       1815      
1 0          0          770        770        770       
1 0          0          1285       1285       1285      
1 0          0          1235       1235       1235      
1 0          0          1375       1375       1375      
1 0          0          1870       1870       1870      
1 0          0          1105       1105       1105      
1 0          0          770        770        770       
1 0          0          710        710        710       
1 0          0          1390       1390       1390      
Store5
1 0          0          0          0          1570      
1 0          0          0          0          1195      
1 0          730        730        730        730       
1 0          0          0          0          1405      
1 0          0          0          0          1645      
1 0          0          0          0          645       
1 0          0          0          0          1025      
1 0          0          0          0          820       
1 0          0          0          0          280       
1 0          0          0          0          250       

Shipments from (Basic) Vendor to Warehouse
1          1          0          0          0         

Printing New Basic Solution:


Inbound Solution
1 	1 	1 	0
1 	1 	2 	0
1 	1 	3 	1249
1 	1 	4 	1067
1 	1 	5 	2843
1 	10 	1 	0
1 	10 	2 	0
1 	10 	3 	1290
1 	10 	4 	3816
1 	10 	5 	0
1 	2 	1 	0
1 	2 	2 	0
1 	2 	3 	2184
1 	2 	4 	0
1 	2 	5 	2603
1 	3 	1 	0
1 	3 	2 	0
1 	3 	3 	1106
1 	3 	4 	533
1 	3 	5 	3133
1 	4 	1 	0
1 	4 	2 	0
1 	4 	3 	1087
1 	4 	4 	776
1 	4 	5 	3686
1 	5 	1 	0
1 	5 	2 	0
1 	5 	3 	1981
1 	5 	4 	2902
1 	5 	5 	817
1 	6 	1 	0
1 	6 	2 	0
1 	6 	3 	1043
1 	6 	4 	861
1 	6 	5 	3287
1 	7 	1 	0
1 	7 	2 	0
1 	7 	3 	1040
1 	7 	4 	4192
1 	7 	5 	0
1 	8 	1 	0
1 	8 	2 	0
1 	8 	3 	890
1 	8 	4 	3980
1 	8 	5 	0
1 	9 	1 	0
1 	9 	2 	0
1 	9 	3 	940
1 	9 	4 	1073
1 	9 	5 	2831

Outbound Solution
Store1
1 671        0          0          0          265       
10 681        0          0          0          265       
2 801        0          0          0          184       
3 1033       0          0          0          158       
4 1168       0          0          0          310       
5 720        0          0          0          332       
6 658        0          0          0          183       
7 911        0          0          0          1         
8 845        0          0          0          244       
9 780        0          0          0          243       
Store2
1 0          379        0          659        0         
10 0          337        0          540        0         
2 0          527        0          308        0         
3 0          568        0          359        0         
4 0          499        0          433        0         
5 0          543        0          817        0         
6 0          356        0          458        0         
7 0          384        0          532        0         
8 0          430        0          500        0         
9 0          334        0          594        0         
Store3
1 766        0          0          408        0         
10 478        0          0          577        0         
2 443        0          0          388        0         
3 462        0          0          174        0         
4 591        0          0          343        0         
5 664        0          0          566        0         
6 582        0          0          403        0         
7 716        0          0          352        0         
8 682        0          0          429        0         
9 662        0          0          479        0         
Store4
1 0          0          1249       0          0         
10 0          0          1290       0          0         
2 0          0          1488       0          0         
3 0          0          1106       0          0         
4 0          0          1087       0          0         
5 0          0          1149       0          0         
6 0          0          1043       0          0         
7 0          0          1040       0          0         
8 0          0          890        0          0         
9 0          0          940        0          0         
Store5
1 0          638        0          0          124       
10 0          569        0          0          369       
2 0          373        0          0          275       
3 0          691        0          0          221       
4 0          685        0          0          433       
5 0          756        0          0          153       
6 0          950        0          0          558       
7 0          797        0          0          499       
8 0          537        0          0          313       
9 0          412        0          0          400       

Warehouse Inventory
1 1017       0          0          0          2454      
10 906        0          0          2699       2065      
2 900        0          696        0          2144      
3 1259       0          0          0          2754      
4 1184       0          0          0          2943      
5 1299       0          832        2351       2683      
6 1306       0          0          0          2546      
7 1181       0          0          3308       2808      
8 967        0          0          3051       2494      
9 746        0          0          0          2188      

Store Inventory
Store1
1 498        297        115        0          0         
10 497        228        83         0          0         
2 525        306        93         0          0         
3 720        543        270        0          0         
4 867        567        284        0          0         
5 625        355        183        0          0         
6 426        233        93         0          0         
7 589        563        338        0          0         
8 512        283        42         0          0         
9 568        489        222        0          0         
Store2
1 0          218        0          420        282       
10 0          172        0          404        231       
2 0          307        0          178        2         
3 0          225        0          274        106       
4 0          227        0          230        143       
5 0          242        0          540        303       
6 0          182        0          314        169       
7 0          236        0          263        153       
8 0          317        0          365        166       
9 0          169        0          284        125       
Store3
1 408        149        0          224        0         
10 345        102        0          421        0         
2 293        156        0          180        0         
3 295        77         0          174        0         
4 344        196        0          48         0         
5 431        187        0          257        0         
6 394        193        0          168        0         
7 548        202        0          180        0         
8 329        168        0          202        0         
9 311        104        0          229        0         
Store4
1 359        0          936        655        452       
10 341        0          1019       703        553       
2 347        0          1234       960        667       
3 243        0          865        516        386       
4 275        0          907        657        408       
5 307        0          957        683        596       
6 182        0          893        562        415       
7 364        0          1034       840        635       
8 185        0          685        484        268       
9 260        0          737        614        416       
Store5
1 0          483        192        0          62        
10 0          401        202        0          161       
2 0          373        232        0          275       
3 0          417        159        0          104       
4 0          338        170        0          231       
5 0          498        245        107        135       
6 0          532        326        0          303       
7 0          396        131        0          217       
8 0          335        177        0          121       
9 0          268        60         0          161       

Shipments from (Basic) Vendor to Warehouse
0          0          1          1          1         

Shipments from (Fashion) Vendor to Warehouse
1          1          0          0          0         

Shipments from Warehouse to Stores
1 1          0          0          0          1         
2 0          1          0          1          0         
3 1          0          0          1          0         
4 0          0          1          0          0         
5 0          1          0          0          1         

No of part-time putaway workers:
1          1          0          0          0         

No of part-time picking workers:
0          0          2          2          2         
