Printing New Fashion Solution:

Inbound Fashion Solution (V F T):
1	1	4	5125
1	2	4	5510
1	3	4	5335
1	4	4	4625
1	5	2	5540
1	6	2	4405
1	7	2	5535
1	8	2	6500
1	9	4	4640
1	10	2	3435


Outbound Fashion Solution(S F T):
1	1	5	1325
1	2	5	1275
1	3	5	305
1	4	5	655
1	5	4	760
1	6	4	795
1	7	4	1885
1	8	4	1615
1	9	5	1225
1	10	4	980
2	1	5	190
2	2	5	685
2	3	5	1290
2	4	5	985
2	5	4	645
2	6	4	555
2	7	4	1070
2	8	4	1185
2	9	5	890
2	10	4	460
3	1	5	1265
3	2	5	1455
3	3	5	915
3	4	5	1340
3	5	4	1310
3	6	5	1210
3	7	4	855
3	8	3	1445
3	9	5	675
3	10	3	1435
4	1	5	715
4	2	5	1010
4	3	5	1430
4	4	5	370
4	5	4	1235
4	6	4	550
4	7	4	1425
4	8	4	1385
4	9	5	1095
4	10	4	280
5	1	5	1630
5	2	5	1085
5	3	5	1395
5	4	5	1275
5	5	4	1590
5	6	5	1295
5	7	3	300
5	8	4	870
5	9	5	755
5	10	4	280


Warehouse Fashion Inventory (W F T):
1	0		0		0		5125		0	
2	0		0		0		5510		0	
3	0		0		0		5335		0	
4	0		0		0		4625		0	
5	0		5540		5540		0		0	
6	0		4405		4405		2505		0	
7	0		5535		5235		0		0	
8	0		6500		5055		0		0	
9	0		0		0		4640		0	
10	0		3435		2000		0		0	

Store Fashion Inventory (S F T):
Store1
1	0		0		0		1325	
2	0		0		0		1275	
3	0		0		0		305	
4	0		0		0		655	
5	0		0		760		760	
6	0		0		795		795	
7	0		0		1885		1885	
8	0		0		1615		1615	
9	0		0		0		1225	
10	0		0		980		980	
Store2
1	0		0		0		190	
2	0		0		0		685	
3	0		0		0		1290	
4	0		0		0		985	
5	0		0		645		645	
6	0		0		555		555	
7	0		0		1070		1070	
8	0		0		1185		1185	
9	0		0		0		890	
10	0		0		460		460	
Store3
1	0		0		0		1265	
2	0		0		0		1455	
3	0		0		0		915	
4	0		0		0		1340	
5	0		0		1310		1310	
6	0		0		0		1210	
7	0		0		855		855	
8	0		1445		1445		1445	
9	0		0		0		675	
10	0		1435		1435		1435	
Store4
1	0		0		0		715	
2	0		0		0		1010	
3	0		0		0		1430	
4	0		0		0		370	
5	0		0		1235		1235	
6	0		0		550		550	
7	0		0		1425		1425	
8	0		0		1385		1385	
9	0		0		0		1095	
10	0		0		280		280	
Store5
1	0		0		0		1630	
2	0		0		0		1085	
3	0		0		0		1395	
4	0		0		0		1275	
5	0		0		1590		1590	
6	0		0		0		1295	
7	0		300		300		300	
8	0		0		870		870	
9	0		0		0		755	
10	0		0		280		280	


Fashion Shipments from Vendor to Warehouse (V T):
0	0.9566333	0	0.8507934	

Printing New Basic Solution:

Inbound Solution (V P T):
1	1	1	1491
1	1	3	638
1	1	5	3579
1	2	1	891
1	2	3	2076
1	2	5	2331
1	3	1	2167
1	3	3	541
1	3	5	1865
1	4	1	1232
1	4	3	2874
1	4	5	799
1	5	1	3063
1	5	3	2042
1	5	5	391
1	6	1	1718
1	6	3	1717
1	6	5	1337
1	7	1	3375
1	7	3	2249
1	8	1	1187
1	8	3	1187
1	8	5	2651
1	9	1	892
1	9	3	2081
1	9	5	2397
1	10	1	1709
1	10	3	2562
1	10	5	1580


Outbound Solution(S P T):
1	1	1	911
1	2	1	965
1	3	1	741
1	4	1	943
1	5	1	966
1	6	1	1038
1	7	1	978
1	8	1	566
1	9	1	948
1	10	1	1119
2	1	1	1280
2	2	1	1158
2	3	1	620
2	4	1	728
2	5	1	1112
2	6	1	891
2	7	1	1312
2	8	1	1133
2	9	1	1262
2	10	1	963
3	1	3	1290
3	2	3	1064
3	3	3	1270
3	4	3	805
3	5	3	1139
3	6	3	919
3	7	3	1184
3	8	3	862
3	9	3	808
3	10	3	1371
4	1	2	987
4	2	2	1246
4	3	2	983
4	4	2	1039
4	5	2	1119
4	6	2	1078
4	7	2	1057
4	8	2	1245
4	9	2	1204
4	10	2	1181
5	1	3	1240
5	2	3	865
5	3	3	959
5	4	3	1390
5	5	3	1160
5	6	3	846
5	7	3	1093
5	8	3	1219
5	9	3	1148
5	10	3	1217


Warehouse Inventory (W P T):
1	3579		2879		1892		0		0		3579	
2	2478		1246		0		147		147		2478	
3	1865		2671		1688		0		0		1865	
4	1478		1039		0		679		679		1478	
5	391		1376		257		0		0		391	
6	1337		1126		48		0		0		1337	
7	0		1085		28		0		0		0	
8	2651		2139		894		0		0		2651	
9	2522		1204		0		125		125		2522	
10	1580		1207		26		0		0		1580	

Store Inventory (S P T):
Store1
1	0		617		472		254		138		0	
2	0		802		610		389		200		0	
3	0		699		571		256		252		0	
4	0		792		488		370		249		0	
5	0		842		629		457		200		0	
6	0		797		649		395		243		0	
7	0		764		578		378		208		0	
8	0		380		235		190		0		0	
9	0		893		619		298		243		0	
10	0		911		645		504		157		0	
Store2
1	0		1161		779		533		361		0	
2	0		905		718		456		218		0	
3	0		442		358		173		134		0	
4	0		643		445		367		149		0	
5	0		746		567		382		170		0	
6	0		574		555		339		231		0	
7	0		1162		890		569		242		0	
8	0		895		716		528		134		0	
9	0		921		618		476		234		0	
10	0		832		552		306		182		0	
Store3
1	459		324		0		1043		645		459	
2	458		218		0		726		552		458	
3	473		225		0		1061		769		473	
4	214		171		0		616		434		214	
5	355		235		0		924		649		355	
6	366		215		0		745		645		366	
7	423		190		0		919		770		423	
8	437		138		0		741		576		437	
9	299		133		0		575		421		299	
10	732		378		0		1138		968		732	
Store4
1	215		0		852		603		486		215	
2	249		0		1051		744		342		249	
3	193		0		876		739		467		193	
4	232		0		968		782		396		232	
5	277		0		848		517		412		277	
6	318		0		856		697		457		318	
7	187		0		746		532		350		187	
8	186		0		965		734		477		186	
9	152		0		1019		669		289		152	
10	299		0		876		613		416		299	
Store5
1	427		263		0		884		673		427	
2	376		175		0		685		588		376	
3	349		279		0		710		493		349	
4	597		263		0		1108		905		597	
5	445		209		0		964		537		445	
6	404		134		0		822		593		404	
7	363		253		0		772		580		363	
8	514		212		0		1107		728		514	
9	386		275		0		906		601		386	
10	602		364		0		931		746		602	


Shipments from Vendor to Warehouse (V T):
0.7482628	0	0.7392647	0	0.596812	

Shipments from Warehouse to Stores (S T):
1	1	0.356084
1	4	0.1943767
1	5	0.15516
2	1	0.4262653
2	4	0.1299533
2	5	0.1361967
3	3	0.5135394
3	4	0.08137667
3	5	0.2529167
4	2	0.4477833
4	4	0.16113
4	5	0.1642467
5	3	0.4511974
5	4	0.1256267
5	5	0.2959133


Required Putaway workers (Sol T):
2	3	2	3	2	

No of required pickers (T):
5	3	7	5	7	

No of part-time putaway workers (T):
0	1	0	1	0	

No of part-time pickers (T):
0	0	2	0	2	

Best Putaway Technology: 1200
Best Picking Technology: 500

Required Fashion Putaway Hours:
0	21.17917	0	21.02917	0	

Required Basic Putaway Hours:
14.77083	0	14.9725	0	14.10833	

Required Total Putaway Hours:
14.77083	21.17917	14.9725	21.02917	14.10833	

No of required fashion pick hours:
0	0	6.36	39.46	55.48	

No of required basic pick hours:
39.268	22.278	43.698	0	0	

No of required total pick hours:
39.268	22.278	50.058	39.46	55.48	

List of all the costs: 
MHECost		324
PutawayTechCost		1060
PickingTechCost		3195
WhBasicInvCost		405.88
BasicInbCost		3533.899
WhFashionInvCost		753.9
FashionInbCost		4091.624
PutawayCost		3680
StoreBasicInvCost		5235.35
StoreFashionInvCost		3837
OutboundCost		14122.49
PickingCost		8960
Total		49199.15

List of Top5 Technologies: 
Tech1		2	5	$ 49199.15
Tech2		3	5	$ 51574.48
Tech3		3	4	$ 55309.75
Tech4		3	3	$ 62404.65
Tech5		3	1	$ 91603.45
The start time is 12/17/2014 3:08:27 PM
The End time is 12/17/2014 3:08:39 PM
