Printing New Fashion Solution:

Inbound Fashion Solution (V F T):
1	1	3	5125
1	2	4	5510
1	3	4	5335
1	4	4	4625
1	5	3	5540
1	6	3	4405
1	7	4	5535
1	8	4	6500
1	9	4	4640
1	10	4	3435


Outbound Fashion Solution(S F T):
1	1	5	1325
1	2	5	1275
1	3	5	305
1	4	5	655
1	5	5	760
1	6	5	795
1	7	5	1885
1	8	5	1615
1	9	5	1225
1	10	5	980
2	1	5	190
2	2	5	685
2	3	5	1290
2	4	5	985
2	5	5	645
2	6	5	555
2	7	5	1070
2	8	5	1185
2	9	5	890
2	10	5	460
3	1	5	1265
3	2	5	1455
3	3	5	915
3	4	5	1340
3	5	5	1310
3	6	4	1210
3	7	5	855
3	8	5	1445
3	9	5	675
3	10	5	1435
4	1	5	715
4	2	5	1010
4	3	5	1430
4	4	5	370
4	5	5	1235
4	6	5	550
4	7	5	1425
4	8	5	1385
4	9	5	1095
4	10	5	280
5	1	4	1630
5	2	5	1085
5	3	5	1395
5	4	5	1275
5	5	5	1590
5	6	5	1295
5	7	5	300
5	8	5	870
5	9	5	755
5	10	5	280


Warehouse Fashion Inventory (W F T):
1	0		0		5125		3495		0	
2	0		0		0		5510		0	
3	0		0		0		5335		0	
4	0		0		0		4625		0	
5	0		0		5540		5540		0	
6	0		0		4405		3195		0	
7	0		0		0		5535		0	
8	0		0		0		6500		0	
9	0		0		0		4640		0	
10	0		0		0		3435		0	

Store Fashion Inventory (S F T):
Store1
1	0		0		0		1325	
2	0		0		0		1275	
3	0		0		0		305	
4	0		0		0		655	
5	0		0		0		760	
6	0		0		0		795	
7	0		0		0		1885	
8	0		0		0		1615	
9	0		0		0		1225	
10	0		0		0		980	
Store2
1	0		0		0		190	
2	0		0		0		685	
3	0		0		0		1290	
4	0		0		0		985	
5	0		0		0		645	
6	0		0		0		555	
7	0		0		0		1070	
8	0		0		0		1185	
9	0		0		0		890	
10	0		0		0		460	
Store3
1	0		0		0		1265	
2	0		0		0		1455	
3	0		0		0		915	
4	0		0		0		1340	
5	0		0		0		1310	
6	0		0		1210		1210	
7	0		0		0		855	
8	0		0		0		1445	
9	0		0		0		675	
10	0		0		0		1435	
Store4
1	0		0		0		715	
2	0		0		0		1010	
3	0		0		0		1430	
4	0		0		0		370	
5	0		0		0		1235	
6	0		0		0		550	
7	0		0		0		1425	
8	0		0		0		1385	
9	0		0		0		1095	
10	0		0		0		280	
Store5
1	0		0		1630		1630	
2	0		0		0		1085	
3	0		0		0		1395	
4	0		0		0		1275	
5	0		0		0		1590	
6	0		0		0		1295	
7	0		0		0		300	
8	0		0		0		870	
9	0		0		0		755	
10	0		0		0		280	


Fashion Shipments from Vendor to Warehouse (V T):
0	0	0.8338	0.9736267	

Printing New Basic Solution:

Inbound Solution (V P T):
1	1	1	3424
1	1	5	2284
1	2	1	2757
1	2	3	1315
1	2	5	1226
1	3	1	844
1	3	3	373
1	3	5	3356
1	4	1	2554
1	4	3	1344
1	4	5	1007
1	5	1	4246
1	5	3	1136
1	5	5	114
1	6	1	4634
1	6	3	115
1	6	5	23
1	7	1	1205
1	7	3	1426
1	7	5	2993
1	8	1	603
1	8	3	2010
1	8	5	2412
1	9	1	887
1	9	3	1447
1	9	5	3036
1	10	1	2349
1	10	3	2627
1	10	5	875


Outbound Solution(S P T):
1	1	1	911
1	2	1	965
1	3	1	741
1	4	1	943
1	5	1	966
1	6	1	1038
1	7	1	978
1	8	1	566
1	9	1	948
1	10	1	1119
2	1	1	1280
2	2	1	1158
2	3	1	620
2	4	1	728
2	5	1	1112
2	6	1	891
2	7	1	1312
2	8	1	1133
2	9	1	1262
2	10	1	963
3	1	4	1290
3	2	4	1064
3	3	4	1270
3	4	4	805
3	5	4	1139
3	6	4	919
3	7	4	1184
3	8	4	862
3	9	4	808
3	10	4	1371
4	1	1	987
4	2	1	1246
4	3	1	983
4	4	1	1039
4	5	1	1119
4	6	1	1078
4	7	1	1057
4	8	1	1245
4	9	1	1204
4	10	1	1181
5	1	4	1240
5	2	4	865
5	3	4	959
5	4	4	1390
5	5	4	1160
5	6	4	846
5	7	4	1093
5	8	4	1219
5	9	4	1148
5	10	4	1217


Warehouse Inventory (W P T):
1	2284		2530		2530		2530		0		2284	
2	1226		614		614		1929		0		1226	
3	3356		1856		1856		2229		0		3356	
4	1007		851		851		2195		0		1007	
5	114		1163		1163		2299		0		114	
6	23		1650		1650		1765		0		23	
7	2993		851		851		2277		0		2993	
8	2412		71		71		2081		0		2412	
9	3036		509		509		1956		0		3036	
10	914		0		0		2627		39		914	

Store Inventory (S P T):
Store1
1	0		617		472		254		138		0	
2	0		802		610		389		200		0	
3	0		699		571		256		252		0	
4	0		792		488		370		249		0	
5	0		842		629		457		200		0	
6	0		797		649		395		243		0	
7	0		764		578		378		208		0	
8	0		380		235		190		0		0	
9	0		893		619		298		243		0	
10	0		911		645		504		157		0	
Store2
1	0		1161		779		533		361		0	
2	0		905		718		456		218		0	
3	0		442		358		173		134		0	
4	0		643		445		367		149		0	
5	0		746		567		382		170		0	
6	0		574		555		339		231		0	
7	0		1162		890		569		242		0	
8	0		895		716		528		134		0	
9	0		921		618		476		234		0	
10	0		832		552		306		182		0	
Store3
1	706		571		247		0		892		706	
2	796		556		338		0		890		796	
3	682		434		209		0		978		682	
4	403		360		189		0		623		403	
5	570		450		215		0		864		570	
6	540		389		174		0		819		540	
7	688		455		265		0		1035		688	
8	558		259		121		0		697		558	
9	532		366		233		0		654		532	
10	965		611		233		0		1201		965	
Store4
1	0		772		637		388		271		0	
2	0		997		802		495		93		0	
3	0		790		683		546		274		0	
4	0		807		736		550		164		0	
5	0		842		571		240		135		0	
6	0		760		538		379		139		0	
7	0		870		559		345		163		0	
8	0		1059		779		548		291		0	
9	0		1052		867		517		137		0	
10	0		882		577		314		117		0	
Store5
1	783		619		356		0		1029		783	
2	556		355		180		0		768		556	
3	598		528		249		0		742		598	
4	879		545		282		0		1187		879	
5	641		405		196		0		733		641	
6	428		158		24		0		617		428	
7	684		574		321		0		901		684	
8	626		324		112		0		840		626	
9	628		517		242		0		843		628	
10	888		650		286		0		1032		888	


Shipments from Vendor to Warehouse (V T):
0.8507227	0	0.4877594	0	0.7458574	

Shipments from Warehouse to Stores (S T):
1	1	0.356084
1	5	0.3495367
2	1	0.4262653
2	5	0.26615
3	4	0.4794227
3	5	0.36841
4	1	0.4477833
4	5	0.3253767
5	4	0.5272374
5	5	0.3455


Required Putaway workers (Sol T):
3	0	3	4	2	

No of required pickers (T):
4	0	0	4	6	

No of part-time putaway workers (T):
0	0	0	1	0	

No of part-time pickers (T):
0	0	0	0	2	

Best Putaway Technology: 1200
Best Picking Technology: 1000

Required Fashion Putaway Hours:
0	0	12.55833	29.65	0	

Required Basic Putaway Hours:
19.58583	0	9.8275	0	14.43833	

Required Total Putaway Hours:
19.58583	0	22.38583	29.65	14.43833	

No of required fashion pick hours:
0	0	0	2.84	47.81	

No of required basic pick hours:
30.773	0	0	21.849	0	

No of required total pick hours:
30.773	0	0	24.689	47.81	

List of all the costs: 
MHECost		432
PutawayTechCost		1060
PickingTechCost		9130
WhBasicInvCost		594.82
BasicInbCost		3533.899
WhFashionInvCost		628.8
FashionInbCost		4091.624
PutawayCost		5040
StoreBasicInvCost		5240.85
StoreFashionInvCost		2674.5
OutboundCost		10302.42
PickingCost		6880
Total		49608.91

List of Top5 Technologies: 
Tech1		2	6	$ 49608.91
Tech2		2	5	$ 50468.71
Tech3		4	5	$ 52247.25
Tech4		3	5	$ 52443.8
Tech5		3	4	$ 60432.39
The start time is 12/17/2014 3:08:22 PM
The End time is 12/17/2014 3:08:27 PM
