Printing New Fashion Solution:

Inbound Fashion Solution (V F T):
1	1	2	6545
1	2	2	5385
1	3	2	3905
1	4	4	4805
1	5	4	5735
1	6	2	4220
1	7	2	6485
1	8	2	6960
1	9	4	6425
1	10	4	4330


Outbound Fashion Solution(S F T):
1	1	3	2085
1	2	4	1495
1	3	4	1060
1	4	5	1575
1	5	5	1160
1	6	4	720
1	7	4	1830
1	8	4	2120
1	9	5	1385
1	10	5	1145
2	1	3	1210
2	2	3	720
2	3	3	540
2	4	5	695
2	5	5	825
2	6	3	785
2	7	3	1005
2	8	3	1550
2	9	5	755
2	10	5	500
3	1	4	1145
3	2	4	715
3	3	4	1245
3	4	5	1005
3	5	5	920
3	6	4	1405
3	7	4	1160
3	8	4	1505
3	9	5	1150
3	10	5	680
4	1	3	1180
4	2	3	905
4	3	4	635
4	4	5	675
4	5	5	1535
4	6	4	105
4	7	4	1745
4	8	4	675
4	9	5	1735
4	10	5	960
5	1	4	925
5	2	4	1550
5	3	4	425
5	4	5	855
5	5	5	1295
5	6	4	1205
5	7	4	745
5	8	4	1110
5	9	5	1400
5	10	5	1045


Warehouse Fashion Inventory (W F T):
1	0		6545		2070		0		0	
2	0		5385		3760		0		0	
3	0		3905		3365		0		0	
4	0		0		0		4805		0	
5	0		0		0		5735		0	
6	0		4220		3435		0		0	
7	0		6485		5480		0		0	
8	0		6960		5410		0		0	
9	0		0		0		6425		0	
10	0		0		0		4330		0	

Store Fashion Inventory (S F T):
Store1
1	0		2085		2085		2085	
2	0		0		1495		1495	
3	0		0		1060		1060	
4	0		0		0		1575	
5	0		0		0		1160	
6	0		0		720		720	
7	0		0		1830		1830	
8	0		0		2120		2120	
9	0		0		0		1385	
10	0		0		0		1145	
Store2
1	0		1210		1210		1210	
2	0		720		720		720	
3	0		540		540		540	
4	0		0		0		695	
5	0		0		0		825	
6	0		785		785		785	
7	0		1005		1005		1005	
8	0		1550		1550		1550	
9	0		0		0		755	
10	0		0		0		500	
Store3
1	0		0		1145		1145	
2	0		0		715		715	
3	0		0		1245		1245	
4	0		0		0		1005	
5	0		0		0		920	
6	0		0		1405		1405	
7	0		0		1160		1160	
8	0		0		1505		1505	
9	0		0		0		1150	
10	0		0		0		680	
Store4
1	0		1180		1180		1180	
2	0		905		905		905	
3	0		0		635		635	
4	0		0		0		675	
5	0		0		0		1535	
6	0		0		105		105	
7	0		0		1745		1745	
8	0		0		675		675	
9	0		0		0		1735	
10	0		0		0		960	
Store5
1	0		0		925		925	
2	0		0		1550		1550	
3	0		0		425		425	
4	0		0		0		855	
5	0		0		0		1295	
6	0		0		1205		1205	
7	0		0		745		745	
8	0		0		1110		1110	
9	0		0		0		1400	
10	0		0		0		1045	


Fashion Shipments from Vendor to Warehouse (V T):
0	1.43262	0	0.6164899	

Printing New Basic Solution:

Inbound Solution (V P T):
1	1	1	2563
1	1	3	2563
1	2	1	3960
1	2	3	988
1	3	1	3760
1	3	3	392
1	4	1	1757
1	4	3	3497
1	5	1	219
1	5	3	4812
1	6	1	3897
1	6	3	1406
1	7	1	3031
1	7	3	2332
1	8	1	783
1	8	3	3932
1	9	1	3109
1	9	3	1519
1	10	1	2264
1	10	3	2533


Outbound Solution(S P T):
1	1	3	1046
1	2	3	917
1	3	3	650
1	4	3	774
1	5	3	1072
1	6	3	1237
1	7	3	1104
1	8	3	786
1	9	3	910
1	10	3	623
2	1	1	613
2	1	3	365
2	1	5	252
2	2	1	293
2	2	3	269
2	2	5	273
2	3	1	385
2	3	3	299
2	3	5	208
2	4	1	370
2	4	3	422
2	4	5	174
2	5	1	510
2	5	3	336
2	5	5	242
2	6	1	395
2	6	3	373
2	6	5	157
2	7	1	224
2	7	3	636
2	7	5	112
2	8	1	517
2	8	3	402
2	8	5	244
2	9	1	264
2	9	3	276
2	9	5	167
2	10	1	346
2	10	3	304
2	10	5	118
3	1	2	931
3	2	2	1081
3	3	2	641
3	4	2	986
3	5	2	1020
3	6	2	1011
3	7	2	992
3	8	2	780
3	9	2	853
3	10	2	1101
4	1	2	860
4	2	2	740
4	3	2	1047
4	4	2	1191
4	5	2	845
4	6	2	909
4	7	2	854
4	8	2	868
4	9	2	1052
4	10	2	1362
5	1	1	1059
5	2	1	1375
5	3	1	922
5	4	1	1337
5	5	1	1006
5	6	1	1221
5	7	1	1441
5	8	1	1118
5	9	1	1106
5	10	1	943


Warehouse Inventory (W P T):
1	900		1791		0		1152		1152		900	
2	0		2292		471		273		273		0	
3	0		2453		765		208		208		0	
4	2127		2177		0		2301		2301		2127	
5	3162		1865		0		3404		3404		3162	
6	0		2281		361		157		157		0	
7	480		1846		0		592		592		480	
8	2500		1648		0		2744		2744		2500	
9	166		1905		0		333		333		166	
10	1488		2463		0		1606		1606		1488	

Store Inventory (S P T):
Store1
1	392		215		0		799		645		392	
2	386		163		0		730		639		386	
3	149		149		0		593		323		149	
4	438		251		0		644		603		438	
5	449		170		0		963		702		449	
6	425		246		0		960		756		425	
7	291		97		0		760		491		291	
8	448		223		0		599		593		448	
9	506		237		0		679		679		506	
10	336		157		0		584		584		336	
Store2
1	0		265		0		140		0		0	
2	0		130		0		188		0		0	
3	0		111		0		165		0		0	
4	0		245		0		254		0		0	
5	0		255		0		167		0		0	
6	0		252		0		187		0		0	
7	0		134		0		414		0		0	
8	0		317		0		267		0		0	
9	0		216		0		113		0		0	
10	0		169		0		121		0		0	
Store3
1	143		0		667		541		402		143	
2	260		0		858		648		546		260	
3	45		0		543		418		296		45	
4	189		0		863		733		494		189	
5	219		0		798		636		449		219	
6	160		0		842		625		375		160	
7	223		0		797		687		349		223	
8	150		0		637		615		361		150	
9	64		0		653		442		242		64	
10	169		0		873		664		364		169	
Store4
1	201		0		638		482		357		201	
2	79		0		473		348		246		79	
3	189		0		847		668		463		189	
4	152		0		831		631		348		152	
5	142		0		592		377		283		142	
6	218		0		647		462		336		218	
7	149		0		854		639		371		149	
8	235		0		692		602		464		235	
9	146		0		815		591		366		146	
10	376		0		1065		877		665		376	
Store5
1	0		854		551		335		260		0	
2	0		1161		817		511		295		0	
3	0		745		576		338		190		0	
4	0		1054		747		483		273		0	
5	0		691		580		382		47		0	
6	0		974		741		483		303		0	
7	0		1169		833		544		240		0	
8	0		970		618		465		264		0	
9	0		885		723		486		158		0	
10	0		735		529		436		185		0	


Shipments from Vendor to Warehouse (V T):
0.9965693	0	0.9957753	0	0	

Shipments from Warehouse to Stores (S T):
1	3	0.4933161
1	4	0.28247
1	5	0.1513533
2	1	0.1587367
2	3	0.4143413
2	5	0.1493147
3	2	0.379596
3	4	0.2941234
3	5	0.1090933
4	2	0.3975027
4	3	0.1220833
4	4	0.07497667
4	5	0.1455433
5	1	0.460624
5	4	0.2740967
5	5	0.1342833


Required Putaway workers (Sol T):
3	4	3	3	0	

No of required pickers (T):
4	5	6	6	6	

No of part-time putaway workers (T):
0	1	0	0	0	

No of part-time pickers (T):
0	1	2	2	2	

Best Putaway Technology: 1200
Best Picking Technology: 500

Required Fashion Putaway Hours:
0	27.91667	0	17.74583	0	

Required Basic Putaway Hours:
21.11917	0	19.97833	0	0	

Required Total Putaway Hours:
21.11917	27.91667	19.97833	17.74583	0	

No of required fashion pick hours:
0	0	19.96	47.04	42.59	

No of required basic pick hours:
30.89	38.248	25.602	0	3.894	

No of required total pick hours:
30.89	38.248	45.562	47.04	46.484	

List of all the costs: 
MHECost		432
PutawayTechCost		1060
PickingTechCost		3195
WhBasicInvCost		586.81
BasicInbCost		5259.579
WhFashionInvCost		783.15
FashionInbCost		6747.988
PutawayCost		5040
StoreBasicInvCost		4187.6
StoreFashionInvCost		4913.75
OutboundCost		10757.7
PickingCost		8080
Total		51043.58

List of Top5 Technologies: 
Tech1		2	5	$ 51043.58
Tech2		3	5	$ 54165.45
Tech3		1	5	$ 54838.54
Tech4		1	4	$ 58672.4
Tech5		1	1	$ 98992.2
The start time is 1/1/2015 6:16:03 AM
The End time is 1/1/2015 6:16:13 AM
