Printing New Fashion Solution:

Inbound Fashion Solution (V F T):
1	1	3	6545
1	2	3	5385
1	3	4	3905
1	4	3	4805
1	5	4	5735
1	6	4	4220
1	7	4	6485
1	8	3	6960
1	9	3	6425
1	10	4	4330


Outbound Fashion Solution(S F T):
1	1	5	2085
1	2	5	1495
1	3	5	1060
1	4	4	1575
1	5	5	1160
1	6	5	720
1	7	5	1830
1	8	4	2120
1	9	4	1385
1	10	5	1145
2	1	5	1210
2	2	5	720
2	3	5	540
2	4	5	695
2	5	5	825
2	6	5	785
2	7	5	1005
2	8	5	1550
2	9	5	755
2	10	5	500
3	1	4	1145
3	2	4	715
3	3	5	1245
3	4	4	1005
3	5	5	920
3	6	5	1405
3	7	5	1160
3	8	5	1505
3	9	4	1150
3	10	5	680
4	1	5	1180
4	2	5	905
4	3	5	635
4	4	5	675
4	5	5	1535
4	6	5	105
4	7	5	1745
4	8	5	675
4	9	5	1735
4	10	5	960
5	1	5	925
5	2	5	1550
5	3	5	425
5	4	5	855
5	5	5	1295
5	6	5	1205
5	7	5	745
5	8	5	1110
5	9	5	1400
5	10	5	1045


Warehouse Fashion Inventory (W F T):
1	0		0		6545		5400		0	
2	0		0		5385		4670		0	
3	0		0		0		3905		0	
4	0		0		4805		2225		0	
5	0		0		0		5735		0	
6	0		0		0		4220		0	
7	0		0		0		6485		0	
8	0		0		6960		4840		0	
9	0		0		6425		3890		0	
10	0		0		0		4330		0	

Store Fashion Inventory (S F T):
Store1
1	0		0		0		2085	
2	0		0		0		1495	
3	0		0		0		1060	
4	0		0		1575		1575	
5	0		0		0		1160	
6	0		0		0		720	
7	0		0		0		1830	
8	0		0		2120		2120	
9	0		0		1385		1385	
10	0		0		0		1145	
Store2
1	0		0		0		1210	
2	0		0		0		720	
3	0		0		0		540	
4	0		0		0		695	
5	0		0		0		825	
6	0		0		0		785	
7	0		0		0		1005	
8	0		0		0		1550	
9	0		0		0		755	
10	0		0		0		500	
Store3
1	0		0		1145		1145	
2	0		0		715		715	
3	0		0		0		1245	
4	0		0		1005		1005	
5	0		0		0		920	
6	0		0		0		1405	
7	0		0		0		1160	
8	0		0		0		1505	
9	0		0		1150		1150	
10	0		0		0		680	
Store4
1	0		0		0		1180	
2	0		0		0		905	
3	0		0		0		635	
4	0		0		0		675	
5	0		0		0		1535	
6	0		0		0		105	
7	0		0		0		1745	
8	0		0		0		675	
9	0		0		0		1735	
10	0		0		0		960	
Store5
1	0		0		0		925	
2	0		0		0		1550	
3	0		0		0		425	
4	0		0		0		855	
5	0		0		0		1295	
6	0		0		0		1205	
7	0		0		0		745	
8	0		0		0		1110	
9	0		0		0		1400	
10	0		0		0		1045	


Fashion Shipments from Vendor to Warehouse (V T):
0	0	1.535637	0.5134733	

Printing New Basic Solution:

Inbound Solution (V P T):
1	1	1	3076
1	1	2	2050
1	2	1	1485
1	2	2	3463
1	3	2	4152
1	4	1	3678
1	4	2	1576
1	5	1	2516
1	5	2	2515
1	6	2	5303
1	7	1	3755
1	7	2	1608
1	8	1	3301
1	8	2	1414
1	9	1	2777
1	9	2	1851
1	10	1	3838
1	10	2	959


Outbound Solution(S P T):
1	1	4	1046
1	2	4	917
1	3	4	650
1	4	4	774
1	5	4	1072
1	6	4	1237
1	7	4	1104
1	8	4	786
1	9	4	910
1	10	4	623
2	1	2	1230
2	2	2	835
2	3	2	892
2	4	2	966
2	5	2	1088
2	6	2	925
2	7	2	972
2	8	2	1163
2	9	2	707
2	10	2	768
3	1	4	805
3	1	5	126
3	2	4	871
3	2	5	210
3	3	4	516
3	3	5	125
3	4	4	856
3	4	5	130
3	5	4	858
3	5	5	162
3	6	4	794
3	6	5	217
3	7	4	882
3	7	5	110
3	8	4	758
3	8	5	22
3	9	4	642
3	9	5	211
3	10	4	892
3	10	5	209
4	1	2	860
4	2	2	740
4	3	2	1047
4	4	2	1191
4	5	2	845
4	6	2	909
4	7	2	854
4	8	2	868
4	9	2	1052
4	10	2	1362
5	1	1	1059
5	2	1	1375
5	3	1	922
5	4	1	1337
5	5	1	1006
5	6	1	1221
5	7	1	1441
5	8	1	1118
5	9	1	1106
5	10	1	943


Warehouse Inventory (W P T):
1	0		2017		1977		1977		126		0	
2	0		110		1998		1998		210		0	
3	922		0		2213		2213		1047		922	
4	0		2341		1760		1760		130		0	
5	0		1510		2092		2092		162		0	
6	1221		0		3469		3469		1438		1221	
7	0		2314		2096		2096		110		0	
8	0		2183		1566		1566		22		0	
9	0		1671		1763		1763		211		0	
10	0		2895		1724		1724		209		0	

Store Inventory (S P T):
Store1
1	639		462		247		0		892		639	
2	573		350		187		0		826		573	
3	206		206		57		0		380		206	
4	568		381		130		0		733		568	
5	558		279		109		0		811		558	
6	702		523		277		0		1033		702	
7	635		441		344		0		835		635	
8	635		410		187		0		780		635	
9	737		468		231		0		910		737	
10	375		196		39		0		623		375	
Store2
1	348		0		965		740		600		348	
2	163		0		705		624		436		163	
3	274		0		781		647		482		274	
4	125		0		721		553		299		125	
5	255		0		833		664		497		255	
6	143		0		673		487		300		143	
7	90		0		838		616		202		90	
8	200		0		846		711		444		200	
9	48		0		491		328		215		48	
10	177		0		599		416		295		177	
Store3
1	533		390		126		0		666		533	
2	693		433		210		0		769		693	
3	268		223		125		0		394		268	
4	442		253		130		0		617		442	
5	603		384		162		0		671		603	
6	546		386		217		0		544		546	
7	528		305		110		0		544		528	
8	315		165		22		0		504		315	
9	475		411		211		0		442		475	
10	606		437		209		0		592		606	
Store4
1	201		0		638		482		357		201	
2	79		0		473		348		246		79	
3	189		0		847		668		463		189	
4	152		0		831		631		348		152	
5	142		0		592		377		283		142	
6	218		0		647		462		336		218	
7	149		0		854		639		371		149	
8	235		0		692		602		464		235	
9	146		0		815		591		366		146	
10	376		0		1065		877		665		376	
Store5
1	0		854		551		335		260		0	
2	0		1161		817		511		295		0	
3	0		745		576		338		190		0	
4	0		1054		747		483		273		0	
5	0		691		580		382		47		0	
6	0		974		741		483		303		0	
7	0		1169		833		544		240		0	
8	0		970		618		465		264		0	
9	0		885		723		486		158		0	
10	0		735		529		436		185		0	


Shipments from Vendor to Warehouse (V T):
0.9932047	0.99914	0	0	0	

Shipments from Warehouse to Stores (S T):
1	4	0.5983227
1	5	0.3288167
2	2	0.386406
2	5	0.3359867
3	4	0.506048
3	5	0.2767647
4	2	0.3975027
4	5	0.3426033
5	1	0.460624
5	5	0.40838


Required Putaway workers (Sol T):
3	3	4	3	0	

No of required pickers (T):
2	3	0	4	6	

No of part-time putaway workers (T):
0	0	1	0	0	

No of part-time pickers (T):
0	0	0	0	2	

Best Putaway Technology: 1200
Best Picking Technology: 1000

Required Fashion Putaway Hours:
0	0	25.1	20.5625	0	

Required Basic Putaway Hours:
20.355	20.7425	0	0	0	

Required Total Putaway Hours:
20.355	20.7425	25.1	20.5625	0	

No of required fashion pick hours:
0	0	0	9.095	45.7	

No of required basic pick hours:
11.528	19.274	0	16.993	1.522	

No of required total pick hours:
11.528	19.274	0	26.088	47.222	

List of all the costs: 
MHECost		432
PutawayTechCost		1060
PickingTechCost		9130
WhBasicInvCost		621.6499
BasicInbCost		5259.579
WhFashionInvCost		758.2
FashionInbCost		6747.988
PutawayCost		5040
StoreBasicInvCost		4750.75
StoreFashionInvCost		3194.5
OutboundCost		7503.643
PickingCost		6880
Total		51378.3

List of Top5 Technologies: 
Tech1		3	5	$ 53170.72
Tech2		2	5	$ 54295.74
Tech3		2	4	$ 55315.18
Tech4		2	6	$ 55381.44
Tech5		3	6	$ 57307.04
The start time is 1/1/2015 6:16:03 AM
The End time is 1/1/2015 6:16:12 AM
