WarehouseVolume:[
(1)	[100000000]
]
StoreVolume:[
(1)	[10000000]
(2)	[10000000]
(3)	[10000000]
(4)	[10000000]
(5)	[10000000]
]
StoreDemand:[
(1	1	1)	[177]
(1	1	2)	[215]
(1	1	3)	[247]
(1	1	4)	[154]
(1	1	5)	[253]
(1	2	1)	[223]
(1	2	2)	[163]
(1	2	3)	[187]
(1	2	4)	[91]
(1	2	5)	[253]
(1	3	1)	[0]
(1	3	2)	[149]
(1	3	3)	[57]
(1	3	4)	[270]
(1	3	5)	[174]
(1	4	1)	[187]
(1	4	2)	[251]
(1	4	3)	[130]
(1	4	4)	[41]
(1	4	5)	[165]
(1	5	1)	[279]
(1	5	2)	[170]
(1	5	3)	[109]
(1	5	4)	[261]
(1	5	5)	[253]
(1	6	1)	[179]
(1	6	2)	[246]
(1	6	3)	[277]
(1	6	4)	[204]
(1	6	5)	[331]
(1	7	1)	[194]
(1	7	2)	[97]
(1	7	3)	[344]
(1	7	4)	[269]
(1	7	5)	[200]
(1	8	1)	[225]
(1	8	2)	[223]
(1	8	3)	[187]
(1	8	4)	[6]
(1	8	5)	[145]
(1	9	1)	[269]
(1	9	2)	[237]
(1	9	3)	[231]
(1	9	4)	[0]
(1	9	5)	[173]
(1	10	1)	[179]
(1	10	2)	[157]
(1	10	3)	[39]
(1	10	4)	[0]
(1	10	5)	[248]
(2	1	1)	[348]
(2	1	2)	[265]
(2	1	3)	[225]
(2	1	4)	[140]
(2	1	5)	[252]
(2	2	1)	[163]
(2	2	2)	[130]
(2	2	3)	[81]
(2	2	4)	[188]
(2	2	5)	[273]
(2	3	1)	[274]
(2	3	2)	[111]
(2	3	3)	[134]
(2	3	4)	[165]
(2	3	5)	[208]
(2	4	1)	[125]
(2	4	2)	[245]
(2	4	3)	[168]
(2	4	4)	[254]
(2	4	5)	[174]
(2	5	1)	[255]
(2	5	2)	[255]
(2	5	3)	[169]
(2	5	4)	[167]
(2	5	5)	[242]
(2	6	1)	[143]
(2	6	2)	[252]
(2	6	3)	[186]
(2	6	4)	[187]
(2	6	5)	[157]
(2	7	1)	[90]
(2	7	2)	[134]
(2	7	3)	[222]
(2	7	4)	[414]
(2	7	5)	[112]
(2	8	1)	[200]
(2	8	2)	[317]
(2	8	3)	[135]
(2	8	4)	[267]
(2	8	5)	[244]
(2	9	1)	[48]
(2	9	2)	[216]
(2	9	3)	[163]
(2	9	4)	[113]
(2	9	5)	[167]
(2	10	1)	[177]
(2	10	2)	[169]
(2	10	3)	[183]
(2	10	4)	[121]
(2	10	5)	[118]
(3	1	1)	[143]
(3	1	2)	[264]
(3	1	3)	[126]
(3	1	4)	[139]
(3	1	5)	[259]
(3	2	1)	[260]
(3	2	2)	[223]
(3	2	3)	[210]
(3	2	4)	[102]
(3	2	5)	[286]
(3	3	1)	[45]
(3	3	2)	[98]
(3	3	3)	[125]
(3	3	4)	[122]
(3	3	5)	[251]
(3	4	1)	[189]
(3	4	2)	[123]
(3	4	3)	[130]
(3	4	4)	[239]
(3	4	5)	[305]
(3	5	1)	[219]
(3	5	2)	[222]
(3	5	3)	[162]
(3	5	4)	[187]
(3	5	5)	[230]
(3	6	1)	[160]
(3	6	2)	[169]
(3	6	3)	[217]
(3	6	4)	[250]
(3	6	5)	[215]
(3	7	1)	[223]
(3	7	2)	[195]
(3	7	3)	[110]
(3	7	4)	[338]
(3	7	5)	[126]
(3	8	1)	[150]
(3	8	2)	[143]
(3	8	3)	[22]
(3	8	4)	[254]
(3	8	5)	[211]
(3	9	1)	[64]
(3	9	2)	[200]
(3	9	3)	[211]
(3	9	4)	[200]
(3	9	5)	[178]
(3	10	1)	[169]
(3	10	2)	[228]
(3	10	3)	[209]
(3	10	4)	[300]
(3	10	5)	[195]
(4	1	1)	[201]
(4	1	2)	[222]
(4	1	3)	[156]
(4	1	4)	[125]
(4	1	5)	[156]
(4	2	1)	[79]
(4	2	2)	[267]
(4	2	3)	[125]
(4	2	4)	[102]
(4	2	5)	[167]
(4	3	1)	[189]
(4	3	2)	[200]
(4	3	3)	[179]
(4	3	4)	[205]
(4	3	5)	[274]
(4	4	1)	[152]
(4	4	2)	[360]
(4	4	3)	[200]
(4	4	4)	[283]
(4	4	5)	[196]
(4	5	1)	[142]
(4	5	2)	[253]
(4	5	3)	[215]
(4	5	4)	[94]
(4	5	5)	[141]
(4	6	1)	[218]
(4	6	2)	[262]
(4	6	3)	[185]
(4	6	4)	[126]
(4	6	5)	[118]
(4	7	1)	[149]
(4	7	2)	[0]
(4	7	3)	[215]
(4	7	4)	[268]
(4	7	5)	[222]
(4	8	1)	[235]
(4	8	2)	[176]
(4	8	3)	[90]
(4	8	4)	[138]
(4	8	5)	[229]
(4	9	1)	[146]
(4	9	2)	[237]
(4	9	3)	[224]
(4	9	4)	[225]
(4	9	5)	[220]
(4	10	1)	[376]
(4	10	2)	[297]
(4	10	3)	[188]
(4	10	4)	[212]
(4	10	5)	[289]
(5	1	1)	[205]
(5	1	2)	[303]
(5	1	3)	[216]
(5	1	4)	[75]
(5	1	5)	[260]
(5	2	1)	[214]
(5	2	2)	[344]
(5	2	3)	[306]
(5	2	4)	[216]
(5	2	5)	[295]
(5	3	1)	[177]
(5	3	2)	[169]
(5	3	3)	[238]
(5	3	4)	[148]
(5	3	5)	[190]
(5	4	1)	[283]
(5	4	2)	[307]
(5	4	3)	[264]
(5	4	4)	[210]
(5	4	5)	[273]
(5	5	1)	[315]
(5	5	2)	[111]
(5	5	3)	[198]
(5	5	4)	[335]
(5	5	5)	[47]
(5	6	1)	[247]
(5	6	2)	[233]
(5	6	3)	[258]
(5	6	4)	[180]
(5	6	5)	[303]
(5	7	1)	[272]
(5	7	2)	[336]
(5	7	3)	[289]
(5	7	4)	[304]
(5	7	5)	[240]
(5	8	1)	[148]
(5	8	2)	[352]
(5	8	3)	[153]
(5	8	4)	[201]
(5	8	5)	[264]
(5	9	1)	[221]
(5	9	2)	[162]
(5	9	3)	[237]
(5	9	4)	[328]
(5	9	5)	[158]
(5	10	1)	[208]
(5	10	2)	[206]
(5	10	3)	[93]
(5	10	4)	[251]
(5	10	5)	[185]
]
FixedCostVendorToWarehouse:[
(1	1)	[344.43]
]
FixedCostWarehouseToStore:[
(1	1)	[66.13]
(1	2)	[45.59]
(1	3)	[126.26]
(1	4)	[45.59]
(1	5)	[45.59]
]
Variable_FixedCostVendorToWarehouse:[
(1	1)	[1075.01]
]
VariableCostVendorToWarehouse:[
(1	1)	[0.081]
]
Variable_FixedCostWarehouseToStore:[
(1	1)	[492.45]
(1	2)	[441.14]
(1	3)	[622.3]
(1	4)	[441.14]
(1	5)	[441.14]
]
VariableCostWarehouseToStore:[
(1	1)	[0.034]
(1	2)	[0.027]
(1	3)	[0.047]
(1	4)	[0.027]
(1	5)	[0.027]
]
ProductVolume:[
(1)	[0.75]
(2)	[0.2]
(3)	[0.7]
(4)	[0.1]
(5)	[0.11]
(6)	[0.97]
(7)	[0.41]
(8)	[0.71]
(9)	[0.62]
(10)	[0.12]
]
ProductWeight:[
(1)	[0.55]
(2)	[0.24]
(3)	[0.5]
(4)	[0.61]
(5)	[0.47]
(6)	[0.98]
(7)	[0.76]
(8)	[0.74]
(9)	[0.27]
(10)	[0.88]
]
MapVendorToProduct:[
(1	1)	[1]
(1	2)	[1]
(1	3)	[1]
(1	4)	[1]
(1	5)	[1]
(1	6)	[1]
(1	7)	[1]
(1	8)	[1]
(1	9)	[1]
(1	10)	[1]
]
LeadTimeWarehouseToStores:[
(1	1)	[0]
(1	2)	[0]
(1	3)	[0]
(1	4)	[0]
(1	5)	[0]
]
StoreDemandForFashionProducts:[
(1	1)	[2085]
(1	2)	[1495]
(1	3)	[1060]
(1	4)	[1575]
(1	5)	[1160]
(1	6)	[720]
(1	7)	[1830]
(1	8)	[2120]
(1	9)	[1385]
(1	10)	[1145]
(2	1)	[1210]
(2	2)	[720]
(2	3)	[540]
(2	4)	[695]
(2	5)	[825]
(2	6)	[785]
(2	7)	[1005]
(2	8)	[1550]
(2	9)	[755]
(2	10)	[500]
(3	1)	[1145]
(3	2)	[715]
(3	3)	[1245]
(3	4)	[1005]
(3	5)	[920]
(3	6)	[1405]
(3	7)	[1160]
(3	8)	[1505]
(3	9)	[1150]
(3	10)	[680]
(4	1)	[1180]
(4	2)	[905]
(4	3)	[635]
(4	4)	[675]
(4	5)	[1535]
(4	6)	[105]
(4	7)	[1745]
(4	8)	[675]
(4	9)	[1735]
(4	10)	[960]
(5	1)	[925]
(5	2)	[1550]
(5	3)	[425]
(5	4)	[855]
(5	5)	[1295]
(5	6)	[1205]
(5	7)	[745]
(5	8)	[1110]
(5	9)	[1400]
(5	10)	[1045]
]
FixedCostFashionVendorToWarehouse:[
(1	1)	[344.43]
]
Variable_FixedCostFashionVendorToWarehouse:[
(1	1)	[1075.01]
]
VariableCostFashionVendorToWarehouse:[
(1	1)	[0.081]
]
FashionProductVolume:[
(1)	[0.39]
(2)	[0.44]
(3)	[0.58]
(4)	[0.24]
(5)	[0.28]
(6)	[0.54]
(7)	[0.28]
(8)	[0.45]
(9)	[0.32]
(10)	[0.09]
]
FashionProductWeight:[
(1)	[0.9]
(2)	[0.85]
(3)	[0.34]
(4)	[0.32]
(5)	[0.13]
(6)	[0.58]
(7)	[0.13]
(8)	[0.92]
(9)	[0.72]
(10)	[0.54]
]
MapFashionVendorToProduct:[
(1	1)	[1]
(1	2)	[1]
(1	3)	[1]
(1	4)	[1]
(1	5)	[1]
(1	6)	[1]
(1	7)	[1]
(1	8)	[1]
(1	9)	[1]
(1	10)	[1]
]
