Printing New Fashion Solution:

Inbound Fashion Solution (V F T):
1	1	3	6330
1	2	2	4790
1	3	3	5115
1	4	3	5705
1	5	2	4835
1	6	3	4660
1	7	3	5710
1	8	3	4710
1	9	3	6080
1	10	2	4960


Outbound Fashion Solution(S F T):
1	1	5	885
1	2	3	1010
1	3	4	1710
1	4	4	730
1	5	3	1260
1	6	5	1085
1	7	5	1165
1	8	5	1190
1	9	5	565
1	10	4	1050
2	1	4	1805
2	2	4	1500
2	3	4	950
2	4	4	920
2	5	4	1230
2	6	4	385
2	7	4	1210
2	8	5	1130
2	9	5	1165
2	10	3	1140
3	1	5	1390
3	2	4	765
3	3	5	1145
3	4	5	405
3	5	4	440
3	6	5	1340
3	7	5	1130
3	8	4	770
3	9	4	1555
3	10	4	680
4	1	4	1345
4	2	4	1190
4	3	5	380
4	4	5	2445
4	5	4	1105
4	6	5	730
4	7	4	375
4	8	5	420
4	9	4	820
4	10	4	1175
5	1	5	905
5	2	4	325
5	3	4	930
5	4	5	1205
5	5	4	800
5	6	4	1120
5	7	4	1830
5	8	5	1200
5	9	5	1975
5	10	4	915


Warehouse Fashion Inventory (W F T):
1	0		0		6330		3180		0	
2	0		4790		3780		0		0	
3	0		0		5115		1525		0	
4	0		0		5705		4055		0	
5	0		4835		3575		0		0	
6	0		0		4660		3155		0	
7	0		0		5710		2295		0	
8	0		0		4710		3940		0	
9	0		0		6080		3705		0	
10	0		4960		3820		0		0	

Store Fashion Inventory (S F T):
Store1
1	0		0		0		885	
2	0		1010		1010		1010	
3	0		0		1710		1710	
4	0		0		730		730	
5	0		1260		1260		1260	
6	0		0		0		1085	
7	0		0		0		1165	
8	0		0		0		1190	
9	0		0		0		565	
10	0		0		1050		1050	
Store2
1	0		0		1805		1805	
2	0		0		1500		1500	
3	0		0		950		950	
4	0		0		920		920	
5	0		0		1230		1230	
6	0		0		385		385	
7	0		0		1210		1210	
8	0		0		0		1130	
9	0		0		0		1165	
10	0		1140		1140		1140	
Store3
1	0		0		0		1390	
2	0		0		765		765	
3	0		0		0		1145	
4	0		0		0		405	
5	0		0		440		440	
6	0		0		0		1340	
7	0		0		0		1130	
8	0		0		770		770	
9	0		0		1555		1555	
10	0		0		680		680	
Store4
1	0		0		1345		1345	
2	0		0		1190		1190	
3	0		0		0		380	
4	0		0		0		2445	
5	0		0		1105		1105	
6	0		0		0		730	
7	0		0		375		375	
8	0		0		0		420	
9	0		0		820		820	
10	0		0		1175		1175	
Store5
1	0		0		0		905	
2	0		0		325		325	
3	0		0		930		930	
4	0		0		0		1205	
5	0		0		800		800	
6	0		0		1120		1120	
7	0		0		1830		1830	
8	0		0		0		1200	
9	0		0		0		1975	
10	0		0		915		915	


Fashion Shipments from Vendor to Warehouse (V T):
0	0.5514367	1.83882	0	

Printing New Basic Solution:

Inbound Solution (V P T):
1	1	1	2156
1	1	2	3234
1	2	1	2574
1	2	2	2574
1	3	1	4248
1	3	2	472
1	4	1	3762
1	4	2	418
1	5	1	2076
1	5	2	3114
1	6	1	1874
1	6	2	2811
1	7	1	1010
1	7	2	4042
1	8	1	4681
1	9	1	2346
1	9	2	3519
1	10	1	1638
1	10	2	2457


Outbound Solution(S P T):
1	1	3	1304
1	2	3	1329
1	3	3	1175
1	4	3	669
1	5	3	801
1	6	3	1089
1	7	3	1073
1	8	3	1225
1	9	3	1131
1	10	3	1125
2	1	3	1201
2	2	3	997
2	3	3	647
2	4	3	772
2	5	3	971
2	6	3	1071
2	7	3	981
2	8	3	955
2	9	3	1440
2	10	3	631
3	1	1	1108
3	2	1	1099
3	3	1	1012
3	4	1	992
3	5	1	1015
3	6	1	855
3	7	1	932
3	8	1	980
3	9	1	1092
3	10	1	915
4	1	1	858
4	1	5	112
4	2	1	662
4	2	5	177
4	3	1	762
4	3	5	61
4	4	1	790
4	4	5	189
4	5	1	905
4	5	5	257
4	6	1	551
4	6	5	206
4	7	1	732
4	7	5	186
4	8	1	430
4	8	5	168
4	9	1	634
4	9	5	229
4	10	1	649
4	10	5	114
5	1	2	319
5	1	5	488
5	2	2	592
5	2	5	292
5	3	2	681
5	3	5	382
5	4	2	367
5	4	5	401
5	5	2	663
5	5	5	578
5	6	2	530
5	6	5	383
5	7	2	533
5	7	5	615
5	8	2	624
5	8	5	299
5	9	2	754
5	9	5	585
5	10	2	402
5	10	5	259


Warehouse Inventory (W P T):
1	0		190		3105		600		600		0	
2	0		813		2795		469		469		0	
3	0		2474		2265		443		443		0	
4	0		1980		2031		590		590		0	
5	0		156		2607		835		835		0	
6	0		468		2749		589		589		0	
7	654		0		3509		1455		1455		654	
8	0		3271		2647		467		467		0	
9	0		620		3385		814		814		0	
10	0		74		2129		373		373		0	

Store Inventory (S P T):
Store1
1	515		259		0		1051		749		515	
2	507		212		0		1015		721		507	
3	420		141		0		1050		607		420	
4	251		100		0		653		442		251	
5	267		150		0		703		410		267	
6	419		170		0		836		649		419	
7	388		140		0		842		595		388	
8	397		262		0		996		682		397	
9	432		266		0		912		688		432	
10	387		268		0		958		678		387	
Store2
1	590		257		0		987		865		590	
2	262		196		0		684		457		262	
3	201		124		0		444		212		201	
4	279		216		0		598		341		279	
5	395		177		0		772		642		395	
6	485		212		0		1038		783		485	
7	258		128		0		821		538		258	
8	412		297		0		801		630		412	
9	597		304		0		1065		911		597	
10	242		150		0		551		461		242	
Store3
1	0		973		813		561		247		0	
2	0		919		715		638		249		0	
3	0		820		585		472		267		0	
4	0		703		555		232		120		0	
5	0		857		502		214		6		0	
6	0		626		408		288		138		0	
7	0		661		527		267		99		0	
8	0		809		615		421		137		0	
9	0		811		573		310		56		0	
10	0		734		585		494		244		0	
Store4
1	0		658		538		389		0		0	
2	0		593		377		112		0		0	
3	0		551		478		292		0		0	
4	0		604		356		59		0		0	
5	0		673		545		252		0		0	
6	0		365		96		40		0		0	
7	0		559		281		114		0		0	
8	0		355		240		126		0		0	
9	0		363		259		93		0		0	
10	0		440		194		83		0		0	
Store5
1	254		131		196		24		0		254	
2	336		0		567		488		311		336	
3	207		0		584		350		110		207	
4	172		0		262		160		67		172	
5	281		0		393		258		11		281	
6	308		0		345		192		123		308	
7	291		77		319		64		0		291	
8	267		23		380		217		0		267	
9	316		110		548		388		0		316	
10	176		121		347		202		0		176	


Shipments from Vendor to Warehouse (V T):
0.8681973	0.7417073	0	0	0	

Shipments from Warehouse to Stores (S T):
1	3	0.4341833
1	4	0.1884
1	5	0.22923
2	3	0.3701147
2	4	0.3351933
2	5	0.10682
3	1	0.3239973
3	4	0.1727367
3	5	0.2556067
4	1	0.2305873
4	4	0.2081933
4	5	0.2856707
5	2	0.1817107
5	4	0.30323
5	5	0.3744873


Required Putaway workers (Sol T):
2	2	2	0	0	

No of required pickers (T):
5	2	6	7	7	

No of part-time putaway workers (T):
0	0	0	0	0	

No of part-time pickers (T):
0	0	1	2	2	

Best Putaway Technology: 2400
Best Picking Technology: 500

Required Fashion Putaway Hours:
0	6.077083	15.9625	0	0	

Required Basic Putaway Hours:
10.98542	9.43375	0	0	0	

Required Total Putaway Hours:
10.98542	15.51083	15.9625	0	0	

No of required fashion pick hours:
0	0	6.82	55.26	43.71	

No of required basic pick hours:
33.946	10.93	41.174	0	11.962	

No of required total pick hours:
33.946	10.93	47.994	55.26	55.672	

List of all the costs: 
MHECost		370
PutawayTechCost		3540
PickingTechCost		3195
WhBasicInvCost		511.9201
BasicInbCost		2814.769
WhFashionInvCost		859.25
FashionInbCost		3930.811
PutawayCost		3200
StoreBasicInvCost		3994.15
StoreFashionInvCost		4367.25
OutboundCost		12511.51
PickingCost		9200
Total		48494.66

List of Top5 Technologies: 
Tech1		3	4	$ 49348.39
Tech2		3	5	$ 49594.5
Tech3		3	1	$ 89374.66
Tech4		1	1	$ 107990.1
Tech5		None	None	$ -
The start time is 12/17/2014 5:13:50 PM
The End time is 12/17/2014 5:13:54 PM
