WarehouseVolume:[
(1)	[100000000]
]
StoreVolume:[
(1)	[10000000]
(2)	[10000000]
(3)	[10000000]
(4)	[10000000]
(5)	[10000000]
]
StoreDemand:[
(1	1	1)	[256]
(1	1	2)	[259]
(1	1	3)	[253]
(1	1	4)	[302]
(1	1	5)	[234]
(1	2	1)	[295]
(1	2	2)	[212]
(1	2	3)	[314]
(1	2	4)	[294]
(1	2	5)	[214]
(1	3	1)	[279]
(1	3	2)	[141]
(1	3	3)	[125]
(1	3	4)	[443]
(1	3	5)	[187]
(1	4	1)	[151]
(1	4	2)	[100]
(1	4	3)	[16]
(1	4	4)	[211]
(1	4	5)	[191]
(1	5	1)	[117]
(1	5	2)	[150]
(1	5	3)	[98]
(1	5	4)	[293]
(1	5	5)	[143]
(1	6	1)	[249]
(1	6	2)	[170]
(1	6	3)	[253]
(1	6	4)	[187]
(1	6	5)	[230]
(1	7	1)	[248]
(1	7	2)	[140]
(1	7	3)	[231]
(1	7	4)	[247]
(1	7	5)	[207]
(1	8	1)	[135]
(1	8	2)	[262]
(1	8	3)	[229]
(1	8	4)	[314]
(1	8	5)	[285]
(1	9	1)	[166]
(1	9	2)	[266]
(1	9	3)	[219]
(1	9	4)	[224]
(1	9	5)	[256]
(1	10	1)	[119]
(1	10	2)	[268]
(1	10	3)	[167]
(1	10	4)	[280]
(1	10	5)	[291]
(2	1	1)	[333]
(2	1	2)	[257]
(2	1	3)	[214]
(2	1	4)	[122]
(2	1	5)	[275]
(2	2	1)	[66]
(2	2	2)	[196]
(2	2	3)	[313]
(2	2	4)	[227]
(2	2	5)	[195]
(2	3	1)	[77]
(2	3	2)	[124]
(2	3	3)	[203]
(2	3	4)	[232]
(2	3	5)	[11]
(2	4	1)	[63]
(2	4	2)	[216]
(2	4	3)	[174]
(2	4	4)	[257]
(2	4	5)	[62]
(2	5	1)	[218]
(2	5	2)	[177]
(2	5	3)	[199]
(2	5	4)	[130]
(2	5	5)	[247]
(2	6	1)	[273]
(2	6	2)	[212]
(2	6	3)	[33]
(2	6	4)	[255]
(2	6	5)	[298]
(2	7	1)	[130]
(2	7	2)	[128]
(2	7	3)	[160]
(2	7	4)	[283]
(2	7	5)	[280]
(2	8	1)	[115]
(2	8	2)	[297]
(2	8	3)	[154]
(2	8	4)	[171]
(2	8	5)	[218]
(2	9	1)	[293]
(2	9	2)	[304]
(2	9	3)	[375]
(2	9	4)	[154]
(2	9	5)	[314]
(2	10	1)	[92]
(2	10	2)	[150]
(2	10	3)	[80]
(2	10	4)	[90]
(2	10	5)	[219]
(3	1	1)	[135]
(3	1	2)	[160]
(3	1	3)	[252]
(3	1	4)	[314]
(3	1	5)	[247]
(3	2	1)	[180]
(3	2	2)	[204]
(3	2	3)	[77]
(3	2	4)	[389]
(3	2	5)	[249]
(3	3	1)	[192]
(3	3	2)	[235]
(3	3	3)	[113]
(3	3	4)	[205]
(3	3	5)	[267]
(3	4	1)	[289]
(3	4	2)	[148]
(3	4	3)	[323]
(3	4	4)	[112]
(3	4	5)	[120]
(3	5	1)	[158]
(3	5	2)	[355]
(3	5	3)	[288]
(3	5	4)	[208]
(3	5	5)	[6]
(3	6	1)	[229]
(3	6	2)	[218]
(3	6	3)	[120]
(3	6	4)	[150]
(3	6	5)	[138]
(3	7	1)	[271]
(3	7	2)	[134]
(3	7	3)	[260]
(3	7	4)	[168]
(3	7	5)	[99]
(3	8	1)	[171]
(3	8	2)	[194]
(3	8	3)	[194]
(3	8	4)	[284]
(3	8	5)	[137]
(3	9	1)	[281]
(3	9	2)	[238]
(3	9	3)	[263]
(3	9	4)	[254]
(3	9	5)	[56]
(3	10	1)	[181]
(3	10	2)	[149]
(3	10	3)	[91]
(3	10	4)	[250]
(3	10	5)	[244]
(4	1	1)	[200]
(4	1	2)	[120]
(4	1	3)	[149]
(4	1	4)	[389]
(4	1	5)	[112]
(4	2	1)	[69]
(4	2	2)	[216]
(4	2	3)	[265]
(4	2	4)	[112]
(4	2	5)	[177]
(4	3	1)	[211]
(4	3	2)	[73]
(4	3	3)	[186]
(4	3	4)	[292]
(4	3	5)	[61]
(4	4	1)	[186]
(4	4	2)	[248]
(4	4	3)	[297]
(4	4	4)	[59]
(4	4	5)	[189]
(4	5	1)	[232]
(4	5	2)	[128]
(4	5	3)	[293]
(4	5	4)	[252]
(4	5	5)	[257]
(4	6	1)	[186]
(4	6	2)	[269]
(4	6	3)	[56]
(4	6	4)	[40]
(4	6	5)	[206]
(4	7	1)	[173]
(4	7	2)	[278]
(4	7	3)	[167]
(4	7	4)	[114]
(4	7	5)	[186]
(4	8	1)	[75]
(4	8	2)	[115]
(4	8	3)	[114]
(4	8	4)	[126]
(4	8	5)	[168]
(4	9	1)	[271]
(4	9	2)	[104]
(4	9	3)	[166]
(4	9	4)	[93]
(4	9	5)	[229]
(4	10	1)	[209]
(4	10	2)	[246]
(4	10	3)	[111]
(4	10	4)	[83]
(4	10	5)	[114]
(5	1	1)	[123]
(5	1	2)	[254]
(5	1	3)	[172]
(5	1	4)	[24]
(5	1	5)	[234]
(5	2	1)	[336]
(5	2	2)	[25]
(5	2	3)	[79]
(5	2	4)	[177]
(5	2	5)	[267]
(5	3	1)	[207]
(5	3	2)	[97]
(5	3	3)	[234]
(5	3	4)	[240]
(5	3	5)	[285]
(5	4	1)	[172]
(5	4	2)	[105]
(5	4	3)	[102]
(5	4	4)	[93]
(5	4	5)	[296]
(5	5	1)	[281]
(5	5	2)	[270]
(5	5	3)	[135]
(5	5	4)	[247]
(5	5	5)	[308]
(5	6	1)	[308]
(5	6	2)	[185]
(5	6	3)	[153]
(5	6	4)	[69]
(5	6	5)	[198]
(5	7	1)	[214]
(5	7	2)	[291]
(5	7	3)	[255]
(5	7	4)	[64]
(5	7	5)	[324]
(5	8	1)	[244]
(5	8	2)	[267]
(5	8	3)	[163]
(5	8	4)	[217]
(5	8	5)	[32]
(5	9	1)	[206]
(5	9	2)	[316]
(5	9	3)	[160]
(5	9	4)	[388]
(5	9	5)	[269]
(5	10	1)	[55]
(5	10	2)	[176]
(5	10	3)	[145]
(5	10	4)	[202]
(5	10	5)	[83]
]
FixedCostVendorToWarehouse:[
(1	1)	[143.71]
]
FixedCostWarehouseToStore:[
(1	1)	[110.96]
(1	2)	[143.71]
(1	3)	[66.13]
(1	4)	[110.96]
(1	5)	[66.13]
]
Variable_FixedCostVendorToWarehouse:[
(1	1)	[659.96]
]
VariableCostVendorToWarehouse:[
(1	1)	[0.05]
]
Variable_FixedCostWarehouseToStore:[
(1	1)	[598.03]
(1	2)	[659.96]
(1	3)	[492.45]
(1	4)	[598.03]
(1	5)	[492.45]
]
VariableCostWarehouseToStore:[
(1	1)	[0.045]
(1	2)	[0.05]
(1	3)	[0.034]
(1	4)	[0.045]
(1	5)	[0.034]
]
ProductVolume:[
(1)	[0.72]
(2)	[0.74]
(3)	[0.27]
(4)	[0.88]
(5)	[0.96]
(6)	[0.63]
(7)	[0.65]
(8)	[0.02]
(9)	[0.96]
(10)	[0.61]
]
ProductWeight:[
(1)	[0.63]
(2)	[0.15]
(3)	[0.88]
(4)	[0.49]
(5)	[0.47]
(6)	[0.94]
(7)	[0.15]
(8)	[0.12]
(9)	[0.79]
(10)	[0.24]
]
MapVendorToProduct:[
(1	1)	[1]
(1	2)	[1]
(1	3)	[1]
(1	4)	[1]
(1	5)	[1]
(1	6)	[1]
(1	7)	[1]
(1	8)	[1]
(1	9)	[1]
(1	10)	[1]
]
LeadTimeWarehouseToStores:[
(1	1)	[0]
(1	2)	[0]
(1	3)	[0]
(1	4)	[0]
(1	5)	[0]
]
StoreDemandForFashionProducts:[
(1	1)	[885]
(1	2)	[1010]
(1	3)	[1710]
(1	4)	[730]
(1	5)	[1260]
(1	6)	[1085]
(1	7)	[1165]
(1	8)	[1190]
(1	9)	[565]
(1	10)	[1050]
(2	1)	[1805]
(2	2)	[1500]
(2	3)	[950]
(2	4)	[920]
(2	5)	[1230]
(2	6)	[385]
(2	7)	[1210]
(2	8)	[1130]
(2	9)	[1165]
(2	10)	[1140]
(3	1)	[1390]
(3	2)	[765]
(3	3)	[1145]
(3	4)	[405]
(3	5)	[440]
(3	6)	[1340]
(3	7)	[1130]
(3	8)	[770]
(3	9)	[1555]
(3	10)	[680]
(4	1)	[1345]
(4	2)	[1190]
(4	3)	[380]
(4	4)	[2445]
(4	5)	[1105]
(4	6)	[730]
(4	7)	[375]
(4	8)	[420]
(4	9)	[820]
(4	10)	[1175]
(5	1)	[905]
(5	2)	[325]
(5	3)	[930]
(5	4)	[1205]
(5	5)	[800]
(5	6)	[1120]
(5	7)	[1830]
(5	8)	[1200]
(5	9)	[1975]
(5	10)	[915]
]
FixedCostFashionVendorToWarehouse:[
(1	1)	[126.26]
]
Variable_FixedCostFashionVendorToWarehouse:[
(1	1)	[622.3]
]
VariableCostFashionVendorToWarehouse:[
(1	1)	[0.047]
]
FashionProductVolume:[
(1)	[0.78]
(2)	[0.91]
(3)	[0.13]
(4)	[0.03]
(5)	[0.89]
(6)	[0.83]
(7)	[0.45]
(8)	[0.57]
(9)	[0.97]
(10)	[0.89]
]
FashionProductWeight:[
(1)	[0.26]
(2)	[0.51]
(3)	[0.9]
(4)	[0.9]
(5)	[0.59]
(6)	[0.8]
(7)	[0.89]
(8)	[0.82]
(9)	[0.58]
(10)	[0.6]
]
MapFashionVendorToProduct:[
(1	1)	[1]
(1	2)	[1]
(1	3)	[1]
(1	4)	[1]
(1	5)	[1]
(1	6)	[1]
(1	7)	[1]
(1	8)	[1]
(1	9)	[1]
(1	10)	[1]
]
