Printing New Fashion Solution:

Inbound Fashion Solution (V F T):
1	1	4	2175
1	2	4	2450
1	3	4	1970
1	4	4	1210
1	5	2	1905
1	6	2	1785
1	7	4	2040
1	8	2	1865
1	9	2	1710
1	10	2	1535
1	11	2	1810
1	12	2	1910
1	13	4	1820
1	14	4	2545
1	15	4	2325
1	16	2	1645
1	17	4	2210
1	18	2	1850
1	19	2	2005
1	20	2	1855
1	21	4	2090
1	22	4	2215
1	23	4	1600
1	24	4	1960
1	25	2	1830
2	26	4	2095
2	27	4	1665
2	28	4	1640
2	29	4	1870
2	30	4	1885
2	31	3	1820
2	32	3	1625
2	33	4	1790
2	34	4	1785
2	35	4	2330
2	36	4	1820
2	37	3	2675
2	38	3	1840
2	39	3	2200
2	40	3	1850
2	41	4	2140
2	42	3	2215
2	43	3	1765
2	44	4	2090
2	45	3	1940
2	46	4	1825
2	47	3	1670
2	48	4	1880
2	49	4	1845
2	50	3	2530


Outbound Fashion Solution(S F T):
1	1	5	80
1	2	5	270
1	3	5	270
1	4	5	100
1	5	5	240
1	6	5	250
1	7	5	250
1	8	5	225
1	9	5	145
1	10	5	125
1	11	5	240
1	12	5	80
1	13	5	160
1	14	5	265
1	15	5	200
1	16	5	200
1	17	5	265
1	18	5	230
1	19	5	175
1	20	5	235
1	21	5	305
1	22	5	190
1	23	5	80
1	24	5	185
1	25	5	215
1	26	5	210
1	27	5	70
1	28	5	235
1	29	5	135
1	30	5	30
1	31	5	125
1	32	5	250
1	33	5	55
1	34	5	255
1	35	5	145
1	36	5	180
1	37	5	235
1	38	5	165
1	39	5	160
1	40	5	210
1	41	5	205
1	42	5	235
1	43	5	140
1	44	5	120
1	45	5	240
1	46	5	290
1	47	5	195
1	48	5	225
1	49	5	95
1	50	5	365
2	1	5	285
2	2	5	275
2	3	5	165
2	4	5	185
2	5	5	160
2	6	5	60
2	7	5	100
2	8	5	240
2	9	5	35
2	10	5	290
2	11	5	190
2	12	5	305
2	13	5	155
2	14	5	330
2	15	5	225
2	16	5	95
2	17	5	250
2	18	5	75
2	19	5	170
2	20	5	5
2	21	5	210
2	22	5	270
2	23	5	140
2	24	5	185
2	25	5	85
2	26	5	275
2	27	5	275
2	28	5	120
2	29	5	150
2	30	5	310
2	31	5	175
2	32	5	115
2	33	5	50
2	34	5	125
2	35	5	145
2	36	5	180
2	37	5	265
2	38	5	215
2	39	5	360
2	40	5	205
2	41	5	85
2	42	5	300
2	43	5	150
2	44	5	65
2	45	5	375
2	46	5	240
2	47	5	195
2	48	5	75
2	49	5	125
2	50	5	300
3	1	5	175
3	2	5	235
3	3	5	305
3	4	5	95
3	5	5	205
3	6	5	75
3	7	5	225
3	8	5	265
3	9	5	355
3	10	5	185
3	11	5	85
3	12	5	190
3	13	5	250
3	14	5	210
3	15	5	355
3	16	5	190
3	17	5	210
3	18	5	95
3	19	5	35
3	20	5	325
3	21	5	220
3	22	5	220
3	23	5	335
3	24	5	230
3	25	5	210
3	26	5	265
3	27	5	140
3	29	5	155
3	30	5	235
3	31	5	175
3	32	5	110
3	33	5	95
3	34	5	185
3	35	5	85
3	36	5	55
3	37	5	290
3	38	5	95
3	39	5	235
3	40	5	240
3	41	5	65
3	42	5	270
3	43	5	345
3	44	5	325
3	45	5	135
3	46	5	275
3	47	5	160
3	48	5	310
3	49	5	260
3	50	5	235
4	1	5	130
4	2	5	240
4	3	5	145
4	4	5	50
4	5	5	215
4	6	5	140
4	7	5	5
4	8	5	220
4	9	5	280
4	10	5	235
4	11	5	185
4	12	5	85
4	13	5	205
4	14	5	250
4	15	5	205
4	16	5	180
4	17	5	275
4	18	5	285
4	19	5	220
4	20	5	115
4	21	5	270
4	22	5	245
4	23	5	115
4	24	5	195
4	25	5	205
4	26	5	110
4	27	5	220
4	28	5	100
4	29	5	145
4	30	5	195
4	31	5	235
4	32	5	130
4	33	5	190
4	34	5	165
4	35	5	290
4	36	5	235
4	37	5	350
4	38	5	160
4	39	5	205
4	40	5	150
4	41	5	265
4	42	5	150
4	43	5	185
4	44	5	280
4	45	5	145
4	46	5	25
4	47	5	230
4	48	5	280
4	49	5	155
4	50	5	225
5	1	5	400
5	2	5	190
5	3	5	200
5	4	5	55
5	5	5	160
5	6	5	165
5	7	5	175
5	8	5	100
5	9	5	130
5	10	5	130
5	11	5	235
5	12	5	215
5	13	5	255
5	14	5	345
5	15	5	210
5	16	5	120
5	17	5	60
5	18	5	225
5	19	5	250
5	20	5	115
5	21	5	210
5	22	5	220
5	23	5	115
5	24	5	45
5	25	5	150
5	26	5	250
5	27	5	140
5	28	5	175
5	29	5	145
5	30	5	200
5	31	5	295
5	32	5	225
5	33	5	255
5	34	5	145
5	35	5	395
5	36	5	215
5	37	5	205
5	38	5	215
5	39	5	15
5	40	5	190
5	41	5	245
5	42	5	160
5	43	5	185
5	44	5	240
5	45	5	65
5	46	5	155
5	47	5	110
5	48	5	95
5	49	5	285
5	50	5	240
6	1	5	275
6	2	5	435
6	3	5	260
6	4	5	155
6	5	5	210
6	6	5	255
6	7	5	285
6	8	5	145
6	9	5	140
6	10	5	190
6	11	5	145
6	12	5	300
6	13	5	45
6	14	5	135
6	15	5	345
6	16	5	240
6	17	5	300
6	18	5	300
6	19	5	235
6	20	5	295
6	21	5	105
6	22	5	230
6	23	5	175
6	24	5	125
6	25	5	135
6	26	5	320
6	27	5	220
6	28	5	150
6	29	5	310
6	30	5	90
6	31	5	120
6	32	5	120
6	33	5	205
6	34	5	205
6	35	5	295
6	36	5	280
6	37	5	380
6	38	5	160
6	39	5	180
6	40	5	250
6	41	5	220
6	42	5	150
6	43	5	245
6	44	5	315
6	45	5	175
6	46	5	325
6	47	5	185
6	48	5	135
6	49	5	320
6	50	5	395
7	1	5	175
7	2	5	55
7	3	5	165
7	4	5	120
7	5	5	255
7	6	5	230
7	7	5	395
7	8	5	150
7	9	5	90
7	10	5	105
7	11	5	135
7	12	5	105
7	13	5	200
7	14	5	170
7	15	5	30
7	16	5	190
7	17	5	360
7	18	5	85
7	19	5	210
7	20	5	115
7	21	5	200
7	22	5	305
7	23	5	120
7	24	5	310
7	25	5	200
7	26	5	115
7	27	5	140
7	28	5	300
7	29	5	195
7	30	5	250
7	31	5	220
7	32	5	85
7	33	5	275
7	34	5	155
7	35	5	250
7	36	5	220
7	37	5	225
7	38	5	225
7	39	5	185
7	40	5	245
7	41	5	345
7	42	5	245
7	43	5	110
7	44	5	110
7	45	5	200
7	46	5	85
7	47	5	90
7	48	5	120
7	49	5	125
7	50	5	230
8	1	5	145
8	2	5	250
8	3	5	165
8	4	5	65
8	5	5	165
8	6	5	260
8	7	5	260
8	8	5	175
8	9	5	160
8	10	5	45
8	11	5	105
8	12	5	210
8	13	5	180
8	14	5	320
8	15	5	295
8	16	5	120
8	17	5	220
8	18	5	180
8	19	5	290
8	20	5	105
8	21	5	110
8	22	5	105
8	23	5	100
8	24	5	230
8	25	5	205
8	26	5	80
8	27	5	160
8	28	5	245
8	29	5	215
8	30	5	170
8	31	5	290
8	32	5	200
8	33	5	280
8	34	5	235
8	35	5	190
8	36	5	185
8	37	5	285
8	38	5	160
8	39	5	270
8	40	5	90
8	41	5	365
8	42	5	220
8	43	5	70
8	44	5	310
8	45	5	185
8	46	5	85
8	47	5	120
8	48	5	260
8	49	5	75
8	50	5	125
9	1	5	205
9	2	5	225
9	3	5	145
9	4	5	265
9	5	5	110
9	6	5	100
9	7	5	180
9	8	5	185
9	9	5	220
9	10	5	20
9	11	5	240
9	12	5	180
9	13	5	140
9	14	5	325
9	15	5	295
9	16	5	150
9	17	5	250
9	18	5	85
9	19	5	235
9	20	5	205
9	21	5	175
9	22	5	230
9	23	5	90
9	24	5	225
9	25	5	245
9	26	5	220
9	27	5	140
9	28	5	185
9	29	5	185
9	30	5	260
9	31	5	125
9	32	5	330
9	33	5	230
9	34	5	180
9	35	5	325
9	36	5	175
9	37	5	335
9	38	5	375
9	39	5	320
9	40	5	195
9	41	5	200
9	42	5	305
9	43	5	145
9	44	5	285
9	45	5	220
9	46	5	145
9	47	5	215
9	48	5	210
9	49	5	205
9	50	5	190
10	1	5	305
10	2	5	275
10	3	5	150
10	4	5	120
10	5	5	185
10	6	5	250
10	7	5	165
10	8	5	160
10	9	5	155
10	10	5	210
10	11	5	250
10	12	5	240
10	13	5	230
10	14	5	195
10	15	5	165
10	16	5	160
10	17	5	20
10	18	5	290
10	19	5	185
10	20	5	340
10	21	5	285
10	22	5	200
10	23	5	330
10	24	5	230
10	25	5	180
10	26	5	250
10	27	5	160
10	28	5	130
10	29	5	235
10	30	5	145
10	31	5	60
10	32	5	60
10	33	5	155
10	34	5	135
10	35	5	210
10	36	5	95
10	37	5	105
10	38	5	70
10	39	5	270
10	40	5	75
10	41	5	145
10	42	5	180
10	43	5	190
10	44	5	40
10	45	5	200
10	46	5	200
10	47	5	170
10	48	5	170
10	49	5	200
10	50	5	225


Warehouse Fashion Inventory (W F T):
1	0		0		0		2175		0	
2	0		0		0		2450		0	
3	0		0		0		1970		0	
4	0		0		0		1210		0	
5	0		1905		1905		1905		0	
6	0		1785		1785		1785		0	
7	0		0		0		2040		0	
8	0		1865		1865		1865		0	
9	0		1710		1710		1710		0	
10	0		1535		1535		1535		0	
11	0		1810		1810		1810		0	
12	0		1910		1910		1910		0	
13	0		0		0		1820		0	
14	0		0		0		2545		0	
15	0		0		0		2325		0	
16	0		1645		1645		1645		0	
17	0		0		0		2210		0	
18	0		1850		1850		1850		0	
19	0		2005		2005		2005		0	
20	0		1855		1855		1855		0	
21	0		0		0		2090		0	
22	0		0		0		2215		0	
23	0		0		0		1600		0	
24	0		0		0		1960		0	
25	0		1830		1830		1830		0	
26	0		0		0		2095		0	
27	0		0		0		1665		0	
28	0		0		0		1640		0	
29	0		0		0		1870		0	
30	0		0		0		1885		0	
31	0		0		1820		1820		0	
32	0		0		1625		1625		0	
33	0		0		0		1790		0	
34	0		0		0		1785		0	
35	0		0		0		2330		0	
36	0		0		0		1820		0	
37	0		0		2675		2675		0	
38	0		0		1840		1840		0	
39	0		0		2200		2200		0	
40	0		0		1850		1850		0	
41	0		0		0		2140		0	
42	0		0		2215		2215		0	
43	0		0		1765		1765		0	
44	0		0		0		2090		0	
45	0		0		1940		1940		0	
46	0		0		0		1825		0	
47	0		0		1670		1670		0	
48	0		0		0		1880		0	
49	0		0		0		1845		0	
50	0		0		2530		2530		0	

Store Fashion Inventory (S F T):
Store1
1	0		0		0		80	
2	0		0		0		270	
3	0		0		0		270	
4	0		0		0		100	
5	0		0		0		240	
6	0		0		0		250	
7	0		0		0		250	
8	0		0		0		225	
9	0		0		0		145	
10	0		0		0		125	
11	0		0		0		240	
12	0		0		0		80	
13	0		0		0		160	
14	0		0		0		265	
15	0		0		0		200	
16	0		0		0		200	
17	0		0		0		265	
18	0		0		0		230	
19	0		0		0		175	
20	0		0		0		235	
21	0		0		0		305	
22	0		0		0		190	
23	0		0		0		80	
24	0		0		0		185	
25	0		0		0		215	
26	0		0		0		210	
27	0		0		0		70	
28	0		0		0		235	
29	0		0		0		135	
30	0		0		0		30	
31	0		0		0		125	
32	0		0		0		250	
33	0		0		0		55	
34	0		0		0		255	
35	0		0		0		145	
36	0		0		0		180	
37	0		0		0		235	
38	0		0		0		165	
39	0		0		0		160	
40	0		0		0		210	
41	0		0		0		205	
42	0		0		0		235	
43	0		0		0		140	
44	0		0		0		120	
45	0		0		0		240	
46	0		0		0		290	
47	0		0		0		195	
48	0		0		0		225	
49	0		0		0		95	
50	0		0		0		365	
Store2
1	0		0		0		285	
2	0		0		0		275	
3	0		0		0		165	
4	0		0		0		185	
5	0		0		0		160	
6	0		0		0		60	
7	0		0		0		100	
8	0		0		0		240	
9	0		0		0		35	
10	0		0		0		290	
11	0		0		0		190	
12	0		0		0		305	
13	0		0		0		155	
14	0		0		0		330	
15	0		0		0		225	
16	0		0		0		95	
17	0		0		0		250	
18	0		0		0		75	
19	0		0		0		170	
20	0		0		0		5	
21	0		0		0		210	
22	0		0		0		270	
23	0		0		0		140	
24	0		0		0		185	
25	0		0		0		85	
26	0		0		0		275	
27	0		0		0		275	
28	0		0		0		120	
29	0		0		0		150	
30	0		0		0		310	
31	0		0		0		175	
32	0		0		0		115	
33	0		0		0		50	
34	0		0		0		125	
35	0		0		0		145	
36	0		0		0		180	
37	0		0		0		265	
38	0		0		0		215	
39	0		0		0		360	
40	0		0		0		205	
41	0		0		0		85	
42	0		0		0		300	
43	0		0		0		150	
44	0		0		0		65	
45	0		0		0		375	
46	0		0		0		240	
47	0		0		0		195	
48	0		0		0		75	
49	0		0		0		125	
50	0		0		0		300	
Store3
1	0		0		0		175	
2	0		0		0		235	
3	0		0		0		305	
4	0		0		0		95	
5	0		0		0		205	
6	0		0		0		75	
7	0		0		0		225	
8	0		0		0		265	
9	0		0		0		355	
10	0		0		0		185	
11	0		0		0		85	
12	0		0		0		190	
13	0		0		0		250	
14	0		0		0		210	
15	0		0		0		355	
16	0		0		0		190	
17	0		0		0		210	
18	0		0		0		95	
19	0		0		0		35	
20	0		0		0		325	
21	0		0		0		220	
22	0		0		0		220	
23	0		0		0		335	
24	0		0		0		230	
25	0		0		0		210	
26	0		0		0		265	
27	0		0		0		140	
28	0		0		0		0	
29	0		0		0		155	
30	0		0		0		235	
31	0		0		0		175	
32	0		0		0		110	
33	0		0		0		95	
34	0		0		0		185	
35	0		0		0		85	
36	0		0		0		55	
37	0		0		0		290	
38	0		0		0		95	
39	0		0		0		235	
40	0		0		0		240	
41	0		0		0		65	
42	0		0		0		270	
43	0		0		0		345	
44	0		0		0		325	
45	0		0		0		135	
46	0		0		0		275	
47	0		0		0		160	
48	0		0		0		310	
49	0		0		0		260	
50	0		0		0		235	
Store4
1	0		0		0		130	
2	0		0		0		240	
3	0		0		0		145	
4	0		0		0		50	
5	0		0		0		215	
6	0		0		0		140	
7	0		0		0		5	
8	0		0		0		220	
9	0		0		0		280	
10	0		0		0		235	
11	0		0		0		185	
12	0		0		0		85	
13	0		0		0		205	
14	0		0		0		250	
15	0		0		0		205	
16	0		0		0		180	
17	0		0		0		275	
18	0		0		0		285	
19	0		0		0		220	
20	0		0		0		115	
21	0		0		0		270	
22	0		0		0		245	
23	0		0		0		115	
24	0		0		0		195	
25	0		0		0		205	
26	0		0		0		110	
27	0		0		0		220	
28	0		0		0		100	
29	0		0		0		145	
30	0		0		0		195	
31	0		0		0		235	
32	0		0		0		130	
33	0		0		0		190	
34	0		0		0		165	
35	0		0		0		290	
36	0		0		0		235	
37	0		0		0		350	
38	0		0		0		160	
39	0		0		0		205	
40	0		0		0		150	
41	0		0		0		265	
42	0		0		0		150	
43	0		0		0		185	
44	0		0		0		280	
45	0		0		0		145	
46	0		0		0		25	
47	0		0		0		230	
48	0		0		0		280	
49	0		0		0		155	
50	0		0		0		225	
Store5
1	0		0		0		400	
2	0		0		0		190	
3	0		0		0		200	
4	0		0		0		55	
5	0		0		0		160	
6	0		0		0		165	
7	0		0		0		175	
8	0		0		0		100	
9	0		0		0		130	
10	0		0		0		130	
11	0		0		0		235	
12	0		0		0		215	
13	0		0		0		255	
14	0		0		0		345	
15	0		0		0		210	
16	0		0		0		120	
17	0		0		0		60	
18	0		0		0		225	
19	0		0		0		250	
20	0		0		0		115	
21	0		0		0		210	
22	0		0		0		220	
23	0		0		0		115	
24	0		0		0		45	
25	0		0		0		150	
26	0		0		0		250	
27	0		0		0		140	
28	0		0		0		175	
29	0		0		0		145	
30	0		0		0		200	
31	0		0		0		295	
32	0		0		0		225	
33	0		0		0		255	
34	0		0		0		145	
35	0		0		0		395	
36	0		0		0		215	
37	0		0		0		205	
38	0		0		0		215	
39	0		0		0		15	
40	0		0		0		190	
41	0		0		0		245	
42	0		0		0		160	
43	0		0		0		185	
44	0		0		0		240	
45	0		0		0		65	
46	0		0		0		155	
47	0		0		0		110	
48	0		0		0		95	
49	0		0		0		285	
50	0		0		0		240	
Store6
1	0		0		0		275	
2	0		0		0		435	
3	0		0		0		260	
4	0		0		0		155	
5	0		0		0		210	
6	0		0		0		255	
7	0		0		0		285	
8	0		0		0		145	
9	0		0		0		140	
10	0		0		0		190	
11	0		0		0		145	
12	0		0		0		300	
13	0		0		0		45	
14	0		0		0		135	
15	0		0		0		345	
16	0		0		0		240	
17	0		0		0		300	
18	0		0		0		300	
19	0		0		0		235	
20	0		0		0		295	
21	0		0		0		105	
22	0		0		0		230	
23	0		0		0		175	
24	0		0		0		125	
25	0		0		0		135	
26	0		0		0		320	
27	0		0		0		220	
28	0		0		0		150	
29	0		0		0		310	
30	0		0		0		90	
31	0		0		0		120	
32	0		0		0		120	
33	0		0		0		205	
34	0		0		0		205	
35	0		0		0		295	
36	0		0		0		280	
37	0		0		0		380	
38	0		0		0		160	
39	0		0		0		180	
40	0		0		0		250	
41	0		0		0		220	
42	0		0		0		150	
43	0		0		0		245	
44	0		0		0		315	
45	0		0		0		175	
46	0		0		0		325	
47	0		0		0		185	
48	0		0		0		135	
49	0		0		0		320	
50	0		0		0		395	
Store7
1	0		0		0		175	
2	0		0		0		55	
3	0		0		0		165	
4	0		0		0		120	
5	0		0		0		255	
6	0		0		0		230	
7	0		0		0		395	
8	0		0		0		150	
9	0		0		0		90	
10	0		0		0		105	
11	0		0		0		135	
12	0		0		0		105	
13	0		0		0		200	
14	0		0		0		170	
15	0		0		0		30	
16	0		0		0		190	
17	0		0		0		360	
18	0		0		0		85	
19	0		0		0		210	
20	0		0		0		115	
21	0		0		0		200	
22	0		0		0		305	
23	0		0		0		120	
24	0		0		0		310	
25	0		0		0		200	
26	0		0		0		115	
27	0		0		0		140	
28	0		0		0		300	
29	0		0		0		195	
30	0		0		0		250	
31	0		0		0		220	
32	0		0		0		85	
33	0		0		0		275	
34	0		0		0		155	
35	0		0		0		250	
36	0		0		0		220	
37	0		0		0		225	
38	0		0		0		225	
39	0		0		0		185	
40	0		0		0		245	
41	0		0		0		345	
42	0		0		0		245	
43	0		0		0		110	
44	0		0		0		110	
45	0		0		0		200	
46	0		0		0		85	
47	0		0		0		90	
48	0		0		0		120	
49	0		0		0		125	
50	0		0		0		230	
Store8
1	0		0		0		145	
2	0		0		0		250	
3	0		0		0		165	
4	0		0		0		65	
5	0		0		0		165	
6	0		0		0		260	
7	0		0		0		260	
8	0		0		0		175	
9	0		0		0		160	
10	0		0		0		45	
11	0		0		0		105	
12	0		0		0		210	
13	0		0		0		180	
14	0		0		0		320	
15	0		0		0		295	
16	0		0		0		120	
17	0		0		0		220	
18	0		0		0		180	
19	0		0		0		290	
20	0		0		0		105	
21	0		0		0		110	
22	0		0		0		105	
23	0		0		0		100	
24	0		0		0		230	
25	0		0		0		205	
26	0		0		0		80	
27	0		0		0		160	
28	0		0		0		245	
29	0		0		0		215	
30	0		0		0		170	
31	0		0		0		290	
32	0		0		0		200	
33	0		0		0		280	
34	0		0		0		235	
35	0		0		0		190	
36	0		0		0		185	
37	0		0		0		285	
38	0		0		0		160	
39	0		0		0		270	
40	0		0		0		90	
41	0		0		0		365	
42	0		0		0		220	
43	0		0		0		70	
44	0		0		0		310	
45	0		0		0		185	
46	0		0		0		85	
47	0		0		0		120	
48	0		0		0		260	
49	0		0		0		75	
50	0		0		0		125	
Store9
1	0		0		0		205	
2	0		0		0		225	
3	0		0		0		145	
4	0		0		0		265	
5	0		0		0		110	
6	0		0		0		100	
7	0		0		0		180	
8	0		0		0		185	
9	0		0		0		220	
10	0		0		0		20	
11	0		0		0		240	
12	0		0		0		180	
13	0		0		0		140	
14	0		0		0		325	
15	0		0		0		295	
16	0		0		0		150	
17	0		0		0		250	
18	0		0		0		85	
19	0		0		0		235	
20	0		0		0		205	
21	0		0		0		175	
22	0		0		0		230	
23	0		0		0		90	
24	0		0		0		225	
25	0		0		0		245	
26	0		0		0		220	
27	0		0		0		140	
28	0		0		0		185	
29	0		0		0		185	
30	0		0		0		260	
31	0		0		0		125	
32	0		0		0		330	
33	0		0		0		230	
34	0		0		0		180	
35	0		0		0		325	
36	0		0		0		175	
37	0		0		0		335	
38	0		0		0		375	
39	0		0		0		320	
40	0		0		0		195	
41	0		0		0		200	
42	0		0		0		305	
43	0		0		0		145	
44	0		0		0		285	
45	0		0		0		220	
46	0		0		0		145	
47	0		0		0		215	
48	0		0		0		210	
49	0		0		0		205	
50	0		0		0		190	
Store10
1	0		0		0		305	
2	0		0		0		275	
3	0		0		0		150	
4	0		0		0		120	
5	0		0		0		185	
6	0		0		0		250	
7	0		0		0		165	
8	0		0		0		160	
9	0		0		0		155	
10	0		0		0		210	
11	0		0		0		250	
12	0		0		0		240	
13	0		0		0		230	
14	0		0		0		195	
15	0		0		0		165	
16	0		0		0		160	
17	0		0		0		20	
18	0		0		0		290	
19	0		0		0		185	
20	0		0		0		340	
21	0		0		0		285	
22	0		0		0		200	
23	0		0		0		330	
24	0		0		0		230	
25	0		0		0		180	
26	0		0		0		250	
27	0		0		0		160	
28	0		0		0		130	
29	0		0		0		235	
30	0		0		0		145	
31	0		0		0		60	
32	0		0		0		60	
33	0		0		0		155	
34	0		0		0		135	
35	0		0		0		210	
36	0		0		0		95	
37	0		0		0		105	
38	0		0		0		70	
39	0		0		0		270	
40	0		0		0		75	
41	0		0		0		145	
42	0		0		0		180	
43	0		0		0		190	
44	0		0		0		40	
45	0		0		0		200	
46	0		0		0		200	
47	0		0		0		170	
48	0		0		0		170	
49	0		0		0		200	
50	0		0		0		225	


Fashion Shipments from Vendor to Warehouse (V T):
0	0.9587333	0	0.89898	
0	0	0.8787467	0.9460434	

Printing New Basic Solution:

Inbound Solution (V P T):
1	1	1	176
1	1	3	1587
1	2	1	1023
1	2	3	1023
1	3	1	1652
1	3	3	414
1	4	1	597
1	4	3	1395
1	5	1	1881
1	5	3	210
1	6	1	779
1	6	3	1169
1	7	1	591
1	7	3	1379
1	8	1	1069
1	8	3	1069
1	9	1	214
1	9	3	1929
1	10	1	1747
1	10	3	195
1	11	1	1780
1	11	3	446
1	12	1	592
1	12	3	1384
1	13	1	1723
1	13	3	192
1	14	1	1331
1	14	3	571
1	15	3	2145
1	16	1	1651
1	16	3	413
2	17	1	384
2	17	2	1536
2	18	1	1188
2	18	2	792
2	19	2	1935
2	20	1	1454
2	20	2	623
2	21	1	996
2	21	2	995
2	22	1	924
2	22	2	924
2	23	1	1353
2	23	2	579
2	24	1	826
2	24	2	1238
2	25	1	1865
2	25	2	207
2	26	1	1536
2	26	2	383
2	27	1	1645
2	27	2	411
2	28	1	1734
2	28	2	433
2	29	1	1628
2	29	2	407
2	30	1	1303
2	30	2	868
2	31	1	2012
2	31	2	223
2	32	1	184
2	32	2	1647
3	33	5	2108
3	34	5	2072
3	35	5	1956
3	36	5	1808
3	37	5	2231
3	38	5	1951
3	39	5	1743
3	40	5	1985
3	41	5	1911
3	42	5	1981
3	43	5	2113
3	44	5	1920
3	45	5	2102
3	46	5	1976
3	47	5	1914
3	48	5	2205
3	49	5	1911
3	50	5	2074


Outbound Solution(S P T):
1	1	1	205
1	2	1	180
1	3	1	194
1	4	1	190
1	5	1	201
1	6	1	210
1	7	1	218
1	8	1	217
1	9	1	235
1	10	1	210
1	11	1	203
1	12	1	166
1	13	1	131
1	14	1	251
1	15	1	191
1	16	1	289
1	17	1	195
1	18	1	143
1	19	1	226
1	20	1	220
1	21	1	176
1	22	1	196
1	23	1	183
1	24	1	200
1	25	1	177
1	26	1	197
1	27	1	157
1	28	1	228
1	29	1	140
1	30	1	190
1	31	1	211
1	32	1	177
1	33	1	200
1	34	1	177
1	35	1	158
1	36	1	206
1	37	1	211
1	38	1	206
1	39	1	203
1	40	1	131
1	41	1	135
1	42	1	253
1	43	1	183
1	44	1	223
1	45	1	194
1	46	1	189
1	47	1	214
1	48	1	243
1	49	1	216
1	50	1	223
2	1	2	180
2	2	2	184
2	3	2	177
2	4	2	225
2	5	2	249
2	6	2	114
2	7	2	155
2	8	2	211
2	9	2	244
2	10	2	209
2	11	2	230
2	12	2	198
2	13	2	174
2	14	2	155
2	15	2	246
2	16	2	202
2	17	2	211
2	18	2	189
2	19	2	175
2	20	2	191
2	21	2	191
2	22	2	155
2	23	2	227
2	24	2	183
2	25	2	211
2	26	2	197
2	27	2	233
2	28	2	196
2	29	2	183
2	30	2	233
2	31	2	190
2	32	2	165
2	33	2	194
2	34	2	214
2	35	2	180
2	36	2	207
2	37	2	198
2	38	2	196
2	39	2	173
2	40	2	245
2	41	2	218
2	42	2	203
2	43	2	236
2	44	2	161
2	45	2	214
2	46	2	188
2	47	2	184
2	48	2	200
2	49	2	242
2	50	2	190
3	1	1	202
3	2	1	232
3	3	1	188
3	4	1	205
3	5	1	186
3	6	1	211
3	7	1	175
3	8	1	226
3	9	1	256
3	10	1	177
3	11	1	216
3	12	1	166
3	13	1	195
3	14	1	210
3	15	1	239
3	16	1	214
3	17	1	186
3	18	1	210
3	19	1	222
3	20	1	219
3	21	1	197
3	22	1	200
3	23	1	240
3	24	1	222
3	25	1	236
3	26	1	214
3	27	1	178
3	28	1	171
3	29	1	244
3	30	1	179
3	31	1	238
3	32	1	183
3	33	1	292
3	34	1	212
3	35	1	234
3	36	1	249
3	37	1	259
3	38	1	156
3	39	1	203
3	40	1	190
3	41	1	170
3	42	1	158
3	43	1	245
3	44	1	246
3	45	1	209
3	46	1	241
3	47	1	139
3	48	1	221
3	49	1	137
3	50	1	196
4	1	3	59
4	1	5	139
4	2	3	69
4	2	5	118
4	3	3	136
4	3	5	134
4	4	3	90
4	4	5	143
4	5	3	64
4	5	5	116
4	6	3	80
4	6	5	166
4	7	3	58
4	7	5	99
4	8	3	33
4	8	5	141
4	9	3	82
4	9	5	153
4	10	3	65
4	10	5	127
4	11	3	78
4	11	5	172
4	12	3	101
4	12	5	146
4	13	3	63
4	13	5	121
4	14	3	89
4	14	5	103
4	15	3	90
4	15	5	96
4	16	3	88
4	16	5	142
4	17	3	70
4	17	5	115
4	18	3	105
4	18	5	132
4	19	3	71
4	19	5	130
4	20	3	76
4	20	5	124
4	21	3	33
4	21	5	141
4	22	3	77
4	22	5	103
4	23	3	95
4	23	5	95
4	24	3	111
4	24	5	160
4	25	3	98
4	25	5	103
4	26	3	73
4	26	5	157
4	27	3	54
4	27	5	99
4	28	3	117
4	28	5	162
4	29	3	100
4	29	5	121
4	30	3	100
4	30	5	106
4	31	3	126
4	31	5	165
4	32	3	107
4	32	5	123
4	33	3	113
4	33	5	116
4	34	3	102
4	34	5	108
4	35	3	77
4	35	5	153
4	36	3	42
4	36	5	70
4	37	3	65
4	37	5	158
4	38	3	92
4	38	5	144
4	39	3	24
4	39	5	146
4	40	3	110
4	40	5	136
4	41	3	101
4	41	5	122
4	42	3	27
4	42	5	166
4	43	3	76
4	43	5	145
4	44	3	72
4	44	5	96
4	45	3	116
4	45	5	89
4	46	3	73
4	46	5	82
4	47	3	80
4	47	5	162
4	48	3	104
4	48	5	135
4	49	3	62
4	49	5	166
4	50	3	105
4	50	5	128
5	1	2	145
5	2	2	186
5	3	2	217
5	4	2	169
5	5	2	156
5	6	2	187
5	7	2	216
5	8	2	237
5	9	2	215
5	10	2	199
5	11	2	149
5	12	2	217
5	13	2	191
5	14	2	109
5	15	2	158
5	16	2	211
5	17	2	200
5	18	2	196
5	19	2	168
5	20	2	147
5	21	2	239
5	22	2	78
5	23	2	204
5	24	2	187
5	25	2	190
5	26	2	237
5	27	2	179
5	28	2	163
5	29	2	206
5	30	2	198
5	31	2	209
5	32	2	158
5	33	2	197
5	34	2	199
5	35	2	175
5	36	2	154
5	37	2	215
5	38	2	189
5	39	2	165
5	40	2	168
5	41	2	217
5	42	2	218
5	43	2	177
5	44	2	158
5	45	2	255
5	46	2	151
5	47	2	151
5	48	2	235
5	49	2	197
5	50	2	232
6	1	1	173
6	2	1	255
6	3	1	235
6	4	1	130
6	5	1	244
6	6	1	150
6	7	1	242
6	8	1	177
6	9	1	155
6	10	1	208
6	11	1	265
6	12	1	178
6	13	1	280
6	14	1	147
6	15	1	249
6	16	1	190
6	17	1	206
6	18	1	235
6	19	1	133
6	20	1	249
6	21	1	233
6	22	1	235
6	23	1	276
6	24	1	229
6	25	1	192
6	26	1	123
6	27	1	190
6	28	1	228
6	29	1	182
6	30	1	232
6	31	1	243
6	32	1	184
6	33	1	187
6	34	1	203
6	35	1	145
6	36	1	185
6	37	1	277
6	38	1	202
6	39	1	171
6	40	1	212
6	41	1	177
6	42	1	238
6	43	1	204
6	44	1	212
6	45	1	213
6	46	1	177
6	47	1	244
6	48	1	236
6	49	1	186
6	50	1	202
7	1	1	219
7	2	1	198
7	3	1	240
7	4	1	181
7	5	1	215
7	6	1	194
7	7	1	173
7	8	1	231
7	9	1	232
7	10	1	171
7	11	1	260
7	12	1	197
7	13	1	188
7	14	1	218
7	15	1	207
7	16	1	192
7	17	1	244
7	18	1	175
7	19	1	261
7	20	1	237
7	21	1	169
7	22	1	259
7	23	1	158
7	24	1	187
7	25	1	167
7	26	1	192
7	27	1	215
7	28	1	179
7	29	1	169
7	30	1	237
7	31	1	150
7	32	1	147
7	33	1	256
7	34	1	183
7	35	1	180
7	36	1	218
7	37	1	209
7	38	1	146
7	39	1	133
7	40	1	258
7	41	1	202
7	42	1	152
7	43	1	190
7	44	1	147
7	45	1	171
7	46	1	169
7	47	1	226
7	48	1	202
7	49	1	213
7	50	1	209
8	1	1	132
8	2	1	189
8	3	1	249
8	4	1	188
8	5	1	208
8	6	1	231
8	7	1	218
8	8	1	147
8	9	1	169
8	10	1	160
8	11	1	211
8	12	1	182
8	13	1	188
8	14	1	186
8	15	1	229
8	16	1	204
8	17	1	180
8	18	1	158
8	19	1	162
8	20	1	192
8	21	1	215
8	22	1	246
8	23	1	118
8	24	1	204
8	25	1	209
8	26	1	167
8	27	1	277
8	28	1	222
8	29	1	246
8	30	1	264
8	31	1	263
8	32	1	204
8	33	1	174
8	34	1	227
8	35	1	218
8	36	1	149
8	37	1	224
8	38	1	202
8	39	1	245
8	40	1	123
8	41	1	217
8	42	1	200
8	43	1	241
8	44	1	232
8	45	1	181
8	46	1	190
8	47	1	277
8	48	1	253
8	49	1	129
8	50	1	184
9	1	1	150
9	2	1	166
9	3	1	160
9	4	1	218
9	5	1	281
9	6	1	227
9	7	1	236
9	8	1	236
9	9	1	186
9	10	1	251
9	11	1	176
9	12	1	213
9	13	1	193
9	14	1	190
9	15	1	179
9	16	1	195
9	17	1	171
9	18	1	237
9	19	1	182
9	20	1	237
9	21	1	174
9	22	1	160
9	23	1	196
9	24	1	147
9	25	1	271
9	26	1	120
9	27	1	273
9	28	1	286
9	29	1	261
9	30	1	186
9	31	1	225
9	32	1	189
9	33	1	183
9	34	1	195
9	35	1	195
9	36	1	150
9	37	1	201
9	38	1	232
9	39	1	161
9	40	1	194
9	41	1	213
9	42	1	211
9	43	1	252
9	44	1	233
9	45	1	224
9	46	1	243
9	47	1	63
9	48	1	190
9	49	1	168
9	50	1	202
10	1	3	159
10	2	3	269
10	3	3	136
10	4	3	253
10	5	3	171
10	6	3	178
10	7	3	180
10	8	3	282
10	9	3	216
10	10	3	165
10	11	3	266
10	12	3	212
10	13	3	191
10	14	3	244
10	15	3	261
10	16	3	137
10	17	3	142
10	18	3	200
10	19	3	205
10	20	3	185
10	21	3	223
10	22	3	139
10	23	3	140
10	24	3	234
10	25	3	218
10	26	3	242
10	27	3	201
10	28	3	215
10	29	3	183
10	30	3	246
10	31	3	215
10	32	3	194
10	33	3	196
10	34	3	252
10	35	3	241
10	36	3	178
10	37	3	214
10	38	3	186
10	39	3	119
10	40	3	218
10	41	3	139
10	42	3	155
10	43	3	164
10	44	3	140
10	45	3	236
10	46	3	273
10	47	3	174
10	48	3	186
10	49	3	195
10	50	3	203


Warehouse Inventory (W P T):
1	1230		325		0		1369		1369		1230	
2	567		370		0		685		685		567	
3	8		394		0		142		142		8	
4	909		394		0		1052		1052		909	
5	0		546		141		116		116		0	
6	745		301		0		911		911		745	
7	1042		371		0		1141		1141		1042	
8	613		448		0		754		754		613	
9	1478		459		0		1631		1631		1478	
10	0		570		162		127		127		0	
11	0		449		70		172		172		0	
12	925		415		0		1071		1071		925	
13	0		548		183		121		121		0	
14	135		264		0		238		238		135	
15	1698		404		0		1794		1794		1698	
16	46		413		0		188		188		46	
17	798		0		1125		913		913		798	
18	0		30		437		132		132		0	
19	1186		0		1592		1316		1316		1186	
20	0		100		385		124		124		0	
21	168		0		565		309		309		168	
22	372		0		691		475		475		372	
23	0		182		330		95		95		0	
24	363		0		868		523		523		363	
25	0		613		419		103		103		0	
26	0		523		472		157		157		0	
27	0		355		354		99		99		0	
28	0		420		494		162		162		0	
29	0		386		404		121		121		0	
30	0		15		452		106		106		0	
31	0		682		506		165		165		0	
32	900		0		1324		1023		1023		900	
33	1992		700		309		0		0		1992	
34	1964		767		354		0		0		1964	
35	1803		673		318		0		0		1803	
36	1738		581		220		0		0		1738	
37	2073		692		279		0		0		2073	
38	1807		663		278		0		0		1807	
39	1597		481		143		0		0		1597	
40	1849		741		328		0		0		1849	
41	1789		675		240		0		0		1789	
42	1815		603		182		0		0		1815	
43	1968		653		240		0		0		1968	
44	1824		531		212		0		0		1824	
45	2013		821		352		0		0		2013	
46	1894		685		346		0		0		1894	
47	1752		589		254		0		0		1752	
48	2070		725		290		0		0		2070	
49	1745		696		257		0		0		1745	
50	1946		730		308		0		0		1946	

Store Inventory (S P T):
Store1
1	0		171		119		81		43		0	
2	0		139		121		57		8		0	
3	0		128		88		65		19		0	
4	0		160		122		70		42		0	
5	0		146		117		74		33		0	
6	0		194		167		121		56		0	
7	0		166		142		99		53		0	
8	0		168		136		111		93		0	
9	0		176		130		74		17		0	
10	0		142		96		52		52		0	
11	0		160		111		86		50		0	
12	0		138		92		74		28		0	
13	0		109		100		58		27		0	
14	0		202		123		73		40		0	
15	0		131		118		65		46		0	
16	0		240		194		139		65		0	
17	0		175		146		83		58		0	
18	0		119		87		83		48		0	
19	0		224		177		118		52		0	
20	0		161		142		87		42		0	
21	0		147		115		86		25		0	
22	0		151		85		52		21		0	
23	0		147		115		75		35		0	
24	0		133		102		61		43		0	
25	0		134		82		69		35		0	
26	0		163		144		73		32		0	
27	0		123		80		48		25		0	
28	0		186		142		117		47		0	
29	0		122		102		70		31		0	
30	0		148		107		61		32		0	
31	0		165		108		79		47		0	
32	0		147		118		82		69		0	
33	0		161		133		83		27		0	
34	0		133		95		63		27		0	
35	0		126		117		90		39		0	
36	0		175		120		61		41		0	
37	0		154		123		93		40		0	
38	0		170		123		94		46		0	
39	0		163		132		80		34		0	
40	0		110		91		76		40		0	
41	0		123		91		65		24		0	
42	0		159		128		80		44		0	
43	0		154		125		110		57		0	
44	0		165		105		65		16		0	
45	0		177		135		69		40		0	
46	0		175		114		70		9		0	
47	0		172		105		50		21		0	
48	0		201		139		85		44		0	
49	0		200		127		70		35		0	
50	0		189		142		90		74		0	
Store2
1	36		0		150		106		57		36	
2	17		0		142		81		65		17	
3	38		0		169		119		66		38	
4	69		0		188		149		104		69	
5	33		0		176		149		100		33	
6	31		0		98		84		59		31	
7	26		0		114		73		46		26	
8	32		0		156		109		71		32	
9	52		0		180		146		93		52	
10	47		0		176		138		92		47	
11	64		0		184		141		124		64	
12	34		0		137		104		67		34	
13	56		0		136		114		106		56	
14	29		0		112		96		80		29	
15	62		0		194		135		83		62	
16	29		0		154		121		88		29	
17	47		0		167		107		69		47	
18	36		0		140		89		54		36	
19	52		0		146		107		86		52	
20	17		0		122		94		59		17	
21	35		0		143		97		74		35	
22	11		0		105		85		77		11	
23	54		0		158		122		87		54	
24	25		0		130		109		79		25	
25	23		0		166		103		70		23	
26	21		0		168		113		68		21	
27	49		0		197		162		85		49	
28	39		0		159		121		86		39	
29	10		0		130		90		69		10	
30	51		0		189		143		120		51	
31	20		0		170		99		56		20	
32	41		0		130		106		88		41	
33	31		0		146		122		70		31	
34	9		0		169		113		63		9	
35	13		0		130		92		38		13	
36	32		0		174		116		59		32	
37	69		0		181		165		115		69	
38	51		0		162		107		72		51	
39	57		0		161		134		79		57	
40	53		0		203		157		111		53	
41	45		0		154		140		107		45	
42	37		0		159		108		92		37	
43	30		0		178		121		74		30	
44	26		0		149		135		100		26	
45	59		0		146		125		85		59	
46	61		0		138		119		105		61	
47	44		0		127		97		77		44	
48	54		0		182		154		113		54	
49	28		0		179		113		61		28	
50	46		0		143		84		60		46	
Store3
1	0		160		115		76		27		0	
2	0		187		153		107		58		0	
3	0		158		95		48		26		0	
4	0		175		123		95		53		0	
5	0		152		114		70		46		0	
6	0		184		157		122		79		0	
7	0		144		97		63		41		0	
8	0		177		133		82		41		0	
9	0		182		130		95		57		0	
10	0		131		88		64		27		0	
11	0		186		138		114		43		0	
12	0		119		91		39		15		0	
13	0		173		150		90		63		0	
14	0		198		167		133		55		0	
15	0		185		119		64		27		0	
16	0		167		116		85		26		0	
17	0		155		116		88		46		0	
18	0		187		131		106		56		0	
19	0		177		142		114		65		0	
20	0		172		161		103		65		0	
21	0		165		113		85		52		0	
22	0		155		155		123		70		0	
23	0		184		121		83		53		0	
24	0		172		138		99		55		0	
25	0		220		182		117		64		0	
26	0		146		110		65		15		0	
27	0		121		93		42		8		0	
28	0		129		95		60		32		0	
29	0		208		165		131		65		0	
30	0		129		85		43		39		0	
31	0		173		127		85		44		0	
32	0		142		98		58		36		0	
33	0		225		158		102		58		0	
34	0		179		120		84		55		0	
35	0		191		160		89		67		0	
36	0		193		151		87		35		0	
37	0		216		139		72		27		0	
38	0		124		103		75		40		0	
39	0		165		107		71		32		0	
40	0		109		76		59		26		0	
41	0		116		89		71		16		0	
42	0		127		101		72		37		0	
43	0		202		144		92		53		0	
44	0		205		165		110		78		0	
45	0		172		133		102		50		0	
46	0		197		169		99		67		0	
47	0		87		87		67		38		0	
48	0		161		140		113		64		0	
49	0		116		71		61		0		0	
50	0		155		108		82		17		0	
Store4
1	98		75		7		18		0		98	
2	79		35		4		30		0		79	
3	95		55		0		97		30		95	
4	119		102		41		66		0		119	
5	102		74		35		50		0		102	
6	130		39		12		44		0		130	
7	67		49		31		26		0		67	
8	116		56		23		8		0		116	
9	113		40		0		42		15		113	
10	81		39		1		19		0		81	
11	148		111		62		54		0		148	
12	105		50		0		60		11		105	
13	89		39		2		31		0		89	
14	84		35		0		70		18		84	
15	65		19		9		59		0		65	
16	99		59		3		45		0		99	
17	89		60		0		44		14		89	
18	83		50		0		56		5		83	
19	90		50		0		31		2		90	
20	81		39		1		33		0		81	
21	108		70		7		0		0		108	
22	71		41		0		45		37		71	
23	57		25		3		57		0		57	
24	104		60		17		55		0		104	
25	68		37		0		63		10		68	
26	115		62		6		31		0		115	
27	63		19		0		18		8		63	
28	109		59		2		64		0		109	
29	94		54		0		73		17		94	
30	86		27		0		80		19		86	
31	109		52		0		70		5		109	
32	87		61		0		71		32		87	
33	78		46		0		75		12		78	
34	88		52		0		82		43		88	
35	114		53		0		38		3		114	
36	52		33		0		24		15		52	
37	115		58		13		22		0		115	
38	87		46		0		35		3		87	
39	143		91		26		21		0		143	
40	89		43		0		63		0		89	
41	84		35		8		63		0		84	
42	160		103		39		21		0		160	
43	123		72		0		54		14		123	
44	70		32		0		46		8		70	
45	64		20		0		91		33		64	
46	64		39		0		55		31		64	
47	134		64		20		52		0		134	
48	103		69		34		72		0		103	
49	159		92		45		55		0		159	
50	82		48		12		59		0		82	
Store5
1	35		0		115		99		69		35	
2	32		0		149		112		80		32	
3	40		0		176		149		98		40	
4	50		0		148		100		95		50	
5	38		0		115		87		73		38	
6	53		0		156		150		100		53	
7	48		0		162		121		93		48	
8	42		0		174		131		80		42	
9	26		0		141		106		60		26	
10	36		0		173		107		76		36	
11	41		0		132		115		81		41	
12	40		0		164		127		86		40	
13	34		0		145		107		66		34	
14	37		0		94		69		58		37	
15	28		0		139		112		66		28	
16	15		0		154		116		67		15	
17	16		0		145		98		44		16	
18	20		0		157		108		52		20	
19	43		0		155		139		83		43	
20	17		0		93		85		48		17	
21	59		0		184		145		90		59	
22	2		0		62		27		27		2	
23	38		0		149		119		73		38	
24	38		0		128		83		60		38	
25	26		0		163		114		81		26	
26	7		0		184		124		56		7	
27	14		0		139		91		53		14	
28	29		0		135		89		69		29	
29	25		0		173		123		70		25	
30	40		0		134		93		76		40	
31	52		0		187		144		116		52	
32	40		0		153		109		75		40	
33	38		0		172		129		83		38	
34	43		0		139		100		74		43	
35	16		0		132		92		62		16	
36	32		0		104		86		66		32	
37	28		0		150		120		76		28	
38	44		0		150		121		77		44	
39	50		0		137		113		76		50	
40	36		0		132		118		84		36	
41	25		0		160		112		76		25	
42	47		0		178		124		97		47	
43	41		0		150		103		86		41	
44	11		0		102		67		21		11	
45	53		0		209		166		115		53	
46	16		0		133		98		45		16	
47	53		0		111		101		85		53	
48	36		0		155		98		73		36	
49	46		0		148		112		70		46	
50	20		0		212		169		89		20	
Store6
1	0		153		110		96		53		0	
2	0		206		131		80		36		0	
3	0		179		139		103		48		0	
4	0		97		59		23		20		0	
5	0		184		138		107		65		0	
6	0		111		62		34		11		0	
7	0		207		168		148		67		0	
8	0		143		107		56		9		0	
9	0		141		113		70		48		0	
10	0		175		124		105		51		0	
11	0		225		170		97		54		0	
12	0		146		95		64		38		0	
13	0		231		162		113		62		0	
14	0		124		82		62		17		0	
15	0		208		162		89		45		0	
16	0		137		115		79		34		0	
17	0		173		143		87		50		0	
18	0		190		127		81		17		0	
19	0		108		95		75		41		0	
20	0		196		149		87		66		0	
21	0		190		121		95		44		0	
22	0		198		135		99		49		0	
23	0		203		143		73		17		0	
24	0		177		104		68		19		0	
25	0		171		132		95		48		0	
26	0		90		72		55		23		0	
27	0		153		102		52		41		0	
28	0		146		125		76		37		0	
29	0		147		114		70		14		0	
30	0		192		129		92		35		0	
31	0		187		170		113		55		0	
32	0		167		151		91		46		0	
33	0		146		106		87		37		0	
34	0		164		131		78		27		0	
35	0		99		56		48		24		0	
36	0		155		125		92		60		0	
37	0		215		163		115		46		0	
38	0		153		100		52		23		0	
39	0		133		126		84		28		0	
40	0		162		96		53		21		0	
41	0		137		95		70		27		0	
42	0		174		129		82		30		0	
43	0		177		137		95		44		0	
44	0		163		124		81		51		0	
45	0		156		96		51		22		0	
46	0		136		93		79		45		0	
47	0		217		176		111		48		0	
48	0		218		148		114		54		0	
49	0		149		103		66		45		0	
50	0		185		135		87		40		0	
Store7
1	0		189		159		87		49		0	
2	0		159		106		101		40		0	
3	0		168		117		81		54		0	
4	0		145		111		60		31		0	
5	0		158		139		88		42		0	
6	0		167		156		82		30		0	
7	0		136		106		67		29		0	
8	0		175		109		71		26		0	
9	0		206		134		116		52		0	
10	0		158		124		79		31		0	
11	0		201		162		100		32		0	
12	0		126		82		44		27		0	
13	0		146		103		51		12		0	
14	0		180		156		106		56		0	
15	0		146		111		76		33		0	
16	0		144		90		30		4		0	
17	0		178		144		91		39		0	
18	0		126		72		57		33		0	
19	0		214		145		91		32		0	
20	0		171		99		66		25		0	
21	0		111		85		53		39		0	
22	0		225		147		70		36		0	
23	0		153		93		70		26		0	
24	0		126		101		62		55		0	
25	0		128		82		37		3		0	
26	0		125		100		75		52		0	
27	0		170		121		78		18		0	
28	0		112		64		49		19		0	
29	0		140		138		100		51		0	
30	0		187		104		61		31		0	
31	0		130		94		60		35		0	
32	0		103		73		48		29		0	
33	0		198		153		120		62		0	
34	0		153		119		77		69		0	
35	0		168		121		97		43		0	
36	0		148		123		78		48		0	
37	0		181		138		102		49		0	
38	0		104		87		61		38		0	
39	0		95		51		40		2		0	
40	0		204		139		84		63		0	
41	0		158		119		79		44		0	
42	0		118		92		76		73		0	
43	0		158		141		84		32		0	
44	0		110		101		85		43		0	
45	0		140		111		79		40		0	
46	0		109		51		21		0		0	
47	0		190		158		116		57		0	
48	0		168		117		49		40		0	
49	0		168		133		62		21		0	
50	0		176		116		90		51		0	
Store8
1	0		110		79		35		17		0	
2	0		150		104		54		26		0	
3	0		189		120		83		41		0	
4	0		161		120		81		44		0	
5	0		188		144		78		31		0	
6	0		198		155		99		57		0	
7	0		138		89		79		37		0	
8	0		111		86		71		39		0	
9	0		138		105		64		42		0	
10	0		113		70		43		17		0	
11	0		179		158		91		47		0	
12	0		168		107		85		44		0	
13	0		147		127		87		24		0	
14	0		133		97		80		43		0	
15	0		172		124		61		43		0	
16	0		183		121		92		38		0	
17	0		155		98		53		32		0	
18	0		128		93		69		25		0	
19	0		152		99		70		53		0	
20	0		151		136		102		63		0	
21	0		175		158		80		30		0	
22	0		200		164		92		52		0	
23	0		75		56		35		23		0	
24	0		163		137		66		35		0	
25	0		179		130		90		39		0	
26	0		121		83		70		23		0	
27	0		219		149		86		40		0	
28	0		165		122		78		14		0	
29	0		188		135		86		42		0	
30	0		221		158		103		47		0	
31	0		203		186		151		63		0	
32	0		154		105		77		37		0	
33	0		125		95		74		41		0	
34	0		187		169		85		28		0	
35	0		151		101		52		35		0	
36	0		111		73		38		23		0	
37	0		180		133		92		35		0	
38	0		153		115		88		56		0	
39	0		181		129		68		29		0	
40	0		91		67		37		6		0	
41	0		155		105		82		47		0	
42	0		161		119		83		40		0	
43	0		190		128		89		52		0	
44	0		175		151		103		64		0	
45	0		133		109		59		20		0	
46	0		154		108		65		36		0	
47	0		266		197		131		61		0	
48	0		198		152		106		37		0	
49	0		119		97		59		26		0	
50	0		175		119		89		28		0	
Store9
1	0		133		95		55		26		0	
2	0		143		102		41		4		0	
3	0		115		68		31		17		0	
4	0		184		108		74		33		0	
5	0		239		187		125		62		0	
6	0		162		129		107		49		0	
7	0		209		155		111		59		0	
8	0		186		127		78		29		0	
9	0		128		104		63		56		0	
10	0		183		140		87		34		0	
11	0		101		101		69		31		0	
12	0		162		114		70		15		0	
13	0		156		133		74		31		0	
14	0		170		138		99		57		0	
15	0		147		91		50		26		0	
16	0		149		114		92		39		0	
17	0		171		112		59		25		0	
18	0		195		136		89		30		0	
19	0		152		101		90		52		0	
20	0		187		133		110		61		0	
21	0		150		114		81		52		0	
22	0		136		96		59		37		0	
23	0		140		104		77		28		0	
24	0		115		95		57		34		0	
25	0		218		164		98		65		0	
26	0		92		62		30		13		0	
27	0		216		156		95		16		0	
28	0		235		186		119		70		0	
29	0		195		157		122		45		0	
30	0		142		104		57		38		0	
31	0		173		147		114		32		0	
32	0		148		119		77		25		0	
33	0		164		128		72		53		0	
34	0		176		124		99		49		0	
35	0		173		128		89		44		0	
36	0		122		99		77		45		0	
37	0		166		140		116		59		0	
38	0		179		131		95		71		0	
39	0		131		81		56		43		0	
40	0		149		106		73		35		0	
41	0		157		100		94		50		0	
42	0		168		143		118		56		0	
43	0		194		156		120		65		0	
44	0		184		130		76		30		0	
45	0		160		104		64		26		0	
46	0		213		171		135		67		0	
47	0		50		36		9		4		0	
48	0		157		116		78		35		0	
49	0		136		117		53		20		0	
50	0		183		167		123		50		0	
Store10
1	65		39		0		144		96		65	
2	101		50		0		209		160		101	
3	40		25		0		114		77		40	
4	76		40		0		201		126		76	
5	70		37		0		122		88		70	
6	52		6		0		147		99		52	
7	68		32		0		128		105		68	
8	119		59		0		225		172		119	
9	100		55		0		168		157		100	
10	92		47		0		151		93		92	
11	95		42		0		217		149		95	
12	66		33		0		177		131		66	
13	75		40		0		155		106		75	
14	92		29		0		229		153		92	
15	117		68		0		196		152		117	
16	38		11		0		88		50		38	
17	67		21		0		102		89		67	
18	78		45		0		183		121		78	
19	85		49		0		168		123		85	
20	57		26		0		146		106		57	
21	90		47		0		198		165		90	
22	61		27		0		114		70		61	
23	77		37		0		118		85		77	
24	90		43		0		166		138		90	
25	77		26		0		169		134		77	
26	83		66		0		168		124		83	
27	74		28		0		138		118		74	
28	127		61		0		198		170		127	
29	77		39		0		163		121		77	
30	106		61		0		205		152		106	
31	75		50		0		170		106		75	
32	51		17		0		154		115		51	
33	110		55		0		178		147		110	
34	92		31		0		228		167		92	
35	113		60		0		203		157		113	
36	79		36		0		140		110		79	
37	80		37		0		172		111		80	
38	60		24		0		164		127		60	
39	43		23		0		89		89		43	
40	114		53		0		190		131		114	
41	53		40		0		128		97		53	
42	83		25		0		142		114		83	
43	38		19		0		107		70		38	
44	40		40		0		120		91		40	
45	83		40		0		195		150		83	
46	106		58		0		226		175		106	
47	54		34		0		136		92		54	
48	74		47		0		144		109		74	
49	62		35		0		154		96		62	
50	116		41		0		181		133		116	


Shipments from Vendor to Warehouse (V T):
0.6326786	0	0.5786254	0	0	
0.5809046	0.427334	0	0	0	
0	0	0	0	1.238006	

Shipments from Warehouse to Stores (S T):
1	1	0.3356973
1	5	0.355
2	2	0.3439786
2	5	0.3745233
3	1	0.3555554
3	5	0.3697567
4	3	0.1378127
4	5	0.5863814
5	2	0.317288
5	5	0.3438866
6	1	0.3594987
6	5	0.41624
7	1	0.3455507
7	5	0.34626
8	1	0.343598
8	5	0.35742
9	1	0.3518293
9	5	0.4033067
10	3	0.3466813
10	5	0.3497866


Required Putaway workers (Sol T):
2	2	2	3	2	

No of required pickers (T):
8	3	2	0	13	

No of part-time putaway workers (T):
0	0	0	1	0	

No of part-time pickers (T):
0	0	0	0	4	

Best Putaway Technology: 2400
Best Picking Technology: 1000

Required Fashion Putaway Hours:
0	9.04375	9.220834	22.19583	0	

Required Basic Putaway Hours:
14.9325	5.500417	6.467083	0	14.98375	

Required Total Putaway Hours:
14.9325	14.54417	15.68792	22.19583	14.98375	

No of required fashion pick hours:
0	0	0	0	97.105	

No of required basic pick hours:
60.677	19.3	14.07	0	6.474	

No of required total pick hours:
60.677	19.3	14.07	0	103.579	

List of all the costs: 
MHECost		407
PutawayTechCost		3540
PickingTechCost		9130
WhBasicInvCost		1193.59
BasicInbCost		9129.599
WhFashionInvCost		1626.45
FashionInbCost		5481.332
PutawayCost		3440
StoreBasicInvCost		9437.3
StoreFashionInvCost		4855.25
OutboundCost		21323.13
PickingCost		15360
Total		84923.65

List of Top5 Technologies: 
Tech1		3	6	$ 84923.65
Tech2		4	6	$ 86343.97
Tech3		2	6	$ 93445.01
Tech4		2	4	$ 106017.6
Tech5		2	1	$ 164208.6
The start time is 12/20/2014 1:06:57 AM
The End time is 12/20/2014 1:07:52 AM
