Printing New Fashion Solution:

Inbound Fashion Solution (V F T):
1	1	4	2175
1	2	1	2450
1	3	1	1970
1	4	4	1210
1	5	4	1905
1	6	1	1785
1	7	1	2040
1	8	4	1865
1	9	1	1710
1	10	1	1535
1	11	4	1810
1	12	1	1910
1	13	4	1820
1	14	4	2545
1	15	4	2325
1	16	1	1645
1	17	4	2210
1	18	1	1850
1	19	4	2005
1	20	1	1855
1	21	4	2090
1	22	4	2215
1	23	1	1600
1	24	1	1960
1	25	4	1830
2	26	2	2095
2	27	2	1665
2	28	2	1640
2	29	3	1870
2	30	2	1885
2	31	2	1820
2	32	3	1625
2	33	3	1790
2	34	3	1785
2	35	3	2330
2	36	3	1820
2	37	2	2675
2	38	3	1840
2	39	3	2200
2	40	2	1850
2	41	3	2140
2	42	3	2215
2	43	2	1765
2	44	2	2090
2	45	2	1940
2	46	3	1825
2	47	3	1670
2	48	2	1880
2	49	3	1845
2	50	3	2530


Outbound Fashion Solution(S F T):
1	1	5	80
1	2	3	270
1	3	4	270
1	4	5	100
1	5	5	240
1	6	5	250
1	7	5	250
1	8	5	225
1	9	5	145
1	10	5	125
1	11	5	240
1	12	4	80
1	13	5	160
1	14	5	265
1	15	5	200
1	16	4	200
1	17	5	265
1	18	4	230
1	19	5	175
1	20	3	235
1	21	5	305
1	22	5	190
1	23	4	80
1	24	4	185
1	25	5	215
1	26	4	210
1	27	4	70
1	28	4	235
1	29	4	135
1	30	4	30
1	31	4	125
1	32	4	250
1	33	4	55
1	34	4	255
1	35	5	145
1	36	5	180
1	37	3	235
1	38	5	165
1	39	5	160
1	40	3	210
1	41	4	205
1	42	5	235
1	43	3	140
1	44	3	120
1	45	4	240
1	46	5	290
1	47	5	195
1	48	4	225
1	49	4	95
1	50	5	365
2	1	5	285
2	2	4	275
2	3	4	165
2	4	5	185
2	5	5	160
2	6	5	60
2	7	5	100
2	8	5	240
2	9	5	35
2	10	4	290
2	11	5	190
2	12	4	305
2	13	5	155
2	14	5	330
2	15	5	225
2	16	5	95
2	17	5	250
2	18	4	75
2	19	5	170
2	20	4	5
2	21	5	210
2	22	5	270
2	23	5	140
2	24	4	185
2	25	5	85
2	26	3	275
2	27	3	275
2	28	3	120
2	29	4	150
2	30	4	310
2	31	3	175
2	32	5	115
2	33	4	50
2	34	5	125
2	35	4	145
2	36	5	180
2	37	4	265
2	38	4	215
2	39	5	360
2	40	4	205
2	41	5	85
2	42	4	300
2	43	3	150
2	44	4	65
2	45	4	375
2	46	5	240
2	47	4	195
2	48	3	75
2	49	5	125
2	50	5	300
3	1	5	175
3	2	4	235
3	3	5	305
3	4	5	95
3	5	5	205
3	6	5	75
3	7	5	225
3	8	5	265
3	9	5	355
3	10	3	185
3	11	5	85
3	12	3	190
3	13	5	250
3	14	5	210
3	15	5	355
3	16	3	190
3	17	5	210
3	18	4	95
3	19	5	35
3	20	3	325
3	21	5	220
3	22	5	220
3	23	4	335
3	24	4	230
3	25	5	210
3	26	3	265
3	27	4	140
3	29	5	155
3	30	4	235
3	31	4	175
3	32	5	110
3	33	4	95
3	34	5	185
3	35	4	85
3	36	4	55
3	37	4	290
3	38	4	95
3	39	4	235
3	40	4	240
3	41	4	65
3	42	4	270
3	43	4	345
3	44	3	325
3	45	3	135
3	46	4	275
3	47	5	160
3	48	4	310
3	49	5	260
3	50	5	235
4	1	5	130
4	2	4	240
4	3	4	145
4	4	5	50
4	5	5	215
4	6	5	140
4	7	5	5
4	8	5	220
4	9	5	280
4	10	3	235
4	11	5	185
4	12	3	85
4	13	5	205
4	14	5	250
4	15	5	205
4	16	4	180
4	17	5	275
4	18	5	285
4	19	5	220
4	20	4	115
4	21	5	270
4	22	5	245
4	23	5	115
4	24	4	195
4	25	5	205
4	26	3	110
4	27	4	220
4	28	4	100
4	29	5	145
4	30	3	195
4	31	4	235
4	32	4	130
4	33	4	190
4	34	5	165
4	35	5	290
4	36	5	235
4	37	4	350
4	38	5	160
4	39	5	205
4	40	3	150
4	41	5	265
4	42	5	150
4	43	4	185
4	44	4	280
4	45	4	145
4	46	5	25
4	47	5	230
4	48	4	280
4	49	5	155
4	50	4	225
5	1	5	400
5	2	4	190
5	3	4	200
5	4	5	55
5	5	5	160
5	6	5	165
5	7	5	175
5	8	5	100
5	9	5	130
5	10	3	130
5	11	5	235
5	12	4	215
5	13	5	255
5	14	5	345
5	15	5	210
5	16	4	120
5	17	5	60
5	18	4	225
5	19	5	250
5	20	3	115
5	21	5	210
5	22	5	220
5	23	5	115
5	24	4	45
5	25	5	150
5	26	3	250
5	27	4	140
5	28	3	175
5	29	5	145
5	30	4	200
5	31	4	295
5	32	4	225
5	33	5	255
5	34	4	145
5	35	4	395
5	36	5	215
5	37	4	205
5	38	5	215
5	39	5	15
5	40	4	190
5	41	5	245
5	42	5	160
5	43	4	185
5	44	4	240
5	45	4	65
5	46	4	155
5	47	5	110
5	48	4	95
5	49	5	285
5	50	4	240
6	1	5	275
6	2	4	435
6	3	5	260
6	4	5	155
6	5	5	210
6	6	5	255
6	7	5	285
6	8	5	145
6	9	5	140
6	10	3	190
6	11	5	145
6	12	3	300
6	13	5	45
6	14	5	135
6	15	5	345
6	16	4	240
6	17	5	300
6	18	4	300
6	19	5	235
6	20	4	295
6	21	5	105
6	22	5	230
6	23	4	175
6	24	5	125
6	25	5	135
6	26	4	320
6	27	3	220
6	28	4	150
6	29	5	310
6	30	4	90
6	31	3	120
6	32	5	120
6	33	5	205
6	34	4	205
6	35	5	295
6	36	5	280
6	37	4	380
6	38	5	160
6	39	5	180
6	40	4	250
6	41	5	220
6	42	4	150
6	43	4	245
6	44	4	315
6	45	4	175
6	46	5	325
6	47	5	185
6	48	4	135
6	49	5	320
6	50	5	395
7	1	5	175
7	2	4	55
7	3	5	165
7	4	5	120
7	5	5	255
7	6	5	230
7	7	5	395
7	8	5	150
7	9	5	90
7	10	4	105
7	11	5	135
7	12	3	105
7	13	5	200
7	14	5	170
7	15	5	30
7	16	4	190
7	17	5	360
7	18	4	85
7	19	5	210
7	20	4	115
7	21	5	200
7	22	5	305
7	23	5	120
7	24	5	310
7	25	5	200
7	26	4	115
7	27	4	140
7	28	4	300
7	29	5	195
7	30	4	250
7	31	3	220
7	32	5	85
7	33	5	275
7	34	5	155
7	35	5	250
7	36	4	220
7	37	4	225
7	38	4	225
7	39	5	185
7	40	3	245
7	41	5	345
7	42	5	245
7	43	3	110
7	44	4	110
7	45	3	200
7	46	5	85
7	47	5	90
7	48	4	120
7	49	4	125
7	50	5	230
8	1	5	145
8	2	4	250
8	3	5	165
8	4	5	65
8	5	5	165
8	6	5	260
8	7	5	260
8	8	5	175
8	9	5	160
8	10	3	45
8	11	5	105
8	12	5	210
8	13	5	180
8	14	5	320
8	15	5	295
8	16	3	120
8	17	5	220
8	18	4	180
8	19	5	290
8	20	4	105
8	21	5	110
8	22	5	105
8	23	4	100
8	24	5	230
8	25	5	205
8	26	3	80
8	27	4	160
8	28	3	245
8	29	5	215
8	30	3	170
8	31	4	290
8	32	5	200
8	33	5	280
8	34	5	235
8	35	5	190
8	36	5	185
8	37	4	285
8	38	5	160
8	39	5	270
8	40	3	90
8	41	5	365
8	42	5	220
8	43	4	70
8	44	4	310
8	45	3	185
8	46	5	85
8	47	5	120
8	48	3	260
8	49	5	75
8	50	5	125
9	1	5	205
9	2	4	225
9	3	4	145
9	4	5	265
9	5	5	110
9	6	5	100
9	7	5	180
9	8	5	185
9	9	5	220
9	10	3	20
9	11	5	240
9	12	3	180
9	13	5	140
9	14	5	325
9	15	5	295
9	16	3	150
9	17	5	250
9	18	4	85
9	19	5	235
9	20	3	205
9	21	5	175
9	22	5	230
9	23	4	90
9	24	5	225
9	25	5	245
9	26	4	220
9	27	4	140
9	28	4	185
9	29	5	185
9	30	4	260
9	31	4	125
9	32	5	330
9	33	5	230
9	34	5	180
9	35	4	325
9	36	5	175
9	37	4	335
9	38	5	375
9	39	5	320
9	40	4	195
9	41	5	200
9	42	5	305
9	43	4	145
9	44	4	285
9	45	4	220
9	46	5	145
9	47	5	215
9	48	4	210
9	49	5	205
9	50	5	190
10	1	5	305
10	2	3	275
10	3	5	150
10	4	5	120
10	5	5	185
10	6	5	250
10	7	5	165
10	8	5	160
10	9	5	155
10	10	3	210
10	11	5	250
10	12	4	240
10	13	5	230
10	14	5	195
10	15	5	165
10	16	3	160
10	17	5	20
10	18	4	290
10	19	5	185
10	20	3	340
10	21	5	285
10	22	5	200
10	23	4	330
10	24	5	230
10	25	5	180
10	26	3	250
10	27	3	160
10	28	3	130
10	29	5	235
10	30	4	145
10	31	4	60
10	32	4	60
10	33	5	155
10	34	5	135
10	35	5	210
10	36	4	95
10	37	4	105
10	38	4	70
10	39	5	270
10	40	4	75
10	41	5	145
10	42	4	180
10	43	4	190
10	44	4	40
10	45	4	200
10	46	4	200
10	47	5	170
10	48	4	170
10	49	5	200
10	50	5	225


Warehouse Fashion Inventory (W F T):
1	0		0		0		2175		0	
2	2450		2450		1905		0		0	
3	1970		1970		1970		1045		0	
4	0		0		0		1210		0	
5	0		0		0		1905		0	
6	1785		1785		1785		1785		0	
7	2040		2040		2040		2040		0	
8	0		0		0		1865		0	
9	1710		1710		1710		1710		0	
10	1535		1535		520		125		0	
11	0		0		0		1810		0	
12	1910		1910		1050		210		0	
13	0		0		0		1820		0	
14	0		0		0		2545		0	
15	0		0		0		2325		0	
16	1645		1645		1025		95		0	
17	0		0		0		2210		0	
18	1850		1850		1850		285		0	
19	0		0		0		2005		0	
20	1855		1855		635		0		0	
21	0		0		0		2090		0	
22	0		0		0		2215		0	
23	1600		1600		1600		490		0	
24	1960		1960		1960		1120		0	
25	0		0		0		1830		0	
26	0		2095		865		0		0	
27	0		1665		1010		0		0	
28	0		1640		970		0		0	
29	0		0		1870		1585		0	
30	0		1885		1520		0		0	
31	0		1820		1305		0		0	
32	0		0		1625		960		0	
33	0		0		1790		1400		0	
34	0		0		1785		1180		0	
35	0		0		2330		1380		0	
36	0		0		1820		1450		0	
37	0		2675		2440		0		0	
38	0		0		1840		1235		0	
39	0		0		2200		1965		0	
40	0		1850		1155		0		0	
41	0		0		2140		1870		0	
42	0		0		2215		1315		0	
43	0		1765		1365		0		0	
44	0		2090		1645		0		0	
45	0		1940		1420		0		0	
46	0		0		1825		1195		0	
47	0		0		1670		1475		0	
48	0		1880		1545		0		0	
49	0		0		1845		1625		0	
50	0		0		2530		2065		0	

Store Fashion Inventory (S F T):
Store1
1	0		0		0		80	
2	0		270		270		270	
3	0		0		270		270	
4	0		0		0		100	
5	0		0		0		240	
6	0		0		0		250	
7	0		0		0		250	
8	0		0		0		225	
9	0		0		0		145	
10	0		0		0		125	
11	0		0		0		240	
12	0		0		80		80	
13	0		0		0		160	
14	0		0		0		265	
15	0		0		0		200	
16	0		0		200		200	
17	0		0		0		265	
18	0		0		230		230	
19	0		0		0		175	
20	0		235		235		235	
21	0		0		0		305	
22	0		0		0		190	
23	0		0		80		80	
24	0		0		185		185	
25	0		0		0		215	
26	0		0		210		210	
27	0		0		70		70	
28	0		0		235		235	
29	0		0		135		135	
30	0		0		30		30	
31	0		0		125		125	
32	0		0		250		250	
33	0		0		55		55	
34	0		0		255		255	
35	0		0		0		145	
36	0		0		0		180	
37	0		235		235		235	
38	0		0		0		165	
39	0		0		0		160	
40	0		210		210		210	
41	0		0		205		205	
42	0		0		0		235	
43	0		140		140		140	
44	0		120		120		120	
45	0		0		240		240	
46	0		0		0		290	
47	0		0		0		195	
48	0		0		225		225	
49	0		0		95		95	
50	0		0		0		365	
Store2
1	0		0		0		285	
2	0		0		275		275	
3	0		0		165		165	
4	0		0		0		185	
5	0		0		0		160	
6	0		0		0		60	
7	0		0		0		100	
8	0		0		0		240	
9	0		0		0		35	
10	0		0		290		290	
11	0		0		0		190	
12	0		0		305		305	
13	0		0		0		155	
14	0		0		0		330	
15	0		0		0		225	
16	0		0		0		95	
17	0		0		0		250	
18	0		0		75		75	
19	0		0		0		170	
20	0		0		5		5	
21	0		0		0		210	
22	0		0		0		270	
23	0		0		0		140	
24	0		0		185		185	
25	0		0		0		85	
26	0		275		275		275	
27	0		275		275		275	
28	0		120		120		120	
29	0		0		150		150	
30	0		0		310		310	
31	0		175		175		175	
32	0		0		0		115	
33	0		0		50		50	
34	0		0		0		125	
35	0		0		145		145	
36	0		0		0		180	
37	0		0		265		265	
38	0		0		215		215	
39	0		0		0		360	
40	0		0		205		205	
41	0		0		0		85	
42	0		0		300		300	
43	0		150		150		150	
44	0		0		65		65	
45	0		0		375		375	
46	0		0		0		240	
47	0		0		195		195	
48	0		75		75		75	
49	0		0		0		125	
50	0		0		0		300	
Store3
1	0		0		0		175	
2	0		0		235		235	
3	0		0		0		305	
4	0		0		0		95	
5	0		0		0		205	
6	0		0		0		75	
7	0		0		0		225	
8	0		0		0		265	
9	0		0		0		355	
10	0		185		185		185	
11	0		0		0		85	
12	0		190		190		190	
13	0		0		0		250	
14	0		0		0		210	
15	0		0		0		355	
16	0		190		190		190	
17	0		0		0		210	
18	0		0		95		95	
19	0		0		0		35	
20	0		325		325		325	
21	0		0		0		220	
22	0		0		0		220	
23	0		0		335		335	
24	0		0		230		230	
25	0		0		0		210	
26	0		265		265		265	
27	0		0		140		140	
28	0		0		0		0	
29	0		0		0		155	
30	0		0		235		235	
31	0		0		175		175	
32	0		0		0		110	
33	0		0		95		95	
34	0		0		0		185	
35	0		0		85		85	
36	0		0		55		55	
37	0		0		290		290	
38	0		0		95		95	
39	0		0		235		235	
40	0		0		240		240	
41	0		0		65		65	
42	0		0		270		270	
43	0		0		345		345	
44	0		325		325		325	
45	0		135		135		135	
46	0		0		275		275	
47	0		0		0		160	
48	0		0		310		310	
49	0		0		0		260	
50	0		0		0		235	
Store4
1	0		0		0		130	
2	0		0		240		240	
3	0		0		145		145	
4	0		0		0		50	
5	0		0		0		215	
6	0		0		0		140	
7	0		0		0		5	
8	0		0		0		220	
9	0		0		0		280	
10	0		235		235		235	
11	0		0		0		185	
12	0		85		85		85	
13	0		0		0		205	
14	0		0		0		250	
15	0		0		0		205	
16	0		0		180		180	
17	0		0		0		275	
18	0		0		0		285	
19	0		0		0		220	
20	0		0		115		115	
21	0		0		0		270	
22	0		0		0		245	
23	0		0		0		115	
24	0		0		195		195	
25	0		0		0		205	
26	0		110		110		110	
27	0		0		220		220	
28	0		0		100		100	
29	0		0		0		145	
30	0		195		195		195	
31	0		0		235		235	
32	0		0		130		130	
33	0		0		190		190	
34	0		0		0		165	
35	0		0		0		290	
36	0		0		0		235	
37	0		0		350		350	
38	0		0		0		160	
39	0		0		0		205	
40	0		150		150		150	
41	0		0		0		265	
42	0		0		0		150	
43	0		0		185		185	
44	0		0		280		280	
45	0		0		145		145	
46	0		0		0		25	
47	0		0		0		230	
48	0		0		280		280	
49	0		0		0		155	
50	0		0		225		225	
Store5
1	0		0		0		400	
2	0		0		190		190	
3	0		0		200		200	
4	0		0		0		55	
5	0		0		0		160	
6	0		0		0		165	
7	0		0		0		175	
8	0		0		0		100	
9	0		0		0		130	
10	0		130		130		130	
11	0		0		0		235	
12	0		0		215		215	
13	0		0		0		255	
14	0		0		0		345	
15	0		0		0		210	
16	0		0		120		120	
17	0		0		0		60	
18	0		0		225		225	
19	0		0		0		250	
20	0		115		115		115	
21	0		0		0		210	
22	0		0		0		220	
23	0		0		0		115	
24	0		0		45		45	
25	0		0		0		150	
26	0		250		250		250	
27	0		0		140		140	
28	0		175		175		175	
29	0		0		0		145	
30	0		0		200		200	
31	0		0		295		295	
32	0		0		225		225	
33	0		0		0		255	
34	0		0		145		145	
35	0		0		395		395	
36	0		0		0		215	
37	0		0		205		205	
38	0		0		0		215	
39	0		0		0		15	
40	0		0		190		190	
41	0		0		0		245	
42	0		0		0		160	
43	0		0		185		185	
44	0		0		240		240	
45	0		0		65		65	
46	0		0		155		155	
47	0		0		0		110	
48	0		0		95		95	
49	0		0		0		285	
50	0		0		240		240	
Store6
1	0		0		0		275	
2	0		0		435		435	
3	0		0		0		260	
4	0		0		0		155	
5	0		0		0		210	
6	0		0		0		255	
7	0		0		0		285	
8	0		0		0		145	
9	0		0		0		140	
10	0		190		190		190	
11	0		0		0		145	
12	0		300		300		300	
13	0		0		0		45	
14	0		0		0		135	
15	0		0		0		345	
16	0		0		240		240	
17	0		0		0		300	
18	0		0		300		300	
19	0		0		0		235	
20	0		0		295		295	
21	0		0		0		105	
22	0		0		0		230	
23	0		0		175		175	
24	0		0		0		125	
25	0		0		0		135	
26	0		0		320		320	
27	0		220		220		220	
28	0		0		150		150	
29	0		0		0		310	
30	0		0		90		90	
31	0		120		120		120	
32	0		0		0		120	
33	0		0		0		205	
34	0		0		205		205	
35	0		0		0		295	
36	0		0		0		280	
37	0		0		380		380	
38	0		0		0		160	
39	0		0		0		180	
40	0		0		250		250	
41	0		0		0		220	
42	0		0		150		150	
43	0		0		245		245	
44	0		0		315		315	
45	0		0		175		175	
46	0		0		0		325	
47	0		0		0		185	
48	0		0		135		135	
49	0		0		0		320	
50	0		0		0		395	
Store7
1	0		0		0		175	
2	0		0		55		55	
3	0		0		0		165	
4	0		0		0		120	
5	0		0		0		255	
6	0		0		0		230	
7	0		0		0		395	
8	0		0		0		150	
9	0		0		0		90	
10	0		0		105		105	
11	0		0		0		135	
12	0		105		105		105	
13	0		0		0		200	
14	0		0		0		170	
15	0		0		0		30	
16	0		0		190		190	
17	0		0		0		360	
18	0		0		85		85	
19	0		0		0		210	
20	0		0		115		115	
21	0		0		0		200	
22	0		0		0		305	
23	0		0		0		120	
24	0		0		0		310	
25	0		0		0		200	
26	0		0		115		115	
27	0		0		140		140	
28	0		0		300		300	
29	0		0		0		195	
30	0		0		250		250	
31	0		220		220		220	
32	0		0		0		85	
33	0		0		0		275	
34	0		0		0		155	
35	0		0		0		250	
36	0		0		220		220	
37	0		0		225		225	
38	0		0		225		225	
39	0		0		0		185	
40	0		245		245		245	
41	0		0		0		345	
42	0		0		0		245	
43	0		110		110		110	
44	0		0		110		110	
45	0		200		200		200	
46	0		0		0		85	
47	0		0		0		90	
48	0		0		120		120	
49	0		0		125		125	
50	0		0		0		230	
Store8
1	0		0		0		145	
2	0		0		250		250	
3	0		0		0		165	
4	0		0		0		65	
5	0		0		0		165	
6	0		0		0		260	
7	0		0		0		260	
8	0		0		0		175	
9	0		0		0		160	
10	0		45		45		45	
11	0		0		0		105	
12	0		0		0		210	
13	0		0		0		180	
14	0		0		0		320	
15	0		0		0		295	
16	0		120		120		120	
17	0		0		0		220	
18	0		0		180		180	
19	0		0		0		290	
20	0		0		105		105	
21	0		0		0		110	
22	0		0		0		105	
23	0		0		100		100	
24	0		0		0		230	
25	0		0		0		205	
26	0		80		80		80	
27	0		0		160		160	
28	0		245		245		245	
29	0		0		0		215	
30	0		170		170		170	
31	0		0		290		290	
32	0		0		0		200	
33	0		0		0		280	
34	0		0		0		235	
35	0		0		0		190	
36	0		0		0		185	
37	0		0		285		285	
38	0		0		0		160	
39	0		0		0		270	
40	0		90		90		90	
41	0		0		0		365	
42	0		0		0		220	
43	0		0		70		70	
44	0		0		310		310	
45	0		185		185		185	
46	0		0		0		85	
47	0		0		0		120	
48	0		260		260		260	
49	0		0		0		75	
50	0		0		0		125	
Store9
1	0		0		0		205	
2	0		0		225		225	
3	0		0		145		145	
4	0		0		0		265	
5	0		0		0		110	
6	0		0		0		100	
7	0		0		0		180	
8	0		0		0		185	
9	0		0		0		220	
10	0		20		20		20	
11	0		0		0		240	
12	0		180		180		180	
13	0		0		0		140	
14	0		0		0		325	
15	0		0		0		295	
16	0		150		150		150	
17	0		0		0		250	
18	0		0		85		85	
19	0		0		0		235	
20	0		205		205		205	
21	0		0		0		175	
22	0		0		0		230	
23	0		0		90		90	
24	0		0		0		225	
25	0		0		0		245	
26	0		0		220		220	
27	0		0		140		140	
28	0		0		185		185	
29	0		0		0		185	
30	0		0		260		260	
31	0		0		125		125	
32	0		0		0		330	
33	0		0		0		230	
34	0		0		0		180	
35	0		0		325		325	
36	0		0		0		175	
37	0		0		335		335	
38	0		0		0		375	
39	0		0		0		320	
40	0		0		195		195	
41	0		0		0		200	
42	0		0		0		305	
43	0		0		145		145	
44	0		0		285		285	
45	0		0		220		220	
46	0		0		0		145	
47	0		0		0		215	
48	0		0		210		210	
49	0		0		0		205	
50	0		0		0		190	
Store10
1	0		0		0		305	
2	0		275		275		275	
3	0		0		0		150	
4	0		0		0		120	
5	0		0		0		185	
6	0		0		0		250	
7	0		0		0		165	
8	0		0		0		160	
9	0		0		0		155	
10	0		210		210		210	
11	0		0		0		250	
12	0		0		240		240	
13	0		0		0		230	
14	0		0		0		195	
15	0		0		0		165	
16	0		160		160		160	
17	0		0		0		20	
18	0		0		290		290	
19	0		0		0		185	
20	0		340		340		340	
21	0		0		0		285	
22	0		0		0		200	
23	0		0		330		330	
24	0		0		0		230	
25	0		0		0		180	
26	0		250		250		250	
27	0		160		160		160	
28	0		130		130		130	
29	0		0		0		235	
30	0		0		145		145	
31	0		0		60		60	
32	0		0		60		60	
33	0		0		0		155	
34	0		0		0		135	
35	0		0		0		210	
36	0		0		95		95	
37	0		0		105		105	
38	0		0		70		70	
39	0		0		0		270	
40	0		0		75		75	
41	0		0		0		145	
42	0		0		180		180	
43	0		0		190		190	
44	0		0		40		40	
45	0		0		200		200	
46	0		0		200		200	
47	0		0		0		170	
48	0		0		170		170	
49	0		0		0		200	
50	0		0		0		225	


Fashion Shipments from Vendor to Warehouse (V T):
0.8727966	0	0	0.9849167	
0	0.9330601	0.89173	0	

Printing New Basic Solution:

Inbound Solution (V P T):
1	1	1	1234
1	1	5	529
1	2	1	1636
1	2	5	410
1	3	1	1033
1	3	5	1033
1	4	1	1394
1	4	5	598
1	5	1	1045
1	5	5	1046
1	6	1	1363
1	6	5	585
1	7	1	394
1	7	5	1576
1	8	1	1282
1	8	5	856
1	9	1	642
1	9	5	1501
1	10	5	1942
1	11	1	667
1	11	5	1559
1	12	1	1383
1	12	5	593
1	13	1	1532
1	13	5	383
1	14	1	760
1	14	5	1142
1	15	1	643
1	15	5	1502
1	16	1	825
1	16	5	1239
2	17	3	1449
2	17	5	471
2	18	3	1653
2	18	5	327
2	19	3	1602
2	19	5	333
2	20	3	1693
2	20	5	384
2	21	3	1615
2	21	5	376
2	22	3	1449
2	22	5	399
2	23	3	1584
2	23	5	348
2	24	3	1593
2	24	5	471
2	25	3	1610
2	25	5	462
2	26	3	1479
2	26	5	440
2	27	3	1574
2	27	5	482
2	28	3	1776
2	28	5	391
2	29	3	1666
2	29	5	369
2	30	3	1753
2	30	5	418
2	31	3	1790
2	31	5	445
2	32	3	1456
2	32	5	375
3	33	2	2108
3	34	2	415
3	34	4	1657
3	35	2	1174
3	35	4	782
3	36	2	362
3	36	4	1446
3	37	2	447
3	37	4	1784
3	38	2	1951
3	39	2	523
3	39	4	1220
3	40	2	1191
3	40	4	794
3	41	2	1529
3	41	4	382
3	42	4	1981
3	43	2	1268
3	43	4	845
3	44	2	384
3	44	4	1536
3	45	2	631
3	45	4	1471
3	46	2	396
3	46	4	1580
3	47	2	1149
3	47	4	765
3	48	2	662
3	48	4	1543
3	49	2	1529
3	49	4	382
3	50	2	623
3	50	4	1451


Outbound Solution(S P T):
1	1	3	162
1	1	5	43
1	2	3	172
1	2	5	8
1	3	3	175
1	3	5	19
1	4	3	148
1	4	5	42
1	5	3	168
1	5	5	33
1	6	3	154
1	6	5	56
1	7	3	165
1	7	5	53
1	8	3	124
1	8	5	93
1	9	3	218
1	9	5	17
1	10	3	158
1	10	5	52
1	11	3	153
1	11	5	50
1	12	3	138
1	12	5	28
1	13	3	104
1	13	5	27
1	14	3	211
1	14	5	40
1	15	3	145
1	15	5	46
1	16	3	224
1	16	5	65
1	17	3	137
1	17	5	58
1	18	3	95
1	18	5	48
1	19	3	174
1	19	5	52
1	20	3	178
1	20	5	42
1	21	3	151
1	21	5	25
1	22	3	175
1	22	5	21
1	23	3	148
1	23	5	35
1	24	3	157
1	24	5	43
1	25	3	142
1	25	5	35
1	26	3	165
1	26	5	32
1	27	3	132
1	27	5	25
1	28	3	181
1	28	5	47
1	29	3	109
1	29	5	31
1	30	3	158
1	30	5	32
1	31	3	164
1	31	5	47
1	32	3	108
1	32	5	69
1	33	3	173
1	33	5	27
1	34	3	150
1	34	5	27
1	35	3	119
1	35	5	39
1	36	3	165
1	36	5	41
1	37	3	171
1	37	5	40
1	38	3	160
1	38	5	46
1	39	3	169
1	39	5	34
1	40	3	91
1	40	5	40
1	41	3	111
1	41	5	24
1	42	3	209
1	42	5	44
1	43	3	126
1	43	5	57
1	44	3	207
1	44	5	16
1	45	3	154
1	45	5	40
1	46	3	180
1	46	5	9
1	47	3	193
1	47	5	21
1	48	3	199
1	48	5	44
1	49	3	181
1	49	5	35
1	50	3	149
1	50	5	74
2	1	3	44
2	1	4	136
2	2	3	61
2	2	4	123
2	3	3	50
2	3	4	127
2	4	3	39
2	4	4	186
2	5	3	27
2	5	4	222
2	6	3	14
2	6	4	100
2	7	3	41
2	7	4	114
2	8	3	47
2	8	4	164
2	9	3	34
2	9	4	210
2	10	3	38
2	10	4	171
2	11	3	43
2	11	4	187
2	12	3	33
2	12	4	165
2	13	3	22
2	13	4	152
2	14	3	16
2	14	4	139
2	15	3	59
2	15	4	187
2	16	3	33
2	16	4	169
2	17	3	60
2	17	4	151
2	18	3	51
2	18	4	138
2	19	3	39
2	19	4	136
2	20	3	28
2	20	4	163
2	21	3	46
2	21	4	145
2	22	3	20
2	22	4	135
2	23	3	36
2	23	4	191
2	24	3	21
2	24	4	162
2	25	3	63
2	25	4	148
2	26	3	55
2	26	4	142
2	27	3	35
2	27	4	198
2	28	3	38
2	28	4	158
2	29	3	40
2	29	4	143
2	30	3	46
2	30	4	187
2	31	3	71
2	31	4	119
2	32	3	24
2	32	4	141
2	33	3	24
2	33	4	170
2	34	3	56
2	34	4	158
2	35	3	38
2	35	4	142
2	36	3	58
2	36	4	149
2	37	3	16
2	37	4	182
2	38	3	55
2	38	4	141
2	39	3	27
2	39	4	146
2	40	3	46
2	40	4	199
2	41	3	14
2	41	4	204
2	42	3	51
2	42	4	152
2	43	3	57
2	43	4	179
2	44	3	14
2	44	4	147
2	45	3	21
2	45	4	193
2	46	3	19
2	46	4	169
2	47	3	30
2	47	4	154
2	48	3	28
2	48	4	172
2	49	3	66
2	49	4	176
2	50	3	59
2	50	4	131
3	1	3	88
3	1	4	87
3	1	5	27
3	2	3	95
3	2	4	79
3	2	5	58
3	3	3	69
3	3	4	93
3	3	5	26
3	4	3	70
3	4	4	82
3	4	5	53
3	5	3	68
3	5	4	72
3	5	5	46
3	6	3	78
3	6	4	54
3	6	5	79
3	7	3	56
3	7	4	78
3	7	5	41
3	8	3	92
3	8	4	93
3	8	5	41
3	9	3	73
3	9	4	126
3	9	5	57
3	10	3	61
3	10	4	89
3	10	5	27
3	11	3	95
3	11	4	78
3	11	5	43
3	12	3	76
3	12	4	75
3	12	5	15
3	13	3	87
3	13	4	45
3	13	5	63
3	14	3	112
3	14	4	43
3	14	5	55
3	15	3	92
3	15	4	120
3	15	5	27
3	16	3	90
3	16	4	98
3	16	5	26
3	17	3	70
3	17	4	70
3	17	5	46
3	18	3	75
3	18	4	79
3	18	5	56
3	19	3	77
3	19	4	80
3	19	5	65
3	20	3	96
3	20	4	58
3	20	5	65
3	21	3	61
3	21	4	84
3	21	5	52
3	22	3	85
3	22	4	45
3	22	5	70
3	23	3	68
3	23	4	119
3	23	5	53
3	24	3	83
3	24	4	84
3	24	5	55
3	25	3	118
3	25	4	54
3	25	5	64
3	26	3	95
3	26	4	104
3	26	5	15
3	27	3	85
3	27	4	85
3	27	5	8
3	28	3	63
3	28	4	76
3	28	5	32
3	29	3	100
3	29	4	79
3	29	5	65
3	30	3	46
3	30	4	94
3	30	5	39
3	31	3	83
3	31	4	111
3	31	5	44
3	32	3	62
3	32	4	85
3	32	5	36
3	33	3	100
3	33	4	134
3	33	5	58
3	34	3	65
3	34	4	92
3	34	5	55
3	35	3	93
3	35	4	74
3	35	5	67
3	36	3	116
3	36	4	98
3	36	5	35
3	37	3	112
3	37	4	120
3	37	5	27
3	38	3	63
3	38	4	53
3	38	5	40
3	39	3	75
3	39	4	96
3	39	5	32
3	40	3	50
3	40	4	114
3	40	5	26
3	41	3	73
3	41	4	81
3	41	5	16
3	42	3	64
3	42	4	57
3	42	5	37
3	43	3	91
3	43	4	101
3	43	5	53
3	44	3	87
3	44	4	81
3	44	5	78
3	45	3	83
3	45	4	76
3	45	5	50
3	46	3	102
3	46	4	72
3	46	5	67
3	47	3	49
3	47	4	52
3	47	5	38
3	48	3	76
3	48	4	81
3	48	5	64
3	49	3	71
3	49	4	66
3	50	3	91
3	50	4	88
3	50	5	17
4	1	3	89
4	1	5	109
4	2	3	117
4	2	5	70
4	3	3	146
4	3	5	124
4	4	3	148
4	4	5	85
4	5	3	127
4	5	5	53
4	6	3	183
4	6	5	63
4	7	3	107
4	7	5	50
4	8	3	116
4	8	5	58
4	9	3	140
4	9	5	95
4	10	3	108
4	10	5	84
4	11	3	177
4	11	5	73
4	12	3	145
4	12	5	102
4	13	3	115
4	13	5	69
4	14	3	120
4	14	5	72
4	15	3	145
4	15	5	41
4	16	3	131
4	16	5	99
4	17	3	85
4	17	5	100
4	18	3	133
4	18	5	104
4	19	3	109
4	19	5	92
4	20	3	119
4	20	5	81
4	21	3	78
4	21	5	96
4	22	3	70
4	22	5	110
4	23	3	130
4	23	5	60
4	24	3	172
4	24	5	99
4	25	3	119
4	25	5	82
4	26	3	132
4	26	5	98
4	27	3	90
4	27	5	63
4	28	3	169
4	28	5	110
4	29	3	123
4	29	5	98
4	30	3	140
4	30	5	66
4	31	3	178
4	31	5	113
4	32	3	101
4	32	5	129
4	33	3	133
4	33	5	96
4	34	3	95
4	34	5	115
4	35	3	135
4	35	5	95
4	36	3	46
4	36	5	66
4	37	3	135
4	37	5	88
4	38	3	130
4	38	5	106
4	39	3	102
4	39	5	68
4	40	3	156
4	40	5	90
4	41	3	158
4	41	5	65
4	42	3	123
4	42	5	70
4	43	3	113
4	43	5	108
4	44	3	102
4	44	5	66
4	45	3	127
4	45	5	78
4	46	3	67
4	46	5	88
4	47	3	170
4	47	5	72
4	48	3	172
4	48	5	67
4	49	3	174
4	49	5	54
4	50	3	151
4	50	5	82
5	1	3	145
5	2	3	186
5	3	3	217
5	4	3	169
5	5	3	156
5	6	3	187
5	7	3	216
5	8	3	237
5	9	3	215
5	10	3	199
5	11	3	149
5	12	3	217
5	13	3	191
5	14	3	109
5	15	3	158
5	16	3	211
5	17	3	200
5	18	3	196
5	19	3	168
5	20	3	147
5	21	3	239
5	22	3	78
5	23	3	204
5	24	3	187
5	25	3	190
5	26	3	237
5	27	3	179
5	28	3	163
5	29	3	206
5	30	3	198
5	31	3	209
5	32	3	158
5	33	3	197
5	34	3	199
5	35	3	175
5	36	3	154
5	37	3	215
5	38	3	189
5	39	3	165
5	40	3	168
5	41	3	217
5	42	3	218
5	43	3	177
5	44	3	158
5	45	3	255
5	46	3	151
5	47	3	151
5	48	3	235
5	49	3	197
5	50	3	232
6	1	3	14
6	1	4	159
6	2	3	51
6	2	4	204
6	3	3	36
6	3	4	199
6	4	3	36
6	4	4	94
6	5	3	31
6	5	4	213
6	6	3	28
6	6	4	122
6	7	3	20
6	7	4	222
6	8	3	51
6	8	4	126
6	9	3	43
6	9	4	112
6	10	3	19
6	10	4	189
6	11	3	73
6	11	4	192
6	12	3	31
6	12	4	147
6	13	3	49
6	13	4	231
6	14	3	20
6	14	4	127
6	15	3	73
6	15	4	176
6	16	3	36
6	16	4	154
6	17	3	56
6	17	4	150
6	18	3	46
6	18	4	189
6	19	3	20
6	19	4	113
6	20	3	62
6	20	4	187
6	21	3	26
6	21	4	207
6	22	3	36
6	22	4	199
6	23	3	70
6	23	4	206
6	24	3	36
6	24	4	193
6	25	3	37
6	25	4	155
6	26	3	17
6	26	4	106
6	27	3	50
6	27	4	140
6	28	3	49
6	28	4	179
6	29	3	44
6	29	4	138
6	30	3	37
6	30	4	195
6	31	3	57
6	31	4	186
6	32	3	60
6	32	4	124
6	33	3	19
6	33	4	168
6	34	3	53
6	34	4	150
6	35	3	8
6	35	4	137
6	36	3	33
6	36	4	152
6	37	3	48
6	37	4	229
6	38	3	48
6	38	4	154
6	39	3	42
6	39	4	129
6	40	3	43
6	40	4	169
6	41	3	25
6	41	4	152
6	42	3	47
6	42	4	191
6	43	3	42
6	43	4	162
6	44	3	43
6	44	4	169
6	45	3	45
6	45	4	168
6	46	3	14
6	46	4	163
6	47	3	65
6	47	4	179
6	48	3	34
6	48	4	202
6	49	3	37
6	49	4	149
6	50	3	48
6	50	4	154
7	1	3	72
7	1	4	147
7	2	3	5
7	2	4	193
7	3	3	36
7	3	4	204
7	4	3	51
7	4	4	130
7	5	3	51
7	5	4	164
7	6	3	74
7	6	4	120
7	7	3	39
7	7	4	134
7	8	3	38
7	8	4	193
7	9	3	18
7	9	4	214
7	10	3	45
7	10	4	126
7	11	3	62
7	11	4	198
7	12	3	38
7	12	4	159
7	13	3	52
7	13	4	136
7	14	3	50
7	14	4	168
7	15	3	35
7	15	4	172
7	16	3	60
7	16	4	132
7	17	3	53
7	17	4	191
7	18	3	15
7	18	4	160
7	19	3	54
7	19	4	207
7	20	3	33
7	20	4	204
7	21	3	32
7	21	4	137
7	22	3	77
7	22	4	182
7	23	3	23
7	23	4	135
7	24	3	39
7	24	4	148
7	25	3	45
7	25	4	122
7	26	3	25
7	26	4	167
7	27	3	43
7	27	4	172
7	28	3	15
7	28	4	164
7	29	3	38
7	29	4	131
7	30	3	43
7	30	4	194
7	31	3	34
7	31	4	116
7	32	3	25
7	32	4	122
7	33	3	33
7	33	4	223
7	34	3	42
7	34	4	141
7	35	3	24
7	35	4	156
7	36	3	45
7	36	4	173
7	37	3	36
7	37	4	173
7	38	3	26
7	38	4	120
7	39	3	11
7	39	4	122
7	40	3	55
7	40	4	203
7	41	3	40
7	41	4	162
7	42	3	16
7	42	4	136
7	43	3	57
7	43	4	133
7	44	3	16
7	44	4	131
7	45	3	32
7	45	4	139
7	46	3	30
7	46	4	139
7	47	3	42
7	47	4	184
7	48	3	68
7	48	4	134
7	49	3	71
7	49	4	142
7	50	3	26
7	50	4	183
8	1	3	62
8	1	5	70
8	2	3	78
8	2	5	111
8	3	3	79
8	3	5	170
8	4	3	76
8	4	5	112
8	5	3	113
8	5	5	95
8	6	3	98
8	6	5	133
8	7	3	52
8	7	5	166
8	8	3	47
8	8	5	100
8	9	3	63
8	9	5	106
8	10	3	53
8	10	5	107
8	11	3	111
8	11	5	100
8	12	3	63
8	12	5	119
8	13	3	103
8	13	5	85
8	14	3	54
8	14	5	132
8	15	3	81
8	15	5	148
8	16	3	83
8	16	5	121
8	17	3	66
8	17	5	114
8	18	3	68
8	18	5	90
8	19	3	46
8	19	5	116
8	20	3	73
8	20	5	119
8	21	3	128
8	21	5	87
8	22	3	112
8	22	5	134
8	23	3	33
8	23	5	85
8	24	3	102
8	24	5	102
8	25	3	91
8	25	5	118
8	26	3	60
8	26	5	107
8	27	3	109
8	27	5	168
8	28	3	108
8	28	5	114
8	29	3	93
8	29	5	153
8	30	3	111
8	30	5	153
8	31	3	123
8	31	5	140
8	32	3	68
8	32	5	136
8	33	3	54
8	33	5	120
8	34	3	141
8	34	5	86
8	35	3	66
8	35	5	152
8	36	3	50
8	36	5	99
8	37	3	98
8	37	5	126
8	38	3	59
8	38	5	143
8	39	3	100
8	39	5	145
8	40	3	61
8	40	5	62
8	41	3	58
8	41	5	159
8	42	3	79
8	42	5	121
8	43	3	76
8	43	5	165
8	44	3	87
8	44	5	145
8	45	3	89
8	45	5	92
8	46	3	72
8	46	5	118
8	47	3	136
8	47	5	141
8	48	3	115
8	48	5	138
8	49	3	71
8	49	5	58
8	50	3	91
8	50	5	93
9	1	3	78
9	1	4	46
9	1	5	26
9	2	3	102
9	2	4	60
9	2	5	4
9	3	3	84
9	3	4	59
9	3	5	17
9	4	3	110
9	4	4	75
9	4	5	33
9	5	3	114
9	5	4	105
9	5	5	62
9	6	3	55
9	6	4	123
9	6	5	49
9	7	3	98
9	7	4	79
9	7	5	59
9	8	3	108
9	8	4	99
9	8	5	29
9	9	3	65
9	9	4	65
9	9	5	56
9	10	3	96
9	10	4	121
9	10	5	34
9	11	3	32
9	11	4	113
9	11	5	31
9	12	3	92
9	12	4	106
9	12	5	15
9	13	3	82
9	13	4	80
9	13	5	31
9	14	3	71
9	14	4	62
9	14	5	57
9	15	3	97
9	15	4	56
9	15	5	26
9	16	3	57
9	16	4	99
9	16	5	39
9	17	3	112
9	17	4	34
9	17	5	25
9	18	3	106
9	18	4	101
9	18	5	30
9	19	3	62
9	19	4	68
9	19	5	52
9	20	3	77
9	20	4	99
9	20	5	61
9	21	3	69
9	21	4	53
9	21	5	52
9	22	3	77
9	22	4	46
9	22	5	37
9	23	3	63
9	23	4	105
9	23	5	28
9	24	3	58
9	24	4	55
9	24	5	34
9	25	3	120
9	25	4	86
9	25	5	65
9	26	3	62
9	26	4	45
9	26	5	13
9	27	3	121
9	27	4	136
9	27	5	16
9	28	3	116
9	28	4	100
9	28	5	70
9	29	3	73
9	29	4	143
9	29	5	45
9	30	3	85
9	30	4	63
9	30	5	38
9	31	3	59
9	31	4	134
9	31	5	32
9	32	3	71
9	32	4	93
9	32	5	25
9	33	3	92
9	33	4	38
9	33	5	53
9	34	3	77
9	34	4	69
9	34	5	49
9	35	3	84
9	35	4	67
9	35	5	44
9	36	3	45
9	36	4	60
9	36	5	45
9	37	3	50
9	37	4	92
9	37	5	59
9	38	3	84
9	38	4	77
9	38	5	71
9	39	3	75
9	39	4	43
9	39	5	43
9	40	3	76
9	40	4	83
9	40	5	35
9	41	3	63
9	41	4	100
9	41	5	50
9	42	3	50
9	42	4	105
9	42	5	56
9	43	3	74
9	43	4	113
9	43	5	65
9	44	3	108
9	44	4	95
9	44	5	30
9	45	3	96
9	45	4	102
9	45	5	26
9	46	3	78
9	46	4	98
9	46	5	67
9	47	3	41
9	47	4	18
9	47	5	4
9	48	3	79
9	48	4	76
9	48	5	35
9	49	3	83
9	49	4	65
9	49	5	20
9	50	3	60
9	50	4	92
9	50	5	50
10	1	3	41
10	1	4	118
10	2	3	111
10	2	4	158
10	3	3	37
10	3	4	99
10	4	3	88
10	4	4	165
10	5	3	82
10	5	4	89
10	6	3	77
10	6	4	101
10	7	3	88
10	7	4	92
10	8	3	117
10	8	4	165
10	9	3	93
10	9	4	123
10	10	3	59
10	10	4	106
10	11	3	102
10	11	4	164
10	12	3	68
10	12	4	144
10	13	3	71
10	13	4	120
10	14	3	78
10	14	4	166
10	15	3	114
10	15	4	147
10	16	3	76
10	16	4	61
10	17	3	86
10	17	4	56
10	18	3	50
10	18	4	150
10	19	3	73
10	19	4	132
10	20	3	70
10	20	4	115
10	21	3	68
10	21	4	155
10	22	3	59
10	22	4	80
10	23	3	62
10	23	4	78
10	24	3	115
10	24	4	119
10	25	3	100
10	25	4	118
10	26	3	91
10	26	4	151
10	27	3	109
10	27	4	92
10	28	3	83
10	28	4	132
10	29	3	58
10	29	4	125
10	30	3	86
10	30	4	160
10	31	3	70
10	31	4	145
10	32	3	74
10	32	4	120
10	33	3	73
10	33	4	123
10	34	3	85
10	34	4	167
10	35	3	91
10	35	4	150
10	36	3	81
10	36	4	97
10	37	3	85
10	37	4	129
10	38	3	58
10	38	4	128
10	39	3	50
10	39	4	69
10	40	3	89
10	40	4	129
10	41	3	24
10	41	4	115
10	42	3	71
10	42	4	84
10	43	3	76
10	43	4	88
10	44	3	20
10	44	4	120
10	45	3	84
10	45	4	152
10	46	3	95
10	46	4	178
10	47	3	58
10	47	4	116
10	48	3	69
10	48	4	117
10	49	3	68
10	49	4	127
10	50	3	97
10	50	4	106


Warehouse Inventory (W P T):
1	254		1488		1488		693		0		254	
2	159		1795		1795		817		0		159	
3	677		1710		1710		781		0		677	
4	273		1667		1667		732		0		273	
5	757		1802		1802		865		0		757	
6	205		1568		1568		620		0		205	
7	1207		1601		1601		719		0		1207	
8	535		1817		1817		840		0		535	
9	1170		1812		1812		850		0		1170	
10	1638		1638		1638		802		0		1638	
11	1262		1929		1929		932		0		1262	
12	314		1697		1697		796		0		314	
13	108		1640		1640		764		0		108	
14	786		1546		1546		705		0		786	
15	1214		1857		1857		858		0		1214	
16	889		1714		1714		713		0		889	
17	128		128		128		652		0		128	
18	0		0		0		818		1		0	
19	0		0		0		780		44		0	
20	16		16		16		826		0		16	
21	64		64		64		781		0		64	
22	27		27		27		687		0		27	
23	87		87		87		834		0		87	
24	138		138		138		761		0		138	
25	98		98		98		683		0		98	
26	175		175		175		715		0		175	
27	202		202		202		823		0		202	
28	18		18		18		809		0		18	
29	0		0		0		782		23		0	
30	90		90		90		893		0		90	
31	69		69		69		811		0		69	
32	0		0		0		705		20		0	
33	0		0		2108		1210		354		0	
34	548		548		963		0		880		548	
35	0		0		1174		341		397		0	
36	431		431		793		0		717		431	
37	519		519		966		0		859		519	
38	0		0		1951		1079		406		0	
39	293		293		816		0		615		293	
40	0		0		1191		356		253		0	
41	0		0		1529		746		314		0	
42	928		928		928		0		1256		928	
43	0		0		1268		379		448		0	
44	458		458		842		0		793		458	
45	355		355		986		0		641		355	
46	412		412		808		0		761		412	
47	0		0		1149		214		276		0	
48	413		413		1075		0		761		413	
49	0		0		1529		510		167		0	
50	381		381		1004		0		697		381	

Store Inventory (S P T):
Store1
1	86		52		0		124		86		86	
2	59		18		0		108		59		59	
3	106		40		0		152		106		106	
4	68		38		0		96		68		68	
5	84		29		0		125		84		84	
6	43		27		0		108		43		43	
7	76		24		0		122		76		76	
8	81		32		0		99		81		81	
9	105		46		0		162		105		105	
10	114		46		0		114		114		114	
11	92		49		0		128		92		92	
12	74		46		0		120		74		74	
13	31		9		0		62		31		31	
14	128		79		0		161		128		128	
15	73		13		0		92		73		73	
16	95		46		0		169		95		95	
17	49		29		0		74		49		49	
18	56		32		0		91		56		56	
19	49		47		0		115		49		49	
20	78		19		0		123		78		78	
21	61		32		0		122		61		61	
22	111		66		0		142		111		111	
23	68		32		0		108		68		68	
24	98		31		0		116		98		98	
25	95		52		0		129		95		95	
26	53		19		0		94		53		53	
27	77		43		0		100		77		77	
28	86		44		0		156		86		86	
29	38		20		0		77		38		38	
30	83		41		0		112		83		83	
31	103		57		0		135		103		103	
32	59		29		0		72		59		59	
33	67		28		0		123		67		67	
34	82		38		0		118		82		82	
35	41		9		0		92		41		41	
36	86		55		0		106		86		86	
37	88		31		0		141		88		88	
38	83		47		0		131		83		83	
39	71		31		0		117		71		71	
40	40		19		0		76		40		40	
41	44		32		0		85		44		44	
42	125		31		0		161		125		125	
43	58		29		0		111		58		58	
44	118		60		0		167		118		118	
45	59		42		0		88		59		59	
46	75		61		0		136		75		75	
47	109		67		0		138		109		109	
48	104		62		0		145		104		104	
49	89		73		0		124		89		89	
50	81		47		0		97		81		81	
Store2
1	66		30		0		0		87		66	
2	59		42		0		0		107		59	
3	46		8		0		0		74		46	
4	106		37		0		0		141		106	
5	106		73		0		0		173		106	
6	47		16		0		0		75		47	
7	67		41		0		0		87		67	
8	87		55		0		0		126		87	
9	116		64		0		0		157		116	
10	80		33		0		0		125		80	
11	110		46		0		0		170		110	
12	95		61		0		0		128		95	
13	94		38		0		0		144		94	
14	72		43		0		0		123		72	
15	114		52		0		0		135		114	
16	77		48		0		0		136		77	
17	91		44		0		0		113		91	
18	85		49		0		0		103		85	
19	81		29		0		0		115		81	
20	86		69		0		0		128		86	
21	83		48		0		0		122		83	
22	61		50		0		0		127		61	
23	123		69		0		0		156		123	
24	78		53		0		0		132		78	
25	68		45		0		0		115		68	
26	50		29		0		0		97		50	
27	85		36		0		0		121		85	
28	76		37		0		0		123		76	
29	63		53		0		0		122		63	
30	95		44		0		0		164		95	
31	40		20		0		0		76		40	
32	76		35		0		0		123		76	
33	79		48		0		0		118		79	
34	54		45		0		0		108		54	
35	63		50		0		0		88		63	
36	65		33		0		0		92		65	
37	86		17		0		0		132		86	
38	85		34		0		0		106		85	
39	69		12		0		0		91		69	
40	95		42		0		0		153		95	
41	109		64		0		0		171		109	
42	81		44		0		0		136		81	
43	88		58		0		0		132		88	
44	38		12		0		0		112		38	
45	127		68		0		0		153		127	
46	111		50		0		0		155		111	
47	101		57		0		0		134		101	
48	72		18		0		0		131		72	
49	91		63		0		0		124		91	
50	93		47		0		0		107		93	
Store3
1	87		45		0		49		87		87	
2	79		34		0		49		79		79	
3	93		63		0		22		93		93	
4	82		52		0		42		82		82	
5	72		38		0		24		72		72	
6	54		27		0		43		54		54	
7	78		47		0		22		78		78	
8	93		44		0		41		93		93	
9	126		52		0		38		126		126	
10	89		43		0		37		89		89	
11	78		48		0		71		78		78	
12	75		28		0		24		75		75	
13	45		23		0		27		45		45	
14	43		31		0		78		43		43	
15	120		66		0		37		120		120	
16	98		51		0		59		98		98	
17	70		39		0		42		70		70	
18	79		56		0		50		79		79	
19	80		35		0		49		80		80	
20	58		11		0		38		58		58	
21	84		52		0		33		84		84	
22	45		0		0		53		45		45	
23	119		63		0		30		119		119	
24	84		34		0		44		84		84	
25	54		38		0		53		54		54	
26	104		36		0		50		104		104	
27	85		28		0		34		85		85	
28	76		34		0		28		76		76	
29	79		43		0		66		79		79	
30	94		44		0		4		94		94	
31	111		46		0		41		111		111	
32	85		44		0		22		85		85	
33	134		67		0		44		134		134	
34	92		59		0		29		92		92	
35	74		31		0		22		74		74	
36	98		42		0		52		98		98	
37	120		77		0		45		120		120	
38	53		21		0		35		53		53	
39	96		58		0		39		96		96	
40	114		33		0		33		114		114	
41	81		27		0		55		81		81	
42	57		26		0		35		57		57	
43	101		58		0		39		101		101	
44	81		40		0		32		81		81	
45	76		39		0		52		76		76	
46	72		28		0		32		72		72	
47	52		0		0		29		52		52	
48	81		21		0		49		81		81	
49	66		45		0		61		66		66	
50	88		47		0		65		88		88	
Store4
1	91		68		0		41		23		91	
2	75		31		0		74		44		75	
3	95		55		0		107		40		95	
4	78		61		0		83		17		78	
5	67		39		0		78		28		67	
6	118		27		0		135		91		118	
7	36		18		0		44		18		36	
8	93		33		0		68		60		93	
9	113		40		0		100		73		113	
10	80		38		0		61		42		80	
11	86		49		0		91		37		86	
12	105		50		0		104		55		105	
13	87		37		0		81		50		87	
14	84		35		0		101		49		84	
15	56		10		0		105		46		56	
16	96		56		0		85		40		96	
17	89		60		0		59		29		89	
18	83		50		0		84		33		83	
19	90		50		0		69		40		90	
20	80		38		0		75		42		80	
21	101		63		0		38		38		101	
22	71		41		0		38		30		71	
23	54		22		0		89		32		54	
24	87		43		0		99		44		87	
25	68		37		0		84		31		68	
26	109		56		0		84		53		109	
27	63		19		0		54		44		63	
28	107		57		0		114		50		107	
29	94		54		0		96		40		94	
30	86		27		0		120		59		86	
31	109		52		0		122		57		109	
32	87		61		0		65		26		87	
33	78		46		0		95		32		78	
34	88		52		0		75		36		88	
35	114		53		0		96		61		114	
36	52		33		0		28		19		52	
37	102		45		0		79		57		102	
38	87		46		0		73		41		87	
39	117		65		0		73		52		117	
40	89		43		0		109		46		89	
41	76		27		0		112		49		76	
42	121		64		0		78		57		121	
43	123		72		0		91		51		123	
44	70		32		0		76		38		70	
45	64		20		0		102		44		64	
46	64		39		0		49		25		64	
47	114		44		0		122		70		114	
48	69		35		0		106		34		69	
49	114		47		0		122		67		114	
50	70		36		0		93		34		70	
Store5
1	65		30		0		129		99		65	
2	69		37		0		149		117		69	
3	81		41		0		190		139		81	
4	71		21		0		121		116		71	
5	79		41		0		128		114		79	
6	84		31		0		181		131		84	
7	102		54		0		175		147		102	
8	105		63		0		194		143		105	
9	100		74		0		180		134		100	
10	62		26		0		133		102		62	
11	58		17		0		132		98		58	
12	93		53		0		180		139		93	
13	80		46		0		153		112		80	
14	52		15		0		84		73		52	
15	47		19		0		131		85		47	
16	72		57		0		173		124		72	
17	71		55		0		153		99		71	
18	59		39		0		147		91		59	
19	56		13		0		152		96		56	
20	71		54		0		139		102		71	
21	114		55		0		200		145		114	
22	18		16		0		43		43		18	
23	93		55		0		174		128		93	
24	97		59		0		142		119		97	
25	53		27		0		141		108		53	
26	60		53		0		177		109		60	
27	54		40		0		131		93		54	
28	57		28		0		117		97		57	
29	58		33		0		156		103		58	
30	104		64		0		157		140		104	
31	74		22		0		166		138		74	
32	45		5		0		114		80		45	
33	63		25		0		154		108		63	
34	103		60		0		160		134		103	
35	59		43		0		135		105		59	
36	82		50		0		136		116		82	
37	93		65		0		185		141		93	
38	83		39		0		160		116		83	
39	78		28		0		141		104		78	
40	72		36		0		154		120		72	
41	82		57		0		169		133		82	
42	87		40		0		164		137		87	
43	68		27		0		130		113		68	
44	67		56		0		123		77		67	
45	99		46		0		212		161		99	
46	34		18		0		116		63		34	
47	93		40		0		141		125		93	
48	116		80		0		178		153		116	
49	95		49		0		161		119		95	
50	40		20		0		189		109		40	
Store6
1	63		43		0		0		116		63	
2	124		75		0		0		160		124	
3	96		40		0		0		144		96	
4	71		38		0		0		91		71	
5	106		46		0		0		171		106	
6	88		49		0		0		99		88	
7	74		39		0		0		141		74	
8	70		36		0		0		79		70	
9	42		28		0		0		90		42	
10	84		51		0		0		135		84	
11	95		55		0		0		149		95	
12	83		51		0		0		121		83	
13	118		69		0		0		180		118	
14	65		42		0		0		82		65	
15	87		46		0		0		132		87	
16	75		22		0		0		109		75	
17	63		30		0		0		113		63	
18	108		63		0		0		125		108	
19	38		13		0		0		79		38	
20	100		47		0		0		166		100	
21	112		69		0		0		156		112	
22	100		63		0		0		149		100	
23	133		60		0		0		150		133	
24	125		73		0		0		144		125	
25	60		39		0		0		108		60	
26	51		18		0		0		74		51	
27	88		51		0		0		129		88	
28	103		21		0		0		140		103	
29	68		33		0		0		82		68	
30	103		63		0		0		138		103	
31	73		17		0		0		128		73	
32	33		16		0		0		79		33	
33	81		40		0		0		118		81	
34	72		33		0		0		99		72	
35	89		43		0		0		113		89	
36	60		30		0		0		120		60	
37	114		52		0		0		160		114	
38	102		53		0		0		125		102	
39	45		7		0		0		73		45	
40	116		66		0		0		137		116	
41	82		42		0		0		109		82	
42	109		45		0		0		139		109	
43	67		40		0		0		111		67	
44	88		39		0		0		139		88	
45	117		60		0		0		139		117	
46	84		43		0		0		129		84	
47	68		41		0		0		116		68	
48	88		70		0		0		142		88	
49	83		46		0		0		128		83	
50	67		50		0		0		107		67	
Store7
1	60		30		0		0		109		60	
2	92		53		0		0		132		92	
3	123		51		0		0		177		123	
4	70		34		0		0		101		70	
5	76		19		0		0		118		76	
6	38		11		0		0		68		38	
7	67		30		0		0		96		67	
8	122		66		0		0		148		122	
9	98		72		0		0		150		98	
10	47		34		0		0		78		47	
11	98		39		0		0		130		98	
12	115		44		0		0		142		115	
13	85		43		0		0		97		85	
14	62		24		0		0		118		62	
15	96		35		0		0		129		96	
16	102		54		0		0		106		102	
17	100		34		0		0		139		100	
18	103		54		0		0		136		103	
19	116		69		0		0		148		116	
20	138		72		0		0		163		138	
21	84		26		0		0		123		84	
22	112		78		0		0		148		112	
23	65		60		0		0		91		65	
24	86		25		0		0		141		86	
25	85		46		0		0		88		85	
26	92		25		0		0		144		92	
27	94		49		0		0		112		94	
28	115		48		0		0		134		115	
29	31		2		0		0		82		31	
30	133		83		0		0		164		133	
31	56		36		0		0		91		56	
32	74		30		0		0		103		74	
33	103		45		0		0		165		103	
34	64		34		0		0		133		64	
35	59		47		0		0		102		59	
36	95		25		0		0		143		95	
37	71		43		0		0		120		71	
38	59		17		0		0		97		59	
39	82		44		0		0		84		82	
40	119		65		0		0		182		119	
41	83		39		0		0		127		83	
42	60		26		0		0		133		60	
43	49		17		0		0		81		49	
44	46		9		0		0		89		46	
45	60		29		0		0		100		60	
46	118		58		0		0		118		118	
47	68		32		0		0		125		68	
48	85		51		0		0		125		85	
49	80		35		0		0		101		80	
50	93		60		0		0		144		93	
Store8
1	53		31		0		18		0		53	
2	85		46		0		28		0		85	
3	129		69		0		42		0		129	
4	68		41		0		37		0		68	
5	64		44		0		47		0		64	
6	76		43		0		42		0		76	
7	129		49		0		42		0		129	
8	61		25		0		32		0		61	
9	64		33		0		22		0		64	
10	90		43		0		26		0		90	
11	53		21		0		44		0		53	
12	75		61		0		41		0		75	
13	61		20		0		63		0		61	
14	89		36		0		37		0		89	
15	105		48		0		18		0		105	
16	83		62		0		54		0		83	
17	82		57		0		21		0		82	
18	65		35		0		44		0		65	
19	63		53		0		17		0		63	
20	56		15		0		39		0		56	
21	57		17		0		50		0		57	
22	82		36		0		40		0		82	
23	62		19		0		12		0		62	
24	67		26		0		31		0		67	
25	79		49		0		51		0		79	
26	84		38		0		47		0		84	
27	128		70		0		46		0		128	
28	100		43		0		64		0		100	
29	111		53		0		44		0		111	
30	106		63		0		56		0		106	
31	77		17		0		88		0		77	
32	99		49		0		40		0		99	
33	79		30		0		33		0		79	
34	58		18		0		57		0		58	
35	117		50		0		17		0		117	
36	76		38		0		15		0		76	
37	91		47		0		57		0		91	
38	87		38		0		32		0		87	
39	116		52		0		39		0		116	
40	56		24		0		31		0		56	
41	112		50		0		35		0		112	
42	81		42		0		43		0		81	
43	113		62		0		37		0		113	
44	81		24		0		39		0		81	
45	72		24		0		39		0		72	
46	82		46		0		29		0		82	
47	80		69		0		70		0		80	
48	101		46		0		69		0		101	
49	32		22		0		33		0		32	
50	65		56		0		61		0		65	
Store9
1	55		38		0		38		55		55	
2	64		41		0		41		64		64	
3	92		47		0		47		92		92	
4	110		76		0		76		110		110	
5	94		52		0		52		94		94	
6	98		33		0		33		98		98	
7	81		54		0		54		81		81	
8	109		59		0		59		109		109	
9	82		24		0		24		82		82	
10	111		43		0		43		111		111	
11	75		0		0		0		75		75	
12	99		48		0		48		99		99	
13	60		23		0		23		60		60	
14	52		32		0		32		52		52	
15	88		56		0		56		88		88	
16	81		35		0		35		81		81	
17	59		59		0		59		59		59	
18	101		59		0		59		101		101	
19	81		51		0		51		81		81	
20	104		54		0		54		104		104	
21	60		36		0		36		60		60	
22	64		40		0		40		64		64	
23	92		36		0		36		92		92	
24	52		20		0		20		52		52	
25	107		54		0		54		107		107	
26	58		30		0		30		58		58	
27	117		60		0		60		117		117	
28	100		49		0		49		100		100	
29	104		38		0		38		104		104	
30	82		38		0		38		82		82	
31	78		26		0		26		78		78	
32	70		29		0		29		70		70	
33	55		36		0		36		55		55	
34	71		52		0		52		71		71	
35	67		45		0		45		67		67	
36	51		23		0		23		51		51	
37	61		26		0		26		61		61	
38	101		48		0		48		101		101	
39	80		50		0		50		80		80	
40	88		43		0		43		88		88	
41	113		57		0		57		113		113	
42	68		25		0		25		68		68	
43	96		38		0		38		96		96	
44	103		54		0		54		103		103	
45	120		56		0		56		120		120	
46	72		42		0		42		72		72	
47	27		14		0		14		27		27	
48	74		41		0		41		74		74	
49	51		19		0		19		51		51	
50	35		16		0		16		35		35	
Store10
1	65		39		0		26		96		65	
2	101		50		0		51		160		101	
3	40		25		0		15		77		40	
4	76		40		0		36		126		76	
5	70		37		0		33		88		70	
6	52		6		0		46		99		52	
7	68		32		0		36		105		68	
8	119		59		0		60		172		119	
9	100		55		0		45		157		100	
10	92		47		0		45		93		92	
11	95		42		0		53		149		95	
12	66		33		0		33		131		66	
13	75		40		0		35		106		75	
14	92		29		0		63		153		92	
15	117		68		0		49		152		117	
16	38		11		0		27		50		38	
17	67		21		0		46		89		67	
18	78		45		0		33		121		78	
19	85		49		0		36		123		85	
20	57		26		0		31		106		57	
21	90		47		0		43		165		90	
22	61		27		0		34		70		61	
23	77		37		0		40		85		77	
24	90		43		0		47		138		90	
25	77		26		0		51		134		77	
26	83		66		0		17		124		83	
27	74		28		0		46		118		74	
28	127		61		0		66		170		127	
29	77		39		0		38		121		77	
30	106		61		0		45		152		106	
31	75		50		0		25		106		75	
32	51		17		0		34		115		51	
33	110		55		0		55		147		110	
34	92		31		0		61		167		92	
35	113		60		0		53		157		113	
36	79		36		0		43		110		79	
37	80		37		0		43		111		80	
38	60		24		0		36		127		60	
39	43		23		0		20		89		43	
40	114		53		0		61		131		114	
41	53		40		0		13		97		53	
42	83		25		0		58		114		83	
43	38		19		0		19		70		38	
44	40		40		0		0		91		40	
45	83		40		0		43		150		83	
46	106		58		0		48		175		106	
47	54		34		0		20		92		54	
48	74		47		0		27		109		74	
49	62		35		0		27		96		62	
50	116		41		0		75		133		116	


Shipments from Vendor to Warehouse (V T):
0.59008	0	0	0	0.621224	
0	0	0.8081867	0	0.200052	
0	0.520384	0	0.7176214	0	

Shipments from Warehouse to Stores (S T):
1	3	0.320106
1	4	0.12272
1	5	0.2478713
2	3	0.1229287
2	4	0.4413799
2	5	0.1541933
3	3	0.2001913
3	4	0.2937147
3	5	0.231406
4	3	0.252124
4	4	0.1282
4	5	0.34387
5	3	0.3512847
5	4	0.15186
5	5	0.15803
6	3	0.1095393
6	4	0.444746
6	5	0.2214533
7	3	0.10579
7	4	0.3672373
7	5	0.2187833
8	3	0.191756
8	4	0.06457999
8	5	0.444682
9	3	0.1565387
9	4	0.29137
9	5	0.3072273
10	3	0.2053493
10	4	0.299012
10	5	0.1921066


Required Putaway workers (Sol T):
2	2	3	3	2	

No of required pickers (T):
0	0	7	9	9	

No of part-time putaway workers (T):
0	0	1	1	0	

No of part-time pickers (T):
0	0	1	3	3	

Best Putaway Technology: 2400
Best Picking Technology: 1000

Required Fashion Putaway Hours:
9.295834	8.877084	11.45208	10.83542	0	

Required Basic Putaway Hours:
6.597084	6.809166	10.72583	8.174583	9.577084	

Required Total Putaway Hours:
15.89292	15.68625	22.17792	19.01	9.577084	

No of required fashion pick hours:
0	0	10.325	31.17	55.61	

No of required basic pick hours:
0	0	45.533	38.618	16.37	

No of required total pick hours:
0	0	55.858	69.788	71.98	

List of all the costs: 
MHECost		444
PutawayTechCost		3540
PickingTechCost		9130
WhBasicInvCost		1402.671
BasicInbCost		9129.6
WhFashionInvCost		1823.1
FashionInbCost		5481.332
PutawayCost		3680
StoreBasicInvCost		6570.85
StoreFashionInvCost		7446.25
OutboundCost		29354.4
PickingCost		11280
Total		89282.2

List of Top5 Technologies: 
Tech1		3	6	$ 89282.2
Tech2		3	5	$ 101843.9
Tech3		3	4	$ 104738.1
Tech4		3	1	$ 168743.5
Tech5		1	1	$ 201733.8
The start time is 12/20/2014 1:06:57 AM
The End time is 12/20/2014 1:08:30 AM
