Results from Tech10
Putaway Technology: 1200.0
Picking Technology: 500.0

Full-Time Putaway workers: 2.0
Full-Time Picking workers: 4.0

Cost Breakdown:
	MHECost              $378.00
	PutawayTechCost      $1,060.00
	PickingTechCost      $3,195.00
	WhBasicInvCost       $502.19
	BasicInbCost         $4,210.14
	WhFashionInvCost     $1,202.70
	FashionInbCost       $2,642.14
	PutawayCost          $4,160.00
	StoreBasicInvCost    $2,710.80
	StoreFashionInvCost  $5,423.50
	OutboundCost         $8,724.47
	PickingCost          $7,840.00
	Total                $42,048.93


Printing New Fashion Solution:

Inbound Fashion Solution
1 	1 	2 	4065
1 	10 	1 	5415
1 	2 	2 	4610
1 	3 	2 	4935
1 	4 	1 	4970
1 	5 	2 	5375
1 	6 	1 	6245
1 	7 	2 	5800
1 	8 	1 	6290
1 	9 	2 	3750

Outbound Solution
1 	1 	5 	1060
1 	10 	5 	800
1 	2 	5 	755
1 	3 	5 	730
1 	4 	2 	950
1 	5 	5 	940
1 	6 	2 	755
1 	7 	5 	1005
1 	8 	2 	1100
1 	9 	5 	1580
2 	1 	4 	1005
2 	10 	2 	1070
2 	2 	4 	1135
2 	3 	4 	165
2 	4 	2 	1090
2 	5 	4 	1250
2 	6 	4 	1230
2 	7 	4 	1615
2 	8 	2 	820
2 	9 	4 	600
3 	1 	5 	905
3 	10 	5 	885
3 	2 	5 	735
3 	3 	5 	1840
3 	4 	5 	950
3 	5 	5 	1210
3 	6 	5 	1725
3 	7 	5 	820
3 	8 	5 	1985
3 	9 	5 	435
4 	1 	3 	815
4 	10 	3 	1685
4 	2 	3 	1205
4 	3 	3 	1185
4 	4 	3 	1340
4 	5 	3 	1570
4 	6 	3 	1180
4 	7 	3 	1340
4 	8 	3 	1535
4 	9 	3 	495
5 	1 	4 	280
5 	10 	4 	975
5 	2 	4 	780
5 	3 	4 	1015
5 	4 	4 	640
5 	5 	4 	405
5 	6 	4 	1355
5 	7 	4 	1020
5 	8 	4 	850
5 	9 	4 	640

Store Inventory
Store1
1 0          0          0          0          1060      
1 0          0          0          0          800       
1 0          0          0          0          755       
1 0          0          0          0          730       
1 0          950        950        950        950       
1 0          0          0          0          940       
1 0          755        755        755        755       
1 0          0          0          0          1005      
1 0          1100       1100       1100       1100      
1 0          0          0          0          1580      
Store2
1 0          0          0          1005       1005      
1 0          1070       1070       1070       1070      
1 0          0          0          1135       1135      
1 0          0          0          165        165       
1 0          1090       1090       1090       1090      
1 0          0          0          1250       1250      
1 0          0          0          1230       1230      
1 0          0          0          1615       1615      
1 0          820        820        820        820       
1 0          0          0          600        600       
Store3
1 0          0          0          0          905       
1 0          0          0          0          885       
1 0          0          0          0          735       
1 0          0          0          0          1840      
1 0          0          0          0          950       
1 0          0          0          0          1210      
1 0          0          0          0          1725      
1 0          0          0          0          820       
1 0          0          0          0          1985      
1 0          0          0          0          435       
Store4
1 0          0          815        815        815       
1 0          0          1685       1685       1685      
1 0          0          1205       1205       1205      
1 0          0          1185       1185       1185      
1 0          0          1340       1340       1340      
1 0          0          1570       1570       1570      
1 0          0          1180       1180       1180      
1 0          0          1340       1340       1340      
1 0          0          1535       1535       1535      
1 0          0          495        495        495       
Store5
1 0          0          0          280        280       
1 0          0          0          975        975       
1 0          0          0          780        780       
1 0          0          0          1015       1015      
1 0          0          0          640        640       
1 0          0          0          405        405       
1 0          0          0          1355       1355      
1 0          0          0          1020       1020      
1 0          0          0          850        850       
1 0          0          0          640        640       

Shipments from (Basic) Vendor to Warehouse
1          1          0          0          0         

Printing New Basic Solution:


Inbound Solution
1 	1 	1 	0
1 	1 	2 	0
1 	1 	3 	2122
1 	1 	4 	0
1 	1 	5 	3193
1 	10 	1 	0
1 	10 	2 	0
1 	10 	3 	1701
1 	10 	4 	0
1 	10 	5 	3659
1 	2 	1 	0
1 	2 	2 	0
1 	2 	3 	1563
1 	2 	4 	0
1 	2 	5 	2959
1 	3 	1 	0
1 	3 	2 	0
1 	3 	3 	1875
1 	3 	4 	0
1 	3 	5 	2797
1 	4 	1 	0
1 	4 	2 	0
1 	4 	3 	1895
1 	4 	4 	0
1 	4 	5 	3107
1 	5 	1 	0
1 	5 	2 	0
1 	5 	3 	4436
1 	5 	4 	0
1 	5 	5 	0
1 	6 	1 	0
1 	6 	2 	0
1 	6 	3 	2354
1 	6 	4 	0
1 	6 	5 	2759
1 	7 	1 	0
1 	7 	2 	0
1 	7 	3 	2101
1 	7 	4 	0
1 	7 	5 	3360
1 	8 	1 	0
1 	8 	2 	0
1 	8 	3 	1929
1 	8 	4 	0
1 	8 	5 	2551
1 	9 	1 	0
1 	9 	2 	0
1 	9 	3 	1530
1 	9 	4 	0
1 	9 	5 	3054

Outbound Solution
Store1
1 0          391        0          0          323       
10 0          1068       0          0          450       
2 0          638        0          0          265       
3 0          591        0          0          406       
4 0          498        0          0          290       
5 0          629        0          0          296       
6 0          533        0          0          480       
7 0          712        0          0          681       
8 0          556        0          0          246       
9 0          802        0          0          467       
Store2
1 0          509        0          403        0         
10 0          512        0          428        0         
2 0          247        0          555        0         
3 0          224        0          694        0         
4 0          378        0          540        0         
5 0          374        0          605        0         
6 0          376        0          749        0         
7 0          525        0          619        0         
8 0          312        0          595        0         
9 0          340        0          615        0         
Store3
1 1059       0          0          0          284       
10 924        0          0          0          95        
2 955        0          0          0          81        
3 835        0          0          0          135       
4 1073       0          0          0          176       
5 620        0          0          0          198       
6 677        0          0          0          239       
7 582        0          0          0          195       
8 581        0          0          0          113       
9 715        0          0          0          220       
Store4
1 0          0          1225       0          0         
10 0          0          1031       0          0         
2 0          0          689        0          0         
3 0          0          959        0          0         
4 0          0          1094       0          0         
5 0          0          745        0          0         
6 0          0          963        0          0         
7 0          0          1019       0          0         
8 0          0          914        0          0         
9 0          0          772        0          0         
Store5
1 627        0          0          494        0         
10 610        0          0          242        0         
2 773        0          0          319        0         
3 606        0          0          222        0         
4 692        0          0          261        0         
5 652        0          0          317        0         
6 740        0          0          356        0         
7 665        0          0          463        0         
8 743        0          0          420        0         
9 510        0          0          143        0         

Warehouse Inventory
1 900        0          897        0          2586      
10 1580       0          670        0          3114      
2 885        0          874        0          2613      
3 815        0          916        0          2256      
4 876        0          801        0          2641      
5 1003       0          3691       2769       2275      
6 909        0          1391       286        2326      
7 1237       0          1082       0          2484      
8 868        0          1015       0          2192      
9 1142       0          758        0          2367      

Store Inventory
Store1
1 0          391        224        0          121       
10 0          742        354        0          167       
2 0          443        134        0          128       
3 0          399        235        0          195       
4 0          357        214        0          64        
5 0          348        219        0          221       
6 0          320        191        0          309       
7 0          364        197        0          388       
8 0          379        246        0          246       
9 0          472        239        0          304       
Store2
1 0          303        0          277        150       
10 0          304        0          225        205       
2 0          91         0          493        259       
3 0          140        0          440        171       
4 0          217        0          306        241       
5 0          176        0          326        156       
6 0          233        0          474        135       
7 0          386        0          456        261       
8 0          226        29         331        83        
9 0          110        0          306        190       
Store3
1 896        574        328        0          0         
10 692        364        170        0          0         
2 687        457        390        0          0         
3 688        432        93         20         0         
4 694        519        293        0          0         
5 442        246        0          0          0         
6 543        381        240        0          0         
7 239        205        22         0          0         
8 420        170        152        0          0         
9 522        349        114        0          0         
Store4
1 349        0          882        623        487       
10 210        0          825        522        438       
2 112        0          465        303        222       
3 175        0          858        532        338       
4 268        0          839        537        392       
5 71         0          616        472        216       
6 109        0          835        559        371       
7 330        0          819        590        533       
8 149        0          727        554        373       
9 208        0          520        422        333       
Store5
1 485        326        0          308        0         
10 408        165        0          36         0         
2 498        210        0          208        0         
3 418        190        0          101        0         
4 479        214        0          181        0         
5 430        218        0          165        0         
6 355        126        0          228        0         
7 517        213        0          204        0         
8 549        290        26         211        0         
9 313        224        0          83         0         

Shipments from (Basic) Vendor to Warehouse
0          0          1          0          1         

Shipments from (Fashion) Vendor to Warehouse
1          1          0          0          0         

Shipments from Warehouse to Stores
1 0          1          0          0          1         
2 0          1          0          1          0         
3 1          0          0          0          1         
4 0          0          1          0          0         
5 1          0          0          1          0         

No of part-time putaway workers:
1          1          1          0          1         

No of part-time picking workers:
0          0          2          2          2         
