Printing New Fashion Solution:

Inbound Fashion Solution (V F T):
1	1	4	1900
1	2	4	2165
1	3	4	1560
1	4	4	2380
1	5	4	2185
1	6	4	1640
1	7	4	2160
1	8	4	2115
1	9	4	1685
1	10	4	1775
1	11	4	2235
1	12	4	1860
1	13	4	1910
1	14	4	1875
1	15	4	1870
1	16	4	2395
1	17	4	1750
1	18	4	1820
1	19	4	2090
1	20	4	2160
1	21	4	2100
1	22	4	2070
1	23	4	1945
1	24	4	2145
1	25	4	2130
2	26	3	1885
2	27	3	2345
2	28	3	1835
2	29	3	2375
2	30	3	1875
2	31	3	2180
2	32	3	1960
2	33	3	2370
2	34	3	2210
2	35	3	1890
2	36	3	1785
2	37	3	1635
2	38	3	2055
2	39	3	2405
2	40	3	1905
2	41	3	1875
2	42	3	2035
2	43	3	2080
2	44	3	2050
2	45	3	1880
2	46	3	1720
2	47	3	2060
2	48	3	2090
2	49	3	2095
2	50	3	1945


Outbound Fashion Solution(S F T):
1	1	5	260
1	2	5	255
1	3	5	120
1	4	5	280
1	5	5	275
1	6	5	200
1	7	5	265
1	8	5	130
1	9	5	230
1	10	5	210
1	11	5	210
1	12	5	210
1	13	5	370
1	14	5	120
1	15	5	185
1	16	5	230
1	17	5	115
1	18	5	260
1	19	5	140
1	20	5	330
1	21	5	240
1	22	5	385
1	23	5	130
1	24	5	165
1	25	5	250
1	26	5	320
1	27	5	225
1	28	5	160
1	29	5	155
1	30	5	105
1	31	5	295
1	32	5	165
1	33	5	185
1	34	5	215
1	35	5	130
1	36	5	265
1	37	5	135
1	38	5	220
1	39	5	190
1	40	5	205
1	41	5	190
1	42	5	290
1	44	5	250
1	45	5	60
1	46	5	195
1	47	5	150
1	48	5	270
1	49	5	235
1	50	5	190
2	1	5	115
2	2	5	175
2	3	5	60
2	4	5	205
2	5	5	215
2	6	5	240
2	7	5	220
2	8	5	160
2	9	5	120
2	10	5	120
2	11	5	100
2	12	5	130
2	13	5	165
2	14	5	75
2	15	5	140
2	16	5	365
2	17	5	130
2	18	5	165
2	19	5	250
2	20	5	185
2	21	5	290
2	22	5	165
2	23	5	195
2	24	5	375
2	25	5	235
2	26	5	195
2	27	5	200
2	28	5	110
2	29	5	385
2	30	5	230
2	31	5	150
2	32	5	290
2	33	5	335
2	34	5	300
2	35	5	260
2	36	5	170
2	37	5	125
2	38	5	230
2	39	5	190
2	40	5	240
2	41	5	215
2	42	5	355
2	43	5	145
2	44	5	185
2	45	5	200
2	46	5	105
2	47	5	355
2	48	5	245
2	49	5	210
2	50	5	290
3	1	5	140
3	2	5	225
3	3	5	125
3	4	5	265
3	5	5	245
3	6	5	250
3	7	5	155
3	8	5	245
3	9	5	45
3	10	5	225
3	11	5	180
3	12	5	185
3	13	5	90
3	14	5	305
3	15	5	190
3	16	5	160
3	17	5	195
3	18	5	130
3	19	5	250
3	20	5	230
3	21	5	270
3	23	5	235
3	24	5	135
3	25	5	275
3	26	5	255
3	27	5	175
3	28	5	160
3	29	5	135
3	30	5	130
3	31	5	165
3	32	5	75
3	33	5	170
3	34	5	230
3	35	5	235
3	36	5	195
3	37	5	85
3	38	5	140
3	39	5	295
3	40	5	130
3	41	5	195
3	42	5	75
3	43	5	240
3	44	5	185
3	45	5	185
3	46	5	160
3	47	5	225
3	48	5	185
3	49	5	210
3	50	5	175
4	1	5	180
4	2	5	200
4	3	5	230
4	4	5	225
4	5	5	240
4	6	5	5
4	7	5	315
4	8	5	200
4	9	5	205
4	10	5	210
4	11	5	395
4	12	5	190
4	13	5	170
4	14	5	185
4	15	5	210
4	16	5	225
4	17	5	230
4	18	5	100
4	19	5	155
4	20	5	140
4	21	5	235
4	22	5	280
4	23	5	130
4	24	5	230
4	25	5	250
4	26	5	140
4	27	5	310
4	28	5	115
4	29	5	285
4	30	5	185
4	31	5	120
4	32	5	180
4	33	5	265
4	34	5	190
4	35	5	235
4	36	5	180
4	37	5	280
4	38	5	280
4	39	5	115
4	40	5	315
4	41	5	215
4	42	5	270
4	43	5	300
4	44	5	325
4	45	5	185
4	46	5	145
4	47	5	310
4	48	5	240
4	49	5	170
4	50	5	115
5	1	5	200
5	2	5	285
5	3	5	245
5	4	5	165
5	5	5	135
5	6	5	155
5	7	5	330
5	8	5	215
5	9	5	95
5	10	5	95
5	11	5	215
5	12	5	160
5	13	5	240
5	14	5	205
5	15	5	135
5	16	5	255
5	17	5	295
5	18	5	190
5	19	5	160
5	20	5	250
5	21	5	255
5	22	5	145
5	23	5	170
5	24	5	285
5	25	5	170
5	26	5	195
5	27	5	270
5	28	5	195
5	29	5	225
5	30	5	185
5	31	5	190
5	32	5	245
5	33	5	380
5	34	5	160
5	35	5	240
5	36	5	225
5	37	5	285
5	38	5	225
5	39	5	350
5	40	5	250
5	41	5	165
5	42	5	125
5	43	5	285
5	44	5	245
5	45	5	110
5	46	5	240
5	47	5	130
5	48	5	245
5	49	5	175
5	50	5	130
6	1	5	170
6	2	5	75
6	3	5	200
6	4	5	255
6	5	5	195
6	6	5	185
6	7	5	220
6	8	5	205
6	9	5	130
6	10	5	315
6	11	5	170
6	12	5	165
6	13	5	225
6	14	5	145
6	15	5	210
6	16	5	155
6	17	5	215
6	18	5	235
6	19	5	280
6	20	5	195
6	21	5	195
6	22	5	215
6	23	5	45
6	24	5	225
6	25	5	240
6	26	5	135
6	27	5	310
6	28	5	300
6	29	5	245
6	30	5	155
6	31	5	270
6	32	5	180
6	33	5	325
6	34	5	5
6	35	5	265
6	36	5	180
6	37	5	55
6	38	5	115
6	39	5	305
6	40	5	235
6	41	5	305
6	42	5	80
6	43	5	150
6	44	5	130
6	45	5	215
6	46	5	245
6	47	5	235
6	48	5	150
6	49	5	85
6	50	5	285
7	1	5	190
7	2	5	215
7	3	5	235
7	4	5	330
7	5	5	380
7	6	5	120
7	7	5	100
7	8	5	60
7	9	5	120
7	10	5	10
7	11	5	225
7	12	5	90
7	13	5	75
7	14	5	110
7	15	5	240
7	16	5	265
7	17	5	230
7	18	5	205
7	19	5	105
7	20	5	305
7	21	5	170
7	22	5	155
7	23	5	370
7	24	5	335
7	25	5	215
7	26	5	120
7	27	5	45
7	28	5	155
7	29	5	385
7	30	5	375
7	31	5	235
7	32	5	190
7	33	5	165
7	34	5	275
7	35	5	70
7	36	5	35
7	37	5	300
7	38	5	190
7	39	5	185
7	40	5	145
7	41	5	35
7	42	5	240
7	43	5	270
7	44	5	165
7	45	5	285
7	46	5	175
7	47	5	170
7	48	5	135
7	49	5	370
7	50	5	175
8	1	5	270
8	2	5	290
8	3	5	160
8	4	5	265
8	5	5	215
8	6	5	90
8	7	5	155
8	8	5	260
8	9	5	205
8	10	5	190
8	11	5	195
8	12	5	235
8	13	5	130
8	14	5	280
8	15	5	230
8	16	5	200
8	17	5	120
8	18	5	105
8	19	5	150
8	20	5	175
8	21	5	180
8	22	5	150
8	23	5	210
8	24	5	100
8	25	5	250
8	26	5	155
8	27	5	345
8	28	5	260
8	29	5	120
8	30	5	135
8	31	5	205
8	32	5	260
8	33	5	225
8	34	5	330
8	35	5	230
8	36	5	120
8	37	5	130
8	38	5	165
8	39	5	285
8	40	5	140
8	41	5	110
8	42	5	195
8	43	5	190
8	44	5	245
8	45	5	165
8	46	5	245
8	47	5	75
8	48	5	95
8	49	5	155
8	50	5	190
9	1	5	215
9	2	5	200
9	4	5	190
9	5	5	185
9	6	5	230
9	7	5	300
9	8	5	260
9	9	5	280
9	10	5	180
9	11	5	300
9	12	5	240
9	13	5	295
9	14	5	180
9	15	5	125
9	16	5	305
9	17	5	100
9	18	5	265
9	19	5	310
9	20	5	150
9	21	5	70
9	22	5	330
9	23	5	215
9	24	5	95
9	25	5	80
9	26	5	155
9	27	5	325
9	28	5	235
9	29	5	175
9	30	5	250
9	31	5	235
9	32	5	105
9	33	5	175
9	34	5	275
9	35	5	65
9	36	5	230
9	37	5	165
9	38	5	235
9	39	5	155
9	40	5	115
9	41	5	200
9	42	5	140
9	43	5	285
9	44	5	175
9	45	5	195
9	46	5	120
9	47	5	225
9	48	5	155
9	49	5	205
9	50	5	185
10	1	5	160
10	2	5	245
10	3	5	185
10	4	5	200
10	5	5	100
10	6	5	165
10	7	5	100
10	8	5	380
10	9	5	255
10	10	5	220
10	11	5	245
10	12	5	255
10	13	5	150
10	14	5	270
10	15	5	205
10	16	5	235
10	17	5	120
10	18	5	165
10	19	5	290
10	20	5	200
10	21	5	195
10	22	5	245
10	23	5	245
10	24	5	200
10	25	5	165
10	26	5	215
10	27	5	140
10	28	5	145
10	29	5	265
10	30	5	125
10	31	5	315
10	32	5	270
10	33	5	145
10	34	5	230
10	35	5	160
10	36	5	185
10	37	5	75
10	38	5	255
10	39	5	335
10	40	5	130
10	41	5	245
10	42	5	265
10	43	5	215
10	44	5	145
10	45	5	280
10	46	5	90
10	47	5	185
10	48	5	370
10	49	5	280
10	50	5	210


Warehouse Fashion Inventory (W F T):
1	0		0		0		1900		0	
2	0		0		0		2165		0	
3	0		0		0		1560		0	
4	0		0		0		2380		0	
5	0		0		0		2185		0	
6	0		0		0		1640		0	
7	0		0		0		2160		0	
8	0		0		0		2115		0	
9	0		0		0		1685		0	
10	0		0		0		1775		0	
11	0		0		0		2235		0	
12	0		0		0		1860		0	
13	0		0		0		1910		0	
14	0		0		0		1875		0	
15	0		0		0		1870		0	
16	0		0		0		2395		0	
17	0		0		0		1750		0	
18	0		0		0		1820		0	
19	0		0		0		2090		0	
20	0		0		0		2160		0	
21	0		0		0		2100		0	
22	0		0		0		2070		0	
23	0		0		0		1945		0	
24	0		0		0		2145		0	
25	0		0		0		2130		0	
26	0		0		1885		1885		0	
27	0		0		2345		2345		0	
28	0		0		1835		1835		0	
29	0		0		2375		2375		0	
30	0		0		1875		1875		0	
31	0		0		2180		2180		0	
32	0		0		1960		1960		0	
33	0		0		2370		2370		0	
34	0		0		2210		2210		0	
35	0		0		1890		1890		0	
36	0		0		1785		1785		0	
37	0		0		1635		1635		0	
38	0		0		2055		2055		0	
39	0		0		2405		2405		0	
40	0		0		1905		1905		0	
41	0		0		1875		1875		0	
42	0		0		2035		2035		0	
43	0		0		2080		2080		0	
44	0		0		2050		2050		0	
45	0		0		1880		1880		0	
46	0		0		1720		1720		0	
47	0		0		2060		2060		0	
48	0		0		2090		2090		0	
49	0		0		2095		2095		0	
50	0		0		1945		1945		0	

Store Fashion Inventory (S F T):
Store1
1	0		0		0		260	
2	0		0		0		255	
3	0		0		0		120	
4	0		0		0		280	
5	0		0		0		275	
6	0		0		0		200	
7	0		0		0		265	
8	0		0		0		130	
9	0		0		0		230	
10	0		0		0		210	
11	0		0		0		210	
12	0		0		0		210	
13	0		0		0		370	
14	0		0		0		120	
15	0		0		0		185	
16	0		0		0		230	
17	0		0		0		115	
18	0		0		0		260	
19	0		0		0		140	
20	0		0		0		330	
21	0		0		0		240	
22	0		0		0		385	
23	0		0		0		130	
24	0		0		0		165	
25	0		0		0		250	
26	0		0		0		320	
27	0		0		0		225	
28	0		0		0		160	
29	0		0		0		155	
30	0		0		0		105	
31	0		0		0		295	
32	0		0		0		165	
33	0		0		0		185	
34	0		0		0		215	
35	0		0		0		130	
36	0		0		0		265	
37	0		0		0		135	
38	0		0		0		220	
39	0		0		0		190	
40	0		0		0		205	
41	0		0		0		190	
42	0		0		0		290	
43	0		0		0		0	
44	0		0		0		250	
45	0		0		0		60	
46	0		0		0		195	
47	0		0		0		150	
48	0		0		0		270	
49	0		0		0		235	
50	0		0		0		190	
Store2
1	0		0		0		115	
2	0		0		0		175	
3	0		0		0		60	
4	0		0		0		205	
5	0		0		0		215	
6	0		0		0		240	
7	0		0		0		220	
8	0		0		0		160	
9	0		0		0		120	
10	0		0		0		120	
11	0		0		0		100	
12	0		0		0		130	
13	0		0		0		165	
14	0		0		0		75	
15	0		0		0		140	
16	0		0		0		365	
17	0		0		0		130	
18	0		0		0		165	
19	0		0		0		250	
20	0		0		0		185	
21	0		0		0		290	
22	0		0		0		165	
23	0		0		0		195	
24	0		0		0		375	
25	0		0		0		235	
26	0		0		0		195	
27	0		0		0		200	
28	0		0		0		110	
29	0		0		0		385	
30	0		0		0		230	
31	0		0		0		150	
32	0		0		0		290	
33	0		0		0		335	
34	0		0		0		300	
35	0		0		0		260	
36	0		0		0		170	
37	0		0		0		125	
38	0		0		0		230	
39	0		0		0		190	
40	0		0		0		240	
41	0		0		0		215	
42	0		0		0		355	
43	0		0		0		145	
44	0		0		0		185	
45	0		0		0		200	
46	0		0		0		105	
47	0		0		0		355	
48	0		0		0		245	
49	0		0		0		210	
50	0		0		0		290	
Store3
1	0		0		0		140	
2	0		0		0		225	
3	0		0		0		125	
4	0		0		0		265	
5	0		0		0		245	
6	0		0		0		250	
7	0		0		0		155	
8	0		0		0		245	
9	0		0		0		45	
10	0		0		0		225	
11	0		0		0		180	
12	0		0		0		185	
13	0		0		0		90	
14	0		0		0		305	
15	0		0		0		190	
16	0		0		0		160	
17	0		0		0		195	
18	0		0		0		130	
19	0		0		0		250	
20	0		0		0		230	
21	0		0		0		270	
22	0		0		0		0	
23	0		0		0		235	
24	0		0		0		135	
25	0		0		0		275	
26	0		0		0		255	
27	0		0		0		175	
28	0		0		0		160	
29	0		0		0		135	
30	0		0		0		130	
31	0		0		0		165	
32	0		0		0		75	
33	0		0		0		170	
34	0		0		0		230	
35	0		0		0		235	
36	0		0		0		195	
37	0		0		0		85	
38	0		0		0		140	
39	0		0		0		295	
40	0		0		0		130	
41	0		0		0		195	
42	0		0		0		75	
43	0		0		0		240	
44	0		0		0		185	
45	0		0		0		185	
46	0		0		0		160	
47	0		0		0		225	
48	0		0		0		185	
49	0		0		0		210	
50	0		0		0		175	
Store4
1	0		0		0		180	
2	0		0		0		200	
3	0		0		0		230	
4	0		0		0		225	
5	0		0		0		240	
6	0		0		0		5	
7	0		0		0		315	
8	0		0		0		200	
9	0		0		0		205	
10	0		0		0		210	
11	0		0		0		395	
12	0		0		0		190	
13	0		0		0		170	
14	0		0		0		185	
15	0		0		0		210	
16	0		0		0		225	
17	0		0		0		230	
18	0		0		0		100	
19	0		0		0		155	
20	0		0		0		140	
21	0		0		0		235	
22	0		0		0		280	
23	0		0		0		130	
24	0		0		0		230	
25	0		0		0		250	
26	0		0		0		140	
27	0		0		0		310	
28	0		0		0		115	
29	0		0		0		285	
30	0		0		0		185	
31	0		0		0		120	
32	0		0		0		180	
33	0		0		0		265	
34	0		0		0		190	
35	0		0		0		235	
36	0		0		0		180	
37	0		0		0		280	
38	0		0		0		280	
39	0		0		0		115	
40	0		0		0		315	
41	0		0		0		215	
42	0		0		0		270	
43	0		0		0		300	
44	0		0		0		325	
45	0		0		0		185	
46	0		0		0		145	
47	0		0		0		310	
48	0		0		0		240	
49	0		0		0		170	
50	0		0		0		115	
Store5
1	0		0		0		200	
2	0		0		0		285	
3	0		0		0		245	
4	0		0		0		165	
5	0		0		0		135	
6	0		0		0		155	
7	0		0		0		330	
8	0		0		0		215	
9	0		0		0		95	
10	0		0		0		95	
11	0		0		0		215	
12	0		0		0		160	
13	0		0		0		240	
14	0		0		0		205	
15	0		0		0		135	
16	0		0		0		255	
17	0		0		0		295	
18	0		0		0		190	
19	0		0		0		160	
20	0		0		0		250	
21	0		0		0		255	
22	0		0		0		145	
23	0		0		0		170	
24	0		0		0		285	
25	0		0		0		170	
26	0		0		0		195	
27	0		0		0		270	
28	0		0		0		195	
29	0		0		0		225	
30	0		0		0		185	
31	0		0		0		190	
32	0		0		0		245	
33	0		0		0		380	
34	0		0		0		160	
35	0		0		0		240	
36	0		0		0		225	
37	0		0		0		285	
38	0		0		0		225	
39	0		0		0		350	
40	0		0		0		250	
41	0		0		0		165	
42	0		0		0		125	
43	0		0		0		285	
44	0		0		0		245	
45	0		0		0		110	
46	0		0		0		240	
47	0		0		0		130	
48	0		0		0		245	
49	0		0		0		175	
50	0		0		0		130	
Store6
1	0		0		0		170	
2	0		0		0		75	
3	0		0		0		200	
4	0		0		0		255	
5	0		0		0		195	
6	0		0		0		185	
7	0		0		0		220	
8	0		0		0		205	
9	0		0		0		130	
10	0		0		0		315	
11	0		0		0		170	
12	0		0		0		165	
13	0		0		0		225	
14	0		0		0		145	
15	0		0		0		210	
16	0		0		0		155	
17	0		0		0		215	
18	0		0		0		235	
19	0		0		0		280	
20	0		0		0		195	
21	0		0		0		195	
22	0		0		0		215	
23	0		0		0		45	
24	0		0		0		225	
25	0		0		0		240	
26	0		0		0		135	
27	0		0		0		310	
28	0		0		0		300	
29	0		0		0		245	
30	0		0		0		155	
31	0		0		0		270	
32	0		0		0		180	
33	0		0		0		325	
34	0		0		0		5	
35	0		0		0		265	
36	0		0		0		180	
37	0		0		0		55	
38	0		0		0		115	
39	0		0		0		305	
40	0		0		0		235	
41	0		0		0		305	
42	0		0		0		80	
43	0		0		0		150	
44	0		0		0		130	
45	0		0		0		215	
46	0		0		0		245	
47	0		0		0		235	
48	0		0		0		150	
49	0		0		0		85	
50	0		0		0		285	
Store7
1	0		0		0		190	
2	0		0		0		215	
3	0		0		0		235	
4	0		0		0		330	
5	0		0		0		380	
6	0		0		0		120	
7	0		0		0		100	
8	0		0		0		60	
9	0		0		0		120	
10	0		0		0		10	
11	0		0		0		225	
12	0		0		0		90	
13	0		0		0		75	
14	0		0		0		110	
15	0		0		0		240	
16	0		0		0		265	
17	0		0		0		230	
18	0		0		0		205	
19	0		0		0		105	
20	0		0		0		305	
21	0		0		0		170	
22	0		0		0		155	
23	0		0		0		370	
24	0		0		0		335	
25	0		0		0		215	
26	0		0		0		120	
27	0		0		0		45	
28	0		0		0		155	
29	0		0		0		385	
30	0		0		0		375	
31	0		0		0		235	
32	0		0		0		190	
33	0		0		0		165	
34	0		0		0		275	
35	0		0		0		70	
36	0		0		0		35	
37	0		0		0		300	
38	0		0		0		190	
39	0		0		0		185	
40	0		0		0		145	
41	0		0		0		35	
42	0		0		0		240	
43	0		0		0		270	
44	0		0		0		165	
45	0		0		0		285	
46	0		0		0		175	
47	0		0		0		170	
48	0		0		0		135	
49	0		0		0		370	
50	0		0		0		175	
Store8
1	0		0		0		270	
2	0		0		0		290	
3	0		0		0		160	
4	0		0		0		265	
5	0		0		0		215	
6	0		0		0		90	
7	0		0		0		155	
8	0		0		0		260	
9	0		0		0		205	
10	0		0		0		190	
11	0		0		0		195	
12	0		0		0		235	
13	0		0		0		130	
14	0		0		0		280	
15	0		0		0		230	
16	0		0		0		200	
17	0		0		0		120	
18	0		0		0		105	
19	0		0		0		150	
20	0		0		0		175	
21	0		0		0		180	
22	0		0		0		150	
23	0		0		0		210	
24	0		0		0		100	
25	0		0		0		250	
26	0		0		0		155	
27	0		0		0		345	
28	0		0		0		260	
29	0		0		0		120	
30	0		0		0		135	
31	0		0		0		205	
32	0		0		0		260	
33	0		0		0		225	
34	0		0		0		330	
35	0		0		0		230	
36	0		0		0		120	
37	0		0		0		130	
38	0		0		0		165	
39	0		0		0		285	
40	0		0		0		140	
41	0		0		0		110	
42	0		0		0		195	
43	0		0		0		190	
44	0		0		0		245	
45	0		0		0		165	
46	0		0		0		245	
47	0		0		0		75	
48	0		0		0		95	
49	0		0		0		155	
50	0		0		0		190	
Store9
1	0		0		0		215	
2	0		0		0		200	
3	0		0		0		0	
4	0		0		0		190	
5	0		0		0		185	
6	0		0		0		230	
7	0		0		0		300	
8	0		0		0		260	
9	0		0		0		280	
10	0		0		0		180	
11	0		0		0		300	
12	0		0		0		240	
13	0		0		0		295	
14	0		0		0		180	
15	0		0		0		125	
16	0		0		0		305	
17	0		0		0		100	
18	0		0		0		265	
19	0		0		0		310	
20	0		0		0		150	
21	0		0		0		70	
22	0		0		0		330	
23	0		0		0		215	
24	0		0		0		95	
25	0		0		0		80	
26	0		0		0		155	
27	0		0		0		325	
28	0		0		0		235	
29	0		0		0		175	
30	0		0		0		250	
31	0		0		0		235	
32	0		0		0		105	
33	0		0		0		175	
34	0		0		0		275	
35	0		0		0		65	
36	0		0		0		230	
37	0		0		0		165	
38	0		0		0		235	
39	0		0		0		155	
40	0		0		0		115	
41	0		0		0		200	
42	0		0		0		140	
43	0		0		0		285	
44	0		0		0		175	
45	0		0		0		195	
46	0		0		0		120	
47	0		0		0		225	
48	0		0		0		155	
49	0		0		0		205	
50	0		0		0		185	
Store10
1	0		0		0		160	
2	0		0		0		245	
3	0		0		0		185	
4	0		0		0		200	
5	0		0		0		100	
6	0		0		0		165	
7	0		0		0		100	
8	0		0		0		380	
9	0		0		0		255	
10	0		0		0		220	
11	0		0		0		245	
12	0		0		0		255	
13	0		0		0		150	
14	0		0		0		270	
15	0		0		0		205	
16	0		0		0		235	
17	0		0		0		120	
18	0		0		0		165	
19	0		0		0		290	
20	0		0		0		200	
21	0		0		0		195	
22	0		0		0		245	
23	0		0		0		245	
24	0		0		0		200	
25	0		0		0		165	
26	0		0		0		215	
27	0		0		0		140	
28	0		0		0		145	
29	0		0		0		265	
30	0		0		0		125	
31	0		0		0		315	
32	0		0		0		270	
33	0		0		0		145	
34	0		0		0		230	
35	0		0		0		160	
36	0		0		0		185	
37	0		0		0		75	
38	0		0		0		255	
39	0		0		0		335	
40	0		0		0		130	
41	0		0		0		245	
42	0		0		0		265	
43	0		0		0		215	
44	0		0		0		145	
45	0		0		0		280	
46	0		0		0		90	
47	0		0		0		185	
48	0		0		0		370	
49	0		0		0		280	
50	0		0		0		210	


Fashion Shipments from Vendor to Warehouse (V T):
0	0	0	2.03857	
0	0	1.634637	0	

Printing New Basic Solution:

Inbound Solution (V P T):
1	1	1	2008
1	2	1	2068
1	3	1	2065
1	4	1	2023
1	5	1	2003
1	6	1	2111
1	7	1	1943
1	8	1	2050
1	9	1	2094
1	10	1	2092
1	11	1	2053
1	12	1	2162
1	13	1	1922
1	14	1	2007
1	15	1	1915
1	16	1	2232
2	17	5	1807
2	18	5	2231
2	19	5	2011
2	20	5	2094
2	21	5	2021
2	22	5	1991
2	23	5	1941
2	24	5	2051
2	25	5	1938
2	26	5	1963
2	27	5	2202
2	28	5	1904
2	29	5	2161
2	30	5	1911
2	31	5	2048
2	32	5	2065
3	33	2	1799
3	34	1	1257
3	34	2	839
3	35	1	800
3	35	2	1200
3	36	1	1952
3	36	2	217
3	37	1	1622
3	37	2	406
3	38	1	1409
3	38	2	605
3	39	1	1474
3	39	2	633
3	40	1	766
3	40	2	1150
3	41	1	1259
3	41	2	840
3	42	1	1469
3	42	2	368
3	43	1	1696
3	43	2	189
3	44	1	1700
3	44	2	426
3	45	1	1152
3	45	2	769
3	46	1	984
3	46	2	984
3	47	1	547
3	47	2	1278
3	48	1	794
3	48	2	1191
3	49	1	643
3	49	2	1501
3	50	1	1515
3	50	2	379


Outbound Solution(S P T):
1	1	2	166
1	2	2	200
1	3	2	179
1	4	2	284
1	5	2	152
1	6	2	191
1	7	2	244
1	8	2	239
1	9	2	259
1	10	2	222
1	11	2	120
1	12	2	231
1	13	2	238
1	14	2	227
1	15	2	250
1	16	2	227
1	17	2	200
1	18	2	205
1	19	2	199
1	20	2	167
1	21	2	240
1	22	2	199
1	23	2	212
1	24	2	221
1	25	2	136
1	26	2	108
1	27	2	245
1	28	2	176
1	29	2	195
1	30	2	205
1	31	2	256
1	32	2	230
1	33	2	245
1	34	2	131
1	35	2	205
1	36	2	240
1	37	2	240
1	38	2	187
1	39	2	148
1	40	2	194
1	41	2	194
1	42	2	157
1	43	2	184
1	44	2	197
1	45	2	187
1	46	2	182
1	47	2	259
1	48	2	189
1	49	2	284
1	50	2	199
2	1	1	242
2	2	1	206
2	3	1	188
2	4	1	187
2	5	1	221
2	6	1	263
2	7	1	185
2	8	1	212
2	9	1	259
2	10	1	172
2	11	1	234
2	12	1	187
2	13	1	206
2	14	1	204
2	15	1	193
2	16	1	276
2	17	1	128
2	18	1	206
2	19	1	239
2	20	1	176
2	21	1	160
2	22	1	198
2	23	1	182
2	24	1	183
2	25	1	137
2	26	1	257
2	27	1	243
2	28	1	145
2	29	1	212
2	30	1	238
2	31	1	228
2	32	1	219
2	33	1	246
2	34	1	194
2	35	1	246
2	36	1	226
2	37	1	194
2	38	1	141
2	39	1	203
2	40	1	204
2	41	1	256
2	42	1	262
2	43	1	295
2	44	1	256
2	45	1	224
2	46	1	203
2	47	1	173
2	48	1	184
2	49	1	200
2	50	1	159
3	1	1	159
3	2	1	235
3	3	1	222
3	4	1	124
3	5	1	141
3	6	1	230
3	7	1	126
3	8	1	222
3	9	1	107
3	10	1	173
3	11	1	212
3	12	1	236
3	13	1	153
3	14	1	194
3	15	1	166
3	16	1	226
3	17	1	213
3	18	1	218
3	19	1	169
3	20	1	231
3	21	1	197
3	22	1	211
3	23	1	167
3	24	1	191
3	25	1	213
3	26	1	241
3	27	1	203
3	28	1	172
3	29	1	179
3	30	1	161
3	31	1	217
3	32	1	201
3	33	1	209
3	34	1	218
3	35	1	113
3	36	1	239
3	37	1	203
3	38	1	165
3	39	1	206
3	40	1	203
3	41	1	201
3	42	1	203
3	43	1	199
3	44	1	167
3	45	1	143
3	46	1	181
3	47	1	169
3	48	1	212
3	49	1	196
3	50	1	217
4	1	2	161
4	2	2	187
4	3	2	222
4	4	2	208
4	5	2	198
4	6	2	287
4	7	2	149
4	8	2	166
4	9	2	289
4	10	2	195
4	11	2	262
4	12	2	188
4	13	2	232
4	14	2	218
4	15	2	173
4	16	2	218
4	17	2	185
4	18	2	213
4	19	2	189
4	20	2	201
4	21	2	181
4	22	2	211
4	23	2	232
4	24	2	184
4	25	2	184
4	26	2	227
4	27	2	197
4	28	2	135
4	29	2	219
4	30	2	175
4	31	2	240
4	32	2	281
4	33	2	103
4	34	2	221
4	35	2	189
4	36	2	228
4	37	2	183
4	38	2	193
4	39	2	249
4	40	2	187
4	41	2	225
4	42	2	93
4	43	2	185
4	44	2	227
4	45	2	161
4	46	2	214
4	47	2	180
4	48	2	183
4	49	2	237
4	50	2	176
5	1	2	177
5	2	2	167
5	3	2	228
5	4	2	186
5	5	2	219
5	6	2	183
5	7	2	214
5	8	2	223
5	9	2	227
5	10	2	276
5	11	2	220
5	12	2	201
5	13	2	188
5	14	2	125
5	15	2	164
5	16	2	200
5	17	2	174
5	18	2	246
5	19	2	209
5	20	2	284
5	21	2	192
5	22	2	155
5	23	2	231
5	24	2	149
5	25	2	210
5	26	2	187
5	27	2	205
5	28	2	202
5	29	2	203
5	30	2	242
5	31	2	144
5	32	2	161
5	33	2	196
5	34	2	234
5	35	2	249
5	36	2	269
5	37	2	204
5	38	2	165
5	39	2	214
5	40	2	170
5	41	2	182
5	42	2	241
5	43	2	185
5	44	2	204
5	45	2	231
5	46	2	189
5	47	2	220
5	48	2	215
5	49	2	202
5	50	2	147
6	1	1	174
6	2	1	237
6	3	1	192
6	4	1	195
6	5	1	252
6	6	1	200
6	7	1	210
6	8	1	205
6	9	1	181
6	10	1	193
6	11	1	200
6	12	1	249
6	13	1	180
6	14	1	220
6	15	1	181
6	16	1	152
6	17	1	166
6	18	1	214
6	19	1	229
6	20	1	218
6	21	1	234
6	22	1	145
6	23	1	222
6	24	1	260
6	25	1	214
6	26	1	192
6	27	1	262
6	28	1	205
6	29	1	193
6	30	1	175
6	31	1	193
6	32	1	145
6	33	1	163
6	34	1	214
6	35	1	229
6	36	1	207
6	37	1	247
6	38	1	273
6	39	1	230
6	40	1	174
6	41	1	248
6	42	1	215
6	43	1	145
6	44	1	234
6	45	1	178
6	46	1	194
6	47	1	157
6	48	1	166
6	49	1	198
6	50	1	186
7	1	1	237
7	2	1	206
7	3	1	222
7	4	1	210
7	5	1	225
7	6	1	127
7	7	1	238
7	8	1	180
7	9	1	186
7	10	1	193
7	11	1	218
7	12	1	245
7	13	1	217
7	14	1	185
7	15	1	226
7	16	1	225
7	17	1	179
7	18	1	246
7	19	1	205
7	20	1	239
7	21	1	247
7	22	1	224
7	23	1	222
7	24	1	218
7	25	1	215
7	26	1	175
7	27	1	245
7	28	1	229
7	29	1	253
7	30	1	200
7	31	1	121
7	32	1	199
7	33	1	132
7	34	1	180
7	35	1	149
7	36	1	149
7	37	1	164
7	38	1	192
7	39	1	217
7	40	1	211
7	41	1	239
7	42	1	210
7	43	1	196
7	44	1	267
7	45	1	210
7	46	1	168
7	47	1	141
7	48	1	207
7	49	1	201
7	50	1	168
8	1	2	209
8	2	2	220
8	3	2	189
8	4	2	155
8	5	2	208
8	6	2	223
8	7	2	226
8	8	2	169
8	9	2	191
8	10	2	228
8	11	2	219
8	12	2	186
8	13	2	117
8	14	2	257
8	15	2	171
8	16	2	230
8	17	2	176
8	18	2	268
8	19	2	229
8	20	2	154
8	21	2	158
8	22	2	273
8	23	2	179
8	24	2	237
8	25	2	192
8	26	2	163
8	27	2	237
8	28	2	215
8	29	2	244
8	30	2	183
8	31	2	204
8	32	2	227
8	33	2	149
8	34	2	253
8	35	2	243
8	36	2	205
8	37	2	212
8	38	2	217
8	39	2	187
8	40	2	218
8	41	2	199
8	42	2	157
8	43	2	143
8	44	2	191
8	45	2	192
8	46	2	197
8	47	2	212
8	48	2	220
8	49	2	229
8	50	2	193
9	1	1	266
9	2	1	191
9	3	1	199
9	4	1	243
9	5	1	163
9	6	1	196
9	7	1	171
9	8	1	193
9	9	1	169
9	10	1	184
9	11	1	235
9	12	1	197
9	13	1	160
9	14	1	184
9	15	1	221
9	16	1	240
9	17	1	160
9	18	1	226
9	19	1	145
9	20	1	229
9	21	1	255
9	22	1	186
9	23	1	164
9	24	1	174
9	25	1	246
9	26	1	196
9	27	1	211
9	28	1	208
9	29	1	261
9	30	1	172
9	31	1	239
9	32	1	193
9	33	1	172
9	34	1	207
9	35	1	192
9	36	1	206
9	37	1	151
9	38	1	221
9	39	1	239
9	40	1	135
9	41	1	212
9	42	1	137
9	43	1	174
9	44	1	207
9	45	1	210
9	46	1	179
9	47	1	136
9	48	1	151
9	49	1	184
9	50	1	195
10	1	1	187
10	1	5	30
10	2	1	171
10	2	5	48
10	3	1	183
10	3	5	41
10	4	1	179
10	4	5	52
10	5	1	186
10	5	5	38
10	6	1	202
10	6	5	9
10	7	1	137
10	7	5	43
10	8	1	226
10	8	5	15
10	9	1	147
10	9	5	79
10	10	1	208
10	10	5	48
10	11	1	79
10	11	5	54
10	12	1	192
10	12	5	50
10	13	1	182
10	13	5	49
10	14	1	158
10	14	5	35
10	15	1	147
10	15	5	23
10	16	1	197
10	16	5	41
10	17	1	173
10	17	5	53
10	18	1	150
10	18	5	39
10	19	1	152
10	19	5	46
10	20	1	169
10	20	5	26
10	21	1	112
10	21	5	45
10	22	1	166
10	22	5	23
10	23	1	84
10	23	5	46
10	24	1	172
10	24	5	62
10	25	1	132
10	25	5	59
10	26	1	159
10	26	5	58
10	27	1	139
10	27	5	15
10	28	1	155
10	28	5	62
10	29	1	171
10	29	5	31
10	30	1	139
10	30	5	21
10	31	1	125
10	31	5	81
10	32	1	182
10	32	5	27
10	33	1	173
10	33	5	11
10	34	1	198
10	34	5	46
10	35	1	150
10	35	5	35
10	36	1	170
10	36	5	30
10	37	1	202
10	37	5	28
10	38	1	192
10	38	5	68
10	39	1	184
10	39	5	30
10	40	1	173
10	40	5	47
10	41	1	136
10	41	5	7
10	42	1	126
10	42	5	36
10	43	1	141
10	43	5	38
10	44	1	124
10	44	5	52
10	45	1	145
10	45	5	40
10	46	1	203
10	46	5	58
10	47	1	167
10	47	5	11
10	48	1	213
10	48	5	45
10	49	1	186
10	49	5	27
10	50	1	181
10	50	5	73


Warehouse Inventory (W P T):
1	0		743		30		30		30		0	
2	0		822		48		48		48		0	
3	0		859		41		41		41		0	
4	0		885		52		52		52		0	
5	0		815		38		38		38		0	
6	0		893		9		9		9		0	
7	0		876		43		43		43		0	
8	0		812		15		15		15		0	
9	0		1045		79		79		79		0	
10	0		969		48		48		48		0	
11	0		875		54		54		54		0	
12	0		856		50		50		50		0	
13	0		824		49		49		49		0	
14	0		862		35		35		35		0	
15	0		781		23		23		23		0	
16	0		916		41		41		41		0	
17	1754		735		0		0		0		1754	
18	2192		932		0		0		0		2192	
19	1965		826		0		0		0		1965	
20	2068		806		0		0		0		2068	
21	1976		771		0		0		0		1976	
22	1968		838		0		0		0		1968	
23	1895		854		0		0		0		1895	
24	1989		791		0		0		0		1989	
25	1879		722		0		0		0		1879	
26	1905		685		0		0		0		1905	
27	2187		884		0		0		0		2187	
28	1842		728		0		0		0		1842	
29	2130		861		0		0		0		2130	
30	1890		805		0		0		0		1890	
31	1967		844		0		0		0		1967	
32	2038		899		0		0		0		2038	
33	1095		0		1106		1106		1106		1095	
34	0		46		46		46		46		0	
35	279		0		314		314		314		279	
36	0		755		30		30		30		0	
37	0		461		28		28		28		0	
38	0		225		68		68		68		0	
39	0		195		30		30		30		0	
40	334		0		381		381		381		334	
41	33		0		40		40		40		33	
42	0		316		36		36		36		0	
43	0		546		38		38		38		0	
44	0		445		52		52		52		0	
45	0		42		40		40		40		0	
46	144		0		202		202		202		144	
47	396		0		407		407		407		396	
48	339		0		384		384		384		339	
49	522		0		549		549		549		522	
50	0		409		73		73		73		0	

Store Inventory (S P T):
Store1
1	32		0		149		125		84		32	
2	32		0		145		104		61		32	
3	20		0		139		110		62		20	
4	58		0		284		236		146		58	
5	32		0		111		97		66		32	
6	49		0		149		90		77		49	
7	63		0		226		175		124		63	
8	54		0		184		155		124		54	
9	58		0		205		158		113		58	
10	19		0		173		101		71		19	
11	19		0		101		84		43		19	
12	61		0		169		134		105		61	
13	30		0		180		113		70		30	
14	68		0		190		169		116		68	
15	65		0		213		143		97		65	
16	31		0		176		138		105		31	
17	53		0		151		124		77		53	
18	62		0		161		121		81		62	
19	35		0		169		123		72		35	
20	30		0		156		113		70		30	
21	33		0		195		165		85		33	
22	53		0		171		160		95		53	
23	57		0		165		126		88		57	
24	31		0		158		117		82		31	
25	0		0		122		82		44		0	
26	3		0		78		45		38		3	
27	34		0		182		146		76		34	
28	23		0		141		105		74		23	
29	55		0		162		119		78		55	
30	49		0		153		120		92		49	
31	77		0		204		179		124		77	
32	60		0		199		191		122		60	
33	57		0		200		143		100		57	
34	23		0		89		56		43		23	
35	31		0		159		98		72		31	
36	37		0		195		141		104		37	
37	23		0		179		118		67		23	
38	26		0		148		102		58		26	
39	22		0		123		84		72		22	
40	37		0		149		121		81		37	
41	62		0		163		137		111		62	
42	34		0		131		75		58		34	
43	31		0		149		110		61		31	
44	26		0		136		77		57		26	
45	63		0		159		117		66		63	
46	25		0		109		109		66		25	
47	68		0		219		167		117		68	
48	36		0		139		114		51		36	
49	65		0		219		148		111		65	
50	34		0		162		101		88		34	
Store2
1	0		208		144		101		61		0	
2	0		165		95		74		42		0	
3	0		130		86		54		28		0	
4	0		150		127		89		47		0	
5	0		177		132		78		40		0	
6	0		197		144		85		50		0	
7	0		137		107		74		57		0	
8	0		166		136		94		40		0	
9	0		206		156		82		32		0	
10	0		132		101		76		25		0	
11	0		209		151		84		38		0	
12	0		156		108		86		19		0	
13	0		178		124		57		31		0	
14	0		180		131		84		66		0	
15	0		154		149		67		32		0	
16	0		217		192		130		69		0	
17	0		110		67		53		41		0	
18	0		133		121		84		47		0	
19	0		172		129		75		36		0	
20	0		132		117		86		44		0	
21	0		130		113		63		36		0	
22	0		143		102		65		23		0	
23	0		161		119		59		28		0	
24	0		146		102		54		14		0	
25	0		95		77		46		29		0	
26	0		209		135		74		30		0	
27	0		201		141		117		68		0	
28	0		131		90		68		41		0	
29	0		175		106		85		24		0	
30	0		190		129		89		38		0	
31	0		189		116		55		46		0	
32	0		178		109		81		48		0	
33	0		201		142		87		57		0	
34	0		143		105		66		61		0	
35	0		183		144		103		42		0	
36	0		179		151		69		19		0	
37	0		149		113		80		44		0	
38	0		122		78		47		29		0	
39	0		146		96		53		17		0	
40	0		160		106		82		44		0	
41	0		201		143		81		40		0	
42	0		209		167		105		33		0	
43	0		201		164		81		59		0	
44	0		227		155		112		71		0	
45	0		167		131		104		49		0	
46	0		183		138		73		47		0	
47	0		132		93		66		35		0	
48	0		149		111		111		67		0	
49	0		170		137		89		64		0	
50	0		117		80		56		30		0	
Store3
1	0		124		117		89		66		0	
2	0		220		138		92		44		0	
3	0		182		125		81		28		0	
4	0		104		65		47		22		0	
5	0		108		84		80		36		0	
6	0		201		158		100		52		0	
7	0		102		73		50		37		0	
8	0		193		150		113		45		0	
9	0		70		35		16		13		0	
10	0		116		89		68		31		0	
11	0		189		136		94		25		0	
12	0		165		130		73		22		0	
13	0		115		83		66		51		0	
14	0		156		124		76		67		0	
15	0		73		33		33		27		0	
16	0		175		143		105		54		0	
17	0		175		136		74		25		0	
18	0		191		151		83		49		0	
19	0		123		123		85		43		0	
20	0		184		122		71		29		0	
21	0		139		112		60		41		0	
22	0		160		100		35		24		0	
23	0		113		93		71		57		0	
24	0		143		107		72		49		0	
25	0		179		153		105		66		0	
26	0		202		169		148		71		0	
27	0		174		149		99		44		0	
28	0		129		95		64		49		0	
29	0		165		126		98		48		0	
30	0		117		95		60		39		0	
31	0		186		106		91		37		0	
32	0		182		152		104		76		0	
33	0		159		121		63		26		0	
34	0		198		124		78		44		0	
35	0		76		54		51		32		0	
36	0		168		127		60		21		0	
37	0		146		92		85		48		0	
38	0		151		64		49		23		0	
39	0		175		139		97		43		0	
40	0		145		124		71		41		0	
41	0		157		120		66		38		0	
42	0		187		156		73		40		0	
43	0		137		85		45		4		0	
44	0		165		131		86		32		0	
45	0		97		74		59		49		0	
46	0		143		113		60		15		0	
47	0		120		104		56		28		0	
48	0		167		150		111		58		0	
49	0		150		142		94		49		0	
50	0		145		97		77		43		0	
Store4
1	28		0		133		109		66		28	
2	40		0		138		111		82		40	
3	35		0		173		139		77		35	
4	43		0		171		138		77		43	
5	30		0		154		107		65		30	
6	74		0		224		172		126		74	
7	17		0		105		56		40		17	
8	0		0		115		72		35		0	
9	55		0		269		220		135		55	
10	34		0		153		123		69		34	
11	48		0		217		148		87		48	
12	51		0		135		107		73		51	
13	35		0		173		132		78		35	
14	66		0		193		165		111		66	
15	32		0		142		80		78		32	
16	32		0		188		142		94		32	
17	29		0		152		117		75		29	
18	36		0		165		141		81		36	
19	40		0		146		116		77		40	
20	54		0		173		144		99		54	
21	29		0		132		94		53		29	
22	38		0		157		103		66		38	
23	89		0		184		124		99		89	
24	29		0		169		98		54		29	
25	0		0		129		67		29		0	
26	23		0		161		133		76		23	
27	41		0		133		100		73		41	
28	11		0		85		64		29		11	
29	47		0		172		147		98		47	
30	44		0		161		126		80		44	
31	57		0		183		164		112		57	
32	57		0		243		188		123		57	
33	15		0		99		74		50		15	
34	24		0		160		102		75		24	
35	28		0		150		110		76		28	
36	59		0		207		125		96		59	
37	61		0		179		149		112		61	
38	63		0		159		123		90		63	
39	62		0		190		149		116		62	
40	53		0		146		96		74		53	
41	30		0		179		122		86		30	
42	33		0		46		38		38		33	
43	45		0		132		118		72		45	
44	40		0		185		143		85		40	
45	43		0		142		81		67		43	
46	56		0		153		110		93		56	
47	38		0		151		115		96		38	
48	19		0		123		85		37		19	
49	43		0		184		122		85		43	
50	33		0		149		119		81		33	
Store5
1	36		0		115		103		71		36	
2	46		0		153		127		69		46	
3	60		0		191		146		100		60	
4	43		0		158		114		65		43	
5	56		0		179		145		86		56	
6	28		0		145		73		47		28	
7	21		0		171		121		61		21	
8	53		0		171		113		82		53	
9	50		0		196		144		89		50	
10	63		0		243		188		122		63	
11	31		0		166		129		97		31	
12	56		0		152		134		72		56	
13	67		0		152		128		93		67	
14	18		0		83		81		58		18	
15	9		0		135		99		57		9	
16	70		0		170		152		102		70	
17	34		0		148		118		93		34	
18	51		0		202		160		103		51	
19	50		0		184		152		102		50	
20	54		0		222		163		114		54	
21	56		0		162		113		79		56	
22	23		0		109		84		53		23	
23	23		0		159		125		90		23	
24	6		0		109		70		45		6	
25	35		0		156		124		88		35	
26	49		0		175		129		90		49	
27	51		0		154		141		86		51	
28	50		0		160		117		76		50	
29	24		0		170		115		59		24	
30	70		0		173		126		114		70	
31	35		0		116		58		46		35	
32	18		0		116		72		39		18	
33	15		0		155		99		43		15	
34	63		0		192		141		89		63	
35	49		0		191		101		90		49	
36	62		0		211		163		98		62	
37	29		0		138		105		51		29	
38	19		0		117		99		75		19	
39	19		0		165		103		60		19	
40	9		0		150		113		68		9	
41	49		0		169		114		81		49	
42	43		0		176		140		95		43	
43	31		0		158		125		49		31	
44	50		0		175		113		100		50	
45	57		0		178		141		88		57	
46	0		0		138		89		33		0	
47	20		0		151		92		41		20	
48	39		0		155		130		85		39	
49	41		0		158		133		108		41	
50	28		0		122		88		47		28	
Store6
1	0		134		98		58		26		0	
2	0		178		122		58		42		0	
3	0		156		120		82		40		0	
4	0		150		150		79		38		0	
5	0		174		130		72		31		0	
6	0		178		130		85		33		0	
7	0		183		159		117		57		0	
8	0		142		118		101		64		0	
9	0		153		114		87		52		0	
10	0		165		123		76		56		0	
11	0		174		121		105		53		0	
12	0		170		147		98		47		0	
13	0		144		106		67		32		0	
14	0		163		95		40		11		0	
15	0		157		133		93		59		0	
16	0		113		84		45		19		0	
17	0		132		95		73		32		0	
18	0		178		157		107		57		0	
19	0		185		116		73		41		0	
20	0		166		126		82		48		0	
21	0		179		130		74		26		0	
22	0		127		70		58		30		0	
23	0		186		129		85		38		0	
24	0		209		133		82		52		0	
25	0		173		146		99		45		0	
26	0		160		127		103		69		0	
27	0		195		148		62		16		0	
28	0		179		140		86		55		0	
29	0		160		108		55		32		0	
30	0		139		114		76		36		0	
31	0		153		134		106		60		0	
32	0		120		84		58		39		0	
33	0		162		107		73		34		0	
34	0		173		119		80		31		0	
35	0		194		150		103		51		0	
36	0		154		99		53		18		0	
37	0		180		151		90		37		0	
38	0		218		165		78		54		0	
39	0		193		125		77		39		0	
40	0		136		81		49		30		0	
41	0		189		144		104		52		0	
42	0		140		109		70		30		0	
43	0		133		98		57		22		0	
44	0		154		74		45		11		0	
45	0		140		103		82		42		0	
46	0		165		111		95		50		0	
47	0		139		103		59		37		0	
48	0		134		101		86		42		0	
49	0		165		137		77		8		0	
50	0		147		114		63		27		0	
Store7
1	0		208		132		108		46		0	
2	0		181		109		57		48		0	
3	0		168		148		91		57		0	
4	0		158		106		63		29		0	
5	0		196		137		84		54		0	
6	0		105		90		69		39		0	
7	0		183		120		88		42		0	
8	0		145		93		64		19		0	
9	0		165		135		98		55		0	
10	0		162		100		97		61		0	
11	0		148		128		67		36		0	
12	0		179		129		104		47		0	
13	0		197		117		75		37		0	
14	0		122		91		53		35		0	
15	0		144		134		89		65		0	
16	0		167		113		60		10		0	
17	0		152		108		64		48		0	
18	0		202		146		82		55		0	
19	0		147		102		56		47		0	
20	0		184		154		120		57		0	
21	0		176		155		115		60		0	
22	0		151		145		106		64		0	
23	0		187		138		109		42		0	
24	0		173		135		95		34		0	
25	0		199		166		141		91		0	
26	0		151		118		69		34		0	
27	0		180		122		76		42		0	
28	0		196		138		90		53		0	
29	0		200		131		89		47		0	
30	0		180		134		90		53		0	
31	0		113		92		43		18		0	
32	0		160		146		118		46		0	
33	0		111		86		53		1		0	
34	0		138		106		65		20		0	
35	0		121		78		27		25		0	
36	0		127		73		43		43		0	
37	0		126		83		42		19		0	
38	0		139		111		72		42		0	
39	0		161		123		108		64		0	
40	0		156		103		64		31		0	
41	0		224		191		116		62		0	
42	0		163		114		75		31		0	
43	0		170		115		80		25		0	
44	0		207		156		113		54		0	
45	0		158		105		94		58		0	
46	0		117		88		53		32		0	
47	0		119		85		57		37		0	
48	0		175		136		80		39		0	
49	0		175		125		75		39		0	
50	0		129		91		91		61		0	
Store8
1	56		0		161		119		109		56	
2	20		0		173		118		73		20	
3	40		0		182		138		58		40	
4	22		0		127		101		46		22	
5	42		0		136		94		62		42	
6	44		0		179		115		77		44	
7	46		0		181		134		84		46	
8	9		0		114		66		33		9	
9	32		0		176		152		94		32	
10	38		0		185		139		92		38	
11	51		0		184		125		74		51	
12	32		0		149		131		69		32	
13	45		0		94		75		45		45	
14	58		0		187		122		99		58	
15	26		0		129		108		59		26	
16	42		0		191		142		66		42	
17	60		0		158		113		98		60	
18	52		0		226		198		131		52	
19	49		0		176		124		95		49	
20	12		0		110		60		32		12	
21	30		0		143		114		60		30	
22	65		0		208		180		115		65	
23	19		0		151		120		83		19	
24	46		0		198		141		97		46	
25	20		0		149		69		47		20	
26	14		0		126		95		59		14	
27	58		0		194		133		96		58	
28	28		0		178		133		89		28	
29	29		0		196		139		85		29	
30	47		0		137		104		64		47	
31	50		0		165		140		95		50	
32	42		0		176		138		83		42	
33	42		0		134		105		51		42	
34	61		0		222		159		121		61	
35	30		0		209		155		90		30	
36	31		0		157		89		42		31	
37	11		0		159		109		48		11	
38	46		0		160		127		90		46	
39	49		0		155		120		92		49	
40	45		0		147		112		66		45	
41	59		0		152		126		91		59	
42	33		0		102		73		33		33	
43	54		0		138		107		69		54	
44	22		0		155		118		78		22	
45	26		0		129		91		44		26	
46	35		0		167		112		77		35	
47	47		0		161		123		86		47	
48	41		0		169		144		86		41	
49	58		0		181		146		107		58	
50	50		0		166		134		81		50	
Store9
1	0		238		173		124		65		0	
2	0		170		136		71		36		0	
3	0		151		85		35		0		0	
4	0		186		156		106		82		0	
5	0		145		125		103		61		0	
6	0		149		118		97		41		0	
7	0		130		93		45		0		0	
8	0		142		87		54		17		0	
9	0		136		100		67		39		0	
10	0		143		107		46		19		0	
11	0		183		133		72		31		0	
12	0		161		151		105		66		0	
13	0		118		84		37		22		0	
14	0		146		100		66		29		0	
15	0		206		130		115		48		0	
16	0		204		158		102		58		0	
17	0		147		105		69		24		0	
18	0		175		130		81		54		0	
19	0		108		68		48		3		0	
20	0		170		116		88		41		0	
21	0		196		117		82		33		0	
22	0		158		112		87		31		0	
23	0		118		60		47		5		0	
24	0		138		117		62		55		0	
25	0		224		192		120		65		0	
26	0		171		152		115		54		0	
27	0		167		131		78		43		0	
28	0		170		121		77		60		0	
29	0		222		155		75		52		0	
30	0		127		72		31		13		0	
31	0		169		117		56		36		0	
32	0		155		118		72		30		0	
33	0		129		93		93		48		0	
34	0		162		134		87		36		0	
35	0		146		105		64		48		0	
36	0		165		124		68		28		0	
37	0		140		116		84		36		0	
38	0		197		152		93		50		0	
39	0		195		165		130		66		0	
40	0		110		87		43		30		0	
41	0		167		123		80		33		0	
42	0		118		116		46		28		0	
43	0		147		120		87		26		0	
44	0		180		146		96		43		0	
45	0		151		106		72		23		0	
46	0		139		109		64		33		0	
47	0		86		37		31		8		0	
48	0		126		94		48		29		0	
49	0		122		88		53		9		0	
50	0		177		113		87		47		0	
Store10
1	0		121		80		39		9		0	
2	10		151		86		48		0		10	
3	0		146		108		81		40		0	
4	0		116		89		71		19		0	
5	0		163		132		55		17		0	
6	0		154		127		61		52		0	
7	43		143		82		43		0		43	
8	0		151		102		60		45		0	
9	42		140		106		79		0		42	
10	18		179		117		48		0		18	
11	50		113		91		54		0		50	
12	22		169		112		50		0		22	
13	15		155		95		49		0		15	
14	1		92		49		35		0		1	
15	1		111		65		23		0		1	
16	0		156		101		56		15		0	
17	23		132		109		53		0		23	
18	20		128		86		39		0		20	
19	25		127		82		46		0		25	
20	0		128		90		59		33		0	
21	36		93		63		45		0		36	
22	0		152		89		36		13		0	
23	29		107		56		46		0		29	
24	20		158		102		62		0		20	
25	45		135		98		59		0		45	
26	25		143		109		58		0		25	
27	0		92		72		25		10		0	
28	8		146		108		62		0		8	
29	0		109		71		54		23		0	
30	0		93		64		21		0		0	
31	54		176		138		81		0		54	
32	0		116		85		30		3		0	
33	0		125		79		32		21		0	
34	0		135		72		47		1		0	
35	0		110		82		39		4		0	
36	0		123		64		36		6		0	
37	0		144		100		46		18		0	
38	0		165		118		73		5		0	
39	0		132		79		35		5		0	
40	5		152		87		47		0		5	
41	0		114		69		41		34		0	
42	0		100		78		38		2		0	
43	0		111		100		47		9		0	
44	36		107		82		52		0		36	
45	0		119		72		45		5		0	
46	4		139		101		58		0		4	
47	0		122		88		27		16		0	
48	18		167		106		45		0		18	
49	0		137		108		53		26		0	
50	31		149		119		73		0		31	


Shipments from Vendor to Warehouse (V T):
0.9408394	0	0	0	0	
0	0	0	0	0.8452654	
0.9496287	0.645656	0	0	0	

Shipments from Warehouse to Stores (S T):
1	2	0.335814
1	5	0.3784634
2	1	0.358718
2	5	0.3851767
3	1	0.3205633
3	5	0.3336067
4	2	0.335018
4	5	0.3852333
5	2	0.3430286
5	5	0.38314
6	1	0.3418994
6	5	0.3465666
7	1	0.3359113
7	5	0.3583967
8	2	0.3391713
8	5	0.3509
9	1	0.324906
9	5	0.3736966
10	1	0.2797233
10	5	0.4446627


Required Putaway workers (Sol T):
3	1	3	3	2	

No of required pickers (T):
8	6	0	0	13	

No of part-time putaway workers (T):
1	0	1	1	0	

No of part-time pickers (T):
0	0	0	0	4	

Best Putaway Technology: 2400
Best Picking Technology: 1000

Required Fashion Putaway Hours:
0	0	21.05833	20.8	0	

Required Basic Putaway Hours:
22.41125	6.155833	0	0	13.47458	

Required Total Putaway Hours:
22.41125	6.155833	21.05833	20.8	13.47458	

No of required fashion pick hours:
0	0	0	0	100.46	

No of required basic pick hours:
58.32	40.549	0	0	2.031	

No of required total pick hours:
58.32	40.549	0	0	102.491	

List of all the costs: 
MHECost		481
PutawayTechCost		3540
PickingTechCost		9130
WhBasicInvCost		784.7799
BasicInbCost		6789.52
WhFashionInvCost		1510
FashionInbCost		13178.11
PutawayCost		3920
StoreBasicInvCost		9684.751
StoreFashionInvCost		5023
OutboundCost		19190.4
PickingCost		15360
Total		88591.56

List of Top5 Technologies: 
Tech1		3	6	$ 88591.56
Tech2		4	6	$ 94549.31
Tech3		5	6	$ 102130.7
Tech4		5	1	$ 182746.8
Tech5		1	1	$ 209738.6
The start time is 12/18/2014 3:38:55 PM
The End time is 12/18/2014 3:39:35 PM
