Printing New Fashion Solution:

Inbound Fashion Solution (V F T):
1	1	4	4770
1	2	4	5225
1	3	4	5565
1	4	4	5020
1	5	2	4925
1	6	4	4530
1	7	2	3520
1	8	2	5630
1	9	2	4415
1	10	4	3565


Outbound Fashion Solution(S F T):
1	1	5	1545
1	2	5	1335
1	3	5	1145
1	4	5	950
1	5	5	1165
1	6	5	1365
1	7	5	1160
1	8	5	2240
1	9	5	1060
1	10	5	1275
2	1	5	1150
2	2	5	1180
2	3	5	1455
2	4	5	1265
2	5	5	1160
2	6	5	770
2	7	5	375
2	8	5	360
2	9	5	995
2	10	5	755
3	1	5	410
3	2	5	1435
3	3	5	835
3	4	5	665
3	5	5	755
3	6	5	695
3	7	5	740
3	8	5	960
3	9	5	980
3	10	5	490
4	1	5	1130
4	2	5	630
4	3	5	805
4	4	5	1090
4	5	5	1355
4	6	5	510
4	7	5	615
4	8	5	1110
4	9	5	770
4	10	5	440
5	1	5	535
5	2	5	645
5	3	5	1325
5	4	5	1050
5	5	5	490
5	6	5	1190
5	7	5	630
5	8	5	960
5	9	5	610
5	10	5	605


Warehouse Fashion Inventory (W F T):
1	0		0		0		4770		0	
2	0		0		0		5225		0	
3	0		0		0		5565		0	
4	0		0		0		5020		0	
5	0		4925		4925		4925		0	
6	0		0		0		4530		0	
7	0		3520		3520		3520		0	
8	0		5630		5630		5630		0	
9	0		4415		4415		4415		0	
10	0		0		0		3565		0	

Store Fashion Inventory (S F T):
Store1
1	0		0		0		1545	
2	0		0		0		1335	
3	0		0		0		1145	
4	0		0		0		950	
5	0		0		0		1165	
6	0		0		0		1365	
7	0		0		0		1160	
8	0		0		0		2240	
9	0		0		0		1060	
10	0		0		0		1275	
Store2
1	0		0		0		1150	
2	0		0		0		1180	
3	0		0		0		1455	
4	0		0		0		1265	
5	0		0		0		1160	
6	0		0		0		770	
7	0		0		0		375	
8	0		0		0		360	
9	0		0		0		995	
10	0		0		0		755	
Store3
1	0		0		0		410	
2	0		0		0		1435	
3	0		0		0		835	
4	0		0		0		665	
5	0		0		0		755	
6	0		0		0		695	
7	0		0		0		740	
8	0		0		0		960	
9	0		0		0		980	
10	0		0		0		490	
Store4
1	0		0		0		1130	
2	0		0		0		630	
3	0		0		0		805	
4	0		0		0		1090	
5	0		0		0		1355	
6	0		0		0		510	
7	0		0		0		615	
8	0		0		0		1110	
9	0		0		0		770	
10	0		0		0		440	
Store5
1	0		0		0		535	
2	0		0		0		645	
3	0		0		0		1325	
4	0		0		0		1050	
5	0		0		0		490	
6	0		0		0		1190	
7	0		0		0		630	
8	0		0		0		960	
9	0		0		0		610	
10	0		0		0		605	


Fashion Shipments from Vendor to Warehouse (V T):
0	0.50944	0	0.8167533	

Printing New Basic Solution:

Inbound Solution (V P T):
1	1	1	2344
1	1	3	3392
1	2	1	3479
1	2	3	1854
1	3	1	4309
1	3	3	1010
1	4	1	4924
1	4	3	736
1	5	1	2158
1	5	3	3552
1	6	1	3039
1	6	3	1924
1	7	1	963
1	7	3	4268
1	8	3	5332
1	9	1	2786
1	9	3	1798
1	10	1	1232
1	10	3	3955


Outbound Solution(S P T):
1	1	1	1552
1	2	1	1044
1	3	1	996
1	4	1	939
1	5	1	828
1	6	1	1240
1	7	1	875
1	8	1	1184
1	9	1	1015
1	10	1	894
2	1	1	1112
2	2	1	1143
2	3	1	1171
2	4	1	1085
2	5	1	1283
2	6	1	814
2	7	1	1046
2	8	1	1060
2	9	1	767
2	10	1	1002
3	1	3	933
3	2	3	844
3	3	3	1141
3	4	3	1088
3	5	3	1397
3	6	3	1219
3	7	3	1088
3	8	3	1121
3	9	3	1016
3	10	3	1227
4	1	1	1123
4	2	1	974
4	3	1	1140
4	4	1	1191
4	5	1	1192
4	6	1	744
4	7	1	1149
4	8	1	985
4	9	1	789
4	10	1	994
5	1	3	1016
5	2	3	1328
5	3	3	871
5	4	3	1357
5	5	3	1010
5	6	3	946
5	7	3	1073
5	8	3	982
5	9	3	997
5	10	3	1070


Warehouse Inventory (W P T):
1	1443		0		0		1443		1443		1443	
2	0		318		318		0		0		0	
3	0		1002		1002		0		0		0	
4	0		1709		1709		0		0		0	
5	1145		0		0		1145		1145		1145	
6	0		241		241		0		0		0	
7	2107		0		0		2107		2107		2107	
8	3229		0		0		3229		3229		3229	
9	0		215		215		0		0		0	
10	1658		0		0		1658		1658		1658	

Store Inventory (S P T):
Store1
1	0		1278		1002		580		231		0	
2	0		894		637		436		330		0	
3	0		677		440		317		146		0	
4	0		743		584		545		266		0	
5	0		702		559		252		91		0	
6	0		984		754		482		273		0	
7	0		759		632		506		165		0	
8	0		758		548		443		221		0	
9	0		773		632		545		189		0	
10	0		686		405		222		137		0	
Store2
1	0		803		635		315		37		0	
2	0		845		651		481		241		0	
3	0		839		638		334		216		0	
4	0		888		786		501		378		0	
5	0		1058		852		679		275		0	
6	0		726		508		331		182		0	
7	0		842		537		290		70		0	
8	0		836		607		592		309		0	
9	0		637		360		256		178		0	
10	0		632		496		289		101		0	
Store3
1	414		232		0		762		457		414	
2	419		158		0		716		562		419	
3	353		163		0		883		576		353	
4	507		214		0		944		818		507	
5	658		312		0		1119		794		658	
6	468		345		0		1017		787		468	
7	372		193		0		968		668		372	
8	587		230		0		847		735		587	
9	324		233		0		802		573		324	
10	478		255		0		953		700		478	
Store4
1	0		886		658		498		266		0	
2	0		840		666		372		210		0	
3	0		911		640		356		212		0	
4	0		968		709		438		151		0	
5	0		815		645		398		257		0	
6	0		547		518		317		207		0	
7	0		937		727		487		323		0	
8	0		819		526		259		89		0	
9	0		570		333		248		219		0	
10	0		805		548		287		195		0	
Store5
1	416		220		0		823		676		416	
2	456		281		0		1155		834		456	
3	198		152		0		714		454		198	
4	543		296		0		1079		794		543	
5	423		236		0		702		529		423	
6	133		12		0		604		393		133	
7	374		146		0		819		661		374	
8	422		177		0		749		597		422	
9	491		218		0		810		634		491	
10	527		215		0		855		703		527	


Shipments from Vendor to Warehouse (V T):
0.8332407	0	0.999358	0	0	

Shipments from Warehouse to Stores (S T):
1	1	0.371342
1	5	0.4118733
2	1	0.362928
2	5	0.2349867
3	3	0.394402
3	5	0.21235
4	1	0.350934
4	5	0.2393233
5	3	0.3529927
5	5	0.22766


Required Putaway workers (Sol T):
3	2	3	3	0	

No of required pickers (T):
4	0	3	0	6	

No of part-time putaway workers (T):
1	0	1	1	0	

No of part-time pickers (T):
0	0	0	0	2	

Best Putaway Technology: 1200
Best Picking Technology: 1000

Required Fashion Putaway Hours:
0	15.40833	0	23.89583	0	

Required Basic Putaway Hours:
21.02833	0	23.18417	0	0	

Required Total Putaway Hours:
21.02833	15.40833	23.18417	23.89583	0	

No of required fashion pick hours:
0	0	0	0	47.165	

No of required basic pick hours:
31.331	0	21.724	0	0	

No of required total pick hours:
31.331	0	21.724	0	47.165	

List of all the costs: 
MHECost		351
PutawayTechCost		1060
PickingTechCost		9130
WhBasicInvCost		357.16
BasicInbCost		5647.949
WhFashionInvCost		841.4501
FashionInbCost		4450.205
PutawayCost		3920
StoreBasicInvCost		5201.45
StoreFashionInvCost		2358.25
OutboundCost		12453.78
PickingCost		6880
Total		52651.24

List of Top5 Technologies: 
Tech1		2	6	$ 52651.24
Tech2		2	5	$ 54313.01
Tech3		4	4	$ 58259.65
Tech4		4	5	$ 64819.24
Tech5		4	1	$ 94602.64
The start time is 1/1/2015 11:27:41 AM
The End time is 1/1/2015 11:27:52 AM
