Printing New Fashion Solution:

Inbound Fashion Solution (V F T):
1	1	3	6505
1	2	3	4665
1	3	1	4040
1	4	3	5200
1	5	1	5160
1	6	3	4410
1	7	1	5135
1	8	1	4265
1	9	1	4660
1	10	3	5855


Outbound Fashion Solution(S F T):
1	1	5	1575
1	2	5	520
1	3	3	865
1	4	5	1005
1	5	4	1100
1	6	4	995
1	7	4	890
1	8	3	730
1	9	4	1310
1	10	5	1405
2	1	5	1215
2	2	5	790
2	3	2	945
2	4	5	460
2	5	2	525
2	6	4	805
2	7	4	785
2	8	2	820
2	9	4	1025
2	10	5	1280
3	1	5	1240
3	2	5	1380
3	3	3	1355
3	4	5	545
3	5	3	1585
3	6	5	920
3	7	3	1015
3	8	3	960
3	9	4	1465
3	10	5	465
4	1	5	1165
4	2	5	675
4	3	4	390
4	4	5	2215
4	5	4	380
4	6	5	230
4	7	4	1080
4	8	2	750
4	9	4	580
4	10	5	1640
5	1	5	1310
5	2	5	1300
5	3	3	485
5	4	4	975
5	5	3	1570
5	6	5	1460
5	7	3	1365
5	8	4	1005
5	9	3	280
5	10	5	1065


Warehouse Fashion Inventory (W F T):
1	0		0		6505		6505		0	
2	0		0		4665		4665		0	
3	4040		3095		390		0		0	
4	0		0		5200		4225		0	
5	5160		4635		1480		0		0	
6	0		0		4410		2610		0	
7	5135		5135		2755		0		0	
8	4265		2695		1005		0		0	
9	4660		4660		4380		0		0	
10	0		0		5855		5855		0	

Store Fashion Inventory (S F T):
Store1
1	0		0		0		1575	
2	0		0		0		520	
3	0		865		865		865	
4	0		0		0		1005	
5	0		0		1100		1100	
6	0		0		995		995	
7	0		0		890		890	
8	0		730		730		730	
9	0		0		1310		1310	
10	0		0		0		1405	
Store2
1	0		0		0		1215	
2	0		0		0		790	
3	945		945		945		945	
4	0		0		0		460	
5	525		525		525		525	
6	0		0		805		805	
7	0		0		785		785	
8	820		820		820		820	
9	0		0		1025		1025	
10	0		0		0		1280	
Store3
1	0		0		0		1240	
2	0		0		0		1380	
3	0		1355		1355		1355	
4	0		0		0		545	
5	0		1585		1585		1585	
6	0		0		0		920	
7	0		1015		1015		1015	
8	0		960		960		960	
9	0		0		1465		1465	
10	0		0		0		465	
Store4
1	0		0		0		1165	
2	0		0		0		675	
3	0		0		390		390	
4	0		0		0		2215	
5	0		0		380		380	
6	0		0		0		230	
7	0		0		1080		1080	
8	750		750		750		750	
9	0		0		580		580	
10	0		0		0		1640	
Store5
1	0		0		0		1310	
2	0		0		0		1300	
3	0		485		485		485	
4	0		0		975		975	
5	0		1570		1570		1570	
6	0		0		0		1460	
7	0		1365		1365		1365	
8	0		0		1005		1005	
9	0		280		280		280	
10	0		0		0		1065	


Fashion Shipments from Vendor to Warehouse (V T):
0.7931033	0	0.66124	0	

Printing New Basic Solution:

Inbound Solution (V P T):
1	1	2	2642
1	1	4	1760
1	1	5	421
1	2	2	1977
1	2	4	1317
1	2	5	1412
1	3	2	367
1	3	4	853
1	3	5	3700
1	4	2	1030
1	4	4	1543
1	4	5	2144
1	5	2	3969
1	5	4	992
1	5	5	330
1	6	2	894
1	6	4	1339
1	6	5	2972
1	7	2	326
1	7	4	1300
1	7	5	3626
1	8	2	2120
1	8	4	1412
1	8	5	1577
1	9	2	3650
1	9	4	912
1	9	5	330
1	10	2	2149
1	10	4	537
1	10	5	2088


Outbound Solution(S P T):
1	1	1	631
1	1	3	559
1	2	1	633
1	2	3	432
1	3	1	562
1	3	3	532
1	4	1	718
1	4	3	245
1	5	1	606
1	5	3	423
1	6	1	539
1	6	3	530
1	7	1	607
1	7	3	646
1	8	1	758
1	8	3	297
1	9	1	456
1	9	3	385
1	10	1	740
1	10	3	179
2	1	2	1185
2	2	2	503
2	3	2	1003
2	4	2	1036
2	5	2	662
2	6	2	981
2	7	2	859
2	8	2	1269
2	9	2	1004
2	10	2	813
3	1	3	831
3	2	3	1058
3	3	3	796
3	4	3	807
3	5	3	1052
3	6	3	1126
3	7	3	958
3	8	3	540
3	9	3	1187
3	10	3	1203
4	1	2	1093
4	2	2	1394
4	3	2	1177
4	4	2	951
4	5	2	1307
4	6	2	977
4	7	2	878
4	8	2	1271
4	9	2	750
4	10	2	746
5	1	4	524
5	2	4	686
5	3	4	850
5	4	4	960
5	5	4	1241
5	6	4	1052
5	7	4	1304
5	8	4	974
5	9	4	1110
5	10	4	1093


Warehouse Inventory (W P T):
1	1657		1026		1390		0		1236		1657	
2	2043		1410		1490		0		631		2043	
3	3703		3141		1328		0		3		3703	
4	2727		2009		1052		0		583		2727	
5	606		0		2000		525		276		606	
6	3259		2720		1656		0		287		3259	
7	3626		3019		1608		4		0		3626	
8	2015		1257		837		0		438		2015	
9	456		0		1896		324		126		456	
10	2088		1348		1938		556		0		2088	

Store Inventory (S P T):
Store1
1	0		363		109		358		109		0	
2	0		325		245		436		245		0	
3	0		394		169		418		169		0	
4	0		441		237		311		237		0	
5	0		348		84		354		84		0	
6	0		324		132		312		132		0	
7	0		344		102		426		102		0	
8	0		434		120		363		120		0	
9	0		355		175		391		175		0	
10	0		380		194		251		194		0	
Store2
1	339		0		972		703		448		339	
2	240		0		432		344		326		240	
3	145		0		882		603		395		145	
4	232		0		691		533		425		232	
5	65		0		545		418		226		65	
6	180		0		748		697		515		180	
7	198		0		620		554		390		198	
8	258		0		895		743		418		258	
9	248		0		813		707		492		248	
10	73		0		623		353		189		73	
Store3
1	298		62		0		619		368		298	
2	454		157		0		763		579		454	
3	418		213		0		599		504		418	
4	361		76		0		648		547		361	
5	358		190		0		784		675		358	
6	378		158		0		787		558		378	
7	348		46		0		792		614		348	
8	288		122		0		518		385		288	
9	550		213		0		944		829		550	
10	496		160		0		1124		867		496	
Store4
1	179		0		848		631		426		179	
2	156		0		985		697		434		156	
3	173		0		1017		785		525		173	
4	234		0		701		516		442		234	
5	294		0		1011		781		496		294	
6	40		0		789		497		245		40	
7	198		0		722		591		414		198	
8	101		0		1035		569		251		101	
9	90		0		628		468		281		90	
10	120		0		635		403		306		120	
Store5
1	264		80		37		0		308		264	
2	277		137		80		0		459		277	
3	467		230		119		0		653		467	
4	532		457		129		0		758		532	
5	817		690		445		0		1045		817	
6	625		461		255		0		737		625	
7	743		625		273		0		1030		743	
8	423		398		156		0		769		423	
9	738		447		220		0		877		738	
10	598		364		230		0		844		598	


Shipments from Vendor to Warehouse (V T):
0	0.9117134	0	0.5276567	0.8335186	

Shipments from Warehouse to Stores (S T):
1	1	0.28709
1	3	0.219236
1	4	0.16005
1	5	0.11479
2	2	0.477574
2	4	0.09362999
2	5	0.1089367
3	3	0.591736
3	4	0.08008667
3	5	0.1040067
4	2	0.486762
4	4	0.07920667
4	5	0.14368
5	3	0.11883
5	4	0.5191907
5	5	0.1424267


Required Putaway workers (Sol T):
3	2	3	2	2	

No of required pickers (T):
2	6	6	6	6	

No of part-time putaway workers (T):
1	0	1	0	0	

No of part-time pickers (T):
0	2	2	2	2	

Best Putaway Technology: 1200
Best Picking Technology: 500

Required Fashion Putaway Hours:
19.38333	0	22.19583	0	0	

Required Basic Putaway Hours:
0	15.93667	0	9.970834	15.5	

Required Total Putaway Hours:
19.38333	15.93667	22.19583	9.970834	15.5	

No of required fashion pick hours:
0	6.08	20.42	25.57	47.72	

No of required basic pick hours:
12.5	39.718	27.572	19.588	0	

No of required total pick hours:
12.5	45.798	47.992	45.158	47.72	

List of all the costs: 
MHECost		324
PutawayTechCost		1060
PickingTechCost		3195
WhBasicInvCost		582.9399
BasicInbCost		3661.17
WhFashionInvCost		1039.85
FashionInbCost		2698.098
PutawayCost		3680
StoreBasicInvCost		4325.05
StoreFashionInvCost		4611
OutboundCost		13616.59
PickingCost		8320
Total		47113.7

List of Top5 Technologies: 
Tech1		2	5	$ 47113.7
Tech2		3	5	$ 49713.09
Tech3		3	1	$ 81698.45
Tech4		1	1	$ 101138
Tech5		None	None	$ -
The start time is 1/1/2015 1:10:50 PM
The End time is 1/1/2015 1:11:01 PM
