Printing New Fashion Solution:

Inbound Fashion Solution (V F T):
1	1	3	6505
1	2	4	4665
1	3	3	4040
1	4	4	5200
1	5	4	5160
1	6	3	4410
1	7	4	5135
1	8	3	4265
1	9	4	4660
1	10	3	5855


Outbound Fashion Solution(S F T):
1	1	5	1575
1	2	5	520
1	3	5	865
1	4	5	1005
1	5	5	1100
1	6	5	995
1	7	5	890
1	8	5	730
1	9	5	1310
1	10	5	1405
2	1	4	1215
2	2	5	790
2	3	5	945
2	4	5	460
2	5	5	525
2	6	5	805
2	7	5	785
2	8	5	820
2	9	5	1025
2	10	4	1280
3	1	4	1240
3	2	5	1380
3	3	4	1355
3	4	5	545
3	5	5	1585
3	6	4	920
3	7	5	1015
3	8	5	960
3	9	5	1465
3	10	4	465
4	1	4	1165
4	2	5	675
4	3	5	390
4	4	5	2215
4	5	5	380
4	6	4	230
4	7	5	1080
4	8	5	750
4	9	5	580
4	10	4	1640
5	1	4	1310
5	2	5	1300
5	3	5	485
5	4	5	975
5	5	5	1570
5	6	4	1460
5	7	5	1365
5	8	4	1005
5	9	5	280
5	10	4	1065


Warehouse Fashion Inventory (W F T):
1	0		0		6505		1575		0	
2	0		0		0		4665		0	
3	0		0		4040		2685		0	
4	0		0		0		5200		0	
5	0		0		0		5160		0	
6	0		0		4410		1800		0	
7	0		0		0		5135		0	
8	0		0		4265		3260		0	
9	0		0		0		4660		0	
10	0		0		5855		1405		0	

Store Fashion Inventory (S F T):
Store1
1	0		0		0		1575	
2	0		0		0		520	
3	0		0		0		865	
4	0		0		0		1005	
5	0		0		0		1100	
6	0		0		0		995	
7	0		0		0		890	
8	0		0		0		730	
9	0		0		0		1310	
10	0		0		0		1405	
Store2
1	0		0		1215		1215	
2	0		0		0		790	
3	0		0		0		945	
4	0		0		0		460	
5	0		0		0		525	
6	0		0		0		805	
7	0		0		0		785	
8	0		0		0		820	
9	0		0		0		1025	
10	0		0		1280		1280	
Store3
1	0		0		1240		1240	
2	0		0		0		1380	
3	0		0		1355		1355	
4	0		0		0		545	
5	0		0		0		1585	
6	0		0		920		920	
7	0		0		0		1015	
8	0		0		0		960	
9	0		0		0		1465	
10	0		0		465		465	
Store4
1	0		0		1165		1165	
2	0		0		0		675	
3	0		0		0		390	
4	0		0		0		2215	
5	0		0		0		380	
6	0		0		230		230	
7	0		0		0		1080	
8	0		0		0		750	
9	0		0		0		580	
10	0		0		1640		1640	
Store5
1	0		0		1310		1310	
2	0		0		0		1300	
3	0		0		0		485	
4	0		0		0		975	
5	0		0		0		1570	
6	0		0		1460		1460	
7	0		0		0		1365	
8	0		0		1005		1005	
9	0		0		0		280	
10	0		0		1065		1065	


Fashion Shipments from Vendor to Warehouse (V T):
0	0	0.67534	0.7790033	

Printing New Basic Solution:

Inbound Solution (V P T):
1	1	1	1320
1	1	2	3174
1	1	5	329
1	2	1	1535
1	2	2	1636
1	2	5	1535
1	3	2	1174
1	3	5	3746
1	4	1	1424
1	4	2	2683
1	4	5	610
1	5	1	484
1	5	2	457
1	5	5	4350
1	6	1	2690
1	6	2	1363
1	6	5	1152
1	7	1	2023
1	7	2	3005
1	7	5	224
1	8	1	1500
1	8	2	2110
1	8	5	1499
1	9	1	2454
1	9	2	1825
1	9	5	613
1	10	1	4227
1	10	2	78
1	10	5	469


Outbound Solution(S P T):
1	1	1	1190
1	2	1	1065
1	3	1	1094
1	4	1	963
1	5	1	1029
1	6	1	1069
1	7	1	1253
1	8	1	1055
1	9	1	841
1	10	1	919
2	1	4	1185
2	2	4	503
2	3	4	1003
2	4	4	1036
2	5	4	662
2	6	4	981
2	7	4	859
2	8	4	1269
2	9	4	1004
2	10	4	813
3	1	1	831
3	2	1	1058
3	3	1	796
3	4	1	807
3	5	1	1052
3	6	1	1126
3	7	1	958
3	8	1	540
3	9	1	1187
3	10	1	1203
4	1	2	1093
4	2	2	1394
4	3	2	1177
4	4	2	951
4	5	2	1307
4	6	2	977
4	7	2	878
4	8	2	1271
4	9	2	750
4	10	2	746
5	1	4	524
5	2	4	686
5	3	4	850
5	4	4	960
5	5	4	1241
5	6	4	1052
5	7	4	1304
5	8	4	974
5	9	4	1110
5	10	4	1093


Warehouse Inventory (W P T):
1	701		0		2081		2081		372		701	
2	1535		947		1189		1189		0		1535	
3	3746		1856		1853		1853		0		3746	
4	610		264		1996		1996		0		610	
5	4350		2753		1903		1903		0		4350	
6	1152		1647		2033		2033		0		1152	
7	224		36		2163		2163		0		224	
8	1499		1404		2243		2243		0		1499	
9	613		1039		2114		2114		0		613	
10	469		2574		1906		1906		0		469	

Store Inventory (S P T):
Store1
1	0		922		668		358		109		0	
2	0		757		677		436		245		0	
3	0		926		701		418		169		0	
4	0		686		482		311		237		0	
5	0		771		507		354		84		0	
6	0		854		662		312		132		0	
7	0		990		748		426		102		0	
8	0		731		417		363		120		0	
9	0		740		560		391		175		0	
10	0		559		373		251		194		0	
Store2
1	821		482		269		0		930		821	
2	399		159		88		0		485		399	
3	545		400		279		0		795		545	
4	735		503		158		0		928		735	
5	309		244		127		0		470		309	
6	464		284		51		0		799		464	
7	503		305		66		0		695		503	
8	784		526		152		0		944		784	
9	545		297		106		0		789		545	
10	533		460		270		0		649		533	
Store3
1	0		595		533		321		70		0	
2	0		761		604		309		125		0	
3	0		591		378		181		86		0	
4	0		522		446		287		186		0	
5	0		884		694		426		317		0	
6	0		906		748		409		180		0	
7	0		656		610		444		266		0	
8	0		374		252		230		97		0	
9	0		850		637		394		279		0	
10	0		867		707		628		371		0	
Store4
1	179		0		848		631		426		179	
2	156		0		985		697		434		156	
3	173		0		1017		785		525		173	
4	234		0		701		516		442		234	
5	294		0		1011		781		496		294	
6	40		0		789		497		245		40	
7	198		0		722		591		414		198	
8	101		0		1035		569		251		101	
9	90		0		628		468		281		90	
10	120		0		635		403		306		120	
Store5
1	264		80		37		0		308		264	
2	277		137		80		0		459		277	
3	467		230		119		0		653		467	
4	532		457		129		0		758		532	
5	817		690		445		0		1045		817	
6	625		461		255		0		737		625	
7	743		625		273		0		1030		743	
8	423		398		156		0		769		423	
9	738		447		220		0		877		738	
10	598		364		230		0		844		598	


Shipments from Vendor to Warehouse (V T):
0.910104	0.775916	0	0	0.5868687	

Shipments from Warehouse to Stores (S T):
1	1	0.469576
1	5	0.31159
2	4	0.496134
2	5	0.1840067
3	1	0.4515394
3	4	0.07357001
3	5	0.25072
4	2	0.460262
4	4	0.10481
4	5	0.1445767
5	4	0.6130841
5	5	0.1673633


Required Putaway workers (Sol T):
2	2	3	3	2	

No of required pickers (T):
6	3	0	9	9	

No of part-time putaway workers (T):
0	0	1	1	0	

No of part-time pickers (T):
0	0	0	3	3	

Best Putaway Technology: 1200
Best Picking Technology: 500

Required Fashion Putaway Hours:
0	0	20.89583	20.68333	0	

Required Basic Putaway Hours:
14.71417	14.5875	0	0	12.10583	

Required Total Putaway Hours:
14.71417	14.5875	20.89583	20.68333	12.10583	

No of required fashion pick hours:
0	0	0	28.7	71.09	

No of required basic pick hours:
40.072	21.088	0	38.218	0	

No of required total pick hours:
40.072	21.088	0	66.918	71.09	

List of all the costs: 
MHECost		324
PutawayTechCost		1060
PickingTechCost		3195
WhBasicInvCost		667.53
BasicInbCost		3661.17
WhFashionInvCost		606.2
FashionInbCost		2698.098
PutawayCost		3680
StoreBasicInvCost		4699.9
StoreFashionInvCost		3212.25
OutboundCost		10829.02
PickingCost		11040
Total		45673.17

List of Top5 Technologies: 
Tech1		2	5	$ 45673.17
Tech2		4	5	$ 47502.43
Tech3		4	6	$ 49167.19
Tech4		4	4	$ 57021.2
Tech5		4	1	$ 96322.2
The start time is 1/1/2015 1:10:50 PM
The End time is 1/1/2015 1:11:01 PM
