Printing New Fashion Solution:

Inbound Fashion Solution (V F T):
1	1	4	4065
1	2	4	4610
1	3	4	4935
1	4	3	4970
1	5	4	5375
1	6	3	6245
1	7	4	5800
1	8	3	6290
1	9	3	3750
1	10	3	5415


Outbound Fashion Solution(S F T):
1	1	5	1060
1	2	5	755
1	3	5	730
1	4	5	950
1	5	5	940
1	6	5	755
1	7	5	1005
1	8	4	1100
1	9	4	1580
1	10	5	800
2	1	5	1005
2	2	5	1135
2	3	5	165
2	4	4	1090
2	5	5	1250
2	6	4	1230
2	7	5	1615
2	8	4	820
2	9	5	600
2	10	4	1070
3	1	5	905
3	2	5	735
3	3	5	1840
3	4	4	950
3	5	5	1210
3	6	5	1725
3	7	5	820
3	8	4	1985
3	9	5	435
3	10	5	885
4	1	5	815
4	2	5	1205
4	3	5	1185
4	4	5	1340
4	5	5	1570
4	6	5	1180
4	7	5	1340
4	8	5	1535
4	9	5	495
4	10	4	1685
5	1	5	280
5	2	5	780
5	3	5	1015
5	4	5	640
5	5	5	405
5	6	5	1355
5	7	5	1020
5	8	5	850
5	9	5	640
5	10	5	975


Warehouse Fashion Inventory (W F T):
1	0		0		0		4065		0	
2	0		0		0		4610		0	
3	0		0		0		4935		0	
4	0		0		4970		2930		0	
5	0		0		0		5375		0	
6	0		0		6245		5015		0	
7	0		0		0		5800		0	
8	0		0		6290		2385		0	
9	0		0		3750		2170		0	
10	0		0		5415		2660		0	

Store Fashion Inventory (S F T):
Store1
1	0		0		0		1060	
2	0		0		0		755	
3	0		0		0		730	
4	0		0		0		950	
5	0		0		0		940	
6	0		0		0		755	
7	0		0		0		1005	
8	0		0		1100		1100	
9	0		0		1580		1580	
10	0		0		0		800	
Store2
1	0		0		0		1005	
2	0		0		0		1135	
3	0		0		0		165	
4	0		0		1090		1090	
5	0		0		0		1250	
6	0		0		1230		1230	
7	0		0		0		1615	
8	0		0		820		820	
9	0		0		0		600	
10	0		0		1070		1070	
Store3
1	0		0		0		905	
2	0		0		0		735	
3	0		0		0		1840	
4	0		0		950		950	
5	0		0		0		1210	
6	0		0		0		1725	
7	0		0		0		820	
8	0		0		1985		1985	
9	0		0		0		435	
10	0		0		0		885	
Store4
1	0		0		0		815	
2	0		0		0		1205	
3	0		0		0		1185	
4	0		0		0		1340	
5	0		0		0		1570	
6	0		0		0		1180	
7	0		0		0		1340	
8	0		0		0		1535	
9	0		0		0		495	
10	0		0		1685		1685	
Store5
1	0		0		0		280	
2	0		0		0		780	
3	0		0		0		1015	
4	0		0		0		640	
5	0		0		0		405	
6	0		0		0		1355	
7	0		0		0		1020	
8	0		0		0		850	
9	0		0		0		640	
10	0		0		0		975	


Fashion Shipments from Vendor to Warehouse (V T):
0	0	0.7512534	0.8728833	

Printing New Basic Solution:

Inbound Solution (V P T):
1	1	1	2657
1	1	5	2658
1	2	1	3825
1	2	2	271
1	2	5	426
1	3	1	1700
1	3	2	420
1	3	5	2552
1	4	1	690
1	4	2	2700
1	4	5	1612
1	5	1	253
1	5	2	3592
1	5	5	591
1	6	1	879
1	6	2	715
1	6	5	3519
1	7	1	2228
1	7	2	2675
1	7	5	558
1	8	1	1263
1	8	2	268
1	8	5	2949
1	9	1	3007
1	9	2	825
1	9	5	752
1	10	1	1608
1	10	2	2680
1	10	5	1072


Outbound Solution(S P T):
1	1	4	714
1	2	4	903
1	3	4	997
1	4	4	788
1	5	4	925
1	6	4	1013
1	7	4	1393
1	8	4	802
1	9	4	1269
1	10	4	1518
2	1	4	912
2	2	4	802
2	3	4	918
2	4	4	918
2	5	4	979
2	6	4	1125
2	7	4	1144
2	8	4	907
2	9	4	955
2	10	4	940
3	1	4	284
3	1	5	1059
3	2	4	81
3	2	5	955
3	3	4	155
3	3	5	815
3	4	4	176
3	4	5	1073
3	5	4	198
3	5	5	620
3	6	4	239
3	6	5	677
3	7	4	195
3	7	5	582
3	8	4	113
3	8	5	581
3	9	4	220
3	9	5	715
3	10	4	95
3	10	5	924
4	1	4	1225
4	2	4	689
4	3	4	959
4	4	4	1094
4	5	4	745
4	6	4	963
4	7	4	1019
4	8	4	914
4	9	4	772
4	10	4	1031
5	1	1	1121
5	2	1	1092
5	3	1	828
5	4	1	953
5	5	1	969
5	6	1	1096
5	7	1	1128
5	8	1	1163
5	9	1	653
5	10	1	852


Warehouse Inventory (W P T):
1	1599		3135		3135		3135		0		1599	
2	0		2733		3004		3004		529		0	
3	1737		2609		3029		3029		0		1737	
4	539		276		2976		2976		0		539	
5	716		0		3592		3592		745		716	
6	2842		2625		3340		3340		0		2842	
7	0		1100		3775		3775		24		0	
8	2368		2468		2736		2736		0		2368	
9	37		2391		3216		3216		0		37	
10	148		904		3584		3584		0		148	

Store Inventory (S P T):
Store1
1	288		167		167		0		490		288	
2	632		504		309		0		769		632	
3	551		356		164		0		762		551	
4	348		284		143		0		574		348	
5	631		410		129		0		706		631	
6	651		342		129		0		822		651	
7	903		515		167		0		1196		903	
8	556		310		133		0		556		556	
9	867		563		233		0		1030		867	
10	881		714		388		0		1164		881	
Store2
1	659		509		303		0		786		659	
2	506		247		91		0		740		506	
3	395		224		140		0		664		395	
4	619		378		217		0		684		619	
5	530		374		176		0		700		530	
6	511		376		233		0		850		511	
7	786		525		386		0		981		786	
8	366		283		197		0		614		366	
9	530		340		110		0		646		530	
10	717		512		304		0		737		717	
Store3
1	775		612		290		44		0		775	
2	874		606		376		309		0		874	
3	742		595		339		0		82		742	
4	897		518		343		117		0		897	
5	620		442		246		0		198		620	
6	438		304		142		1		0		438	
7	560		217		183		0		173		560	
8	468		307		57		39		0		468	
9	601		408		235		0		106		601	
10	829		597		269		75		0		829	
Store4
1	830		692		343		0		966		830	
2	446		336		224		0		527		446	
3	439		276		101		0		633		439	
4	647		523		255		0		792		647	
5	345		200		129		0		601		345	
6	499		237		128		0		687		499	
7	733		530		200		0		790		733	
8	560		336		187		0		741		560	
9	585		460		252		0		674		585	
10	644		416		206		0		728		644	
Store5
1	0		979		820		494		308		0	
2	0		817		529		319		208		0	
3	0		640		412		222		101		0	
4	0		740		475		261		181		0	
5	0		747		535		317		165		0	
6	0		711		482		356		228		0	
7	0		980		676		463		204		0	
8	0		969		710		446		211		0	
9	0		456		367		143		83		0	
10	0		650		407		242		36		0	


Shipments from Vendor to Warehouse (V T):
0.6684439	0.6022886	0	0	0.6546193	

Shipments from Warehouse to Stores (S T):
1	4	0.4556367
1	5	0.2218833
2	4	0.5039574
2	5	0.1801
3	4	0.1687927
3	5	0.5981507
4	4	0.4132213
4	5	0.3509567
5	1	0.39035
5	5	0.26644


Required Putaway workers (Sol T):
2	2	3	3	2	

No of required pickers (T):
2	0	0	6	6	

No of part-time putaway workers (T):
0	0	1	1	0	

No of part-time pickers (T):
0	0	0	2	2	

Best Putaway Technology: 1200
Best Picking Technology: 1000

Required Fashion Putaway Hours:
0	0	22.225	20.65417	0	

Required Basic Putaway Hours:
15.09167	11.78833	0	0	13.9075	

Required Total Putaway Hours:
15.09167	11.78833	22.225	20.65417	13.9075	

No of required fashion pick hours:
0	0	0	11.51	39.945	

No of required basic pick hours:
9.855	0	0	31.089	8.001	

No of required total pick hours:
9.855	0	0	42.599	47.946	

List of all the costs: 
MHECost		324
PutawayTechCost		1060
PickingTechCost		9130
WhBasicInvCost		942.9899
BasicInbCost		5347.719
WhFashionInvCost		666.15
FashionInbCost		2642.136
PutawayCost		3680
StoreBasicInvCost		4573.6
StoreFashionInvCost		3148.25
OutboundCost		9433.456
PickingCost		7360
Total		48308.3

List of Top5 Technologies: 
Tech1		2	6	$ 48308.3
Tech2		3	6	$ 50253.28
Tech3		3	3	$ 63837.4
Tech4		3	1	$ 109117.2
Tech5		2	1	$ 127364.5
The start time is 1/1/2015 10:07:50 AM
The End time is 1/1/2015 10:08:02 AM
