Printing New Fashion Solution:

Inbound Fashion Solution (V F T):
1	1	4	4065
1	2	3	4610
1	3	4	4935
1	4	4	4970
1	5	3	5375
1	6	4	6245
1	7	3	5800
1	8	3	6290
1	9	4	3750
1	10	3	5415


Outbound Fashion Solution(S F T):
1	1	5	1060
1	2	5	755
1	3	5	730
1	4	5	950
1	5	4	940
1	6	5	755
1	7	5	1005
1	8	4	1100
1	9	5	1580
1	10	4	800
2	1	5	1005
2	2	5	1135
2	3	5	165
2	4	5	1090
2	5	4	1250
2	6	5	1230
2	7	4	1615
2	8	4	820
2	9	5	600
2	10	5	1070
3	1	5	905
3	2	4	735
3	3	5	1840
3	4	5	950
3	5	5	1210
3	6	5	1725
3	7	5	820
3	8	4	1985
3	9	5	435
3	10	4	885
4	1	5	815
4	2	5	1205
4	3	5	1185
4	4	5	1340
4	5	4	1570
4	6	5	1180
4	7	4	1340
4	8	5	1535
4	9	5	495
4	10	4	1685
5	1	5	280
5	2	4	780
5	3	5	1015
5	4	5	640
5	5	5	405
5	6	5	1355
5	7	5	1020
5	8	5	850
5	9	5	640
5	10	5	975


Warehouse Fashion Inventory (W F T):
1	0		0		0		4065		0	
2	0		0		4610		3095		0	
3	0		0		0		4935		0	
4	0		0		0		4970		0	
5	0		0		5375		1615		0	
6	0		0		0		6245		0	
7	0		0		5800		2845		0	
8	0		0		6290		2385		0	
9	0		0		0		3750		0	
10	0		0		5415		2045		0	

Store Fashion Inventory (S F T):
Store1
1	0		0		0		1060	
2	0		0		0		755	
3	0		0		0		730	
4	0		0		0		950	
5	0		0		940		940	
6	0		0		0		755	
7	0		0		0		1005	
8	0		0		1100		1100	
9	0		0		0		1580	
10	0		0		800		800	
Store2
1	0		0		0		1005	
2	0		0		0		1135	
3	0		0		0		165	
4	0		0		0		1090	
5	0		0		1250		1250	
6	0		0		0		1230	
7	0		0		1615		1615	
8	0		0		820		820	
9	0		0		0		600	
10	0		0		0		1070	
Store3
1	0		0		0		905	
2	0		0		735		735	
3	0		0		0		1840	
4	0		0		0		950	
5	0		0		0		1210	
6	0		0		0		1725	
7	0		0		0		820	
8	0		0		1985		1985	
9	0		0		0		435	
10	0		0		885		885	
Store4
1	0		0		0		815	
2	0		0		0		1205	
3	0		0		0		1185	
4	0		0		0		1340	
5	0		0		1570		1570	
6	0		0		0		1180	
7	0		0		1340		1340	
8	0		0		0		1535	
9	0		0		0		495	
10	0		0		1685		1685	
Store5
1	0		0		0		280	
2	0		0		780		780	
3	0		0		0		1015	
4	0		0		0		640	
5	0		0		0		405	
6	0		0		0		1355	
7	0		0		0		1020	
8	0		0		0		850	
9	0		0		0		640	
10	0		0		0		975	


Fashion Shipments from Vendor to Warehouse (V T):
0	0	0.89498	0.7291566	

Printing New Basic Solution:

Inbound Solution (V P T):
1	1	1	4039
1	1	2	1276
1	2	1	2100
1	2	2	2422
1	3	1	611
1	3	2	4061
1	4	1	3552
1	4	2	1450
1	5	1	2132
1	5	2	2304
1	6	2	5113
1	7	1	4149
1	7	2	1312
1	8	1	2688
1	8	2	1792
1	9	1	4584
1	10	1	2792
1	10	2	2568


Outbound Solution(S P T):
1	1	1	323
1	1	4	391
1	2	1	460
1	2	4	443
1	3	1	598
1	3	4	399
1	4	1	431
1	4	4	357
1	5	1	577
1	5	4	348
1	6	1	693
1	6	4	320
1	7	1	1029
1	7	4	364
1	8	1	423
1	8	4	379
1	9	1	797
1	9	4	472
1	10	1	776
1	10	4	742
2	1	1	785
2	1	4	127
2	2	1	568
2	2	4	234
2	3	1	649
2	3	4	269
2	4	1	853
2	4	4	65
2	5	1	809
2	5	4	170
2	6	1	786
2	6	4	339
2	7	1	949
2	7	4	195
2	8	1	659
2	8	4	248
2	9	1	839
2	9	4	116
2	10	1	920
2	10	4	20
3	1	2	1343
3	2	2	1036
3	3	2	970
3	4	2	1249
3	5	2	818
3	6	2	916
3	7	2	777
3	8	2	694
3	9	2	935
3	10	2	1019
4	1	1	966
4	1	4	259
4	2	1	527
4	2	4	162
4	3	1	633
4	3	4	326
4	4	1	792
4	4	4	302
4	5	1	601
4	5	4	144
4	6	1	687
4	6	4	276
4	7	1	790
4	7	4	229
4	8	1	741
4	8	4	173
4	9	1	674
4	9	4	98
4	10	1	728
4	10	4	303
5	1	2	1121
5	2	2	1092
5	3	2	828
5	4	2	953
5	5	2	969
5	6	2	1096
5	7	2	1128
5	8	2	1163
5	9	2	653
5	10	2	852


Warehouse Inventory (W P T):
1	0		1965		777		777		0		0	
2	0		545		839		839		0		0	
3	1269		0		2263		2263		1269		1269	
4	0		1476		724		724		0		0	
5	0		145		662		662		0		0	
6	2166		0		3101		3101		2166		2166	
7	0		1381		788		788		0		0	
8	0		865		800		800		0		0	
9	0		2274		686		686		0		0	
10	0		368		1065		1065		0		0	

Store Inventory (S P T):
Store1
1	0		202		202		35		202		0	
2	172		504		309		0		309		172	
3	0		403		211		47		211		0	
4	0		367		226		83		226		0	
5	54		410		129		0		129		54	
6	0		384		171		42		171		0	
7	0		641		293		126		293		0	
8	133		310		133		0		133		133	
9	70		563		233		0		233		70	
10	105		714		388		0		388		105	
Store2
1	0		635		429		126		127		0	
2	0		309		153		62		234		0	
3	0		478		394		254		269		0	
4	0		612		451		234		65		0	
5	0		653		455		279		170		0	
6	0		651		508		275		339		0	
7	0		688		549		163		195		0	
8	0		576		490		293		248		0	
9	0		649		419		309		116		0	
10	0		715		507		203		20		0	
Store3
1	163		0		1021		775		447		163	
2	268		0		806		739		349		268	
3	147		0		714		375		302		147	
4	379		0		1074		848		555		379	
5	178		0		622		376		376		178	
6	134		0		754		613		373		134	
7	343		0		743		560		538		343	
8	161		0		444		426		274		161	
9	193		0		762		527		413		193	
10	232		0		691		497		327		232	
Store4
1	0		828		479		136		136		0	
2	0		417		305		81		81		0	
3	0		470		295		194		194		0	
4	0		668		400		145		145		0	
5	0		456		385		256		256		0	
6	0		425		316		188		188		0	
7	0		587		257		57		57		0	
8	0		517		368		181		181		0	
9	0		549		341		89		89		0	
10	0		500		290		84		84		0	
Store5
1	142		0		962		636		450		142	
2	275		0		804		594		483		275	
3	188		0		600		410		289		188	
4	213		0		688		474		394		213	
5	222		0		757		539		387		222	
6	385		0		867		741		613		385	
7	148		0		824		611		352		148	
8	194		0		904		640		405		194	
9	197		0		564		340		280		197	
10	202		0		609		444		238		202	


Shipments from Vendor to Warehouse (V T):
0.9726806	0.9526714	0	0	0	

Shipments from Warehouse to Stores (S T):
1	1	0.2333593
1	4	0.2315973
1	5	0.2125633
2	1	0.3070654
2	4	0.225772
2	5	0.15122
3	2	0.39564
3	4	0.09485667
3	5	0.2764466
4	1	0.2791747
4	4	0.25422
4	5	0.2307833
5	2	0.39035
5	4	0.01508
5	5	0.25136


Required Putaway workers (Sol T):
3	3	3	3	0	

No of required pickers (T):
6	5	0	6	9	

No of part-time putaway workers (T):
1	1	1	1	0	

No of part-time pickers (T):
0	0	0	0	3	

Best Putaway Technology: 1200
Best Picking Technology: 500

Required Fashion Putaway Hours:
0	0	22.90833	19.97083	0	

Required Basic Putaway Hours:
22.20583	18.58167	0	0	0	

Required Total Putaway Hours:
22.20583	18.58167	22.90833	19.97083	0	

No of required fashion pick hours:
0	0	0	31.01	71.9	

No of required basic pick hours:
42.126	39.224	0	16.54	0	

No of required total pick hours:
42.126	39.224	0	47.55	71.9	

List of all the costs: 
MHECost		378
PutawayTechCost		1060
PickingTechCost		3195
WhBasicInvCost		392.99
BasicInbCost		4210.139
WhFashionInvCost		634.4
FashionInbCost		2642.136
PutawayCost		4160
StoreBasicInvCost		3725.8
StoreFashionInvCost		3348
OutboundCost		12975.89
PickingCost		10320
Total		47042.35

List of Top5 Technologies: 
Tech1		2	5	$ 47042.35
Tech2		2	3	$ 62306.9
Tech3		2	1	$ 98050.5
Tech4		3	1	$ 127724.7
Tech5		1	1	$ 130504.6
The start time is 1/1/2015 10:07:50 AM
The End time is 1/1/2015 10:07:57 AM
