Printing New Fashion Solution:

Inbound Fashion Solution (V F T):
1	1	3	4065
1	2	3	4610
1	3	2	4935
1	4	3	4970
1	5	2	5375
1	6	2	6245
1	7	3	5800
1	8	3	6290
1	9	2	3750
1	10	2	5415


Outbound Fashion Solution(S F T):
1	1	5	1060
1	2	5	755
1	3	4	730
1	4	4	950
1	5	4	940
1	6	4	755
1	7	5	1005
1	8	4	1100
1	9	4	1580
1	10	5	800
2	1	5	1005
2	2	5	1135
2	3	4	165
2	4	5	1090
2	5	4	1250
2	6	5	1230
2	7	5	1615
2	8	4	820
2	9	3	600
2	10	3	1070
3	1	5	905
3	2	4	735
3	3	4	1840
3	4	4	950
3	5	3	1210
3	6	5	1725
3	7	5	820
3	8	5	1985
3	9	5	435
3	10	3	885
4	1	5	815
4	2	5	1205
4	3	3	1185
4	4	5	1340
4	5	3	1570
4	6	5	1180
4	7	5	1340
4	8	5	1535
4	9	4	495
4	10	5	1685
5	1	5	280
5	2	5	780
5	3	4	1015
5	4	4	640
5	5	4	405
5	6	4	1355
5	7	5	1020
5	8	5	850
5	9	5	640
5	10	5	975


Warehouse Fashion Inventory (W F T):
1	0		0		4065		4065		0	
2	0		0		4610		3875		0	
3	0		4935		3750		0		0	
4	0		0		4970		2430		0	
5	0		5375		2595		0		0	
6	0		6245		6245		4135		0	
7	0		0		5800		5800		0	
8	0		0		6290		4370		0	
9	0		3750		3150		1075		0	
10	0		5415		3460		3460		0	

Store Fashion Inventory (S F T):
Store1
1	0		0		0		1060	
2	0		0		0		755	
3	0		0		730		730	
4	0		0		950		950	
5	0		0		940		940	
6	0		0		755		755	
7	0		0		0		1005	
8	0		0		1100		1100	
9	0		0		1580		1580	
10	0		0		0		800	
Store2
1	0		0		0		1005	
2	0		0		0		1135	
3	0		0		165		165	
4	0		0		0		1090	
5	0		0		1250		1250	
6	0		0		0		1230	
7	0		0		0		1615	
8	0		0		820		820	
9	0		600		600		600	
10	0		1070		1070		1070	
Store3
1	0		0		0		905	
2	0		0		735		735	
3	0		0		1840		1840	
4	0		0		950		950	
5	0		1210		1210		1210	
6	0		0		0		1725	
7	0		0		0		820	
8	0		0		0		1985	
9	0		0		0		435	
10	0		885		885		885	
Store4
1	0		0		0		815	
2	0		0		0		1205	
3	0		1185		1185		1185	
4	0		0		0		1340	
5	0		1570		1570		1570	
6	0		0		0		1180	
7	0		0		0		1340	
8	0		0		0		1535	
9	0		0		495		495	
10	0		0		0		1685	
Store5
1	0		0		0		280	
2	0		0		0		780	
3	0		0		1015		1015	
4	0		0		640		640	
5	0		0		405		405	
6	0		0		1355		1355	
7	0		0		0		1020	
8	0		0		0		850	
9	0		0		0		640	
10	0		0		0		975	


Fashion Shipments from Vendor to Warehouse (V T):
0	0.7838333	0.8403032	0	

Printing New Basic Solution:

Inbound Solution (V P T):
1	1	1	3189
1	1	4	2126
1	2	1	2713
1	2	4	1809
1	3	1	1868
1	3	4	2804
1	4	1	3001
1	4	4	2001
1	5	4	4436
1	6	1	1022
1	6	4	4091
1	7	1	5461
1	8	1	4480
1	9	1	4125
1	9	4	459
1	10	1	2680
1	10	4	2680


Outbound Solution(S P T):
1	1	4	714
1	2	4	903
1	3	4	997
1	4	4	788
1	5	4	925
1	6	4	1013
1	7	4	1393
1	8	4	802
1	9	4	1269
1	10	4	1518
2	1	3	912
2	2	3	802
2	3	3	918
2	4	3	918
2	5	3	979
2	6	3	1125
2	7	3	1144
2	8	3	907
2	9	3	955
2	10	3	940
3	1	1	1343
3	2	1	1036
3	3	1	970
3	4	1	1249
3	5	1	818
3	6	1	916
3	7	1	777
3	8	1	694
3	9	1	935
3	10	1	1019
4	1	3	966
4	1	5	259
4	2	3	527
4	2	5	162
4	3	3	633
4	3	5	326
4	4	3	792
4	4	5	302
4	5	3	601
4	5	5	144
4	6	3	687
4	6	5	276
4	7	3	790
4	7	5	229
4	8	3	741
4	8	5	173
4	9	3	674
4	9	5	98
4	10	3	728
4	10	5	303
5	1	4	1121
5	2	4	1092
5	3	4	828
5	4	4	953
5	5	4	969
5	6	4	1096
5	7	4	1128
5	8	4	1163
5	9	4	653
5	10	4	852


Warehouse Inventory (W P T):
1	32		1878		1878		0		291		32	
2	0		1677		1677		348		162		0	
3	653		1551		1551		0		979		653	
4	0		1752		1752		42		302		0	
5	2398		1580		1580		0		2542		2398	
6	1706		1812		1812		0		1982		1706	
7	0		4684		4684		2750		229		0	
8	0		3786		3786		2138		173		0	
9	0		3190		3190		1561		98		0	
10	7		1668		1668		0		310		7	

Store Inventory (S P T):
Store1
1	288		167		167		0		490		288	
2	632		504		309		0		769		632	
3	551		356		164		0		762		551	
4	348		284		143		0		574		348	
5	631		410		129		0		706		631	
6	651		342		129		0		822		651	
7	903		515		167		0		1196		903	
8	556		310		133		0		556		556	
9	867		563		233		0		1030		867	
10	881		714		388		0		1164		881	
Store2
1	356		206		0		609		483		356	
2	415		156		0		711		649		415	
3	255		84		0		778		524		255	
4	402		161		0		701		467		402	
5	354		198		0		803		524		354	
6	278		143		0		892		617		278	
7	400		139		0		758		595		400	
8	169		86		0		710		417		169	
9	420		230		0		845		536		420	
10	413		208		0		636		433		413	
Store3
1	0		1180		858		612		284		0	
2	0		768		538		471		81		0	
3	0		823		567		228		155		0	
4	0		870		695		469		176		0	
5	0		640		444		198		198		0	
6	0		782		620		479		239		0	
7	0		434		400		217		195		0	
8	0		533		283		265		113		0	
9	0		742		569		334		220		0	
10	0		787		459		265		95		0	
Store4
1	487		349		0		623		364		487	
2	222		112		0		303		141		222	
3	338		175		0		532		206		338	
4	392		268		0		537		235		392	
5	216		71		0		472		328		216	
6	371		109		0		559		283		371	
7	533		330		0		590		361		533	
8	373		149		0		554		381		373	
9	333		208		0		422		324		333	
10	438		210		0		522		219		438	
Store5
1	627		485		326		0		935		627	
2	773		498		210		0		981		773	
3	606		418		190		0		707		606	
4	692		479		214		0		873		692	
5	652		430		218		0		817		652	
6	740		355		126		0		968		740	
7	665		517		213		0		869		665	
8	717		523		264		0		928		717	
9	510		313		224		0		593		510	
10	610		408		165		0		646		610	


Shipments from Vendor to Warehouse (V T):
0.9479813	0	0	0.9773706	0	

Shipments from Warehouse to Stores (S T):
1	4	0.5745834
1	5	0.1029367
2	3	0.4205241
2	4	0.06473999
2	5	0.1987933
3	1	0.39564
3	3	0.05307333
3	4	0.1508967
3	5	0.1673333
4	3	0.383728
4	4	0.01089
4	5	0.36956
5	4	0.5147433
5	5	0.1420467


Required Putaway workers (Sol T):
3	3	3	3	0	

No of required pickers (T):
3	0	6	9	8	

No of part-time putaway workers (T):
1	1	1	1	0	

No of part-time pickers (T):
0	0	0	3	2	

Best Putaway Technology: 1200
Best Picking Technology: 500

Required Fashion Putaway Hours:
0	21.43333	21.44583	0	0	

Required Basic Putaway Hours:
23.7825	0	0	17.005	0	

Required Total Putaway Hours:
23.7825	21.43333	21.44583	17.005	0	

No of required fashion pick hours:
0	0	13.04	31.45	58.42	

No of required basic pick hours:
19.514	0	33.478	40.354	4.544	

No of required total pick hours:
19.514	0	46.518	71.804	62.964	

List of all the costs: 
MHECost		378
PutawayTechCost		1060
PickingTechCost		3195
WhBasicInvCost		658.5898
BasicInbCost		4210.139
WhFashionInvCost		998.65
FashionInbCost		2642.136
PutawayCost		4160
StoreBasicInvCost		4583.8
StoreFashionInvCost		4011
OutboundCost		12036.07
PickingCost		10800
Total		48733.38

List of Top5 Technologies: 
Tech1		2	5	$ 48733.38
Tech2		4	5	$ 50152.87
Tech3		4	2	$ 68911.49
Tech4		4	1	$ 99852.29
Tech5		3	1	$ 102744.4
The start time is 1/1/2015 10:07:50 AM
The End time is 1/1/2015 10:08:01 AM
