Printing New Fashion Solution:

Inbound Fashion Solution (V F T):
1	1	4	4065
1	2	2	4610
1	3	4	4935
1	4	4	4970
1	5	4	5375
1	6	2	6245
1	7	4	5800
1	8	2	6290
1	9	2	3750
1	10	2	5415


Outbound Fashion Solution(S F T):
1	1	5	1060
1	2	4	755
1	3	5	730
1	4	5	950
1	5	5	940
1	6	4	755
1	7	5	1005
1	8	4	1100
1	9	4	1580
1	10	4	800
2	1	5	1005
2	2	3	1135
2	3	5	165
2	4	5	1090
2	5	5	1250
2	6	3	1230
2	7	5	1615
2	8	3	820
2	9	3	600
2	10	3	1070
3	1	5	905
3	2	4	735
3	3	5	1840
3	4	5	950
3	5	5	1210
3	6	4	1725
3	7	5	820
3	8	4	1985
3	9	4	435
3	10	4	885
4	1	5	815
4	2	4	1205
4	3	5	1185
4	4	5	1340
4	5	5	1570
4	6	4	1180
4	7	5	1340
4	8	4	1535
4	9	4	495
4	10	4	1685
5	1	5	280
5	2	4	780
5	3	5	1015
5	4	5	640
5	5	5	405
5	6	4	1355
5	7	5	1020
5	8	3	850
5	9	4	640
5	10	3	975


Warehouse Fashion Inventory (W F T):
1	0		0		0		4065		0	
2	0		4610		3475		0		0	
3	0		0		0		4935		0	
4	0		0		0		4970		0	
5	0		0		0		5375		0	
6	0		6245		5015		0		0	
7	0		0		0		5800		0	
8	0		6290		4620		0		0	
9	0		3750		3150		0		0	
10	0		5415		3370		0		0	

Store Fashion Inventory (S F T):
Store1
1	0		0		0		1060	
2	0		0		755		755	
3	0		0		0		730	
4	0		0		0		950	
5	0		0		0		940	
6	0		0		755		755	
7	0		0		0		1005	
8	0		0		1100		1100	
9	0		0		1580		1580	
10	0		0		800		800	
Store2
1	0		0		0		1005	
2	0		1135		1135		1135	
3	0		0		0		165	
4	0		0		0		1090	
5	0		0		0		1250	
6	0		1230		1230		1230	
7	0		0		0		1615	
8	0		820		820		820	
9	0		600		600		600	
10	0		1070		1070		1070	
Store3
1	0		0		0		905	
2	0		0		735		735	
3	0		0		0		1840	
4	0		0		0		950	
5	0		0		0		1210	
6	0		0		1725		1725	
7	0		0		0		820	
8	0		0		1985		1985	
9	0		0		435		435	
10	0		0		885		885	
Store4
1	0		0		0		815	
2	0		0		1205		1205	
3	0		0		0		1185	
4	0		0		0		1340	
5	0		0		0		1570	
6	0		0		1180		1180	
7	0		0		0		1340	
8	0		0		1535		1535	
9	0		0		495		495	
10	0		0		1685		1685	
Store5
1	0		0		0		280	
2	0		0		780		780	
3	0		0		0		1015	
4	0		0		0		640	
5	0		0		0		405	
6	0		0		1355		1355	
7	0		0		0		1020	
8	0		850		850		850	
9	0		0		640		640	
10	0		975		975		975	


Fashion Shipments from Vendor to Warehouse (V T):
0	0.65152	0	0.9726167	

Printing New Basic Solution:

Inbound Solution (V P T):
1	1	1	1242
1	1	3	4073
1	2	1	1223
1	2	3	3299
1	3	1	2302
1	3	3	2370
1	4	1	3521
1	4	3	1481
1	5	1	4436
1	6	1	712
1	6	3	4401
1	7	1	3633
1	7	3	1828
1	8	1	439
1	8	3	4041
1	9	1	2437
1	9	3	2147
1	10	1	2393
1	10	3	2967


Outbound Solution(S P T):
1	1	1	369
1	1	4	345
1	2	1	641
1	2	4	262
1	3	1	567
1	3	4	430
1	4	1	510
1	4	4	278
1	5	1	485
1	5	4	440
1	6	1	513
1	6	4	500
1	7	1	808
1	7	4	585
1	8	1	310
1	8	4	492
1	9	1	726
1	9	4	543
1	10	1	997
1	10	4	521
2	1	3	912
2	2	3	802
2	3	3	918
2	4	3	918
2	5	3	979
2	6	3	1125
2	7	3	1144
2	8	3	907
2	9	3	955
2	10	3	940
3	1	1	769
3	1	4	574
3	2	1	579
3	2	4	457
3	3	1	558
3	3	4	412
3	4	1	730
3	4	4	519
3	5	1	572
3	5	4	246
3	6	1	535
3	6	4	381
3	7	1	572
3	7	4	205
3	8	1	524
3	8	4	170
3	9	1	586
3	9	4	349
3	10	1	655
3	10	4	364
4	1	2	882
4	1	5	343
4	2	2	465
4	2	5	224
4	3	2	858
4	3	5	101
4	4	2	839
4	4	5	255
4	5	2	616
4	5	5	129
4	6	2	835
4	6	5	128
4	7	2	819
4	7	5	200
4	8	2	727
4	8	5	187
4	9	2	520
4	9	5	252
4	10	2	825
4	10	5	206
5	1	3	1121
5	2	3	1092
5	3	3	828
5	4	3	953
5	5	3	969
5	6	3	1096
5	7	3	1128
5	8	3	1163
5	9	3	653
5	10	3	852


Warehouse Inventory (W P T):
1	778		882		0		2040		1121		778	
2	462		465		0		1405		686		462	
3	0		1177		319		943		101		0	
4	0		2281		1442		1052		255		0	
5	0		3379		2763		815		129		0	
6	1171		835		0		2180		1299		1171	
7	0		2253		1434		990		200		0	
8	1122		727		0		1971		1309		1122	
9	0		1125		605		1144		252		0	
10	84		825		0		1175		290		84	

Store Inventory (S P T):
Store1
1	0		248		248		81		202		0	
2	0		513		318		9		137		0	
3	0		372		180		16		211		0	
4	0		446		305		162		226		0	
5	146		410		129		0		221		146	
6	138		342		129		0		309		138	
7	95		515		167		0		388		95	
8	246		310		133		0		246		246	
9	141		563		233		0		304		141	
10	0		830		504		116		283		0	
Store2
1	356		206		0		609		483		356	
2	415		156		0		711		649		415	
3	255		84		0		778		524		255	
4	402		161		0		701		467		402	
5	354		198		0		803		524		354	
6	278		143		0		892		617		278	
7	400		139		0		758		595		400	
8	169		86		0		710		417		169	
9	420		230		0		845		536		420	
10	413		208		0		636		433		413	
Store3
1	0		606		284		38		284		0	
2	0		311		81		14		81		0	
3	184		595		339		0		339		184	
4	50		401		226		0		226		50	
5	48		442		246		0		246		48	
6	0		401		239		98		239		0	
7	0		229		195		12		195		0	
8	0		363		113		95		113		0	
9	15		408		235		0		235		15	
10	99		522		194		0		194		99	
Store4
1	207		69		602		259		0		207	
2	143		33		386		162		0		143	
3	163		0		683		582		256		163	
4	124		0		571		316		14		124	
5	145		0		545		416		272		145	
6	262		0		726		598		322		262	
7	203		0		489		289		60		203	
8	224		0		578		391		218		224	
9	163		38		350		98		0		163	
10	228		0		615		409		106		228	
Store5
1	301		159		0		795		609		301	
2	563		288		0		882		771		563	
3	416		228		0		638		517		416	
4	478		265		0		739		659		478	
5	434		212		0		751		599		434	
6	614		229		0		970		842		614	
7	452		304		0		915		656		452	
8	453		259		0		899		664		453	
9	286		89		0		429		369		286	
10	445		243		0		687		481		445	


Shipments from Vendor to Warehouse (V T):
0.9604414	0	0.9649106	0	0	

Shipments from Warehouse to Stores (S T):
1	1	0.2236627
1	4	0.285964
1	5	0.1678933
2	3	0.4976807
2	5	0.1863767
3	1	0.242032
3	4	0.3017347
3	5	0.2231767
4	2	0.2924646
4	4	0.1517933
4	5	0.31992
5	3	0.4399833
5	4	0.06348667
5	5	0.15332


Required Putaway workers (Sol T):
3	3	3	3	0	

No of required pickers (T):
4	2	7	7	7	

No of part-time putaway workers (T):
1	1	1	1	0	

No of part-time pickers (T):
0	0	2	2	2	

Best Putaway Technology: 1200
Best Picking Technology: 500

Required Fashion Putaway Hours:
0	21.925	0	20.95417	0	

Required Basic Putaway Hours:
18.615	0	22.1725	0	0	

Required Total Putaway Hours:
18.615	21.925	22.1725	20.95417	0	

No of required fashion pick hours:
0	0	13.36	39.26	50.29	

No of required basic pick hours:
24.012	14.772	38.91	16.146	4.05	

No of required total pick hours:
24.012	14.772	52.27	55.406	54.34	

List of all the costs: 
MHECost		378
PutawayTechCost		1060
PickingTechCost		3195
WhBasicInvCost		434.8599
BasicInbCost		4210.139
WhFashionInvCost		710.85
FashionInbCost		2642.136
PutawayCost		4160
StoreBasicInvCost		3523.65
StoreFashionInvCost		4222.25
OutboundCost		12417.31
PickingCost		9440
Total		46394.19

List of Top5 Technologies: 
Tech1		2	6	$ 48318.94
Tech2		2	5	$ 49558.87
Tech3		3	5	$ 50578.74
Tech4		1	5	$ 51464.51
Tech5		1	4	$ 56655.93
The start time is 1/1/2015 10:07:50 AM
The End time is 1/1/2015 10:08:07 AM
