Printing New Fashion Solution:

Inbound Fashion Solution (V F T):
1	1	4	5530
1	2	4	6650
1	3	4	4265
1	4	3	4880
1	5	4	6055
1	6	3	5295
1	7	3	6150
1	8	4	3590
1	9	3	5825
1	10	3	4410


Outbound Fashion Solution(S F T):
1	1	5	750
1	2	5	1865
1	3	5	425
1	4	5	740
1	5	5	1190
1	6	5	890
1	7	5	1485
1	9	5	1345
1	10	5	720
2	1	5	830
2	2	5	1205
2	3	5	770
2	4	5	830
2	5	5	950
2	6	5	1205
2	7	5	910
2	8	5	910
2	9	5	845
2	10	5	1115
3	1	5	1495
3	2	5	920
3	3	5	855
3	4	4	1255
3	5	5	1255
3	6	5	735
3	7	5	880
3	8	5	635
3	9	4	1405
3	10	4	345
4	1	5	1305
4	2	5	1590
4	3	5	1035
4	4	4	760
4	5	5	1565
4	6	5	1330
4	7	5	1110
4	8	5	1600
4	9	5	325
4	10	4	1330
5	1	5	1150
5	2	5	1070
5	3	5	1180
5	4	5	1295
5	5	5	1095
5	6	5	1135
5	7	5	1765
5	8	5	445
5	9	5	1905
5	10	5	900


Warehouse Fashion Inventory (W F T):
1	0		0		0		5530		0	
2	0		0		0		6650		0	
3	0		0		0		4265		0	
4	0		0		4880		2865		0	
5	0		0		0		6055		0	
6	0		0		5295		5295		0	
7	0		0		6150		6150		0	
8	0		0		0		3590		0	
9	0		0		5825		4420		0	
10	0		0		4410		2735		0	

Store Fashion Inventory (S F T):
Store1
1	0		0		0		750	
2	0		0		0		1865	
3	0		0		0		425	
4	0		0		0		740	
5	0		0		0		1190	
6	0		0		0		890	
7	0		0		0		1485	
8	0		0		0		0	
9	0		0		0		1345	
10	0		0		0		720	
Store2
1	0		0		0		830	
2	0		0		0		1205	
3	0		0		0		770	
4	0		0		0		830	
5	0		0		0		950	
6	0		0		0		1205	
7	0		0		0		910	
8	0		0		0		910	
9	0		0		0		845	
10	0		0		0		1115	
Store3
1	0		0		0		1495	
2	0		0		0		920	
3	0		0		0		855	
4	0		0		1255		1255	
5	0		0		0		1255	
6	0		0		0		735	
7	0		0		0		880	
8	0		0		0		635	
9	0		0		1405		1405	
10	0		0		345		345	
Store4
1	0		0		0		1305	
2	0		0		0		1590	
3	0		0		0		1035	
4	0		0		760		760	
5	0		0		0		1565	
6	0		0		0		1330	
7	0		0		0		1110	
8	0		0		0		1600	
9	0		0		0		325	
10	0		0		1330		1330	
Store5
1	0		0		0		1150	
2	0		0		0		1070	
3	0		0		0		1180	
4	0		0		0		1295	
5	0		0		0		1095	
6	0		0		0		1135	
7	0		0		0		1765	
8	0		0		0		445	
9	0		0		0		1905	
10	0		0		0		900	


Fashion Shipments from Vendor to Warehouse (V T):
0	0	0.9777799	0.6368533	

Printing New Basic Solution:

Inbound Solution (V P T):
1	1	1	1825
1	1	2	2737
1	2	1	2770
1	2	2	1846
1	3	1	2292
1	3	2	3437
1	4	1	1745
1	4	2	2616
1	5	1	2160
1	5	2	3239
1	6	1	4227
1	6	2	469
1	7	1	2609
1	7	2	2608
1	8	1	3676
1	8	2	1575
1	9	1	3152
1	9	2	1350
1	10	1	1507
1	10	2	3516


Outbound Solution(S P T):
1	1	2	870
1	2	2	1385
1	3	2	953
1	4	2	844
1	5	2	941
1	6	2	1309
1	7	2	1289
1	8	2	653
1	9	2	841
1	10	2	663
2	1	1	867
2	2	1	645
2	3	1	1224
2	4	1	796
2	5	1	1154
2	6	1	765
2	7	1	1044
2	8	1	1151
2	9	1	1081
2	10	1	1092
3	1	4	1080
3	2	4	683
3	3	4	1281
3	4	4	993
3	5	4	867
3	6	4	825
3	7	4	791
3	8	4	1305
3	9	4	976
3	10	4	858
4	1	4	1067
4	2	4	1190
4	3	4	827
4	4	4	844
4	5	4	1255
4	6	4	988
4	7	4	1062
4	8	4	954
4	9	4	644
4	10	4	1200
5	1	1	678
5	2	1	713
5	3	1	1444
5	4	1	884
5	5	1	1182
5	6	1	809
5	7	1	1031
5	8	1	1188
5	9	1	960
5	10	1	1210


Warehouse Inventory (W P T):
1	0		280		2147		2147		0		0	
2	0		1412		1873		1873		0		0	
3	376		0		2484		2484		376		376	
4	0		65		1837		1837		0		0	
5	176		0		2298		2298		176		176	
6	0		2653		1813		1813		0		0	
7	0		534		1853		1853		0		0	
8	0		1337		2259		2259		0		0	
9	0		1111		1620		1620		0		0	
10	795		0		2853		2853		795		795	

Store Inventory (S P T):
Store1
1	154		0		647		297		204		154	
2	427		0		1004		917		586		427	
3	316		0		900		719		479		316	
4	126		0		736		540		305		126	
5	70		0		697		471		191		70	
6	294		0		969		857		505		294	
7	297		0		1066		827		576		297	
8	165		0		653		517		274		165	
9	11		0		607		449		205		11	
10	142		0		564		382		255		142	
Store2
1	0		680		555		397		105		0	
2	0		510		313		219		115		0	
3	0		906		650		524		376		0	
4	0		510		298		174		123		0	
5	0		842		604		507		287		0	
6	0		640		360		88		88		0	
7	0		886		638		281		1		0	
8	0		899		697		441		182		0	
9	0		782		524		381		170		0	
10	0		834		796		485		244		0	
Store3
1	886		579		284		0		944		886	
2	428		255		39		0		567		428	
3	751		518		338		0		1078		751	
4	472		260		104		0		838		472	
5	424		183		91		0		642		424	
6	521		361		199		0		715		521	
7	514		282		179		0		720		514	
8	710		469		206		0		957		710	
9	629		446		265		0		798		629	
10	462		341		185		0		641		462	
Store4
1	728		481		150		0		841		728	
2	727		366		290		0		941		727	
3	370		206		176		0		617		370	
4	523		331		136		0		626		523	
5	910		575		252		0		973		910	
6	689		519		273		0		831		689	
7	807		466		233		0		875		807	
8	499		230		125		0		726		499	
9	337		250		248		0		512		337	
10	702		513		246		0		968		702	
Store5
1	0		490		306		137		105		0	
2	0		467		316		191		0		0	
3	0		1186		859		545		267		0	
4	0		604		341		233		202		0	
5	0		863		729		408		183		0	
6	0		695		652		403		221		0	
7	0		763		596		416		165		0	
8	0		880		716		384		158		0	
9	0		726		657		283		120		0	
10	0		1022		883		607		259		0	


Shipments from Vendor to Warehouse (V T):
0.982622	0.7978427	0	0	0	

Shipments from Warehouse to Stores (S T):
1	2	0.3520094
1	5	0.3080833
2	1	0.3547247
2	5	0.3109333
3	4	0.445624
3	5	0.17705
4	4	0.4403013
4	5	0.27464
5	1	0.3680253
5	5	0.3637067


Required Putaway workers (Sol T):
3	3	3	3	0	

No of required pickers (T):
3	2	0	4	6	

No of part-time putaway workers (T):
1	1	1	1	0	

No of part-time pickers (T):
0	0	0	0	2	

Best Putaway Technology: 1200
Best Picking Technology: 1000

Required Fashion Putaway Hours:
0	0	22.13333	21.74167	0	

Required Basic Putaway Hours:
21.63583	19.49417	0	0	0	

Required Total Putaway Hours:
21.63583	19.49417	22.13333	21.74167	0	

No of required fashion pick hours:
0	0	0	5.095	47.555	

No of required basic pick hours:
19.918	9.748	0	19.69	0	

No of required total pick hours:
19.918	9.748	0	24.785	47.555	

List of all the costs: 
MHECost		378
PutawayTechCost		1060
PickingTechCost		9130
WhBasicInvCost		521.6001
BasicInbCost		4520.676
WhFashionInvCost		741.15
FashionInbCost		2635.436
PutawayCost		4160
StoreBasicInvCost		4805
StoreFashionInvCost		2887.25
OutboundCost		8486.751
PickingCost		6880
Total		46205.86

List of Top5 Technologies: 
Tech1		2	6	$ 46205.86
Tech2		2	5	$ 48098.82
Tech3		3	5	$ 50496.55
Tech4		1	5	$ 55615.66
Tech5		1	1	$ 85073.1
The start time is 1/1/2015 5:27:10 AM
The End time is 1/1/2015 5:27:17 AM
