Printing New Fashion Solution:

Inbound Fashion Solution (V F T):
1	1	4	5530
1	2	4	6650
1	3	2	4265
1	4	2	4880
1	5	4	6055
1	6	4	5295
1	7	2	6150
1	8	2	3590
1	9	2	5825
1	10	4	4410


Outbound Fashion Solution(S F T):
1	1	5	750
1	2	5	1865
1	3	4	425
1	4	4	740
1	5	5	1190
1	6	5	890
1	7	4	1485
1	9	4	1345
1	10	5	720
2	1	5	830
2	2	5	1205
2	3	4	770
2	4	4	830
2	5	5	950
2	6	5	1205
2	7	4	910
2	8	3	910
2	9	4	845
2	10	5	1115
3	1	5	1495
3	2	5	920
3	3	3	855
3	4	4	1255
3	5	5	1255
3	6	5	735
3	7	3	880
3	8	3	635
3	9	4	1405
3	10	5	345
4	1	5	1305
4	2	5	1590
4	3	4	1035
4	4	4	760
4	5	5	1565
4	6	5	1330
4	7	4	1110
4	8	4	1600
4	9	4	325
4	10	5	1330
5	1	5	1150
5	2	5	1070
5	3	4	1180
5	4	4	1295
5	5	5	1095
5	6	5	1135
5	7	4	1765
5	8	4	445
5	9	4	1905
5	10	5	900


Warehouse Fashion Inventory (W F T):
1	0		0		0		5530		0	
2	0		0		0		6650		0	
3	0		4265		3410		0		0	
4	0		4880		4880		0		0	
5	0		0		0		6055		0	
6	0		0		0		5295		0	
7	0		6150		5270		0		0	
8	0		3590		2045		0		0	
9	0		5825		5825		0		0	
10	0		0		0		4410		0	

Store Fashion Inventory (S F T):
Store1
1	0		0		0		750	
2	0		0		0		1865	
3	0		0		425		425	
4	0		0		740		740	
5	0		0		0		1190	
6	0		0		0		890	
7	0		0		1485		1485	
8	0		0		0		0	
9	0		0		1345		1345	
10	0		0		0		720	
Store2
1	0		0		0		830	
2	0		0		0		1205	
3	0		0		770		770	
4	0		0		830		830	
5	0		0		0		950	
6	0		0		0		1205	
7	0		0		910		910	
8	0		910		910		910	
9	0		0		845		845	
10	0		0		0		1115	
Store3
1	0		0		0		1495	
2	0		0		0		920	
3	0		855		855		855	
4	0		0		1255		1255	
5	0		0		0		1255	
6	0		0		0		735	
7	0		880		880		880	
8	0		635		635		635	
9	0		0		1405		1405	
10	0		0		0		345	
Store4
1	0		0		0		1305	
2	0		0		0		1590	
3	0		0		1035		1035	
4	0		0		760		760	
5	0		0		0		1565	
6	0		0		0		1330	
7	0		0		1110		1110	
8	0		0		1600		1600	
9	0		0		325		325	
10	0		0		0		1330	
Store5
1	0		0		0		1150	
2	0		0		0		1070	
3	0		0		1180		1180	
4	0		0		1295		1295	
5	0		0		0		1095	
6	0		0		0		1135	
7	0		0		1765		1765	
8	0		0		445		445	
9	0		0		1905		1905	
10	0		0		0		900	


Fashion Shipments from Vendor to Warehouse (V T):
0	0.6536233	0	0.96101	

Printing New Basic Solution:

Inbound Solution (V P T):
1	1	1	3649
1	1	3	913
1	2	1	2769
1	2	3	1847
1	3	1	2864
1	3	3	2865
1	4	1	1744
1	4	3	2617
1	5	1	1079
1	5	3	4320
1	6	1	2348
1	6	3	2348
1	7	1	1043
1	7	3	4174
1	8	1	1575
1	8	3	3676
1	9	1	1800
1	9	3	2702
1	10	1	3516
1	10	3	1507


Outbound Solution(S P T):
1	1	2	870
1	2	2	1385
1	3	2	953
1	4	2	844
1	5	2	941
1	6	2	1309
1	7	2	1289
1	8	2	653
1	9	2	841
1	10	2	663
2	1	3	470
2	1	4	397
2	2	3	426
2	2	4	219
2	3	3	700
2	3	4	524
2	4	3	622
2	4	4	174
2	5	3	647
2	5	4	507
2	6	3	677
2	6	4	88
2	7	3	763
2	7	4	281
2	8	3	710
2	8	4	441
2	9	3	700
2	9	4	381
2	10	3	607
2	10	4	485
3	1	3	1080
3	2	3	683
3	3	3	1281
3	4	3	993
3	5	3	867
3	6	3	825
3	7	3	791
3	8	3	1305
3	9	3	976
3	10	3	858
4	1	1	1067
4	2	1	1190
4	3	1	827
4	4	1	844
4	5	1	1255
4	6	1	988
4	7	1	1062
4	8	1	954
4	9	1	644
4	10	1	1200
5	1	1	646
5	1	4	32
5	2	1	522
5	2	4	191
5	3	1	1166
5	3	4	278
5	4	1	853
5	4	4	31
5	5	1	957
5	5	4	225
5	6	1	627
5	6	4	182
5	7	1	780
5	7	4	251
5	8	1	962
5	8	4	226
5	9	1	797
5	9	4	163
5	10	1	862
5	10	4	348


Warehouse Inventory (W P T):
1	0		1936		1066		429		0		0	
2	328		1385		0		738		328		328	
3	82		953		0		884		82		82	
4	797		844		0		1002		797		797	
5	2074		941		0		2806		2074		2074	
6	576		1309		0		846		576		576	
7	2088		1289		0		2620		2088		2088	
8	994		653		0		1661		994		994	
9	482		841		0		1026		482		482	
10	0		1454		791		833		0		0	

Store Inventory (S P T):
Store1
1	154		0		647		297		204		154	
2	427		0		1004		917		586		427	
3	316		0		900		719		479		316	
4	126		0		736		540		305		126	
5	70		0		697		471		191		70	
6	294		0		969		857		505		294	
7	297		0		1066		827		576		297	
8	165		0		653		517		274		165	
9	11		0		607		449		205		11	
10	142		0		564		382		255		142	
Store2
1	312		125		0		312		417		312	
2	332		197		0		332		447		332	
3	574		256		0		574		950		574	
4	498		212		0		498		621		498	
5	550		238		0		550		837		550	
6	405		280		0		405		493		405	
7	406		248		0		406		407		406	
8	454		202		0		454		636		454	
9	557		258		0		557		727		557	
10	296		38		0		296		540		296	
Store3
1	602		295		0		796		660		602	
2	389		216		0		644		528		389	
3	413		180		0		943		740		413	
4	368		156		0		889		734		368	
5	333		92		0		776		551		333	
6	322		162		0		626		516		322	
7	335		103		0		612		541		335	
8	504		263		0		1099		751		504	
9	364		181		0		711		533		364	
10	277		156		0		673		456		277	
Store4
1	0		820		489		339		113		0	
2	0		829		753		463		214		0	
3	0		663		633		457		247		0	
4	0		652		457		321		103		0	
5	0		920		597		345		63		0	
6	0		818		572		299		142		0	
7	0		721		488		255		68		0	
8	0		685		580		455		227		0	
9	0		557		555		307		175		0	
10	0		1011		744		498		266		0	
Store5
1	0		458		274		105		105		0	
2	0		276		125		0		0		0	
3	0		908		581		267		267		0	
4	0		573		310		202		202		0	
5	0		638		504		183		183		0	
6	0		513		470		221		221		0	
7	0		512		345		165		165		0	
8	0		654		490		158		158		0	
9	0		563		494		120		120		0	
10	0		674		535		259		259		0	


Shipments from Vendor to Warehouse (V T):
0.824278	0	0.9561867	0	0	

Shipments from Warehouse to Stores (S T):
1	2	0.3520094
1	4	0.1102867
1	5	0.1977967
2	3	0.2427306
2	4	0.2213373
2	5	0.20159
3	3	0.428234
3	4	0.06545
3	5	0.12899
4	1	0.3441613
4	4	0.1217233
4	5	0.2490567
5	1	0.302338
5	4	0.2458173
5	5	0.1835767


Required Putaway workers (Sol T):
3	3	3	3	0	

No of required pickers (T):
5	3	5	7	7	

No of part-time putaway workers (T):
1	1	1	1	0	

No of part-time pickers (T):
0	0	0	2	2	

Best Putaway Technology: 1200
Best Picking Technology: 500

Required Fashion Putaway Hours:
0	20.59167	0	23.28333	0	

Required Basic Putaway Hours:
18.65583	0	22.47417	0	0	

Required Total Putaway Hours:
18.65583	20.59167	22.47417	23.28333	0	

No of required fashion pick hours:
0	0	6.56	42.86	55.88	

No of required basic pick hours:
36.406	19.496	31.962	10.848	0	

No of required total pick hours:
36.406	19.496	38.522	53.708	55.88	

List of all the costs: 
MHECost		378
PutawayTechCost		1060
PickingTechCost		3195
WhBasicInvCost		411.49
BasicInbCost		4520.676
WhFashionInvCost		740.8
FashionInbCost		2635.437
PutawayCost		4160
StoreBasicInvCost		4397.3
StoreFashionInvCost		4032
OutboundCost		11731.66
PickingCost		8960
Total		46222.36

List of Top5 Technologies: 
Tech1		2	5	$ 46222.36
Tech2		2	6	$ 49301.15
Tech3		2	4	$ 54128.38
Tech4		2	1	$ 91505.77
Tech5		4	1	$ 100447.3
The start time is 1/1/2015 5:27:10 AM
The End time is 1/1/2015 5:27:22 AM
