Printing New Fashion Solution:

Inbound Fashion Solution (V F T):
1	1	1	2185
1	2	1	1800
1	3	4	2350
1	4	1	2085
1	5	4	2320
1	6	4	2200
1	7	1	2475
1	8	1	1905
1	9	1	2005
1	10	4	2170
1	11	1	1975
1	12	1	2175
1	13	4	1550
1	14	4	2300
1	15	4	2235
1	16	4	2345
1	17	1	2140
1	18	4	2175
1	19	1	2010
1	20	1	2195
1	21	4	1895
1	22	4	1905
1	23	4	2240
1	24	4	2055
1	25	4	1640
2	26	4	1800
2	27	4	2340
2	28	4	2385
2	29	2	2240
2	30	4	2065
2	31	4	1655
2	32	2	2120
2	33	2	1675
2	34	2	2000
2	35	4	2230
2	36	2	2415
2	37	4	1825
2	38	2	1980
2	39	4	1770
2	40	2	2350
2	41	4	2090
2	42	4	1920
2	43	4	2190
2	44	2	1750
2	45	2	1920
2	46	2	2070
2	47	4	1740
2	48	4	2185
2	49	4	1655
2	50	2	2420


Outbound Fashion Solution(S F T):
1	1	5	150
1	2	5	140
1	3	5	130
1	4	5	60
1	5	5	160
1	6	5	230
1	7	5	315
1	8	5	215
1	9	5	220
1	10	5	310
1	11	5	195
1	12	5	285
1	13	5	215
1	14	5	350
1	15	5	110
1	16	5	120
1	17	5	110
1	18	5	205
1	19	5	160
1	20	5	275
1	21	5	180
1	22	5	350
1	23	5	160
1	24	5	200
1	25	5	155
1	26	5	245
1	27	5	220
1	28	5	170
1	29	5	365
1	30	5	130
1	31	5	80
1	32	5	240
1	33	5	180
1	34	5	255
1	35	5	295
1	36	5	365
1	37	5	160
1	38	5	335
1	39	5	160
1	40	5	315
1	41	5	275
1	42	5	95
1	43	5	365
1	44	5	120
1	45	5	150
1	46	5	190
1	47	5	110
1	48	5	195
1	49	5	45
1	50	5	290
2	1	5	245
2	2	5	280
2	3	5	245
2	4	5	110
2	5	5	300
2	6	5	180
2	7	5	335
2	8	5	195
2	9	5	155
2	10	5	115
2	11	5	190
2	12	5	280
2	13	5	145
2	14	5	290
2	15	5	200
2	16	5	165
2	17	5	215
2	18	5	190
2	19	5	410
2	20	5	255
2	21	5	195
2	22	5	165
2	23	5	305
2	24	5	165
2	25	5	125
2	26	5	310
2	27	5	180
2	28	5	350
2	29	5	165
2	30	5	235
2	31	5	140
2	32	5	230
2	33	5	105
2	34	5	195
2	35	5	355
2	36	5	290
2	37	5	270
2	38	5	245
2	39	5	115
2	40	5	180
2	41	5	60
2	42	5	135
2	43	5	30
2	44	5	240
2	45	5	235
2	46	5	220
2	47	5	285
2	48	5	125
2	49	5	205
2	50	5	210
3	1	5	350
3	2	5	180
3	3	5	330
3	4	5	340
3	5	5	255
3	6	5	235
3	7	5	20
3	8	5	185
3	9	5	195
3	10	5	190
3	11	5	245
3	12	5	315
3	13	5	210
3	14	5	270
3	15	5	230
3	16	5	380
3	17	5	130
3	18	5	215
3	19	5	175
3	20	5	95
3	21	5	295
3	22	5	245
3	23	5	275
3	24	5	225
3	25	5	190
3	26	5	55
3	27	5	290
3	28	5	215
3	29	5	175
3	30	5	325
3	31	5	255
3	32	5	155
3	33	5	175
3	34	5	190
3	35	5	10
3	36	5	350
3	37	5	110
3	38	5	95
3	39	5	205
3	40	5	350
3	41	5	380
3	42	5	195
3	43	5	215
3	44	5	190
3	45	5	195
3	46	5	190
3	47	5	235
3	48	5	265
3	49	5	165
3	50	5	220
4	1	5	225
4	2	5	110
4	3	5	180
4	4	5	160
4	5	5	230
4	6	5	260
4	7	5	225
4	8	5	150
4	9	5	205
4	10	5	150
4	11	5	275
4	12	5	200
4	13	5	40
4	14	5	205
4	15	5	325
4	16	5	240
4	17	5	200
4	18	5	55
4	19	5	270
4	20	5	270
4	21	5	155
4	22	5	10
4	23	5	260
4	24	5	275
4	25	5	160
4	26	5	300
4	27	5	280
4	28	5	265
4	29	5	130
4	30	5	200
4	31	5	175
4	32	5	210
4	33	5	105
4	34	5	160
4	35	5	245
4	36	5	130
4	37	5	145
4	38	5	230
4	39	5	190
4	40	5	210
4	41	5	190
4	42	5	270
4	43	5	105
4	44	5	225
4	45	5	180
4	46	5	115
4	47	5	225
4	48	5	255
4	49	5	270
4	50	5	235
5	1	5	280
5	2	5	185
5	3	5	295
5	4	5	180
5	5	5	140
5	6	5	330
5	7	5	190
5	8	5	145
5	9	5	235
5	10	5	280
5	11	5	100
5	12	5	140
5	13	5	55
5	14	5	190
5	15	5	255
5	16	5	260
5	17	5	410
5	18	5	210
5	19	5	95
5	20	5	315
5	21	5	140
5	22	5	255
5	23	5	225
5	24	5	200
5	25	5	110
5	26	5	50
5	27	5	255
5	28	5	150
5	29	5	245
5	30	5	160
5	31	5	230
5	32	5	325
5	33	5	85
5	34	5	325
5	35	5	315
5	36	5	180
5	37	5	290
5	38	5	290
5	39	5	180
5	40	5	200
5	41	5	270
5	42	5	255
5	43	5	190
5	44	5	85
5	45	5	285
5	46	5	300
5	47	5	125
5	48	5	170
5	49	5	140
5	50	5	305
6	1	5	140
6	2	5	280
6	3	5	225
6	4	5	85
6	5	5	270
6	6	5	140
6	7	5	285
6	8	5	245
6	9	5	215
6	10	5	345
6	11	5	170
6	12	5	200
6	13	5	135
6	14	5	110
6	15	5	170
6	16	5	210
6	17	5	225
6	18	5	195
6	19	5	60
6	20	5	25
6	21	5	180
6	22	5	130
6	23	5	150
6	24	5	110
6	25	5	135
6	26	5	165
6	27	5	240
6	28	5	245
6	29	5	145
6	30	5	185
6	31	5	135
6	32	5	265
6	33	5	205
6	34	5	240
6	35	5	195
6	36	5	195
6	37	5	105
6	38	5	95
6	39	5	90
6	40	5	330
6	41	5	265
6	42	5	75
6	43	5	240
6	44	5	225
6	45	5	185
6	46	5	160
6	47	5	75
6	48	5	195
6	49	5	250
6	50	5	295
7	1	5	220
7	2	5	40
7	3	5	350
7	4	5	185
7	5	5	215
7	6	5	265
7	7	5	275
7	8	5	80
7	9	5	115
7	10	5	195
7	11	5	270
7	12	5	25
7	13	5	195
7	14	5	270
7	15	5	225
7	16	5	170
7	17	5	230
7	18	5	215
7	19	5	180
7	20	5	210
7	21	5	80
7	22	5	310
7	23	5	205
7	24	5	305
7	25	5	225
7	26	5	150
7	27	5	120
7	28	5	250
7	29	5	150
7	30	5	160
7	31	5	220
7	32	5	45
7	33	5	115
7	34	5	75
7	35	5	170
7	36	5	255
7	37	5	255
7	38	5	130
7	39	5	180
7	40	5	205
7	41	5	250
7	42	5	210
7	43	5	375
7	44	5	80
7	45	5	150
7	46	5	360
7	47	5	145
7	48	5	235
7	49	5	145
7	50	5	115
8	1	5	165
8	2	5	275
8	3	5	200
8	4	5	265
8	5	5	335
8	6	5	275
8	7	5	210
8	8	5	280
8	9	5	230
8	10	5	210
8	11	5	215
8	12	5	225
8	13	5	165
8	14	5	265
8	15	5	330
8	16	5	320
8	17	5	190
8	18	5	225
8	19	5	215
8	20	5	265
8	21	5	280
8	22	5	85
8	23	5	110
8	24	5	315
8	25	5	95
8	26	5	180
8	27	5	230
8	28	5	105
8	29	5	265
8	30	5	250
8	31	5	145
8	32	5	185
8	33	5	225
8	34	5	295
8	35	5	225
8	36	5	370
8	37	5	80
8	38	5	225
8	39	5	235
8	40	5	140
8	41	5	295
8	42	5	165
8	43	5	325
8	44	5	240
8	45	5	105
8	46	5	65
8	47	5	175
8	48	5	265
8	49	5	35
8	50	5	275
9	1	5	220
9	2	5	135
9	3	5	310
9	4	5	300
9	5	5	195
9	6	5	225
9	7	5	290
9	8	5	160
9	9	5	205
9	10	5	230
9	11	5	130
9	12	5	270
9	13	5	175
9	14	5	170
9	15	5	220
9	16	5	265
9	17	5	275
9	18	5	320
9	19	5	205
9	20	5	280
9	21	5	205
9	22	5	190
9	23	5	310
9	24	5	140
9	25	5	135
9	26	5	145
9	27	5	245
9	28	5	345
9	29	5	370
9	30	5	160
9	31	5	120
9	32	5	150
9	33	5	205
9	34	5	160
9	35	5	160
9	36	5	125
9	37	5	220
9	38	5	200
9	39	5	75
9	40	5	215
9	41	5	50
9	42	5	340
9	43	5	175
9	44	5	205
9	45	5	210
9	46	5	285
9	47	5	275
9	48	5	220
9	49	5	255
9	50	5	180
10	1	5	190
10	2	5	175
10	3	5	85
10	4	5	400
10	5	5	220
10	6	5	60
10	7	5	330
10	8	5	250
10	9	5	230
10	10	5	145
10	11	5	185
10	12	5	235
10	13	5	215
10	14	5	180
10	15	5	170
10	16	5	215
10	17	5	155
10	18	5	345
10	19	5	240
10	20	5	205
10	21	5	185
10	22	5	165
10	23	5	240
10	24	5	120
10	25	5	310
10	26	5	200
10	27	5	280
10	28	5	290
10	29	5	230
10	30	5	260
10	31	5	155
10	32	5	315
10	33	5	275
10	34	5	105
10	35	5	260
10	36	5	155
10	37	5	190
10	38	5	135
10	39	5	340
10	40	5	205
10	41	5	55
10	42	5	180
10	43	5	170
10	44	5	140
10	45	5	225
10	46	5	185
10	47	5	90
10	48	5	260
10	49	5	145
10	50	5	295


Warehouse Fashion Inventory (W F T):
1	2185		2185		2185		2185		0	
2	1800		1800		1800		1800		0	
3	0		0		0		2350		0	
4	2085		2085		2085		2085		0	
5	0		0		0		2320		0	
6	0		0		0		2200		0	
7	2475		2475		2475		2475		0	
8	1905		1905		1905		1905		0	
9	2005		2005		2005		2005		0	
10	0		0		0		2170		0	
11	1975		1975		1975		1975		0	
12	2175		2175		2175		2175		0	
13	0		0		0		1550		0	
14	0		0		0		2300		0	
15	0		0		0		2235		0	
16	0		0		0		2345		0	
17	2140		2140		2140		2140		0	
18	0		0		0		2175		0	
19	2010		2010		2010		2010		0	
20	2195		2195		2195		2195		0	
21	0		0		0		1895		0	
22	0		0		0		1905		0	
23	0		0		0		2240		0	
24	0		0		0		2055		0	
25	0		0		0		1640		0	
26	0		0		0		1800		0	
27	0		0		0		2340		0	
28	0		0		0		2385		0	
29	0		2240		2240		2240		0	
30	0		0		0		2065		0	
31	0		0		0		1655		0	
32	0		2120		2120		2120		0	
33	0		1675		1675		1675		0	
34	0		2000		2000		2000		0	
35	0		0		0		2230		0	
36	0		2415		2415		2415		0	
37	0		0		0		1825		0	
38	0		1980		1980		1980		0	
39	0		0		0		1770		0	
40	0		2350		2350		2350		0	
41	0		0		0		2090		0	
42	0		0		0		1920		0	
43	0		0		0		2190		0	
44	0		1750		1750		1750		0	
45	0		1920		1920		1920		0	
46	0		2070		2070		2070		0	
47	0		0		0		1740		0	
48	0		0		0		2185		0	
49	0		0		0		1655		0	
50	0		2420		2420		2420		0	

Store Fashion Inventory (S F T):
Store1
1	0		0		0		150	
2	0		0		0		140	
3	0		0		0		130	
4	0		0		0		60	
5	0		0		0		160	
6	0		0		0		230	
7	0		0		0		315	
8	0		0		0		215	
9	0		0		0		220	
10	0		0		0		310	
11	0		0		0		195	
12	0		0		0		285	
13	0		0		0		215	
14	0		0		0		350	
15	0		0		0		110	
16	0		0		0		120	
17	0		0		0		110	
18	0		0		0		205	
19	0		0		0		160	
20	0		0		0		275	
21	0		0		0		180	
22	0		0		0		350	
23	0		0		0		160	
24	0		0		0		200	
25	0		0		0		155	
26	0		0		0		245	
27	0		0		0		220	
28	0		0		0		170	
29	0		0		0		365	
30	0		0		0		130	
31	0		0		0		80	
32	0		0		0		240	
33	0		0		0		180	
34	0		0		0		255	
35	0		0		0		295	
36	0		0		0		365	
37	0		0		0		160	
38	0		0		0		335	
39	0		0		0		160	
40	0		0		0		315	
41	0		0		0		275	
42	0		0		0		95	
43	0		0		0		365	
44	0		0		0		120	
45	0		0		0		150	
46	0		0		0		190	
47	0		0		0		110	
48	0		0		0		195	
49	0		0		0		45	
50	0		0		0		290	
Store2
1	0		0		0		245	
2	0		0		0		280	
3	0		0		0		245	
4	0		0		0		110	
5	0		0		0		300	
6	0		0		0		180	
7	0		0		0		335	
8	0		0		0		195	
9	0		0		0		155	
10	0		0		0		115	
11	0		0		0		190	
12	0		0		0		280	
13	0		0		0		145	
14	0		0		0		290	
15	0		0		0		200	
16	0		0		0		165	
17	0		0		0		215	
18	0		0		0		190	
19	0		0		0		410	
20	0		0		0		255	
21	0		0		0		195	
22	0		0		0		165	
23	0		0		0		305	
24	0		0		0		165	
25	0		0		0		125	
26	0		0		0		310	
27	0		0		0		180	
28	0		0		0		350	
29	0		0		0		165	
30	0		0		0		235	
31	0		0		0		140	
32	0		0		0		230	
33	0		0		0		105	
34	0		0		0		195	
35	0		0		0		355	
36	0		0		0		290	
37	0		0		0		270	
38	0		0		0		245	
39	0		0		0		115	
40	0		0		0		180	
41	0		0		0		60	
42	0		0		0		135	
43	0		0		0		30	
44	0		0		0		240	
45	0		0		0		235	
46	0		0		0		220	
47	0		0		0		285	
48	0		0		0		125	
49	0		0		0		205	
50	0		0		0		210	
Store3
1	0		0		0		350	
2	0		0		0		180	
3	0		0		0		330	
4	0		0		0		340	
5	0		0		0		255	
6	0		0		0		235	
7	0		0		0		20	
8	0		0		0		185	
9	0		0		0		195	
10	0		0		0		190	
11	0		0		0		245	
12	0		0		0		315	
13	0		0		0		210	
14	0		0		0		270	
15	0		0		0		230	
16	0		0		0		380	
17	0		0		0		130	
18	0		0		0		215	
19	0		0		0		175	
20	0		0		0		95	
21	0		0		0		295	
22	0		0		0		245	
23	0		0		0		275	
24	0		0		0		225	
25	0		0		0		190	
26	0		0		0		55	
27	0		0		0		290	
28	0		0		0		215	
29	0		0		0		175	
30	0		0		0		325	
31	0		0		0		255	
32	0		0		0		155	
33	0		0		0		175	
34	0		0		0		190	
35	0		0		0		10	
36	0		0		0		350	
37	0		0		0		110	
38	0		0		0		95	
39	0		0		0		205	
40	0		0		0		350	
41	0		0		0		380	
42	0		0		0		195	
43	0		0		0		215	
44	0		0		0		190	
45	0		0		0		195	
46	0		0		0		190	
47	0		0		0		235	
48	0		0		0		265	
49	0		0		0		165	
50	0		0		0		220	
Store4
1	0		0		0		225	
2	0		0		0		110	
3	0		0		0		180	
4	0		0		0		160	
5	0		0		0		230	
6	0		0		0		260	
7	0		0		0		225	
8	0		0		0		150	
9	0		0		0		205	
10	0		0		0		150	
11	0		0		0		275	
12	0		0		0		200	
13	0		0		0		40	
14	0		0		0		205	
15	0		0		0		325	
16	0		0		0		240	
17	0		0		0		200	
18	0		0		0		55	
19	0		0		0		270	
20	0		0		0		270	
21	0		0		0		155	
22	0		0		0		10	
23	0		0		0		260	
24	0		0		0		275	
25	0		0		0		160	
26	0		0		0		300	
27	0		0		0		280	
28	0		0		0		265	
29	0		0		0		130	
30	0		0		0		200	
31	0		0		0		175	
32	0		0		0		210	
33	0		0		0		105	
34	0		0		0		160	
35	0		0		0		245	
36	0		0		0		130	
37	0		0		0		145	
38	0		0		0		230	
39	0		0		0		190	
40	0		0		0		210	
41	0		0		0		190	
42	0		0		0		270	
43	0		0		0		105	
44	0		0		0		225	
45	0		0		0		180	
46	0		0		0		115	
47	0		0		0		225	
48	0		0		0		255	
49	0		0		0		270	
50	0		0		0		235	
Store5
1	0		0		0		280	
2	0		0		0		185	
3	0		0		0		295	
4	0		0		0		180	
5	0		0		0		140	
6	0		0		0		330	
7	0		0		0		190	
8	0		0		0		145	
9	0		0		0		235	
10	0		0		0		280	
11	0		0		0		100	
12	0		0		0		140	
13	0		0		0		55	
14	0		0		0		190	
15	0		0		0		255	
16	0		0		0		260	
17	0		0		0		410	
18	0		0		0		210	
19	0		0		0		95	
20	0		0		0		315	
21	0		0		0		140	
22	0		0		0		255	
23	0		0		0		225	
24	0		0		0		200	
25	0		0		0		110	
26	0		0		0		50	
27	0		0		0		255	
28	0		0		0		150	
29	0		0		0		245	
30	0		0		0		160	
31	0		0		0		230	
32	0		0		0		325	
33	0		0		0		85	
34	0		0		0		325	
35	0		0		0		315	
36	0		0		0		180	
37	0		0		0		290	
38	0		0		0		290	
39	0		0		0		180	
40	0		0		0		200	
41	0		0		0		270	
42	0		0		0		255	
43	0		0		0		190	
44	0		0		0		85	
45	0		0		0		285	
46	0		0		0		300	
47	0		0		0		125	
48	0		0		0		170	
49	0		0		0		140	
50	0		0		0		305	
Store6
1	0		0		0		140	
2	0		0		0		280	
3	0		0		0		225	
4	0		0		0		85	
5	0		0		0		270	
6	0		0		0		140	
7	0		0		0		285	
8	0		0		0		245	
9	0		0		0		215	
10	0		0		0		345	
11	0		0		0		170	
12	0		0		0		200	
13	0		0		0		135	
14	0		0		0		110	
15	0		0		0		170	
16	0		0		0		210	
17	0		0		0		225	
18	0		0		0		195	
19	0		0		0		60	
20	0		0		0		25	
21	0		0		0		180	
22	0		0		0		130	
23	0		0		0		150	
24	0		0		0		110	
25	0		0		0		135	
26	0		0		0		165	
27	0		0		0		240	
28	0		0		0		245	
29	0		0		0		145	
30	0		0		0		185	
31	0		0		0		135	
32	0		0		0		265	
33	0		0		0		205	
34	0		0		0		240	
35	0		0		0		195	
36	0		0		0		195	
37	0		0		0		105	
38	0		0		0		95	
39	0		0		0		90	
40	0		0		0		330	
41	0		0		0		265	
42	0		0		0		75	
43	0		0		0		240	
44	0		0		0		225	
45	0		0		0		185	
46	0		0		0		160	
47	0		0		0		75	
48	0		0		0		195	
49	0		0		0		250	
50	0		0		0		295	
Store7
1	0		0		0		220	
2	0		0		0		40	
3	0		0		0		350	
4	0		0		0		185	
5	0		0		0		215	
6	0		0		0		265	
7	0		0		0		275	
8	0		0		0		80	
9	0		0		0		115	
10	0		0		0		195	
11	0		0		0		270	
12	0		0		0		25	
13	0		0		0		195	
14	0		0		0		270	
15	0		0		0		225	
16	0		0		0		170	
17	0		0		0		230	
18	0		0		0		215	
19	0		0		0		180	
20	0		0		0		210	
21	0		0		0		80	
22	0		0		0		310	
23	0		0		0		205	
24	0		0		0		305	
25	0		0		0		225	
26	0		0		0		150	
27	0		0		0		120	
28	0		0		0		250	
29	0		0		0		150	
30	0		0		0		160	
31	0		0		0		220	
32	0		0		0		45	
33	0		0		0		115	
34	0		0		0		75	
35	0		0		0		170	
36	0		0		0		255	
37	0		0		0		255	
38	0		0		0		130	
39	0		0		0		180	
40	0		0		0		205	
41	0		0		0		250	
42	0		0		0		210	
43	0		0		0		375	
44	0		0		0		80	
45	0		0		0		150	
46	0		0		0		360	
47	0		0		0		145	
48	0		0		0		235	
49	0		0		0		145	
50	0		0		0		115	
Store8
1	0		0		0		165	
2	0		0		0		275	
3	0		0		0		200	
4	0		0		0		265	
5	0		0		0		335	
6	0		0		0		275	
7	0		0		0		210	
8	0		0		0		280	
9	0		0		0		230	
10	0		0		0		210	
11	0		0		0		215	
12	0		0		0		225	
13	0		0		0		165	
14	0		0		0		265	
15	0		0		0		330	
16	0		0		0		320	
17	0		0		0		190	
18	0		0		0		225	
19	0		0		0		215	
20	0		0		0		265	
21	0		0		0		280	
22	0		0		0		85	
23	0		0		0		110	
24	0		0		0		315	
25	0		0		0		95	
26	0		0		0		180	
27	0		0		0		230	
28	0		0		0		105	
29	0		0		0		265	
30	0		0		0		250	
31	0		0		0		145	
32	0		0		0		185	
33	0		0		0		225	
34	0		0		0		295	
35	0		0		0		225	
36	0		0		0		370	
37	0		0		0		80	
38	0		0		0		225	
39	0		0		0		235	
40	0		0		0		140	
41	0		0		0		295	
42	0		0		0		165	
43	0		0		0		325	
44	0		0		0		240	
45	0		0		0		105	
46	0		0		0		65	
47	0		0		0		175	
48	0		0		0		265	
49	0		0		0		35	
50	0		0		0		275	
Store9
1	0		0		0		220	
2	0		0		0		135	
3	0		0		0		310	
4	0		0		0		300	
5	0		0		0		195	
6	0		0		0		225	
7	0		0		0		290	
8	0		0		0		160	
9	0		0		0		205	
10	0		0		0		230	
11	0		0		0		130	
12	0		0		0		270	
13	0		0		0		175	
14	0		0		0		170	
15	0		0		0		220	
16	0		0		0		265	
17	0		0		0		275	
18	0		0		0		320	
19	0		0		0		205	
20	0		0		0		280	
21	0		0		0		205	
22	0		0		0		190	
23	0		0		0		310	
24	0		0		0		140	
25	0		0		0		135	
26	0		0		0		145	
27	0		0		0		245	
28	0		0		0		345	
29	0		0		0		370	
30	0		0		0		160	
31	0		0		0		120	
32	0		0		0		150	
33	0		0		0		205	
34	0		0		0		160	
35	0		0		0		160	
36	0		0		0		125	
37	0		0		0		220	
38	0		0		0		200	
39	0		0		0		75	
40	0		0		0		215	
41	0		0		0		50	
42	0		0		0		340	
43	0		0		0		175	
44	0		0		0		205	
45	0		0		0		210	
46	0		0		0		285	
47	0		0		0		275	
48	0		0		0		220	
49	0		0		0		255	
50	0		0		0		180	
Store10
1	0		0		0		190	
2	0		0		0		175	
3	0		0		0		85	
4	0		0		0		400	
5	0		0		0		220	
6	0		0		0		60	
7	0		0		0		330	
8	0		0		0		250	
9	0		0		0		230	
10	0		0		0		145	
11	0		0		0		185	
12	0		0		0		235	
13	0		0		0		215	
14	0		0		0		180	
15	0		0		0		170	
16	0		0		0		215	
17	0		0		0		155	
18	0		0		0		345	
19	0		0		0		240	
20	0		0		0		205	
21	0		0		0		185	
22	0		0		0		165	
23	0		0		0		240	
24	0		0		0		120	
25	0		0		0		310	
26	0		0		0		200	
27	0		0		0		280	
28	0		0		0		290	
29	0		0		0		230	
30	0		0		0		260	
31	0		0		0		155	
32	0		0		0		315	
33	0		0		0		275	
34	0		0		0		105	
35	0		0		0		260	
36	0		0		0		155	
37	0		0		0		190	
38	0		0		0		135	
39	0		0		0		340	
40	0		0		0		205	
41	0		0		0		55	
42	0		0		0		180	
43	0		0		0		170	
44	0		0		0		140	
45	0		0		0		225	
46	0		0		0		185	
47	0		0		0		90	
48	0		0		0		260	
49	0		0		0		145	
50	0		0		0		295	


Fashion Shipments from Vendor to Warehouse (V T):
0.6197867	0	0	0.9220499	
0	0.9473567	0	0.8759001	

Printing New Basic Solution:

Inbound Solution (V P T):
1	1	2	194
1	1	3	1744
1	2	2	2049
1	3	2	217
1	3	3	1945
1	4	2	583
1	4	3	1360
1	5	2	1268
1	5	3	844
1	6	2	388
1	6	3	1552
1	7	2	1820
1	8	2	1721
1	8	3	430
1	9	2	1002
1	9	3	1001
1	10	2	1696
1	10	3	423
1	11	2	772
1	11	3	1157
1	12	2	1081
1	12	3	1081
1	13	2	401
1	13	3	1601
1	14	2	385
1	14	3	1540
1	15	2	562
1	15	3	1309
1	16	2	421
1	16	3	1682
2	17	1	744
2	17	3	1250
2	18	1	735
2	18	3	1173
2	19	1	775
2	19	3	1181
2	20	1	870
2	20	3	1145
2	21	1	861
2	21	3	1308
2	22	1	704
2	22	3	1088
2	23	1	831
2	23	3	1094
2	24	1	730
2	24	3	1198
2	25	1	877
2	25	3	1158
2	26	1	749
2	26	3	1204
2	27	1	870
2	27	3	1175
2	28	1	947
2	28	3	1247
2	29	1	723
2	29	3	1214
2	30	1	739
2	30	3	1121
2	31	1	872
2	31	3	1244
2	32	1	743
2	32	3	1140
3	33	3	181
3	33	5	1621
3	34	3	214
3	34	5	1919
3	35	3	1905
3	35	5	211
3	36	3	927
3	36	5	927
3	37	5	2226
3	38	3	2121
3	39	3	627
3	39	5	1460
3	40	3	762
3	40	5	1143
3	41	3	612
3	41	5	1425
3	42	3	1600
3	42	5	399
3	43	3	1431
3	43	5	612
3	44	3	1544
3	44	5	385
3	45	3	1317
3	45	5	877
3	46	5	1954
3	47	3	1689
3	47	5	187
3	48	3	399
3	48	5	1593
3	49	3	1324
3	49	5	567
3	50	3	892
3	50	5	1337


Outbound Solution(S P T):
1	1	3	148
1	2	3	175
1	3	3	239
1	4	3	207
1	5	3	238
1	6	3	244
1	7	3	158
1	8	3	253
1	9	3	181
1	10	3	218
1	11	3	213
1	12	3	193
1	13	3	157
1	14	3	210
1	15	3	229
1	16	3	179
1	17	3	240
1	18	3	175
1	19	3	208
1	20	3	215
1	21	3	230
1	22	3	259
1	23	3	154
1	24	3	195
1	25	3	211
1	26	3	198
1	27	3	202
1	28	3	270
1	29	3	245
1	30	3	210
1	31	3	179
1	32	3	192
1	33	3	206
1	34	3	166
1	35	3	165
1	36	3	190
1	37	3	171
1	38	3	206
1	39	3	197
1	40	3	182
1	41	3	208
1	42	3	171
1	43	3	157
1	44	3	221
1	45	3	189
1	46	3	214
1	47	3	203
1	48	3	109
1	49	3	192
1	50	3	239
2	1	3	203
2	2	3	177
2	3	3	189
2	4	3	235
2	5	3	204
2	6	3	203
2	7	3	202
2	8	3	185
2	9	3	176
2	10	3	195
2	11	3	155
2	12	3	172
2	13	3	202
2	14	3	175
2	15	3	221
2	16	3	154
2	17	3	203
2	18	3	117
2	19	3	176
2	20	3	186
2	21	3	281
2	22	3	88
2	23	3	182
2	24	3	242
2	25	3	217
2	26	3	176
2	27	3	162
2	28	3	206
2	29	3	217
2	30	3	118
2	31	3	266
2	32	3	238
2	33	3	143
2	34	3	255
2	35	3	238
2	36	3	170
2	37	3	233
2	38	3	256
2	39	3	254
2	40	3	176
2	41	3	189
2	42	3	264
2	43	3	286
2	44	3	197
2	45	3	137
2	46	3	177
2	47	3	215
2	48	3	193
2	49	3	204
2	50	3	228
3	1	3	188
3	2	3	205
3	3	3	234
3	4	3	190
3	5	3	214
3	6	3	206
3	7	3	153
3	8	3	153
3	9	3	150
3	10	3	205
3	11	3	244
3	12	3	163
3	13	3	212
3	14	3	218
3	15	3	152
3	16	3	252
3	17	3	212
3	18	3	192
3	19	3	221
3	20	3	275
3	21	3	183
3	22	3	188
3	23	3	226
3	24	3	211
3	25	3	166
3	26	3	166
3	27	3	257
3	28	3	152
3	29	3	166
3	30	3	208
3	31	3	231
3	32	3	182
3	33	3	197
3	34	3	232
3	35	3	213
3	36	3	222
3	37	3	224
3	38	3	171
3	39	3	216
3	40	3	202
3	41	3	184
3	42	3	253
3	43	3	201
3	44	3	182
3	45	3	250
3	46	3	146
3	47	3	194
3	48	3	210
3	49	3	263
3	50	3	190
4	1	3	199
4	2	3	214
4	3	3	214
4	4	3	178
4	5	3	212
4	6	3	111
4	7	3	258
4	8	3	297
4	9	3	181
4	10	3	259
4	11	3	224
4	12	3	250
4	13	3	204
4	14	3	169
4	15	3	108
4	16	3	202
4	17	3	227
4	18	3	147
4	19	3	262
4	20	3	222
4	21	3	206
4	22	3	182
4	23	3	208
4	24	3	256
4	25	3	156
4	26	3	143
4	27	3	211
4	28	3	211
4	29	3	144
4	30	3	135
4	31	3	206
4	32	3	227
4	33	3	201
4	34	3	199
4	35	3	192
4	36	3	195
4	37	3	217
4	38	3	269
4	39	3	196
4	40	3	158
4	41	3	223
4	42	3	197
4	43	3	209
4	44	3	234
4	45	3	228
4	46	3	177
4	47	3	180
4	48	3	174
4	49	3	187
4	50	3	196
5	1	2	165
5	2	2	218
5	3	2	247
5	4	2	204
5	5	2	208
5	6	2	188
5	7	2	149
5	8	2	286
5	9	2	244
5	10	2	231
5	11	2	173
5	12	2	282
5	13	2	268
5	14	2	154
5	15	2	171
5	16	2	251
5	17	2	161
5	18	2	187
5	19	2	210
5	20	2	177
5	21	2	187
5	22	2	99
5	23	2	176
5	24	2	220
5	25	2	190
5	26	2	181
5	27	2	262
5	28	2	182
5	29	2	166
5	30	2	218
5	31	2	195
5	32	2	148
5	33	2	177
5	34	2	262
5	35	2	270
5	36	2	157
5	37	2	256
5	38	2	241
5	39	2	226
5	40	2	192
5	41	2	143
5	42	2	123
5	43	2	213
5	44	2	145
5	45	2	238
5	46	2	194
5	47	2	175
5	48	2	223
5	49	2	178
5	50	2	176
6	1	2	209
6	2	2	198
6	3	2	203
6	4	2	207
6	5	2	170
6	6	2	196
6	7	2	218
6	8	2	165
6	9	2	230
6	10	2	216
6	11	2	180
6	12	2	153
6	13	2	139
6	14	2	218
6	15	2	279
6	16	2	190
6	17	2	187
6	18	2	181
6	19	2	173
6	20	2	190
6	21	2	226
6	22	2	215
6	23	2	224
6	24	2	167
6	25	2	202
6	26	2	220
6	27	2	216
6	28	2	227
6	29	2	211
6	30	2	202
6	31	2	252
6	32	2	154
6	33	2	160
6	34	2	226
6	35	2	209
6	36	2	155
6	37	2	231
6	38	2	198
6	39	2	220
6	40	2	195
6	41	2	235
6	42	2	179
6	43	2	198
6	44	2	181
6	45	2	204
6	46	2	204
6	47	2	211
6	48	2	235
6	49	2	151
6	50	2	258
7	1	3	208
7	2	3	264
7	3	3	210
7	4	3	245
7	5	3	249
7	6	3	192
7	7	3	176
7	8	3	184
7	9	3	135
7	10	3	144
7	11	3	152
7	12	3	208
7	13	3	244
7	14	3	169
7	15	3	185
7	16	3	225
7	17	3	180
7	18	3	196
7	19	3	195
7	20	3	184
7	21	3	209
7	22	3	184
7	23	3	128
7	24	3	173
7	25	3	217
7	26	3	244
7	27	3	152
7	28	3	247
7	29	3	206
7	30	3	227
7	31	3	177
7	32	3	96
7	33	3	150
7	34	3	211
7	35	3	239
7	36	3	179
7	37	3	250
7	38	3	227
7	39	3	189
7	40	3	213
7	41	3	237
7	42	3	223
7	43	3	252
7	44	3	235
7	45	3	221
7	46	3	193
7	47	3	204
7	48	3	263
7	49	3	174
7	50	3	300
8	1	3	144
8	2	3	225
8	3	3	147
8	4	3	138
8	5	3	233
8	6	3	193
8	7	3	175
8	8	3	208
8	9	3	270
8	10	3	188
8	11	3	193
8	12	3	265
8	13	3	167
8	14	3	199
8	15	3	192
8	16	3	224
8	17	3	201
8	18	3	260
8	19	3	142
8	20	3	171
8	21	3	192
8	22	3	225
8	23	3	220
8	24	3	178
8	25	3	293
8	26	3	206
8	27	3	227
8	28	3	227
8	29	3	176
8	30	3	224
8	31	3	232
8	32	3	196
8	33	3	184
8	34	3	183
8	35	3	244
8	36	3	172
8	37	3	191
8	38	3	209
8	39	3	157
8	40	3	213
8	41	3	222
8	42	3	141
8	43	3	137
8	44	3	213
8	45	3	271
8	46	3	182
8	47	3	136
8	48	3	205
8	49	3	188
8	50	3	137
9	1	3	249
9	2	3	197
9	3	3	197
9	4	3	171
9	5	3	190
9	6	3	203
9	7	3	145
9	8	3	221
9	9	3	226
9	10	3	242
9	11	3	187
9	12	3	239
9	13	3	189
9	14	3	220
9	15	3	193
9	16	3	210
9	17	3	232
9	18	3	256
9	19	3	152
9	20	3	193
9	21	3	236
9	22	3	164
9	23	3	227
9	24	3	152
9	25	3	210
9	26	3	142
9	27	3	211
9	28	3	226
9	29	3	166
9	30	3	154
9	31	3	196
9	32	3	217
9	33	3	186
9	34	3	155
9	35	3	163
9	36	3	227
9	37	3	191
9	38	3	182
9	39	3	216
9	40	3	159
9	41	3	161
9	42	3	254
9	43	3	169
9	44	3	107
9	45	3	235
9	46	3	222
9	47	3	194
9	48	3	203
9	49	3	174
9	50	3	216
10	1	1	225
10	2	1	176
10	3	1	282
10	4	1	168
10	5	1	194
10	6	1	204
10	7	1	186
10	8	1	199
10	9	1	210
10	10	1	221
10	11	1	208
10	12	1	237
10	13	1	220
10	14	1	193
10	15	1	141
10	16	1	216
10	17	1	151
10	18	1	197
10	19	1	217
10	20	1	202
10	21	1	219
10	22	1	188
10	23	1	180
10	24	1	134
10	25	1	173
10	26	1	277
10	27	1	145
10	28	1	246
10	29	1	240
10	30	1	164
10	31	1	182
10	32	1	233
10	33	1	198
10	34	1	244
10	35	1	183
10	36	1	187
10	37	1	262
10	38	1	162
10	39	1	216
10	40	1	215
10	41	1	235
10	42	1	194
10	43	1	221
10	44	1	214
10	45	1	221
10	46	1	245
10	47	1	164
10	48	1	177
10	49	1	180
10	50	1	289


Warehouse Inventory (W P T):
1	405		180		0		405		405		405	
2	176		0		1633		176		176		176	
3	515		233		0		515		515		515	
4	168		0		172		168		168		168	
5	194		0		890		194		194		194	
6	204		0		4		204		204		204	
7	186		0		1453		186		186		186	
8	199		0		1270		199		199		199	
9	210		0		528		210		210		210	
10	221		0		1249		221		221		221	
11	208		0		419		208		208		208	
12	237		0		646		237		237		237	
13	226		6		0		226		226		226	
14	193		0		13		193		193		193	
15	141		0		112		141		141		141	
16	236		20		0		236		236		236	
17	0		593		245		0		0		0	
18	0		538		170		0		0		0	
19	0		558		175		0		0		0	
20	0		668		301		0		0		0	
21	0		642		229		0		0		0	
22	0		516		202		0		0		0	
23	0		651		251		0		0		0	
24	0		596		209		0		0		0	
25	0		704		312		0		0		0	
26	0		472		71		0		0		0	
27	0		725		247		0		0		0	
28	0		701		292		0		0		0	
29	0		483		106		0		0		0	
30	0		575		155		0		0		0	
31	0		690		243		0		0		0	
32	0		510		208		0		0		0	
33	1621		1423		1086		0		0		1621	
34	1919		1675		1187		0		0		1919	
35	662		479		0		451		451		662	
36	927		740		428		0		0		927	
37	2226		1964		1477		0		0		2226	
38	601		439		0		601		601		601	
39	1460		1244		798		0		0		1460	
40	1143		928		541		0		0		1143	
41	1425		1190		812		0		0		1425	
42	496		302		0		97		97		496	
43	632		411		0		20		20		632	
44	540		326		0		155		155		540	
45	877		656		214		0		0		877	
46	1954		1709		1311		0		0		1954	
47	550		386		0		363		363		550	
48	1593		1416		958		0		0		1593	
49	567		387		58		0		0		567	
50	1337		1048		614		0		0		1337	

Store Inventory (S P T):
Store1
1	53		36		0		105		91		53	
2	79		25		0		157		106		79	
3	108		52		0		188		149		108	
4	97		33		0		166		135		97	
5	90		49		0		210		145		90	
6	89		38		0		191		163		89	
7	53		14		0		132		98		53	
8	109		67		0		202		163		109	
9	75		43		0		168		122		75	
10	138		71		0		179		144		138	
11	86		47		0		201		140		86	
12	116		68		0		182		157		116	
13	75		19		0		149		110		75	
14	88		63		0		173		122		88	
15	61		26		0		182		111		61	
16	88		57		0		121		106		88	
17	88		46		0		179		135		88	
18	38		18		0		121		78		38	
19	93		25		0		158		158		93	
20	78		43		0		176		115		78	
21	88		34		0		185		149		88	
22	113		66		0		196		148		113	
23	62		35		0		128		97		62	
24	99		52		0		163		120		99	
25	86		46		0		177		129		86	
26	61		46		0		153		116		61	
27	51		37		0		158		105		51	
28	109		62		0		225		172		109	
29	70		25		0		148		127		70	
30	77		42		0		137		113		77	
31	45		20		0		124		84		45	
32	58		14		0		129		85		58	
33	66		22		0		138		122		66	
34	33		28		0		126		85		33	
35	81		25		0		151		129		81	
36	67		40		0		154		113		67	
37	84		54		0		140		110		84	
38	83		48		0		164		118		83	
39	63		49		0		143		100		63	
40	61		26		0		165		132		61	
41	99		45		0		152		128		99	
42	84		32		0		136		105		84	
43	75		49		0		128		115		75	
44	91		37		0		184		115		91	
45	81		36		0		145		103		81	
46	90		34		0		178		146		90	
47	63		23		0		149		115		63	
48	59		30		0		92		64		59	
49	104		46		0		180		149		104	
50	95		60		0		192		143		95	
Store2
1	67		35		0		144		98		67	
2	64		14		0		156		78		64	
3	64		29		0		145		108		64	
4	104		70		0		193		139		104	
5	101		44		0		171		150		101	
6	71		42		0		141		114		71	
7	95		41		0		171		131		95	
8	92		52		0		166		141		92	
9	52		16		0		141		80		52	
10	93		51		0		167		144		93	
11	71		36		0		114		81		71	
12	77		51		0		124		98		77	
13	74		40		0		163		111		74	
14	72		24		0		143		108		72	
15	86		37		0		164		142		86	
16	57		34		0		142		103		57	
17	105		50		0		153		133		105	
18	59		30		0		100		81		59	
19	67		39		0		155		102		67	
20	79		48		0		155		108		79	
21	111		55		0		218		153		111	
22	50		19		0		62		54		50	
23	86		50		0		146		94		86	
24	57		24		0		184		138		57	
25	98		52		0		174		123		98	
26	79		28		0		140		116		79	
27	65		40		0		153		111		65	
28	85		33		0		166		142		85	
29	58		29		0		160		121		58	
30	47		7		0		85		83		47	
31	114		55		0		227		150		114	
32	92		19		0		189		134		92	
33	41		17		0		115		68		41	
34	99		52		0		209		151		99	
35	107		58		0		204		158		107	
36	48		39		0		105		93		48	
37	89		55		0		183		133		89	
38	99		59		0		202		155		99	
39	80		39		0		196		130		80	
40	69		38		0		142		100		69	
41	67		55		0		145		119		67	
42	109		46		0		203		148		109	
43	103		72		0		209		143		103	
44	76		51		0		119		110		76	
45	37		21		0		98		72		37	
46	80		59		0		126		100		80	
47	50		22		0		173		108		50	
48	53		37		0		156		106		53	
49	67		54		0		155		96		67	
50	87		26		0		203		149		87	
Store3
1	67		21		0		150		118		67	
2	76		25		0		147		125		76	
3	95		64		0		198		146		95	
4	90		52		0		155		141		90	
5	78		31		0		172		124		78	
6	63		26		0		173		116		63	
7	50		33		0		110		67		50	
8	66		32		0		119		74		66	
9	70		30		0		140		122		70	
10	100		56		0		161		128		100	
11	94		69		0		199		166		94	
12	67		37		0		142		131		67	
13	124		71		0		183		172		124	
14	88		37		0		173		145		88	
15	61		28		0		130		110		61	
16	104		50		0		216		161		104	
17	86		69		0		171		137		86	
18	69		33		0		140		89		69	
19	95		37		0		186		124		95	
20	112		49		0		223		189		112	
21	52		11		0		128		92		52	
22	68		30		0		155		105		68	
23	66		35		0		170		114		66	
24	72		51		0		174		138		72	
25	43		18		0		102		66		43	
26	85		18		0		112		100		85	
27	101		56		0		214		145		101	
28	64		40		0		138		96		64	
29	56		13		0		134		113		56	
30	89		49		0		167		122		89	
31	87		39		0		205		137		87	
32	75		25		0		143		112		75	
33	58		41		0		152		121		58	
34	99		49		0		189		143		99	
35	90		41		0		162		107		90	
36	62		32		0		170		107		62	
37	80		32		0		180		147		80	
38	69		37		0		148		118		69	
39	93		22		0		172		130		93	
40	107		44		0		178		149		107	
41	84		21		0		142		119		84	
42	129		49		0		210		178		129	
43	83		33		0		153		96		83	
44	79		44		0		151		118		79	
45	94		18		0		192		147		94	
46	41		25		0		105		86		41	
47	92		41		0		185		115		92	
48	78		47		0		151		118		78	
49	90		64		0		208		133		90	
50	44		19		0		124		78		44	
Store4
1	67		21		0		181		133		67	
2	105		41		0		174		142		105	
3	87		40		0		160		110		87	
4	73		38		0		122		90		73	
5	66		22		0		174		129		66	
6	44		43		0		88		74		44	
7	96		44		0		197		152		96	
8	127		58		0		233		170		127	
9	56		37		0		119		79		56	
10	107		59		0		222		171		107	
11	65		15		0		158		104		65	
12	104		60		0		209		140		104	
13	57		25		0		156		102		57	
14	88		60		0		118		114		88	
15	31		31		0		93		66		31	
16	65		33		0		144		113		65	
17	115		56		0		189		162		115	
18	57		38		0		124		84		57	
19	132		72		0		226		180		132	
20	103		55		0		181		151		103	
21	75		51		0		159		92		75	
22	63		37		0		129		80		63	
23	94		51		0		161		141		94	
24	133		77		0		206		169		133	
25	73		30		0		139		118		73	
26	42		10		0		103		64		42	
27	91		44		0		164		112		91	
28	101		38		0		181		132		101	
29	35		15		0		137		79		35	
30	52		10		0		103		77		52	
31	95		35		0		151		133		95	
32	124		53		0		218		164		124	
33	70		53		0		168		123		70	
34	86		38		0		158		124		86	
35	63		26		0		132		83		63	
36	87		45		0		168		126		87	
37	79		46		0		176		128		79	
38	97		55		0		210		155		97	
39	100		51		0		175		125		100	
40	71		35		0		120		82		71	
41	104		54		0		177		136		104	
42	85		38		0		152		126		85	
43	78		45		0		173		100		78	
44	110		73		0		203		167		110	
45	65		16		0		179		145		65	
46	97		47		0		157		157		97	
47	69		40		0		144		98		69	
48	55		16		0		145		86		55	
49	84		26		0		135		93		84	
50	83		13		0		156		129		83	
Store5
1	38		0		117		84		72		38	
2	48		0		181		152		111		48	
3	62		0		190		146		82		62	
4	11		0		137		98		52		11	
5	54		0		132		102		101		54	
6	35		0		137		102		67		35	
7	14		0		121		99		55		14	
8	90		0		242		215		169		90	
9	46		0		179		136		98		46	
10	51		0		207		145		82		51	
11	53		0		131		115		90		53	
12	43		0		208		145		116		43	
13	61		0		194		144		91		61	
14	21		0		141		109		55		21	
15	46		0		150		101		59		46	
16	43		0		202		157		98		43	
17	17		0		127		97		63		17	
18	46		0		138		109		79		46	
19	39		0		159		123		87		39	
20	18		0		116		83		42		18	
21	22		0		125		111		55		22	
22	0		0		69		43		31		0	
23	57		0		151		135		62		57	
24	24		0		161		111		61		24	
25	41		0		146		110		68		41	
26	21		0		147		87		67		21	
27	31		0		197		173		107		31	
28	52		0		169		141		107		52	
29	42		0		127		89		75		42	
30	40		0		149		117		79		40	
31	45		0		163		129		87		45	
32	30		0		126		98		68		30	
33	45		0		129		97		91		45	
34	34		0		198		169		94		34	
35	33		0		195		142		118		33	
36	38		0		145		106		81		38	
37	24		0		189		128		70		24	
38	48		0		187		133		93		48	
39	73		0		187		178		121		73	
40	64		0		159		93		72		64	
41	21		0		119		59		36		21	
42	7		0		83		68		23		7	
43	42		0		176		147		79		42	
44	22		0		101		75		52		22	
45	34		0		191		115		67		34	
46	53		0		179		133		75		53	
47	41		0		127		105		62		41	
48	45		0		174		144		64		45	
49	19		0		154		136		80		19	
50	33		0		143		98		61		33	
Store6
1	53		0		166		128		92		53	
2	29		0		187		127		88		29	
3	54		0		161		134		98		54	
4	30		0		176		145		80		30	
5	5		0		131		88		51		5	
6	22		0		138		109		75		22	
7	33		0		173		141		64		33	
8	48		0		137		121		86		48	
9	59		0		187		127		75		59	
10	58		0		181		137		87		58	
11	23		0		145		115		76		23	
12	41		0		127		117		69		41	
13	31		0		118		98		56		31	
14	35		0		152		124		85		35	
15	78		0		223		161		119		78	
16	31		0		151		105		69		31	
17	25		0		171		139		76		25	
18	19		0		162		111		67		19	
19	34		0		137		88		63		34	
20	38		0		151		112		82		38	
21	49		0		171		141		112		49	
22	37		0		171		119		87		37	
23	46		0		169		137		88		46	
24	19		0		129		77		47		19	
25	35		0		146		124		82		35	
26	17		0		184		136		81		17	
27	55		0		155		120		99		55	
28	56		0		177		147		113		56	
29	35		0		176		113		57		35	
30	51		0		176		132		80		51	
31	52		0		161		123		106		52	
32	45		0		104		85		85		45	
33	43		0		106		84		71		43	
34	65		0		192		163		133		65	
35	39		0		178		125		96		39	
36	32		0		138		123		90		32	
37	30		0		178		102		60		30	
38	50		0		156		125		75		50	
39	18		0		204		154		95		18	
40	38		0		164		121		68		38	
41	47		0		180		160		98		47	
42	29		0		124		103		58		29	
43	53		0		148		121		65		53	
44	0		0		133		105		60		0	
45	35		0		155		89		66		35	
46	57		0		194		151		123		57	
47	66		0		191		153		112		66	
48	20		0		165		122		75		20	
49	45		0		119		80		57		45	
50	77		0		199		148		120		77	
Store7
1	56		18		0		131		80		56	
2	90		49		0		170		122		90	
3	107		54		0		192		155		107	
4	75		20		0		189		128		75	
5	103		48		0		206		156		103	
6	59		41		0		109		99		59	
7	78		30		0		127		93		78	
8	81		51		0		146		119		81	
9	33		2		0		72		51		33	
10	53		53		0		118		87		53	
11	69		40		0		151		107		69	
12	76		38		0		171		108		76	
13	97		55		0		184		136		97	
14	41		41		0		102		79		41	
15	76		34		0		164		140		76	
16	66		26		0		194		118		66	
17	45		9		0		136		94		45	
18	94		53		0		165		135		94	
19	72		28		0		180		111		72	
20	90		38		0		163		113		90	
21	80		31		0		166		133		80	
22	75		37		0		156		95		75	
23	79		57		0		96		96		79	
24	56		19		0		122		104		56	
25	105		51		0		184		157		105	
26	93		35		0		187		162		93	
27	48		48		0		106		71		48	
28	103		58		0		196		168		103	
29	92		62		0		169		128		92	
30	96		48		0		181		128		96	
31	77		66		0		136		107		77	
32	48		17		0		96		72		48	
33	79		44		0		123		87		79	
34	83		29		0		156		112		83	
35	64		27		0		168		133		64	
36	83		44		0		120		102		83	
37	73		50		0		193		126		73	
38	97		60		0		170		144		97	
39	65		20		0		150		116		65	
40	71		48		0		159		115		71	
41	85		11		0		173		157		85	
42	104		59		0		190		163		104	
43	99		69		0		191		143		99	
44	145		67		0		200		172		145	
45	91		44		0		184		140		91	
46	115		51		0		157		134		115	
47	67		19		0		167		120		67	
48	83		31		0		185		137		83	
49	90		23		0		138		109		90	
50	100		44		0		236		162		100	
Store8
1	49		38		0		127		82		49	
2	67		9		0		169		124		67	
3	39		28		0		113		71		39	
4	72		37		0		104		90		72	
5	86		37		0		191		154		86	
6	87		47		0		152		128		87	
7	31		14		0		119		75		31	
8	69		25		0		150		103		69	
9	113		46		0		210		172		113	
10	88		45		0		163		135		88	
11	51		51		0		164		102		51	
12	94		52		0		209		142		94	
13	68		38		0		114		88		68	
14	70		37		0		148		95		70	
15	65		33		0		140		100		65	
16	73		55		0		153		115		73	
17	59		32		0		167		105		59	
18	93		61		0		198		144		93	
19	45		23		0		107		95		45	
20	91		49		0		126		95		91	
21	75		47		0		163		117		75	
22	95		55		0		174		136		95	
23	75		28		0		170		115		75	
24	72		20		0		119		93		72	
25	140		80		0		241		212		140	
26	97		66		0		206		146		97	
27	102		33		0		175		125		102	
28	147		53		0		203		175		147	
29	76		15		0		141		133		76	
30	79		31		0		174		120		79	
31	76		45		0		169		125		76	
32	50		28		0		118		63		50	
33	81		55		0		180		130		81	
34	93		66		0		179		155		93	
35	80		39		0		189		169		80	
36	66		24		0		148		116		66	
37	74		32		0		176		122		74	
38	119		44		0		176		136		119	
39	73		36		0		132		109		73	
40	66		55		0		158		113		66	
41	96		68		0		197		150		96	
42	60		16		0		115		98		60	
43	79		48		0		106		87		79	
44	98		43		0		156		121		98	
45	90		49		0		227		177		90	
46	65		40		0		140		87		65	
47	25		16		0		102		84		25	
48	41		18		0		153		105		41	
49	82		44		0		158		125		82	
50	99		48		0		117		117		99	
Store9
1	61		18		0		187		124		61	
2	66		27		0		164		120		66	
3	108		52		0		172		153		108	
4	59		30		0		109		94		59	
5	66		32		0		155		103		66	
6	84		38		0		160		136		84	
7	89		77		0		124		105		89	
8	65		47		0		186		123		65	
9	101		52		0		176		134		101	
10	91		51		0		208		150		91	
11	45		31		0		159		93		45	
12	90		50		0		214		124		90	
13	96		38		0		153		140		96	
14	80		40		0		186		135		80	
15	94		42		0		163		138		94	
16	76		47		0		176		141		76	
17	81		41		0		186		123		81	
18	92		68		0		188		148		92	
19	41		17		0		105		73		41	
20	89		63		0		139		110		89	
21	90		35		0		180		133		90	
22	33		16		0		134		78		33	
23	100		51		0		150		114		100	
24	60		19		0		119		116		60	
25	90		51		0		196		150		90	
26	93		44		0		124		114		93	
27	97		23		0		166		119		97	
28	67		46		0		177		99		67	
29	96		54		0		166		147		96	
30	51		24		0		125		84		51	
31	78		54		0		161		121		78	
32	78		27		0		169		101		78	
33	67		31		0		148		104		67	
34	67		20		0		142		106		67	
35	69		32		0		130		96		69	
36	88		52		0		175		135		88	
37	62		48		0		143		101		62	
38	76		50		0		151		106		76	
39	95		55		0		165		137		95	
40	52		28		0		103		59		52	
41	91		48		0		138		107		91	
42	128		43		0		199		190		128	
43	70		33		0		131		108		70	
44	31		21		0		89		62		31	
45	96		20		0		177		134		96	
46	101		52		0		182		143		101	
47	72		25		0		158		109		72	
48	83		47		0		133		120		83	
49	76		28		0		131		103		76	
50	72		46		0		171		127		72	
Store10
1	0		179		134		102		45		0	
2	0		143		111		90		57		0	
3	0		222		162		133		68		0	
4	0		124		90		65		32		0	
5	0		151		132		103		59		0	
6	0		153		111		69		30		0	
7	0		109		95		53		45		0	
8	0		162		126		97		52		0	
9	0		144		116		96		54		0	
10	0		184		146		102		52		0	
11	0		154		100		73		57		0	
12	0		200		144		94		65		0	
13	0		168		95		74		66		0	
14	0		152		136		87		33		0	
15	0		115		62		40		22		0	
16	0		180		137		91		43		0	
17	0		108		78		41		25		0	
18	0		143		97		54		27		0	
19	0		181		147		105		34		0	
20	0		165		130		65		44		0	
21	0		183		117		76		55		0	
22	0		129		92		69		43		0	
23	0		140		94		57		41		0	
24	0		123		93		82		44		0	
25	0		145		107		48		15		0	
26	0		255		186		112		57		0	
27	0		82		42		16		9		0	
28	0		197		146		111		79		0	
29	0		206		151		90		54		0	
30	0		130		102		69		25		0	
31	0		156		102		53		19		0	
32	0		181		162		101		68		0	
33	0		153		104		53		18		0	
34	0		172		105		101		55		0	
35	0		136		103		64		17		0	
36	0		147		112		83		43		0	
37	0		207		155		106		38		0	
38	0		119		72		50		28		0	
39	0		198		140		86		40		0	
40	0		171		130		72		35		0	
41	0		200		148		99		52		0	
42	0		165		112		105		51		0	
43	0		175		140		115		82		0	
44	0		173		115		81		57		0	
45	0		157		128		81		17		0	
46	0		182		115		76		51		0	
47	0		128		95		50		45		0	
48	0		147		108		78		34		0	
49	0		154		125		103		42		0	
50	0		227		159		109		68		0	


Shipments from Vendor to Warehouse (V T):
0	0.4939013	0.8119487	0	0	
0.426906	0	0.62109	0	0	
0	0	0.6197827	0	0.7865013	

Shipments from Warehouse to Stores (S T):
1	3	0.374674
1	5	0.36013
2	3	0.3740253
2	5	0.3478166
3	3	0.3732247
3	5	0.3435067
4	3	0.3705073
4	5	0.31256
5	2	0.3707033
5	5	0.36477
6	2	0.3842381
6	5	0.31005
7	3	0.3846534
7	5	0.3099834
8	3	0.3690093
8	5	0.3422066
9	3	0.3708901
9	5	0.3476234
10	1	0.3882048
10	5	0.3264467


Required Putaway workers (Sol T):
2	2	3	3	1	

No of required pickers (T):
2	3	9	0	13	

No of part-time putaway workers (T):
0	0	1	1	0	

No of part-time pickers (T):
0	0	0	0	4	

Best Putaway Technology: 2400
Best Picking Technology: 1000

Required Fashion Putaway Hours:
9.5625	9.558333	0	23.84583	0	

Required Basic Putaway Hours:
5.320833	6.066667	22.56417	0	7.85125	

Required Total Putaway Hours:
14.88333	15.625	22.56417	23.84583	7.85125	

No of required fashion pick hours:
0	0	0	0	103.12	

No of required basic pick hours:
10.235	20.055	70.037	0	0	

No of required total pick hours:
10.235	20.055	70.037	0	103.12	

List of all the costs: 
MHECost		444
PutawayTechCost		3540
PickingTechCost		9130
WhBasicInvCost		831.3398
BasicInbCost		11869.64
WhFashionInvCost		2178.5
FashionInbCost		9947.74
PutawayCost		3680
StoreBasicInvCost		9956.2
StoreFashionInvCost		5156
OutboundCost		22046.89
PickingCost		15360
Total		94140.3

List of Top5 Technologies: 
Tech1		3	6	$ 94140.3
Tech2		2	6	$ 96010.22
Tech3		4	6	$ 105262.7
Tech4		4	5	$ 108297.3
Tech5		4	3	$ 125467.6
The start time is 12/29/2014 12:36:06 PM
The End time is 12/29/2014 12:37:24 PM
