Printing New Fashion Solution:

Inbound Fashion Solution (V F T):
1	1	3	1730
1	2	4	1980
1	3	4	1900
1	4	4	2230
1	5	3	1475
1	6	3	1935
1	7	4	2025
1	8	3	1890
1	9	3	2330
1	10	4	1775
1	11	3	2535
1	12	4	1695
1	13	3	2020
1	14	3	2465
1	15	4	2200
1	16	4	1725
1	17	3	2360
1	18	4	2210
1	19	4	1855
1	20	4	1995
1	21	4	1620
1	22	4	2090
1	23	3	1680
1	24	3	2075
1	25	4	2390
2	26	3	2050
2	27	4	2105
2	28	4	2295
2	29	3	1890
2	30	3	1820
2	31	3	2215
2	32	3	2160
2	33	4	2215
2	34	4	2210
2	35	4	1785
2	36	3	1710
2	37	3	2215
2	38	3	2175
2	39	4	1570
2	40	4	1700
2	41	4	2075
2	42	3	1190
2	43	4	1750
2	44	4	2025
2	45	4	2120
2	46	3	1865
2	47	3	2420
2	48	4	1945
2	49	3	1970
2	50	4	1780


Outbound Fashion Solution(S F T):
1	1	5	245
1	2	5	260
1	3	5	225
1	4	5	275
1	5	5	115
1	6	5	255
1	7	5	280
1	8	5	315
1	9	5	285
1	10	5	75
1	11	5	315
1	12	5	115
1	13	5	190
1	14	5	155
1	15	5	140
1	16	5	290
1	17	5	195
1	18	5	240
1	19	5	155
1	20	5	195
1	21	5	50
1	22	5	140
1	23	5	245
1	24	5	240
1	25	5	220
1	26	5	55
1	27	5	295
1	28	5	140
1	29	5	105
1	30	5	255
1	31	5	280
1	32	5	295
1	33	5	355
1	34	5	335
1	35	5	405
1	36	5	200
1	37	5	170
1	38	5	220
1	39	5	165
1	40	5	110
1	41	5	165
1	42	5	140
1	43	5	155
1	44	5	285
1	45	5	260
1	46	5	250
1	47	5	280
1	48	5	185
1	49	5	315
1	50	5	135
2	1	5	185
2	2	5	170
2	3	5	240
2	4	5	240
2	5	5	275
2	6	5	115
2	7	5	195
2	8	5	280
2	9	5	280
2	10	5	85
2	11	5	270
2	12	5	200
2	13	5	210
2	14	5	305
2	15	5	255
2	16	5	210
2	17	5	205
2	18	5	180
2	19	5	205
2	20	5	270
2	21	5	95
2	22	5	385
2	23	5	145
2	24	5	220
2	25	5	325
2	26	5	285
2	27	5	230
2	28	5	115
2	29	5	265
2	30	5	125
2	31	5	205
2	32	5	370
2	33	5	190
2	34	5	155
2	35	5	145
2	36	5	150
2	37	5	230
2	38	5	235
2	39	5	85
2	40	5	85
2	41	5	250
2	42	5	160
2	43	5	260
2	44	5	295
2	45	5	200
2	46	5	350
2	47	5	250
2	48	5	55
2	49	5	165
2	50	5	205
3	1	5	50
3	2	5	205
3	3	5	240
3	4	5	225
3	5	5	160
3	6	5	265
3	7	5	105
3	8	5	170
3	9	5	285
3	10	5	155
3	11	5	190
3	12	5	320
3	13	5	290
3	14	5	340
3	15	5	210
3	16	5	195
3	17	5	170
3	18	5	175
3	19	5	205
3	20	5	260
3	21	5	205
3	22	5	195
3	23	5	270
3	24	5	235
3	25	5	355
3	26	5	130
3	27	5	180
3	28	5	190
3	29	5	280
3	30	5	250
3	32	5	195
3	33	5	120
3	34	5	130
3	35	5	155
3	36	5	155
3	37	5	145
3	38	5	375
3	39	5	140
3	40	5	205
3	41	5	70
3	42	5	120
3	43	5	345
3	44	5	155
3	45	5	230
3	46	5	170
3	47	5	245
3	48	5	295
3	49	5	175
3	50	5	150
4	1	5	105
4	2	5	180
4	3	5	195
4	4	5	110
4	5	5	125
4	6	5	215
4	7	5	45
4	8	5	175
4	9	5	95
4	10	5	240
4	11	5	280
4	12	5	220
4	13	5	180
4	14	5	205
4	15	5	105
4	16	5	145
4	17	5	275
4	18	5	255
4	19	5	10
4	20	5	330
4	21	5	235
4	22	5	100
4	23	5	115
4	24	5	275
4	25	5	240
4	26	5	230
4	27	5	220
4	28	5	305
4	29	5	75
4	30	5	35
4	31	5	205
4	32	5	135
4	33	5	280
4	34	5	65
4	35	5	225
4	36	5	70
4	37	5	230
4	38	5	215
4	39	5	135
4	40	5	225
4	41	5	145
4	42	5	100
4	43	5	65
4	44	5	265
4	45	5	330
4	46	5	265
4	47	5	120
4	48	5	115
4	49	5	150
4	50	5	230
5	1	5	90
5	2	5	200
5	3	5	145
5	4	5	255
5	5	5	70
5	6	5	270
5	7	5	315
5	8	5	165
5	9	5	130
5	10	5	240
5	11	5	180
5	12	5	15
5	13	5	65
5	14	5	340
5	15	5	335
5	16	5	190
5	17	5	260
5	18	5	240
5	19	5	210
5	20	5	185
5	21	5	65
5	22	5	275
5	23	5	125
5	24	5	140
5	25	5	250
5	26	5	205
5	27	5	265
5	28	5	335
5	29	5	205
5	30	5	295
5	31	5	265
5	32	5	135
5	33	5	200
5	34	5	255
5	35	5	125
5	36	5	155
5	37	5	290
5	38	5	85
5	39	5	110
5	40	5	125
5	41	5	360
5	42	5	175
5	43	5	140
5	44	5	190
5	45	5	295
5	46	5	75
5	47	5	260
5	48	5	170
5	49	5	105
5	50	5	245
6	1	5	285
6	2	5	185
6	3	5	200
6	4	5	170
6	5	5	270
6	6	5	225
6	7	5	135
6	8	5	70
6	9	5	275
6	10	5	240
6	11	5	170
6	12	5	160
6	13	5	95
6	14	5	175
6	15	5	205
6	16	5	110
6	17	5	185
6	18	5	280
6	19	5	260
6	20	5	155
6	21	5	245
6	22	5	105
6	23	5	190
6	24	5	180
6	25	5	195
6	26	5	235
6	27	5	295
6	28	5	375
6	29	5	125
6	30	5	165
6	31	5	250
6	32	5	275
6	33	5	155
6	34	5	280
6	35	5	165
6	36	5	225
6	37	5	250
6	38	5	175
6	39	5	200
6	40	5	275
6	41	5	230
6	42	5	140
6	43	5	160
6	44	5	365
6	45	5	180
6	47	5	275
6	48	5	245
6	49	5	180
7	1	5	240
7	2	5	70
7	3	5	215
7	4	5	250
7	5	5	25
7	6	5	195
7	7	5	335
7	8	5	210
7	9	5	235
7	10	5	200
7	11	5	175
7	12	5	155
7	13	5	115
7	14	5	240
7	15	5	185
7	16	5	90
7	17	5	285
7	18	5	100
7	19	5	205
7	20	5	70
7	21	5	200
7	22	5	275
7	23	5	80
7	24	5	245
7	25	5	270
7	26	5	245
7	27	5	25
7	28	5	170
7	29	5	265
7	30	5	235
7	31	5	215
7	32	5	45
7	33	5	295
7	34	5	325
7	35	5	150
7	36	5	145
7	37	5	185
7	38	5	235
7	39	5	185
7	40	5	145
7	41	5	210
7	42	5	65
7	43	5	210
7	44	5	140
7	45	5	5
7	46	5	180
7	47	5	310
7	48	5	160
7	49	5	160
7	50	5	170
8	1	5	215
8	2	5	310
8	4	5	230
8	5	5	65
8	6	5	105
8	7	5	190
8	8	5	200
8	9	5	300
8	10	5	180
8	11	5	365
8	12	5	170
8	13	5	290
8	14	5	140
8	15	5	310
8	16	5	160
8	17	5	185
8	18	5	190
8	19	5	140
8	20	5	285
8	21	5	195
8	22	5	275
8	23	5	155
8	24	5	160
8	25	5	150
8	26	5	220
8	27	5	255
8	28	5	235
8	29	5	175
8	30	5	275
8	31	5	265
8	32	5	160
8	33	5	150
8	34	5	250
8	35	5	85
8	36	5	260
8	37	5	120
8	38	5	205
8	39	5	215
8	40	5	165
8	41	5	290
8	42	5	100
8	43	5	50
8	44	5	75
8	45	5	180
8	46	5	200
8	47	5	205
8	48	5	215
8	49	5	190
8	50	5	150
9	1	5	235
9	2	5	250
9	3	5	180
9	4	5	205
9	5	5	185
9	6	5	120
9	7	5	210
9	8	5	135
9	9	5	260
9	10	5	125
9	11	5	345
9	12	5	200
9	13	5	335
9	14	5	300
9	15	5	245
9	16	5	155
9	17	5	255
9	18	5	185
9	19	5	320
9	20	5	125
9	21	5	215
9	22	5	75
9	23	5	205
9	24	5	150
9	25	5	190
9	26	5	345
9	27	5	160
9	28	5	265
9	29	5	155
9	30	5	125
9	31	5	265
9	32	5	250
9	33	5	250
9	34	5	135
9	35	5	145
9	36	5	105
9	37	5	310
9	38	5	190
9	39	5	155
9	40	5	325
9	41	5	140
9	42	5	65
9	43	5	215
9	44	5	200
9	45	5	225
9	46	5	255
9	47	5	295
9	48	5	255
9	49	5	210
9	50	5	210
10	1	5	80
10	2	5	150
10	3	5	260
10	4	5	270
10	5	5	185
10	6	5	170
10	7	5	215
10	8	5	170
10	9	5	185
10	10	5	235
10	11	5	245
10	12	5	140
10	13	5	250
10	14	5	265
10	15	5	210
10	16	5	180
10	17	5	345
10	18	5	365
10	19	5	145
10	20	5	120
10	21	5	115
10	22	5	265
10	23	5	150
10	24	5	230
10	25	5	195
10	26	5	100
10	27	5	180
10	28	5	165
10	29	5	240
10	30	5	60
10	31	5	265
10	32	5	300
10	33	5	220
10	34	5	280
10	35	5	185
10	36	5	245
10	37	5	285
10	38	5	240
10	39	5	180
10	40	5	40
10	41	5	215
10	42	5	125
10	43	5	150
10	44	5	55
10	45	5	215
10	46	5	120
10	47	5	180
10	48	5	250
10	49	5	320
10	50	5	285


Warehouse Fashion Inventory (W F T):
1	0		0		1730		1730		0	
2	0		0		0		1980		0	
3	0		0		0		1900		0	
4	0		0		0		2230		0	
5	0		0		1475		1475		0	
6	0		0		1935		1935		0	
7	0		0		0		2025		0	
8	0		0		1890		1890		0	
9	0		0		2330		2330		0	
10	0		0		0		1775		0	
11	0		0		2535		2535		0	
12	0		0		0		1695		0	
13	0		0		2020		2020		0	
14	0		0		2465		2465		0	
15	0		0		0		2200		0	
16	0		0		0		1725		0	
17	0		0		2360		2360		0	
18	0		0		0		2210		0	
19	0		0		0		1855		0	
20	0		0		0		1995		0	
21	0		0		0		1620		0	
22	0		0		0		2090		0	
23	0		0		1680		1680		0	
24	0		0		2075		2075		0	
25	0		0		0		2390		0	
26	0		0		2050		2050		0	
27	0		0		0		2105		0	
28	0		0		0		2295		0	
29	0		0		1890		1890		0	
30	0		0		1820		1820		0	
31	0		0		2215		2215		0	
32	0		0		2160		2160		0	
33	0		0		0		2215		0	
34	0		0		0		2210		0	
35	0		0		0		1785		0	
36	0		0		1710		1710		0	
37	0		0		2215		2215		0	
38	0		0		2175		2175		0	
39	0		0		0		1570		0	
40	0		0		0		1700		0	
41	0		0		0		2075		0	
42	0		0		1190		1190		0	
43	0		0		0		1750		0	
44	0		0		0		2025		0	
45	0		0		0		2120		0	
46	0		0		1865		1865		0	
47	0		0		2420		2420		0	
48	0		0		0		1945		0	
49	0		0		1970		1970		0	
50	0		0		0		1780		0	

Store Fashion Inventory (S F T):
Store1
1	0		0		0		245	
2	0		0		0		260	
3	0		0		0		225	
4	0		0		0		275	
5	0		0		0		115	
6	0		0		0		255	
7	0		0		0		280	
8	0		0		0		315	
9	0		0		0		285	
10	0		0		0		75	
11	0		0		0		315	
12	0		0		0		115	
13	0		0		0		190	
14	0		0		0		155	
15	0		0		0		140	
16	0		0		0		290	
17	0		0		0		195	
18	0		0		0		240	
19	0		0		0		155	
20	0		0		0		195	
21	0		0		0		50	
22	0		0		0		140	
23	0		0		0		245	
24	0		0		0		240	
25	0		0		0		220	
26	0		0		0		55	
27	0		0		0		295	
28	0		0		0		140	
29	0		0		0		105	
30	0		0		0		255	
31	0		0		0		280	
32	0		0		0		295	
33	0		0		0		355	
34	0		0		0		335	
35	0		0		0		405	
36	0		0		0		200	
37	0		0		0		170	
38	0		0		0		220	
39	0		0		0		165	
40	0		0		0		110	
41	0		0		0		165	
42	0		0		0		140	
43	0		0		0		155	
44	0		0		0		285	
45	0		0		0		260	
46	0		0		0		250	
47	0		0		0		280	
48	0		0		0		185	
49	0		0		0		315	
50	0		0		0		135	
Store2
1	0		0		0		185	
2	0		0		0		170	
3	0		0		0		240	
4	0		0		0		240	
5	0		0		0		275	
6	0		0		0		115	
7	0		0		0		195	
8	0		0		0		280	
9	0		0		0		280	
10	0		0		0		85	
11	0		0		0		270	
12	0		0		0		200	
13	0		0		0		210	
14	0		0		0		305	
15	0		0		0		255	
16	0		0		0		210	
17	0		0		0		205	
18	0		0		0		180	
19	0		0		0		205	
20	0		0		0		270	
21	0		0		0		95	
22	0		0		0		385	
23	0		0		0		145	
24	0		0		0		220	
25	0		0		0		325	
26	0		0		0		285	
27	0		0		0		230	
28	0		0		0		115	
29	0		0		0		265	
30	0		0		0		125	
31	0		0		0		205	
32	0		0		0		370	
33	0		0		0		190	
34	0		0		0		155	
35	0		0		0		145	
36	0		0		0		150	
37	0		0		0		230	
38	0		0		0		235	
39	0		0		0		85	
40	0		0		0		85	
41	0		0		0		250	
42	0		0		0		160	
43	0		0		0		260	
44	0		0		0		295	
45	0		0		0		200	
46	0		0		0		350	
47	0		0		0		250	
48	0		0		0		55	
49	0		0		0		165	
50	0		0		0		205	
Store3
1	0		0		0		50	
2	0		0		0		205	
3	0		0		0		240	
4	0		0		0		225	
5	0		0		0		160	
6	0		0		0		265	
7	0		0		0		105	
8	0		0		0		170	
9	0		0		0		285	
10	0		0		0		155	
11	0		0		0		190	
12	0		0		0		320	
13	0		0		0		290	
14	0		0		0		340	
15	0		0		0		210	
16	0		0		0		195	
17	0		0		0		170	
18	0		0		0		175	
19	0		0		0		205	
20	0		0		0		260	
21	0		0		0		205	
22	0		0		0		195	
23	0		0		0		270	
24	0		0		0		235	
25	0		0		0		355	
26	0		0		0		130	
27	0		0		0		180	
28	0		0		0		190	
29	0		0		0		280	
30	0		0		0		250	
31	0		0		0		0	
32	0		0		0		195	
33	0		0		0		120	
34	0		0		0		130	
35	0		0		0		155	
36	0		0		0		155	
37	0		0		0		145	
38	0		0		0		375	
39	0		0		0		140	
40	0		0		0		205	
41	0		0		0		70	
42	0		0		0		120	
43	0		0		0		345	
44	0		0		0		155	
45	0		0		0		230	
46	0		0		0		170	
47	0		0		0		245	
48	0		0		0		295	
49	0		0		0		175	
50	0		0		0		150	
Store4
1	0		0		0		105	
2	0		0		0		180	
3	0		0		0		195	
4	0		0		0		110	
5	0		0		0		125	
6	0		0		0		215	
7	0		0		0		45	
8	0		0		0		175	
9	0		0		0		95	
10	0		0		0		240	
11	0		0		0		280	
12	0		0		0		220	
13	0		0		0		180	
14	0		0		0		205	
15	0		0		0		105	
16	0		0		0		145	
17	0		0		0		275	
18	0		0		0		255	
19	0		0		0		10	
20	0		0		0		330	
21	0		0		0		235	
22	0		0		0		100	
23	0		0		0		115	
24	0		0		0		275	
25	0		0		0		240	
26	0		0		0		230	
27	0		0		0		220	
28	0		0		0		305	
29	0		0		0		75	
30	0		0		0		35	
31	0		0		0		205	
32	0		0		0		135	
33	0		0		0		280	
34	0		0		0		65	
35	0		0		0		225	
36	0		0		0		70	
37	0		0		0		230	
38	0		0		0		215	
39	0		0		0		135	
40	0		0		0		225	
41	0		0		0		145	
42	0		0		0		100	
43	0		0		0		65	
44	0		0		0		265	
45	0		0		0		330	
46	0		0		0		265	
47	0		0		0		120	
48	0		0		0		115	
49	0		0		0		150	
50	0		0		0		230	
Store5
1	0		0		0		90	
2	0		0		0		200	
3	0		0		0		145	
4	0		0		0		255	
5	0		0		0		70	
6	0		0		0		270	
7	0		0		0		315	
8	0		0		0		165	
9	0		0		0		130	
10	0		0		0		240	
11	0		0		0		180	
12	0		0		0		15	
13	0		0		0		65	
14	0		0		0		340	
15	0		0		0		335	
16	0		0		0		190	
17	0		0		0		260	
18	0		0		0		240	
19	0		0		0		210	
20	0		0		0		185	
21	0		0		0		65	
22	0		0		0		275	
23	0		0		0		125	
24	0		0		0		140	
25	0		0		0		250	
26	0		0		0		205	
27	0		0		0		265	
28	0		0		0		335	
29	0		0		0		205	
30	0		0		0		295	
31	0		0		0		265	
32	0		0		0		135	
33	0		0		0		200	
34	0		0		0		255	
35	0		0		0		125	
36	0		0		0		155	
37	0		0		0		290	
38	0		0		0		85	
39	0		0		0		110	
40	0		0		0		125	
41	0		0		0		360	
42	0		0		0		175	
43	0		0		0		140	
44	0		0		0		190	
45	0		0		0		295	
46	0		0		0		75	
47	0		0		0		260	
48	0		0		0		170	
49	0		0		0		105	
50	0		0		0		245	
Store6
1	0		0		0		285	
2	0		0		0		185	
3	0		0		0		200	
4	0		0		0		170	
5	0		0		0		270	
6	0		0		0		225	
7	0		0		0		135	
8	0		0		0		70	
9	0		0		0		275	
10	0		0		0		240	
11	0		0		0		170	
12	0		0		0		160	
13	0		0		0		95	
14	0		0		0		175	
15	0		0		0		205	
16	0		0		0		110	
17	0		0		0		185	
18	0		0		0		280	
19	0		0		0		260	
20	0		0		0		155	
21	0		0		0		245	
22	0		0		0		105	
23	0		0		0		190	
24	0		0		0		180	
25	0		0		0		195	
26	0		0		0		235	
27	0		0		0		295	
28	0		0		0		375	
29	0		0		0		125	
30	0		0		0		165	
31	0		0		0		250	
32	0		0		0		275	
33	0		0		0		155	
34	0		0		0		280	
35	0		0		0		165	
36	0		0		0		225	
37	0		0		0		250	
38	0		0		0		175	
39	0		0		0		200	
40	0		0		0		275	
41	0		0		0		230	
42	0		0		0		140	
43	0		0		0		160	
44	0		0		0		365	
45	0		0		0		180	
46	0		0		0		0	
47	0		0		0		275	
48	0		0		0		245	
49	0		0		0		180	
50	0		0		0		0	
Store7
1	0		0		0		240	
2	0		0		0		70	
3	0		0		0		215	
4	0		0		0		250	
5	0		0		0		25	
6	0		0		0		195	
7	0		0		0		335	
8	0		0		0		210	
9	0		0		0		235	
10	0		0		0		200	
11	0		0		0		175	
12	0		0		0		155	
13	0		0		0		115	
14	0		0		0		240	
15	0		0		0		185	
16	0		0		0		90	
17	0		0		0		285	
18	0		0		0		100	
19	0		0		0		205	
20	0		0		0		70	
21	0		0		0		200	
22	0		0		0		275	
23	0		0		0		80	
24	0		0		0		245	
25	0		0		0		270	
26	0		0		0		245	
27	0		0		0		25	
28	0		0		0		170	
29	0		0		0		265	
30	0		0		0		235	
31	0		0		0		215	
32	0		0		0		45	
33	0		0		0		295	
34	0		0		0		325	
35	0		0		0		150	
36	0		0		0		145	
37	0		0		0		185	
38	0		0		0		235	
39	0		0		0		185	
40	0		0		0		145	
41	0		0		0		210	
42	0		0		0		65	
43	0		0		0		210	
44	0		0		0		140	
45	0		0		0		5	
46	0		0		0		180	
47	0		0		0		310	
48	0		0		0		160	
49	0		0		0		160	
50	0		0		0		170	
Store8
1	0		0		0		215	
2	0		0		0		310	
3	0		0		0		0	
4	0		0		0		230	
5	0		0		0		65	
6	0		0		0		105	
7	0		0		0		190	
8	0		0		0		200	
9	0		0		0		300	
10	0		0		0		180	
11	0		0		0		365	
12	0		0		0		170	
13	0		0		0		290	
14	0		0		0		140	
15	0		0		0		310	
16	0		0		0		160	
17	0		0		0		185	
18	0		0		0		190	
19	0		0		0		140	
20	0		0		0		285	
21	0		0		0		195	
22	0		0		0		275	
23	0		0		0		155	
24	0		0		0		160	
25	0		0		0		150	
26	0		0		0		220	
27	0		0		0		255	
28	0		0		0		235	
29	0		0		0		175	
30	0		0		0		275	
31	0		0		0		265	
32	0		0		0		160	
33	0		0		0		150	
34	0		0		0		250	
35	0		0		0		85	
36	0		0		0		260	
37	0		0		0		120	
38	0		0		0		205	
39	0		0		0		215	
40	0		0		0		165	
41	0		0		0		290	
42	0		0		0		100	
43	0		0		0		50	
44	0		0		0		75	
45	0		0		0		180	
46	0		0		0		200	
47	0		0		0		205	
48	0		0		0		215	
49	0		0		0		190	
50	0		0		0		150	
Store9
1	0		0		0		235	
2	0		0		0		250	
3	0		0		0		180	
4	0		0		0		205	
5	0		0		0		185	
6	0		0		0		120	
7	0		0		0		210	
8	0		0		0		135	
9	0		0		0		260	
10	0		0		0		125	
11	0		0		0		345	
12	0		0		0		200	
13	0		0		0		335	
14	0		0		0		300	
15	0		0		0		245	
16	0		0		0		155	
17	0		0		0		255	
18	0		0		0		185	
19	0		0		0		320	
20	0		0		0		125	
21	0		0		0		215	
22	0		0		0		75	
23	0		0		0		205	
24	0		0		0		150	
25	0		0		0		190	
26	0		0		0		345	
27	0		0		0		160	
28	0		0		0		265	
29	0		0		0		155	
30	0		0		0		125	
31	0		0		0		265	
32	0		0		0		250	
33	0		0		0		250	
34	0		0		0		135	
35	0		0		0		145	
36	0		0		0		105	
37	0		0		0		310	
38	0		0		0		190	
39	0		0		0		155	
40	0		0		0		325	
41	0		0		0		140	
42	0		0		0		65	
43	0		0		0		215	
44	0		0		0		200	
45	0		0		0		225	
46	0		0		0		255	
47	0		0		0		295	
48	0		0		0		255	
49	0		0		0		210	
50	0		0		0		210	
Store10
1	0		0		0		80	
2	0		0		0		150	
3	0		0		0		260	
4	0		0		0		270	
5	0		0		0		185	
6	0		0		0		170	
7	0		0		0		215	
8	0		0		0		170	
9	0		0		0		185	
10	0		0		0		235	
11	0		0		0		245	
12	0		0		0		140	
13	0		0		0		250	
14	0		0		0		265	
15	0		0		0		210	
16	0		0		0		180	
17	0		0		0		345	
18	0		0		0		365	
19	0		0		0		145	
20	0		0		0		120	
21	0		0		0		115	
22	0		0		0		265	
23	0		0		0		150	
24	0		0		0		230	
25	0		0		0		195	
26	0		0		0		100	
27	0		0		0		180	
28	0		0		0		165	
29	0		0		0		240	
30	0		0		0		60	
31	0		0		0		265	
32	0		0		0		300	
33	0		0		0		220	
34	0		0		0		280	
35	0		0		0		185	
36	0		0		0		245	
37	0		0		0		285	
38	0		0		0		240	
39	0		0		0		180	
40	0		0		0		40	
41	0		0		0		215	
42	0		0		0		125	
43	0		0		0		150	
44	0		0		0		55	
45	0		0		0		215	
46	0		0		0		120	
47	0		0		0		180	
48	0		0		0		250	
49	0		0		0		320	
50	0		0		0		285	


Fashion Shipments from Vendor to Warehouse (V T):
0	0	0.8232066	0.8403267	
0	0	0.7115033	0.8699633	

Printing New Basic Solution:

Inbound Solution (V P T):
1	1	1	1942
1	2	1	810
1	2	5	1215
1	3	1	866
1	3	5	1299
1	4	1	1608
1	4	5	402
1	5	1	824
1	5	5	1236
1	6	1	855
1	6	5	1281
1	7	1	1999
1	8	1	1701
1	8	5	425
1	9	1	1941
1	10	1	1619
1	10	5	404
1	11	1	217
1	11	5	1952
1	12	1	526
1	12	5	1225
1	13	1	1307
1	13	5	870
1	14	1	429
1	14	5	1716
1	15	1	1224
1	15	5	816
1	16	1	820
1	16	5	1228
2	17	2	1189
2	17	5	794
2	18	2	1022
2	18	5	1022
2	19	2	1144
2	19	5	764
2	20	2	1520
2	20	5	381
2	21	5	1899
2	22	2	1763
2	23	2	970
2	23	5	971
2	24	5	2089
2	25	2	433
2	25	5	1733
2	26	2	1113
2	26	5	1113
2	27	2	591
2	27	5	1380
2	28	2	793
2	28	5	1191
2	29	2	392
2	29	5	1570
2	30	2	768
2	30	5	1153
2	31	2	1722
2	31	5	192
2	32	2	200
2	32	5	1801
3	33	1	1375
3	33	2	590
3	34	1	672
3	34	2	1009
3	35	1	404
3	35	2	1620
3	36	1	1512
3	36	2	649
3	37	1	841
3	37	2	1263
3	38	1	1395
3	38	2	599
3	39	1	1011
3	39	2	1011
3	40	1	578
3	40	2	1349
3	41	1	1827
3	41	2	204
3	42	1	1556
3	42	2	668
3	43	1	1968
3	44	1	606
3	44	2	1416
3	45	1	607
3	45	2	1417
3	46	1	1314
3	46	2	877
3	47	1	822
3	47	2	1233
3	48	1	563
3	48	2	1314
3	49	1	1636
3	49	2	410
3	50	1	574
3	50	2	1340


Outbound Solution(S P T):
1	1	1	249
1	2	1	193
1	3	1	212
1	4	1	241
1	5	1	176
1	6	1	263
1	7	1	185
1	8	1	196
1	9	1	163
1	10	1	163
1	11	1	230
1	12	1	155
1	13	1	162
1	14	1	220
1	15	1	214
1	16	1	194
1	17	1	198
1	18	1	212
1	19	1	177
1	20	1	143
1	21	1	229
1	22	1	173
1	23	1	184
1	24	1	225
1	25	1	239
1	26	1	226
1	27	1	212
1	28	1	197
1	29	1	209
1	30	1	240
1	31	1	168
1	32	1	227
1	33	1	178
1	34	1	138
1	35	1	207
1	36	1	202
1	37	1	193
1	38	1	193
1	39	1	166
1	40	1	206
1	41	1	230
1	42	1	169
1	43	1	171
1	44	1	195
1	45	1	170
1	46	1	165
1	47	1	235
1	48	1	160
1	49	1	229
1	50	1	167
2	1	2	170
2	2	2	229
2	3	2	204
2	4	2	189
2	5	2	230
2	6	2	232
2	7	2	221
2	8	2	251
2	9	2	219
2	10	2	257
2	11	2	223
2	12	2	152
2	13	2	270
2	14	2	209
2	15	2	253
2	16	2	222
2	17	2	175
2	18	2	245
2	19	2	208
2	20	2	252
2	21	2	188
2	22	2	162
2	23	2	137
2	24	2	224
2	25	2	214
2	26	2	226
2	27	2	219
2	28	2	254
2	29	2	241
2	30	2	128
2	31	2	232
2	32	2	201
2	33	2	195
2	34	2	170
2	35	2	237
2	36	2	264
2	37	2	193
2	38	2	203
2	39	2	282
2	40	2	221
2	41	2	167
2	42	2	203
2	43	2	238
2	44	2	178
2	45	2	171
2	46	2	168
2	47	2	179
2	48	2	146
2	49	2	175
2	50	2	161
3	1	1	189
3	2	1	228
3	3	1	207
3	4	1	213
3	5	1	239
3	6	1	154
3	7	1	205
3	8	1	258
3	9	1	184
3	10	1	210
3	11	1	223
3	12	1	169
3	13	1	194
3	14	1	194
3	15	1	178
3	16	1	209
3	17	1	224
3	18	1	240
3	19	1	240
3	20	1	202
3	21	1	150
3	22	1	132
3	23	1	172
3	24	1	277
3	25	1	197
3	26	1	213
3	27	1	166
3	28	1	109
3	29	1	192
3	30	1	160
3	31	1	172
3	32	1	231
3	33	1	235
3	34	1	145
3	35	1	227
3	36	1	246
3	37	1	226
3	38	1	281
3	39	1	213
3	40	1	131
3	41	1	153
3	42	1	242
3	43	1	194
3	44	1	236
3	45	1	165
3	46	1	209
3	47	1	237
3	48	1	223
3	49	1	209
3	50	1	196
4	1	2	190
4	2	2	189
4	3	2	286
4	4	2	222
4	5	2	180
4	6	2	208
4	7	2	215
4	8	2	202
4	9	2	156
4	10	2	199
4	11	2	247
4	12	2	123
4	13	2	248
4	14	2	233
4	15	2	155
4	16	2	154
4	17	2	210
4	18	2	187
4	19	2	157
4	20	2	172
4	21	2	179
4	22	2	236
4	23	2	160
4	24	2	160
4	25	2	213
4	26	2	258
4	27	2	220
4	28	2	193
4	29	2	221
4	30	2	234
4	31	2	203
4	32	2	141
4	33	2	193
4	34	2	249
4	35	2	134
4	36	2	238
4	37	2	227
4	38	2	186
4	39	2	208
4	40	2	151
4	41	2	157
4	42	2	291
4	43	2	227
4	44	2	181
4	45	2	191
4	46	2	252
4	47	2	232
4	48	2	116
4	49	2	228
4	50	2	202
5	1	2	183
5	2	2	195
5	3	2	218
5	4	2	159
5	5	2	192
5	6	2	248
5	7	2	141
5	8	2	233
5	9	2	184
5	10	2	169
5	11	2	178
5	12	2	276
5	13	2	216
5	14	2	218
5	15	2	206
5	16	2	262
5	17	2	212
5	18	2	183
5	19	2	199
5	20	2	235
5	21	2	195
5	22	2	214
5	23	2	243
5	24	2	303
5	25	2	186
5	26	2	186
5	27	2	196
5	28	2	209
5	29	2	146
5	30	2	214
5	31	2	169
5	32	2	158
5	33	2	178
5	34	2	125
5	35	2	222
5	36	2	231
5	37	2	190
5	38	2	211
5	39	2	179
5	40	2	222
5	41	2	199
5	42	2	189
5	43	2	158
5	44	2	201
5	45	2	232
5	46	2	220
5	47	2	197
5	48	2	213
5	49	2	212
5	50	2	187
6	1	1	143
6	1	5	53
6	2	1	200
6	2	5	61
6	3	1	185
6	3	5	36
6	4	1	146
6	4	5	38
6	5	1	191
6	5	5	56
6	6	1	116
6	6	5	44
6	7	1	182
6	7	5	37
6	8	1	185
6	8	5	32
6	9	1	127
6	9	5	65
6	10	1	163
6	10	5	41
6	11	1	147
6	11	5	57
6	12	1	125
6	12	5	66
6	13	1	148
6	13	5	57
6	14	1	169
6	14	5	35
6	15	1	194
6	15	5	55
6	16	1	165
6	16	5	58
6	17	1	162
6	17	5	37
6	18	1	137
6	18	5	41
6	19	1	168
6	19	5	34
6	20	1	117
6	20	5	22
6	21	1	159
6	21	5	35
6	22	1	126
6	22	5	34
6	23	1	163
6	23	5	20
6	24	1	154
6	24	5	65
6	25	1	241
6	25	5	28
6	26	1	193
6	26	5	43
6	27	1	191
6	27	5	27
6	28	1	191
6	28	5	46
6	29	1	181
6	29	5	8
6	30	1	104
6	30	5	46
6	31	1	155
6	31	5	28
6	32	1	110
6	32	5	38
6	33	1	153
6	33	5	26
6	34	1	169
6	34	5	4
6	35	1	200
6	35	5	27
6	36	1	161
6	36	5	36
6	37	1	194
6	37	5	51
6	38	1	146
6	38	5	3
6	39	1	215
6	39	5	35
6	40	1	170
6	40	5	67
6	41	1	203
6	41	5	62
6	42	1	239
6	42	5	49
6	43	1	172
6	43	5	47
6	44	1	226
6	44	5	44
6	45	1	189
6	45	5	56
6	46	1	192
6	46	5	30
6	47	1	144
6	47	5	53
6	48	1	141
6	48	5	38
6	49	1	94
6	49	5	66
6	50	1	183
6	50	5	20
7	1	1	174
7	2	1	144
7	3	1	186
7	4	1	197
7	5	1	179
7	6	1	215
7	7	1	245
7	8	1	186
7	9	1	241
7	10	1	204
7	11	1	229
7	12	1	186
7	13	1	234
7	14	1	182
7	15	1	160
7	16	1	159
7	17	1	208
7	18	1	157
7	19	1	162
7	20	1	204
7	21	1	209
7	22	1	140
7	23	1	134
7	24	1	181
7	25	1	221
7	26	1	258
7	27	1	213
7	28	1	182
7	29	1	203
7	30	1	176
7	31	1	193
7	32	1	263
7	33	1	243
7	34	1	142
7	35	1	211
7	36	1	200
7	37	1	197
7	38	1	153
7	39	1	160
7	40	1	245
7	41	1	220
7	42	1	224
7	43	1	193
7	44	1	197
7	45	1	239
7	46	1	218
7	47	1	169
7	48	1	190
7	49	1	193
7	50	1	153
8	1	2	237
8	2	2	206
8	3	2	255
8	4	2	197
8	5	2	208
8	6	2	221
8	7	2	189
8	8	2	182
8	9	2	238
8	10	2	240
8	11	2	228
8	12	2	178
8	13	2	187
8	14	2	193
8	15	2	266
8	16	2	190
8	17	2	208
8	18	2	240
8	19	2	183
8	20	2	235
8	21	2	181
8	22	2	180
8	23	2	182
8	24	2	190
8	25	2	269
8	26	2	227
8	27	2	115
8	28	2	199
8	29	2	191
8	30	2	228
8	31	2	219
8	32	2	219
8	33	2	206
8	34	2	129
8	35	2	206
8	36	2	169
8	37	2	231
8	38	2	141
8	39	2	219
8	40	2	160
8	41	2	221
8	42	2	221
8	43	2	173
8	44	2	189
8	45	2	236
8	46	2	202
8	47	2	184
8	48	2	191
8	49	2	280
8	50	2	263
9	1	2	187
9	2	2	216
9	3	2	159
9	4	2	198
9	5	2	189
9	6	2	175
9	7	2	176
9	8	2	179
9	9	2	220
9	10	2	178
9	11	2	201
9	12	2	166
9	13	2	256
9	14	2	262
9	15	2	140
9	16	2	266
9	17	2	183
9	18	2	242
9	19	2	136
9	20	2	152
9	21	2	185
9	22	2	210
9	23	2	230
9	24	2	123
9	25	2	167
9	26	2	199
9	27	2	195
9	28	2	222
9	29	2	188
9	30	2	163
9	31	2	211
9	32	2	177
9	33	2	196
9	34	2	263
9	35	2	113
9	36	2	218
9	37	2	194
9	38	2	201
9	39	2	163
9	40	2	209
9	41	2	201
9	42	2	236
9	43	2	220
9	44	2	229
9	45	2	161
9	46	2	266
9	47	2	210
9	48	2	191
9	49	2	166
9	50	2	227
10	1	2	167
10	2	2	164
10	3	2	217
10	4	2	210
10	5	2	220
10	6	2	260
10	7	2	203
10	8	2	222
10	9	2	144
10	10	2	199
10	11	2	206
10	12	2	155
10	13	2	205
10	14	2	230
10	15	2	219
10	16	2	169
10	17	2	166
10	18	2	160
10	19	2	244
10	20	2	167
10	21	2	189
10	22	2	156
10	23	2	316
10	24	2	187
10	25	2	191
10	26	2	197
10	27	2	217
10	28	2	182
10	29	2	182
10	30	2	228
10	31	2	164
10	32	2	236
10	33	2	162
10	34	2	147
10	35	2	240
10	36	2	196
10	37	2	208
10	38	2	276
10	39	2	182
10	40	2	145
10	41	2	218
10	42	2	161
10	43	2	175
10	44	2	146
10	45	2	214
10	46	2	269
10	47	2	215
10	48	2	268
10	49	2	194
10	50	2	155


Warehouse Inventory (W P T):
1	0		1187		53		53		53		0	
2	1154		1199		0		0		0		1154	
3	1263		1339		0		0		0		1263	
4	364		1175		0		0		0		364	
5	1180		1219		0		0		0		1180	
6	1237		1344		0		0		0		1237	
7	0		1182		37		37		37		0	
8	393		1269		0		0		0		393	
9	0		1226		65		65		65		0	
10	363		1242		0		0		0		363	
11	1895		1283		0		0		0		1895	
12	1159		1050		0		0		0		1159	
13	813		1382		0		0		0		813	
14	1681		1345		0		0		0		1681	
15	761		1239		0		0		0		761	
16	1170		1263		0		0		0		1170	
17	792		0		35		35		35		792	
18	981		235		0		0		0		981	
19	747		0		17		17		17		747	
20	666		0		307		307		307		666	
21	1864		1117		0		0		0		1864	
22	571		0		605		605		605		571	
23	951		298		0		0		0		951	
24	2024		1187		0		0		0		2024	
25	1705		807		0		0		0		1705	
26	1070		180		0		0		0		1070	
27	1353		571		0		0		0		1353	
28	1145		466		0		0		0		1145	
29	1562		777		0		0		0		1562	
30	1107		427		0		0		0		1107	
31	688		0		524		524		524		688	
32	1763		932		0		0		0		1763	
33	0		566		26		26		26		0	
34	0		78		4		4		4		0	
35	441		0		468		468		468		441	
36	0		703		36		36		36		0	
37	0		31		51		51		51		0	
38	0		622		3		3		3		0	
39	0		257		35		35		35		0	
40	174		0		241		241		241		174	
41	0		1021		62		62		62		0	
42	0		682		49		49		49		0	
43	0		1238		47		47		47		0	
44	248		0		292		292		292		248	
45	156		0		212		212		212		156	
46	0		530		30		30		30		0	
47	0		37		53		53		53		0	
48	151		0		189		189		189		151	
49	0		911		66		66		66		0	
50	125		0		145		145		145		125	

Store Inventory (S P T):
Store1
1	0		202		167		107		64		0	
2	0		152		136		93		49		0	
3	0		191		164		125		68		0	
4	0		192		157		53		34		0	
5	0		161		127		81		33		0	
6	0		202		146		105		34		0	
7	0		116		98		62		12		0	
8	0		176		145		86		39		0	
9	0		108		82		57		17		0	
10	0		119		96		69		22		0	
11	0		187		142		113		47		0	
12	0		112		49		19		0		0	
13	0		114		85		67		29		0	
14	0		157		118		67		21		0	
15	0		192		158		125		60		0	
16	0		162		97		72		19		0	
17	0		159		142		116		63		0	
18	0		141		110		87		57		0	
19	0		150		119		44		14		0	
20	0		107		83		70		32		0	
21	0		196		157		133		88		0	
22	0		139		128		97		57		0	
23	0		168		126		110		67		0	
24	0		169		122		71		36		0	
25	0		178		132		95		54		0	
26	0		171		123		88		43		0	
27	0		167		113		71		25		0	
28	0		159		124		45		30		0	
29	0		188		140		97		46		0	
30	0		171		130		62		38		0	
31	0		117		82		57		40		0	
32	0		174		122		89		57		0	
33	0		160		101		62		33		0	
34	0		129		95		36		14		0	
35	0		163		114		80		21		0	
36	0		177		100		40		12		0	
37	0		163		117		105		47		0	
38	0		162		123		85		33		0	
39	0		129		82		58		58		0	
40	0		160		127		91		52		0	
41	0		210		138		88		51		0	
42	0		160		131		76		42		0	
43	0		153		141		98		31		0	
44	0		136		93		82		47		0	
45	0		117		102		65		28		0	
46	0		142		103		63		36		0	
47	0		193		118		77		21		0	
48	0		130		85		46		30		0	
49	0		173		134		101		61		0	
50	0		129		86		57		41		0	
Store2
1	2		0		133		88		26		2	
2	41		0		202		132		90		41	
3	65		0		169		137		102		65	
4	29		0		135		80		38		29	
5	47		0		166		132		73		47	
6	51		0		202		153		111		51	
7	51		0		158		105		70		51	
8	78		0		249		190		136		78	
9	22		0		163		114		90		22	
10	49		0		214		170		100		49	
11	41		0		165		126		90		41	
12	37		0		115		114		49		37	
13	46		0		216		173		100		46	
14	22		0		162		130		72		22	
15	71		0		203		156		114		71	
16	33		0		183		137		92		33	
17	58		0		160		111		96		58	
18	37		0		196		140		73		37	
19	78		0		155		140		101		78	
20	17		0		201		156		85		17	
21	34		0		152		97		42		34	
22	34		0		110		94		61		34	
23	21		0		96		67		46		21	
24	58		0		192		174		112		58	
25	68		0		187		151		124		68	
26	57		0		167		106		78		57	
27	56		0		163		118		93		56	
28	25		0		218		136		89		25	
29	37		0		214		139		83		37	
30	20		0		83		61		52		20	
31	46		0		200		159		87		46	
32	63		0		161		123		105		63	
33	28		0		148		96		71		28	
34	37		0		142		127		77		37	
35	42		0		158		117		92		42	
36	49		0		235		188		104		49	
37	30		0		131		113		71		30	
38	62		0		133		117		96		62	
39	64		0		206		144		104		64	
40	59		0		205		169		119		59	
41	67		0		129		92		92		67	
42	41		0		167		135		92		41	
43	41		0		185		141		100		41	
44	24		0		151		107		67		24	
45	42		0		157		137		86		42	
46	34		0		132		112		97		34	
47	29		0		137		107		70		29	
48	35		0		100		99		70		35	
49	22		0		130		115		71		22	
50	31		0		112		53		40		31	
Store3
1	0		139		139		93		34		0	
2	0		179		135		109		70		0	
3	0		169		122		85		31		0	
4	0		177		177		115		63		0	
5	0		168		133		75		41		0	
6	0		92		70		49		19		0	
7	0		171		88		52		34		0	
8	0		203		148		125		42		0	
9	0		142		111		90		33		0	
10	0		164		141		121		77		0	
11	0		187		143		85		39		0	
12	0		133		100		73		42		0	
13	0		174		134		89		37		0	
14	0		163		121		95		42		0	
15	0		156		132		90		49		0	
16	0		148		126		69		15		0	
17	0		179		133		100		48		0	
18	0		192		112		93		54		0	
19	0		165		113		83		30		0	
20	0		167		124		74		25		0	
21	0		121		83		53		16		0	
22	0		98		48		48		25		0	
23	0		144		122		96		48		0	
24	0		224		166		119		56		0	
25	0		166		130		101		46		0	
26	0		158		107		78		55		0	
27	0		120		115		58		24		0	
28	0		103		85		76		46		0	
29	0		161		102		61		28		0	
30	0		138		121		73		23		0	
31	0		136		103		86		50		0	
32	0		174		148		102		65		0	
33	0		169		139		77		36		0	
34	0		122		78		35		1		0	
35	0		175		165		105		62		0	
36	0		214		167		83		54		0	
37	0		163		106		82		58		0	
38	0		248		196		164		93		0	
39	0		213		168		110		60		0	
40	0		90		83		55		43		0	
41	0		109		69		48		22		0	
42	0		206		160		106		52		0	
43	0		151		103		61		47		0	
44	0		182		156		112		71		0	
45	0		127		98		41		0		0	
46	0		169		124		100		31		0	
47	0		189		137		90		37		0	
48	0		165		129		81		32		0	
49	0		184		143		91		60		0	
50	0		151		136		118		75		0	
Store4
1	58		0		182		149		121		58	
2	32		0		144		109		56		32	
3	52		0		222		164		110		52	
4	21		0		157		113		53		21	
5	47		0		133		107		81		47	
6	37		0		143		113		66		37	
7	29		0		140		89		67		29	
8	32		0		165		104		74		32	
9	14		0		131		92		42		14	
10	45		0		167		146		111		45	
11	42		0		180		141		90		42	
12	1		0		101		71		47		1	
13	67		0		211		163		114		67	
14	72		0		207		161		122		72	
15	14		0		119		81		36		14	
16	28		0		122		92		68		28	
17	42		0		195		145		85		42	
18	33		0		113		68		46		33	
19	42		0		125		94		82		42	
20	29		0		142		122		75		29	
21	53		0		157		126		78		53	
22	65		0		195		152		117		65	
23	43		0		110		87		48		43	
24	46		0		147		126		86		46	
25	49		0		180		129		76		49	
26	29		0		194		131		71		29	
27	47		0		174		147		108		47	
28	34		0		149		108		72		34	
29	27		0		166		133		89		27	
30	41		0		201		132		94		41	
31	55		0		178		136		101		55	
32	54		0		127		94		69		54	
33	24		0		130		112		95		24	
34	59		0		223		176		103		59	
35	29		0		120		96		60		29	
36	35		0		182		136		77		35	
37	59		0		188		170		120		59	
38	56		0		145		102		80		56	
39	44		0		162		122		122		44	
40	28		0		119		93		72		28	
41	25		0		147		109		69		25	
42	41		0		207		159		113		41	
43	35		0		176		132		64		35	
44	54		0		137		128		85		54	
45	34		0		140		102		78		34	
46	41		0		182		128		99		41	
47	44		0		185		132		92		44	
48	23		0		83		48		41		23	
49	46		0		189		126		78		46	
50	22		0		146		118		77		22	
Store5
1	11		0		134		93		65		11	
2	47		0		127		127		95		47	
3	29		0		172		141		94		29	
4	24		0		102		71		32		24	
5	28		0		158		104		48		28	
6	39		0		203		168		107		39	
7	19		0		95		76		40		19	
8	42		0		174		130		91		42	
9	18		0		170		110		76		18	
10	53		0		137		99		77		53	
11	39		0		136		93		61		39	
12	70		0		230		196		134		70	
13	24		0		162		104		66		24	
14	52		0		182		142		98		52	
15	72		0		159		124		111		72	
16	55		0		210		170		121		55	
17	42		0		201		153		112		42	
18	42		0		172		139		91		42	
19	38		0		154		100		54		38	
20	48		0		184		124		94		48	
21	30		0		176		107		83		30	
22	55		0		166		142		73		55	
23	51		0		199		142		92		51	
24	54		0		244		191		127		54	
25	22		0		153		98		54		22	
26	27		0		143		107		66		27	
27	41		0		177		119		89		41	
28	31		0		147		114		65		31	
29	20		0		110		75		34		20	
30	27		0		177		137		70		27	
31	39		0		152		92		60		39	
32	5		0		105		76		18		5	
33	32		0		149		110		89		32	
34	6		0		102		63		42		6	
35	32		0		176		140		98		32	
36	68		0		168		135		112		68	
37	22		0		127		69		48		22	
38	45		0		180		134		75		45	
39	22		0		115		110		72		22	
40	53		0		214		158		88		53	
41	37		0		157		128		85		37	
42	34		0		159		110		90		34	
43	36		0		119		87		59		36	
44	41		0		159		114		65		41	
45	33		0		176		155		107		33	
46	48		0		191		126		73		48	
47	34		0		157		138		95		34	
48	49		0		175		130		94		49	
49	36		0		162		127		82		36	
50	55		0		151		136		102		55	
Store6
1	0		103		88		56		0		0	
2	0		159		121		56		0		0	
3	0		139		87		32		0		0	
4	0		109		57		22		0		0	
5	0		122		54		28		0		0	
6	0		85		51		51		0		0	
7	0		139		102		49		0		0	
8	0		148		93		53		0		0	
9	0		107		74		36		0		0	
10	0		139		118		70		0		0	
11	0		110		69		40		0		0	
12	0		96		67		28		0		0	
13	0		103		66		24		0		0	
14	0		140		97		38		0		0	
15	0		150		92		47		0		0	
16	0		139		88		41		0		0	
17	0		96		79		48		0		0	
18	0		117		69		48		0		0	
19	0		132		85		21		0		0	
20	0		77		49		18		0		0	
21	0		137		96		65		0		0	
22	0		88		77		33		0		0	
23	0		103		78		44		0		0	
24	0		135		96		58		0		0	
25	0		181		117		52		0		0	
26	0		142		110		76		0		0	
27	0		147		87		30		0		0	
28	0		167		116		51		0		0	
29	0		133		84		38		0		0	
30	0		74		35		35		0		0	
31	0		127		73		42		0		0	
32	0		77		50		33		0		0	
33	0		110		86		40		0		0	
34	0		141		79		53		0		0	
35	0		141		78		42		0		0	
36	0		145		95		67		0		0	
37	0		157		105		46		0		0	
38	0		114		50		4		0		0	
39	0		188		156		59		0		0	
40	0		122		91		42		0		0	
41	0		172		139		68		0		0	
42	0		195		158		86		0		0	
43	0		136		104		49		0		0	
44	0		163		133		57		0		0	
45	0		162		90		30		0		0	
46	0		166		117		55		0		0	
47	0		120		97		65		0		0	
48	0		104		85		37		0		0	
49	0		62		62		19		0		0	
50	0		137		67		29		0		0	
Store7
1	0		123		79		61		33		0	
2	0		135		103		77		31		0	
3	0		142		114		59		36		0	
4	0		159		128		91		51		0	
5	0		141		89		56		13		0	
6	0		163		126		77		34		0	
7	0		196		133		71		39		0	
8	0		156		113		68		42		0	
9	0		178		111		85		46		0	
10	0		163		111		71		48		0	
11	0		185		122		103		79		0	
12	0		123		83		56		18		0	
13	0		169		131		96		70		0	
14	0		147		123		86		50		0	
15	0		143		74		67		31		0	
16	0		121		88		21		10		0	
17	0		147		114		55		33		0	
18	0		117		103		93		44		0	
19	0		135		97		38		12		0	
20	0		172		130		95		62		0	
21	0		161		127		60		23		0	
22	0		113		87		71		38		0	
23	0		101		40		20		0		0	
24	0		156		123		70		26		0	
25	0		169		109		95		38		0	
26	0		218		153		128		49		0	
27	0		172		112		83		36		0	
28	0		146		102		82		52		0	
29	0		153		97		58		19		0	
30	0		141		107		99		21		0	
31	0		163		93		50		0		0	
32	0		228		170		111		51		0	
33	0		205		168		94		35		0	
34	0		110		107		74		27		0	
35	0		145		121		75		44		0	
36	0		150		134		94		30		0	
37	0		174		134		81		24		0	
38	0		122		91		69		42		0	
39	0		119		102		70		37		0	
40	0		197		128		78		32		0	
41	0		187		133		89		53		0	
42	0		164		111		68		50		0	
43	0		148		105		64		29		0	
44	0		145		97		53		23		0	
45	0		184		135		88		50		0	
46	0		172		113		62		46		0	
47	0		139		86		48		24		0	
48	0		161		118		95		51		0	
49	0		158		120		75		22		0	
50	0		125		106		64		42		0	
Store8
1	77		0		173		144		110		77	
2	55		0		145		100		98		55	
3	41		0		192		145		75		41	
4	36		0		178		146		96		36	
5	28		0		163		101		47		28	
6	46		0		175		149		79		46	
7	58		0		158		129		95		58	
8	32		0		182		111		66		32	
9	48		0		175		124		97		48	
10	50		0		180		130		93		50	
11	43		0		187		148		106		43	
12	30		0		154		114		80		30	
13	49		0		170		119		88		49	
14	36		0		147		137		59		36	
15	47		0		217		155		124		47	
16	66		0		172		139		114		66	
17	6		0		180		128		74		6	
18	38		0		194		163		121		38	
19	71		0		158		125		95		71	
20	65		0		203		164		115		65	
21	30		0		111		79		66		30	
22	16		0		151		97		80		16	
23	59		0		144		121		101		59	
24	31		0		150		119		76		31	
25	47		0		205		140		101		47	
26	49		0		187		158		113		49	
27	27		0		89		63		39		27	
28	43		0		157		98		86		43	
29	24		0		165		132		77		24	
30	25		0		153		116		64		25	
31	64		0		205		155		94		64	
32	34		0		174		129		104		34	
33	36		0		143		88		56		36	
34	17		0		75		53		25		17	
35	15		0		193		128		79		15	
36	71		0		138		118		89		71	
37	71		0		171		126		104		71	
38	15		0		99		65		39		15	
39	27		0		165		100		83		27	
40	10		0		123		67		37		10	
41	51		0		179		130		88		51	
42	66		0		179		128		88		66	
43	16		0		126		87		59		16	
44	31		0		163		118		63		31	
45	82		0		182		157		115		82	
46	40		0		148		106		71		40	
47	49		0		158		150		92		49	
48	26		0		148		100		75		26	
49	35		0		218		151		93		35	
50	50		0		208		154		90		50	
Store9
1	45		0		156		126		81		45	
2	18		0		167		125		75		18	
3	74		0		144		144		98		74	
4	33		0		173		138		90		33	
5	49		0		156		120		89		49	
6	14		0		148		109		62		14	
7	27		0		141		97		59		27	
8	30		0		129		94		63		30	
9	29		0		179		140		95		29	
10	29		0		134		99		66		29	
11	31		0		169		118		64		31	
12	26		0		150		122		79		26	
13	25		0		209		155		92		25	
14	40		0		212		151		106		40	
15	18		0		104		77		37		18	
16	51		0		231		173		83		51	
17	51		0		154		124		87		51	
18	15		0		175		101		36		15	
19	56		0		98		98		88		56	
20	26		0		145		99		68		26	
21	35		0		118		80		53		35	
22	15		0		167		136		71		15	
23	59		0		172		120		108		59	
24	28		0		102		77		77		28	
25	41		0		133		88		70		41	
26	33		0		152		124		67		33	
27	53		0		166		116		70		53	
28	34		0		154		106		51		34	
29	25		0		135		104		77		25	
30	28		0		106		69		59		28	
31	37		0		151		133		80		37	
32	56		0		147		88		72		56	
33	29		0		141		114		71		29	
34	46		0		209		150		108		46	
35	22		0		93		82		42		22	
36	62		0		170		106		62		62	
37	42		0		157		104		71		42	
38	51		0		172		165		87		51	
39	53		0		129		106		90		53	
40	67		0		181		119		90		67	
41	42		0		150		102		70		42	
42	64		0		215		161		110		64	
43	29		0		198		155		102		29	
44	39		0		193		142		84		39	
45	58		0		138		106		69		58	
46	52		0		207		150		104		52	
47	44		0		160		112		70		44	
48	38		0		142		98		83		38	
49	55		0		154		139		109		55	
50	36		0		227		179		102		36	
Store10
1	0		0		110		61		30		0	
2	25		0		131		93		70		25	
3	23		0		151		102		78		23	
4	57		0		173		150		118		57	
5	37		0		175		128		89		37	
6	38		0		203		146		84		38	
7	42		0		172		130		83		42	
8	37		0		172		120		79		37	
9	30		0		117		67		56		30	
10	52		0		161		141		95		52	
11	52		0		143		117		60		52	
12	33		0		140		108		88		33	
13	50		0		169		139		90		50	
14	67		0		173		139		110		67	
15	21		0		167		95		69		21	
16	37		0		122		105		79		37	
17	37		0		154		105		77		37	
18	26		0		135		109		65		26	
19	46		0		192		140		90		46	
20	44		0		118		101		68		44	
21	44		0		134		126		80		44	
22	12		0		119		74		52		12	
23	57		0		244		193		102		57	
24	1		0		120		77		50		1	
25	71		0		160		129		92		71	
26	45		0		149		126		73		45	
27	42		0		186		129		77		42	
28	36		0		151		119		53		36	
29	45		0		164		132		96		45	
30	39		0		207		127		74		39	
31	30		0		146		93		65		30	
32	48		0		161		107		79		48	
33	49		0		133		94		61		49	
34	15		0		117		101		44		15	
35	43		0		194		135		82		43	
36	54		0		183		118		82		54	
37	36		0		163		110		70		36	
38	31		0		196		149		100		31	
39	44		0		154		129		97		44	
40	11		0		122		69		43		11	
41	21		0		192		115		70		21	
42	2		0		113		77		38		2	
43	47		0		166		128		85		47	
44	49		0		135		103		73		49	
45	43		0		175		102		81		43	
46	74		0		220		169		124		74	
47	42		0		179		155		93		42	
48	58		0		206		142		98		58	
49	29		0		155		130		86		29	
50	22		0		97		68		34		22	


Shipments from Vendor to Warehouse (V T):
0.6561733	0	0	0	0.4478773	
0	0.48543	0	0	0.7504607	
0.7887714	0.53562	0	0	0	

Shipments from Warehouse to Stores (S T):
1	1	0.3608407
1	5	0.3632434
2	2	0.3761126
2	5	0.35242
3	1	0.370646
3	5	0.3180467
4	2	0.370606
4	5	0.2877401
5	2	0.3629873
5	5	0.3155233
6	1	0.299296
6	5	0.4058373
7	1	0.3531367
7	5	0.29147
8	2	0.3730306
8	5	0.3108867
9	2	0.3627434
9	5	0.3396633
10	2	0.3628759
10	5	0.3322267


Required Putaway workers (Sol T):
2	2	3	3	2	

No of required pickers (T):
5	8	0	0	13	

No of part-time putaway workers (T):
0	0	1	1	0	

No of part-time pickers (T):
0	0	0	0	4	

Best Putaway Technology: 2400
Best Picking Technology: 1000

Required Fashion Putaway Hours:
0	0	19.23958	22.19375	0	

Required Basic Putaway Hours:
15.81208	12.74542	0	0	13.38417	

Required Total Putaway Hours:
15.81208	12.74542	19.23958	22.19375	13.38417	

No of required fashion pick hours:
0	0	0	0	99.44	

No of required basic pick hours:
38.049	60.554	0	0	2.057	

No of required total pick hours:
38.049	60.554	0	0	101.497	

List of all the costs: 
MHECost		444
PutawayTechCost		3540
PickingTechCost		9130
WhBasicInvCost		782.9
BasicInbCost		10914.48
WhFashionInvCost		1456.15
FashionInbCost		5515.176
PutawayCost		3680
StoreBasicInvCost		9639.9
StoreFashionInvCost		4972
OutboundCost		17527.8
PickingCost		15360
Total		82962.4

List of Top5 Technologies: 
Tech1		3	6	$ 82962.4
Tech2		4	6	$ 90039.23
Tech3		4	4	$ 105428
Tech4		4	2	$ 126497.6
Tech5		4	1	$ 168445.8
The start time is 12/31/2014 7:35:14 PM
The End time is 12/31/2014 7:36:32 PM
