Printing New Fashion Solution:

Inbound Fashion Solution (V F T):
1	1	1	1730
1	2	1	1980
1	3	1	1900
1	4	1	2230
1	5	1	1475
1	6	1	1935
1	7	1	2025
1	8	1	1890
1	9	1	2330
1	10	1	1775
1	11	1	2535
1	12	1	1695
1	13	1	2020
1	14	1	2465
1	15	1	2200
1	16	1	1725
1	17	1	2360
1	18	1	2210
1	19	1	1855
1	20	1	1995
1	21	1	1620
1	22	1	2090
1	23	1	1680
1	24	1	2075
1	25	1	2390
2	26	4	2050
2	27	2	2105
2	28	2	2295
2	29	4	1890
2	30	4	1820
2	31	2	2215
2	32	4	2160
2	33	2	2215
2	34	4	2210
2	35	2	1785
2	36	4	1710
2	37	2	2215
2	38	2	2175
2	39	2	1570
2	40	4	1700
2	41	4	2075
2	42	2	1190
2	43	4	1750
2	44	4	2025
2	45	4	2120
2	46	2	1865
2	47	2	2420
2	48	4	1945
2	49	4	1970
2	50	4	1780


Outbound Fashion Solution(S F T):
1	1	3	245
1	2	2	260
1	3	3	225
1	4	4	275
1	5	4	115
1	6	3	255
1	7	4	280
1	8	2	315
1	9	3	285
1	10	2	75
1	11	4	315
1	12	4	115
1	13	4	190
1	14	3	155
1	15	2	140
1	16	3	290
1	17	3	195
1	18	4	240
1	19	3	155
1	20	4	195
1	21	3	50
1	22	3	140
1	23	4	245
1	24	4	240
1	25	4	220
1	26	5	55
1	27	3	295
1	28	5	140
1	29	5	105
1	30	5	255
1	31	5	280
1	32	5	295
1	33	5	355
1	34	5	335
1	35	4	405
1	36	5	200
1	37	4	170
1	38	4	220
1	39	5	165
1	40	5	110
1	41	5	165
1	42	4	140
1	43	5	155
1	44	5	285
1	45	5	260
1	46	5	250
1	47	4	280
1	48	5	185
1	49	5	315
1	50	5	135
2	1	2	185
2	2	4	170
2	3	3	240
2	4	3	240
2	5	2	275
2	6	2	115
2	7	4	195
2	8	4	280
2	9	3	280
2	10	3	85
2	11	4	270
2	12	3	200
2	13	3	210
2	14	3	305
2	15	3	255
2	16	4	210
2	17	4	205
2	18	4	180
2	19	3	205
2	20	4	270
2	21	3	95
2	22	2	385
2	23	3	145
2	24	4	220
2	25	4	325
2	26	5	285
2	27	4	230
2	28	5	115
2	29	5	265
2	30	5	125
2	31	5	205
2	32	5	370
2	33	5	190
2	34	5	155
2	35	4	145
2	36	5	150
2	37	4	230
2	38	5	235
2	39	5	85
2	40	5	85
2	41	5	250
2	42	4	160
2	43	5	260
2	44	5	295
2	45	5	200
2	46	5	350
2	47	4	250
2	48	5	55
2	49	5	165
2	50	5	205
3	1	2	50
3	2	4	205
3	3	3	240
3	4	4	225
3	5	4	160
3	6	3	265
3	7	3	105
3	8	2	170
3	9	2	285
3	10	2	155
3	11	4	190
3	12	4	320
3	13	4	290
3	14	3	340
3	15	4	210
3	16	4	195
3	17	3	170
3	18	2	175
3	19	3	205
3	20	4	260
3	21	4	205
3	22	3	195
3	23	4	270
3	24	4	235
3	25	3	355
3	26	5	130
3	27	3	180
3	28	5	190
3	29	5	280
3	30	5	250
3	32	5	195
3	33	5	120
3	34	5	130
3	35	4	155
3	36	5	155
3	37	4	145
3	38	4	375
3	39	5	140
3	40	5	205
3	41	5	70
3	42	4	120
3	43	5	345
3	44	5	155
3	45	5	230
3	46	5	170
3	47	4	245
3	48	5	295
3	49	5	175
3	50	5	150
4	1	4	105
4	2	3	180
4	3	3	195
4	4	3	110
4	5	3	125
4	6	3	215
4	7	3	45
4	8	2	175
4	9	3	95
4	10	3	240
4	11	4	280
4	12	3	220
4	13	3	180
4	14	3	205
4	15	4	105
4	16	4	145
4	17	4	275
4	18	3	255
4	19	4	10
4	20	3	330
4	21	3	235
4	22	2	100
4	23	3	115
4	24	4	275
4	25	2	240
4	26	5	230
4	27	4	220
4	28	5	305
4	29	5	75
4	30	5	35
4	31	5	205
4	32	5	135
4	33	5	280
4	34	5	65
4	35	4	225
4	36	5	70
4	37	4	230
4	38	5	215
4	39	5	135
4	40	5	225
4	41	5	145
4	42	4	100
4	43	5	65
4	44	5	265
4	45	5	330
4	46	5	265
4	47	4	120
4	48	5	115
4	49	5	150
4	50	5	230
5	1	3	90
5	2	4	200
5	3	3	145
5	4	4	255
5	5	4	70
5	6	2	270
5	7	4	315
5	8	4	165
5	9	4	130
5	10	3	240
5	11	3	180
5	12	4	15
5	13	4	65
5	14	4	340
5	15	3	335
5	16	4	190
5	17	4	260
5	18	2	240
5	19	3	210
5	20	4	185
5	21	3	65
5	22	3	275
5	23	4	125
5	24	4	140
5	25	3	250
5	26	5	205
5	27	4	265
5	28	5	335
5	29	5	205
5	30	5	295
5	31	5	265
5	32	5	135
5	33	5	200
5	34	5	255
5	35	4	125
5	36	5	155
5	37	4	290
5	38	5	85
5	39	5	110
5	40	5	125
5	41	5	360
5	42	4	175
5	43	5	140
5	44	5	190
5	45	5	295
5	46	5	75
5	47	4	260
5	48	5	170
5	49	5	105
5	50	5	245
6	1	2	285
6	2	3	185
6	3	3	200
6	4	3	170
6	5	3	270
6	6	3	225
6	7	3	135
6	8	3	70
6	9	2	275
6	10	2	240
6	11	4	170
6	12	4	160
6	13	4	95
6	14	3	175
6	15	2	205
6	16	4	110
6	17	4	185
6	18	3	280
6	19	2	260
6	20	3	155
6	21	4	245
6	22	3	105
6	23	4	190
6	24	4	180
6	25	3	195
6	26	5	235
6	27	3	295
6	28	5	375
6	29	5	125
6	30	5	165
6	31	5	250
6	32	5	275
6	33	5	155
6	34	5	280
6	35	4	165
6	36	5	225
6	37	5	250
6	38	4	175
6	39	5	200
6	40	5	275
6	41	5	230
6	42	4	140
6	43	5	160
6	44	5	365
6	45	5	180
6	47	4	275
6	48	5	245
6	49	5	180
7	1	3	240
7	2	3	70
7	3	4	215
7	4	4	250
7	5	2	25
7	6	4	195
7	7	3	335
7	8	2	210
7	9	4	235
7	10	3	200
7	11	4	175
7	12	3	155
7	13	4	115
7	14	3	240
7	15	2	185
7	16	4	90
7	17	4	285
7	18	3	100
7	19	3	205
7	20	4	70
7	21	4	200
7	22	4	275
7	23	4	80
7	24	3	245
7	25	4	270
7	26	5	245
7	27	4	25
7	28	5	170
7	29	5	265
7	30	5	235
7	31	5	215
7	32	5	45
7	33	5	295
7	34	5	325
7	35	5	150
7	36	5	145
7	37	4	185
7	38	4	235
7	39	5	185
7	40	5	145
7	41	5	210
7	42	4	65
7	43	5	210
7	44	5	140
7	45	5	5
7	46	5	180
7	47	4	310
7	48	5	160
7	49	5	160
7	50	5	170
8	1	3	215
8	2	3	310
8	4	4	230
8	5	2	65
8	6	4	105
8	7	3	190
8	8	2	200
8	9	3	300
8	10	4	180
8	11	4	365
8	12	3	170
8	13	3	290
8	14	3	140
8	15	4	310
8	16	4	160
8	17	4	185
8	18	4	190
8	19	4	140
8	20	3	285
8	21	4	195
8	22	2	275
8	23	3	155
8	24	3	160
8	25	3	150
8	26	5	220
8	27	3	255
8	28	5	235
8	29	5	175
8	30	5	275
8	31	5	265
8	32	5	160
8	33	5	150
8	34	5	250
8	35	4	85
8	36	5	260
8	37	4	120
8	38	4	205
8	39	5	215
8	40	5	165
8	41	5	290
8	42	4	100
8	43	5	50
8	44	5	75
8	45	5	180
8	46	5	200
8	47	4	205
8	48	5	215
8	49	5	190
8	50	5	150
9	1	3	235
9	2	4	250
9	3	3	180
9	4	4	205
9	5	2	185
9	6	4	120
9	7	3	210
9	8	2	135
9	9	4	260
9	10	3	125
9	11	4	345
9	12	4	200
9	13	3	335
9	14	3	300
9	15	2	245
9	16	4	155
9	17	4	255
9	18	4	185
9	19	2	320
9	20	4	125
9	21	4	215
9	22	2	75
9	23	4	205
9	24	4	150
9	25	3	190
9	26	5	345
9	27	3	160
9	28	5	265
9	29	5	155
9	30	5	125
9	31	5	265
9	32	5	250
9	33	5	250
9	34	5	135
9	35	5	145
9	36	5	105
9	37	4	310
9	38	4	190
9	39	5	155
9	40	5	325
9	41	5	140
9	42	4	65
9	43	5	215
9	44	5	200
9	45	5	225
9	46	5	255
9	47	5	295
9	48	5	255
9	49	5	210
9	50	5	210
10	1	3	80
10	2	3	150
10	3	4	260
10	4	4	270
10	5	3	185
10	6	4	170
10	7	4	215
10	8	2	170
10	9	3	185
10	10	2	235
10	11	3	245
10	12	3	140
10	13	4	250
10	14	3	265
10	15	2	210
10	16	3	180
10	17	4	345
10	18	3	365
10	19	3	145
10	20	3	120
10	21	3	115
10	22	3	265
10	23	3	150
10	24	4	230
10	25	2	195
10	26	5	100
10	27	4	180
10	28	5	165
10	29	5	240
10	30	5	60
10	31	5	265
10	32	5	300
10	33	5	220
10	34	5	280
10	35	4	185
10	36	5	245
10	37	4	285
10	38	4	240
10	39	5	180
10	40	5	40
10	41	5	215
10	42	4	125
10	43	5	150
10	44	5	55
10	45	5	215
10	46	5	120
10	47	4	180
10	48	5	250
10	49	5	320
10	50	5	285


Warehouse Fashion Inventory (W F T):
1	1730		1210		105		0		0	
2	1980		1720		825		0		0	
3	1900		1900		475		0		0	
4	2230		2230		1710		0		0	
5	1475		925		345		0		0	
6	1935		1550		590		0		0	
7	2025		2025		1005		0		0	
8	1890		515		445		0		0	
9	2330		1770		625		0		0	
10	1775		1070		180		0		0	
11	2535		2535		2110		0		0	
12	1695		1695		810		0		0	
13	2020		2020		1005		0		0	
14	2465		2465		340		0		0	
15	2200		1215		625		0		0	
16	1725		1725		1255		0		0	
17	2360		2360		1995		0		0	
18	2210		1795		795		0		0	
19	1855		1275		150		0		0	
20	1995		1995		1105		0		0	
21	1620		1620		1060		0		0	
22	2090		1255		275		0		0	
23	1680		1680		1115		0		0	
24	2075		2075		1670		0		0	
25	2390		1955		815		0		0	
26	0		0		0		2050		0	
27	0		2105		920		0		0	
28	0		2295		2295		2295		0	
29	0		0		0		1890		0	
30	0		0		0		1820		0	
31	0		2215		2215		2215		0	
32	0		0		0		2160		0	
33	0		2215		2215		2215		0	
34	0		0		0		2210		0	
35	0		1785		1785		295		0	
36	0		0		0		1710		0	
37	0		2215		2215		250		0	
38	0		2175		2175		535		0	
39	0		1570		1570		1570		0	
40	0		0		0		1700		0	
41	0		0		0		2075		0	
42	0		1190		1190		0		0	
43	0		0		0		1750		0	
44	0		0		0		2025		0	
45	0		0		0		2120		0	
46	0		1865		1865		1865		0	
47	0		2420		2420		295		0	
48	0		0		0		1945		0	
49	0		0		0		1970		0	
50	0		0		0		1780		0	

Store Fashion Inventory (S F T):
Store1
1	0		245		245		245	
2	260		260		260		260	
3	0		225		225		225	
4	0		0		275		275	
5	0		0		115		115	
6	0		255		255		255	
7	0		0		280		280	
8	315		315		315		315	
9	0		285		285		285	
10	75		75		75		75	
11	0		0		315		315	
12	0		0		115		115	
13	0		0		190		190	
14	0		155		155		155	
15	140		140		140		140	
16	0		290		290		290	
17	0		195		195		195	
18	0		0		240		240	
19	0		155		155		155	
20	0		0		195		195	
21	0		50		50		50	
22	0		140		140		140	
23	0		0		245		245	
24	0		0		240		240	
25	0		0		220		220	
26	0		0		0		55	
27	0		295		295		295	
28	0		0		0		140	
29	0		0		0		105	
30	0		0		0		255	
31	0		0		0		280	
32	0		0		0		295	
33	0		0		0		355	
34	0		0		0		335	
35	0		0		405		405	
36	0		0		0		200	
37	0		0		170		170	
38	0		0		220		220	
39	0		0		0		165	
40	0		0		0		110	
41	0		0		0		165	
42	0		0		140		140	
43	0		0		0		155	
44	0		0		0		285	
45	0		0		0		260	
46	0		0		0		250	
47	0		0		280		280	
48	0		0		0		185	
49	0		0		0		315	
50	0		0		0		135	
Store2
1	185		185		185		185	
2	0		0		170		170	
3	0		240		240		240	
4	0		240		240		240	
5	275		275		275		275	
6	115		115		115		115	
7	0		0		195		195	
8	0		0		280		280	
9	0		280		280		280	
10	0		85		85		85	
11	0		0		270		270	
12	0		200		200		200	
13	0		210		210		210	
14	0		305		305		305	
15	0		255		255		255	
16	0		0		210		210	
17	0		0		205		205	
18	0		0		180		180	
19	0		205		205		205	
20	0		0		270		270	
21	0		95		95		95	
22	385		385		385		385	
23	0		145		145		145	
24	0		0		220		220	
25	0		0		325		325	
26	0		0		0		285	
27	0		0		230		230	
28	0		0		0		115	
29	0		0		0		265	
30	0		0		0		125	
31	0		0		0		205	
32	0		0		0		370	
33	0		0		0		190	
34	0		0		0		155	
35	0		0		145		145	
36	0		0		0		150	
37	0		0		230		230	
38	0		0		0		235	
39	0		0		0		85	
40	0		0		0		85	
41	0		0		0		250	
42	0		0		160		160	
43	0		0		0		260	
44	0		0		0		295	
45	0		0		0		200	
46	0		0		0		350	
47	0		0		250		250	
48	0		0		0		55	
49	0		0		0		165	
50	0		0		0		205	
Store3
1	50		50		50		50	
2	0		0		205		205	
3	0		240		240		240	
4	0		0		225		225	
5	0		0		160		160	
6	0		265		265		265	
7	0		105		105		105	
8	170		170		170		170	
9	285		285		285		285	
10	155		155		155		155	
11	0		0		190		190	
12	0		0		320		320	
13	0		0		290		290	
14	0		340		340		340	
15	0		0		210		210	
16	0		0		195		195	
17	0		170		170		170	
18	175		175		175		175	
19	0		205		205		205	
20	0		0		260		260	
21	0		0		205		205	
22	0		195		195		195	
23	0		0		270		270	
24	0		0		235		235	
25	0		355		355		355	
26	0		0		0		130	
27	0		180		180		180	
28	0		0		0		190	
29	0		0		0		280	
30	0		0		0		250	
31	0		0		0		0	
32	0		0		0		195	
33	0		0		0		120	
34	0		0		0		130	
35	0		0		155		155	
36	0		0		0		155	
37	0		0		145		145	
38	0		0		375		375	
39	0		0		0		140	
40	0		0		0		205	
41	0		0		0		70	
42	0		0		120		120	
43	0		0		0		345	
44	0		0		0		155	
45	0		0		0		230	
46	0		0		0		170	
47	0		0		245		245	
48	0		0		0		295	
49	0		0		0		175	
50	0		0		0		150	
Store4
1	0		0		105		105	
2	0		180		180		180	
3	0		195		195		195	
4	0		110		110		110	
5	0		125		125		125	
6	0		215		215		215	
7	0		45		45		45	
8	175		175		175		175	
9	0		95		95		95	
10	0		240		240		240	
11	0		0		280		280	
12	0		220		220		220	
13	0		180		180		180	
14	0		205		205		205	
15	0		0		105		105	
16	0		0		145		145	
17	0		0		275		275	
18	0		255		255		255	
19	0		0		10		10	
20	0		330		330		330	
21	0		235		235		235	
22	100		100		100		100	
23	0		115		115		115	
24	0		0		275		275	
25	240		240		240		240	
26	0		0		0		230	
27	0		0		220		220	
28	0		0		0		305	
29	0		0		0		75	
30	0		0		0		35	
31	0		0		0		205	
32	0		0		0		135	
33	0		0		0		280	
34	0		0		0		65	
35	0		0		225		225	
36	0		0		0		70	
37	0		0		230		230	
38	0		0		0		215	
39	0		0		0		135	
40	0		0		0		225	
41	0		0		0		145	
42	0		0		100		100	
43	0		0		0		65	
44	0		0		0		265	
45	0		0		0		330	
46	0		0		0		265	
47	0		0		120		120	
48	0		0		0		115	
49	0		0		0		150	
50	0		0		0		230	
Store5
1	0		90		90		90	
2	0		0		200		200	
3	0		145		145		145	
4	0		0		255		255	
5	0		0		70		70	
6	270		270		270		270	
7	0		0		315		315	
8	0		0		165		165	
9	0		0		130		130	
10	0		240		240		240	
11	0		180		180		180	
12	0		0		15		15	
13	0		0		65		65	
14	0		0		340		340	
15	0		335		335		335	
16	0		0		190		190	
17	0		0		260		260	
18	240		240		240		240	
19	0		210		210		210	
20	0		0		185		185	
21	0		65		65		65	
22	0		275		275		275	
23	0		0		125		125	
24	0		0		140		140	
25	0		250		250		250	
26	0		0		0		205	
27	0		0		265		265	
28	0		0		0		335	
29	0		0		0		205	
30	0		0		0		295	
31	0		0		0		265	
32	0		0		0		135	
33	0		0		0		200	
34	0		0		0		255	
35	0		0		125		125	
36	0		0		0		155	
37	0		0		290		290	
38	0		0		0		85	
39	0		0		0		110	
40	0		0		0		125	
41	0		0		0		360	
42	0		0		175		175	
43	0		0		0		140	
44	0		0		0		190	
45	0		0		0		295	
46	0		0		0		75	
47	0		0		260		260	
48	0		0		0		170	
49	0		0		0		105	
50	0		0		0		245	
Store6
1	285		285		285		285	
2	0		185		185		185	
3	0		200		200		200	
4	0		170		170		170	
5	0		270		270		270	
6	0		225		225		225	
7	0		135		135		135	
8	0		70		70		70	
9	275		275		275		275	
10	240		240		240		240	
11	0		0		170		170	
12	0		0		160		160	
13	0		0		95		95	
14	0		175		175		175	
15	205		205		205		205	
16	0		0		110		110	
17	0		0		185		185	
18	0		280		280		280	
19	260		260		260		260	
20	0		155		155		155	
21	0		0		245		245	
22	0		105		105		105	
23	0		0		190		190	
24	0		0		180		180	
25	0		195		195		195	
26	0		0		0		235	
27	0		295		295		295	
28	0		0		0		375	
29	0		0		0		125	
30	0		0		0		165	
31	0		0		0		250	
32	0		0		0		275	
33	0		0		0		155	
34	0		0		0		280	
35	0		0		165		165	
36	0		0		0		225	
37	0		0		0		250	
38	0		0		175		175	
39	0		0		0		200	
40	0		0		0		275	
41	0		0		0		230	
42	0		0		140		140	
43	0		0		0		160	
44	0		0		0		365	
45	0		0		0		180	
46	0		0		0		0	
47	0		0		275		275	
48	0		0		0		245	
49	0		0		0		180	
50	0		0		0		0	
Store7
1	0		240		240		240	
2	0		70		70		70	
3	0		0		215		215	
4	0		0		250		250	
5	25		25		25		25	
6	0		0		195		195	
7	0		335		335		335	
8	210		210		210		210	
9	0		0		235		235	
10	0		200		200		200	
11	0		0		175		175	
12	0		155		155		155	
13	0		0		115		115	
14	0		240		240		240	
15	185		185		185		185	
16	0		0		90		90	
17	0		0		285		285	
18	0		100		100		100	
19	0		205		205		205	
20	0		0		70		70	
21	0		0		200		200	
22	0		0		275		275	
23	0		0		80		80	
24	0		245		245		245	
25	0		0		270		270	
26	0		0		0		245	
27	0		0		25		25	
28	0		0		0		170	
29	0		0		0		265	
30	0		0		0		235	
31	0		0		0		215	
32	0		0		0		45	
33	0		0		0		295	
34	0		0		0		325	
35	0		0		0		150	
36	0		0		0		145	
37	0		0		185		185	
38	0		0		235		235	
39	0		0		0		185	
40	0		0		0		145	
41	0		0		0		210	
42	0		0		65		65	
43	0		0		0		210	
44	0		0		0		140	
45	0		0		0		5	
46	0		0		0		180	
47	0		0		310		310	
48	0		0		0		160	
49	0		0		0		160	
50	0		0		0		170	
Store8
1	0		215		215		215	
2	0		310		310		310	
3	0		0		0		0	
4	0		0		230		230	
5	65		65		65		65	
6	0		0		105		105	
7	0		190		190		190	
8	200		200		200		200	
9	0		300		300		300	
10	0		0		180		180	
11	0		0		365		365	
12	0		170		170		170	
13	0		290		290		290	
14	0		140		140		140	
15	0		0		310		310	
16	0		0		160		160	
17	0		0		185		185	
18	0		0		190		190	
19	0		0		140		140	
20	0		285		285		285	
21	0		0		195		195	
22	275		275		275		275	
23	0		155		155		155	
24	0		160		160		160	
25	0		150		150		150	
26	0		0		0		220	
27	0		255		255		255	
28	0		0		0		235	
29	0		0		0		175	
30	0		0		0		275	
31	0		0		0		265	
32	0		0		0		160	
33	0		0		0		150	
34	0		0		0		250	
35	0		0		85		85	
36	0		0		0		260	
37	0		0		120		120	
38	0		0		205		205	
39	0		0		0		215	
40	0		0		0		165	
41	0		0		0		290	
42	0		0		100		100	
43	0		0		0		50	
44	0		0		0		75	
45	0		0		0		180	
46	0		0		0		200	
47	0		0		205		205	
48	0		0		0		215	
49	0		0		0		190	
50	0		0		0		150	
Store9
1	0		235		235		235	
2	0		0		250		250	
3	0		180		180		180	
4	0		0		205		205	
5	185		185		185		185	
6	0		0		120		120	
7	0		210		210		210	
8	135		135		135		135	
9	0		0		260		260	
10	0		125		125		125	
11	0		0		345		345	
12	0		0		200		200	
13	0		335		335		335	
14	0		300		300		300	
15	245		245		245		245	
16	0		0		155		155	
17	0		0		255		255	
18	0		0		185		185	
19	320		320		320		320	
20	0		0		125		125	
21	0		0		215		215	
22	75		75		75		75	
23	0		0		205		205	
24	0		0		150		150	
25	0		190		190		190	
26	0		0		0		345	
27	0		160		160		160	
28	0		0		0		265	
29	0		0		0		155	
30	0		0		0		125	
31	0		0		0		265	
32	0		0		0		250	
33	0		0		0		250	
34	0		0		0		135	
35	0		0		0		145	
36	0		0		0		105	
37	0		0		310		310	
38	0		0		190		190	
39	0		0		0		155	
40	0		0		0		325	
41	0		0		0		140	
42	0		0		65		65	
43	0		0		0		215	
44	0		0		0		200	
45	0		0		0		225	
46	0		0		0		255	
47	0		0		0		295	
48	0		0		0		255	
49	0		0		0		210	
50	0		0		0		210	
Store10
1	0		80		80		80	
2	0		150		150		150	
3	0		0		260		260	
4	0		0		270		270	
5	0		185		185		185	
6	0		0		170		170	
7	0		0		215		215	
8	170		170		170		170	
9	0		185		185		185	
10	235		235		235		235	
11	0		245		245		245	
12	0		140		140		140	
13	0		0		250		250	
14	0		265		265		265	
15	210		210		210		210	
16	0		180		180		180	
17	0		0		345		345	
18	0		365		365		365	
19	0		145		145		145	
20	0		120		120		120	
21	0		115		115		115	
22	0		265		265		265	
23	0		150		150		150	
24	0		0		230		230	
25	195		195		195		195	
26	0		0		0		100	
27	0		0		180		180	
28	0		0		0		165	
29	0		0		0		240	
30	0		0		0		60	
31	0		0		0		265	
32	0		0		0		300	
33	0		0		0		220	
34	0		0		0		280	
35	0		0		185		185	
36	0		0		0		245	
37	0		0		285		285	
38	0		0		240		240	
39	0		0		0		180	
40	0		0		0		40	
41	0		0		0		215	
42	0		0		125		125	
43	0		0		0		150	
44	0		0		0		55	
45	0		0		0		215	
46	0		0		0		120	
47	0		0		180		180	
48	0		0		0		250	
49	0		0		0		320	
50	0		0		0		285	


Fashion Shipments from Vendor to Warehouse (V T):
1.663533	0	0	0	
0	0.7572833	0	0.8241833	

Printing New Basic Solution:

Inbound Solution (V P T):
1	1	2	754
1	1	3	1188
1	2	2	800
1	2	3	1225
1	3	2	885
1	3	3	1280
1	4	2	779
1	4	3	1231
1	5	2	875
1	5	3	1185
1	6	2	943
1	6	3	1193
1	7	2	843
1	7	3	1156
1	8	2	831
1	8	3	1295
1	9	2	746
1	9	3	1195
1	10	2	795
1	10	3	1228
1	11	2	944
1	11	3	1225
1	12	2	689
1	12	3	1062
1	13	2	832
1	13	3	1345
1	14	2	876
1	14	3	1269
1	15	2	841
1	15	3	1199
1	16	2	812
1	16	3	1236
2	17	2	1189
2	17	5	794
2	18	5	2044
2	19	2	1335
2	19	5	573
2	20	5	1901
2	21	2	1329
2	21	5	570
2	22	2	881
2	22	5	882
2	23	2	1746
2	23	5	195
2	24	2	1671
2	24	5	418
2	25	2	1083
2	25	5	1083
2	26	2	2003
2	26	5	223
2	27	2	1576
2	27	5	395
2	28	2	396
2	28	5	1588
2	29	2	1569
2	29	5	393
2	30	2	1728
2	30	5	193
2	31	2	1722
2	31	5	192
2	32	2	800
2	32	5	1201
3	33	3	887
3	33	5	1078
3	34	3	717
3	34	5	964
3	35	3	776
3	35	5	1248
3	36	3	917
3	36	5	1244
3	37	3	894
3	37	5	1210
3	38	3	810
3	38	5	1184
3	39	3	874
3	39	5	1148
3	40	3	736
3	40	5	1191
3	41	3	872
3	41	5	1159
3	42	3	920
3	42	5	1304
3	43	3	777
3	43	5	1191
3	44	3	734
3	44	5	1288
3	45	3	812
3	45	5	1212
3	46	3	955
3	46	5	1236
3	47	3	784
3	47	5	1271
3	48	3	809
3	48	5	1068
3	49	3	758
3	49	5	1288
3	50	3	761
3	50	5	1153


Outbound Solution(S P T):
1	1	2	35
1	1	3	60
1	1	5	154
1	2	2	16
1	2	3	43
1	2	5	134
1	3	2	27
1	3	3	39
1	3	5	146
1	4	2	35
1	4	3	104
1	4	5	102
1	5	2	34
1	5	3	46
1	5	5	96
1	6	2	56
1	6	3	41
1	6	5	166
1	7	2	18
1	7	3	36
1	7	5	131
1	8	2	31
1	8	3	59
1	8	5	106
1	9	2	26
1	9	3	25
1	9	5	112
1	10	2	23
1	10	3	27
1	10	5	113
1	11	2	45
1	11	3	29
1	11	5	156
1	12	2	63
1	12	3	30
1	12	5	62
1	13	2	29
1	13	3	18
1	13	5	115
1	14	2	39
1	14	3	51
1	14	5	130
1	15	2	34
1	15	3	33
1	15	5	147
1	16	2	65
1	16	3	25
1	16	5	104
1	17	2	17
1	17	3	26
1	17	5	155
1	18	2	31
1	18	3	23
1	18	5	158
1	19	2	31
1	19	3	75
1	19	5	71
1	20	2	24
1	20	3	13
1	20	5	106
1	21	2	39
1	21	3	24
1	21	5	166
1	22	2	11
1	22	3	31
1	22	5	131
1	23	2	42
1	23	3	16
1	23	5	126
1	24	2	47
1	24	3	51
1	24	5	127
1	25	2	46
1	25	3	37
1	25	5	156
1	26	2	48
1	26	3	35
1	26	5	143
1	27	2	54
1	27	3	42
1	27	5	116
1	28	2	35
1	28	3	79
1	28	5	83
1	29	2	48
1	29	3	43
1	29	5	118
1	30	2	41
1	30	3	68
1	30	5	131
1	31	2	35
1	31	3	25
1	31	5	108
1	32	2	52
1	32	3	33
1	32	5	142
1	33	2	59
1	33	3	39
1	33	5	80
1	34	2	34
1	34	3	59
1	34	5	45
1	35	2	49
1	35	3	34
1	35	5	124
1	36	2	77
1	36	3	60
1	36	5	65
1	37	2	46
1	37	3	12
1	37	5	135
1	38	2	39
1	38	3	38
1	38	5	116
1	39	2	47
1	39	3	24
1	39	5	95
1	40	2	33
1	40	3	36
1	40	5	137
1	41	2	72
1	41	3	50
1	41	5	108
1	42	2	29
1	42	3	55
1	42	5	85
1	43	2	12
1	43	3	43
1	43	5	116
1	44	2	43
1	44	3	11
1	44	5	141
1	45	2	15
1	45	3	37
1	45	5	118
1	46	2	39
1	46	3	40
1	46	5	86
1	47	2	75
1	47	3	41
1	47	5	119
1	48	2	45
1	48	3	39
1	48	5	76
1	49	2	39
1	49	3	33
1	49	5	157
1	50	2	43
1	50	3	29
1	50	5	95
2	1	2	37
2	1	3	45
2	1	4	88
2	2	2	27
2	2	3	70
2	2	4	132
2	3	2	35
2	3	3	32
2	3	4	137
2	4	2	54
2	4	3	55
2	4	4	80
2	5	2	64
2	5	3	34
2	5	4	132
2	6	2	30
2	6	3	49
2	6	4	153
2	7	2	63
2	7	3	53
2	7	4	105
2	8	2	2
2	8	3	59
2	8	4	190
2	9	2	56
2	9	3	49
2	9	4	114
2	10	2	43
2	10	3	44
2	10	4	170
2	11	2	58
2	11	3	39
2	11	4	126
2	12	2	37
2	12	3	1
2	12	4	114
2	13	2	54
2	13	3	43
2	13	4	173
2	14	2	47
2	14	3	32
2	14	4	130
2	15	2	50
2	15	3	47
2	15	4	156
2	16	2	39
2	16	3	46
2	16	4	137
2	17	2	15
2	17	3	49
2	17	4	111
2	18	2	49
2	18	3	56
2	18	4	140
2	19	2	53
2	19	3	15
2	19	4	140
2	20	2	51
2	20	3	45
2	20	4	156
2	21	2	36
2	21	3	55
2	21	4	97
2	22	2	52
2	22	3	16
2	22	4	94
2	23	2	41
2	23	3	29
2	23	4	67
2	24	2	32
2	24	3	18
2	24	4	174
2	25	2	27
2	25	3	36
2	25	4	151
2	26	2	59
2	26	3	61
2	26	4	106
2	27	2	56
2	27	3	45
2	27	4	118
2	28	2	36
2	28	3	82
2	28	4	136
2	29	2	27
2	29	3	75
2	29	4	139
2	30	2	45
2	30	3	22
2	30	4	61
2	31	2	32
2	31	3	41
2	31	4	159
2	32	2	40
2	32	3	38
2	32	4	123
2	33	2	47
2	33	3	52
2	33	4	96
2	34	2	28
2	34	3	15
2	34	4	127
2	35	2	79
2	35	3	41
2	35	4	117
2	36	2	29
2	36	3	47
2	36	4	188
2	37	2	62
2	37	3	18
2	37	4	113
2	38	2	70
2	38	3	16
2	38	4	117
2	39	2	76
2	39	3	62
2	39	4	144
2	40	2	16
2	40	3	36
2	40	4	169
2	41	2	38
2	41	3	37
2	41	4	92
2	42	2	36
2	42	3	32
2	42	4	135
2	43	2	53
2	43	3	44
2	43	4	141
2	44	2	27
2	44	3	44
2	44	4	107
2	45	2	14
2	45	3	20
2	45	4	137
2	46	2	36
2	46	3	20
2	46	4	112
2	47	2	42
2	47	3	30
2	47	4	107
2	48	2	46
2	48	3	1
2	48	4	99
2	49	2	45
2	49	3	15
2	49	4	115
2	50	2	49
2	50	3	59
2	50	4	53
3	1	3	46
3	1	4	59
3	1	5	84
3	2	2	44
3	2	3	26
3	2	4	39
3	2	5	119
3	3	2	47
3	3	3	37
3	3	4	54
3	3	5	69
3	4	3	62
3	4	4	52
3	4	5	99
3	5	2	35
3	5	3	58
3	5	4	34
3	5	5	112
3	6	2	22
3	6	3	21
3	6	4	30
3	6	5	81
3	7	2	83
3	7	3	36
3	7	4	18
3	7	5	68
3	8	2	55
3	8	3	23
3	8	4	83
3	8	5	97
3	9	2	31
3	9	3	21
3	9	4	57
3	9	5	75
3	10	2	23
3	10	3	20
3	10	4	44
3	10	5	123
3	11	2	44
3	11	3	58
3	11	4	46
3	11	5	75
3	12	2	33
3	12	3	27
3	12	4	31
3	12	5	78
3	13	2	40
3	13	3	45
3	13	4	52
3	13	5	57
3	14	2	42
3	14	3	26
3	14	4	53
3	14	5	73
3	15	2	24
3	15	3	42
3	15	4	41
3	15	5	71
3	16	2	22
3	16	3	57
3	16	4	54
3	16	5	76
3	17	2	46
3	17	3	33
3	17	4	52
3	17	5	93
3	18	2	80
3	18	3	19
3	18	4	39
3	18	5	102
3	19	2	52
3	19	3	30
3	19	4	53
3	19	5	105
3	20	2	43
3	20	3	50
3	20	4	49
3	20	5	60
3	21	2	38
3	21	3	30
3	21	4	37
3	21	5	45
3	22	2	50
3	22	4	23
3	22	5	59
3	23	2	22
3	23	3	26
3	23	4	48
3	23	5	76
3	24	2	58
3	24	3	47
3	24	4	63
3	24	5	109
3	25	2	36
3	25	3	29
3	25	4	55
3	25	5	77
3	26	2	51
3	26	3	29
3	26	4	23
3	26	5	110
3	27	2	5
3	27	3	57
3	27	4	34
3	27	5	70
3	28	2	18
3	28	3	9
3	28	4	30
3	28	5	52
3	29	2	59
3	29	3	41
3	29	4	33
3	29	5	59
3	30	2	17
3	30	3	48
3	30	4	50
3	30	5	45
3	31	2	33
3	31	3	17
3	31	4	36
3	31	5	86
3	32	2	26
3	32	3	46
3	32	4	37
3	32	5	122
3	33	2	30
3	33	3	62
3	33	4	41
3	33	5	102
3	34	2	44
3	34	3	43
3	34	4	34
3	34	5	24
3	35	2	10
3	35	3	60
3	35	4	43
3	35	5	114
3	36	2	47
3	36	3	84
3	36	4	29
3	36	5	86
3	37	2	57
3	37	3	24
3	37	4	24
3	37	5	121
3	38	2	52
3	38	3	32
3	38	4	71
3	38	5	126
3	39	2	45
3	39	3	58
3	39	4	50
3	39	5	60
3	40	2	7
3	40	3	28
3	40	4	12
3	40	5	84
3	41	2	40
3	41	3	21
3	41	4	26
3	41	5	66
3	42	2	46
3	42	3	54
3	42	4	54
3	42	5	88
3	43	2	48
3	43	3	42
3	43	4	14
3	43	5	90
3	44	2	26
3	44	3	44
3	44	4	41
3	44	5	125
3	45	2	29
3	45	3	57
3	45	4	41
3	45	5	38
3	46	2	45
3	46	3	24
3	46	4	69
3	46	5	71
3	47	2	52
3	47	3	47
3	47	4	53
3	47	5	85
3	48	2	36
3	48	3	48
3	48	4	49
3	48	5	90
3	49	2	41
3	49	3	52
3	49	4	31
3	49	5	85
3	50	2	15
3	50	3	18
3	50	4	43
3	50	5	120
4	1	2	36
4	1	3	33
4	1	5	121
4	2	2	98
4	2	3	35
4	2	5	56
4	3	2	118
4	3	3	58
4	3	5	110
4	4	2	125
4	4	3	44
4	4	5	53
4	5	2	73
4	5	3	26
4	5	5	81
4	6	2	112
4	6	3	30
4	6	5	66
4	7	2	97
4	7	3	51
4	7	5	67
4	8	2	67
4	8	3	61
4	8	5	74
4	9	2	75
4	9	3	39
4	9	5	42
4	10	2	67
4	10	3	21
4	10	5	111
4	11	2	118
4	11	3	39
4	11	5	90
4	12	2	46
4	12	3	30
4	12	5	47
4	13	2	86
4	13	3	48
4	13	5	114
4	14	2	65
4	14	3	46
4	14	5	122
4	15	2	81
4	15	3	38
4	15	5	36
4	16	2	56
4	16	3	30
4	16	5	68
4	17	2	75
4	17	3	50
4	17	5	85
4	18	2	96
4	18	3	45
4	18	5	46
4	19	2	44
4	19	3	31
4	19	5	82
4	20	2	77
4	20	3	20
4	20	5	75
4	21	2	70
4	21	3	31
4	21	5	78
4	22	2	76
4	22	3	43
4	22	5	117
4	23	2	89
4	23	3	23
4	23	5	48
4	24	2	53
4	24	3	21
4	24	5	86
4	25	2	86
4	25	3	51
4	25	5	76
4	26	2	124
4	26	3	63
4	26	5	71
4	27	2	85
4	27	3	27
4	27	5	108
4	28	2	80
4	28	3	41
4	28	5	72
4	29	2	99
4	29	3	33
4	29	5	89
4	30	2	71
4	30	3	69
4	30	5	94
4	31	2	60
4	31	3	42
4	31	5	101
4	32	2	39
4	32	3	33
4	32	5	69
4	33	2	80
4	33	3	18
4	33	5	95
4	34	2	99
4	34	3	47
4	34	5	103
4	35	2	50
4	35	3	24
4	35	5	60
4	36	2	115
4	36	3	46
4	36	5	77
4	37	2	89
4	37	3	18
4	37	5	120
4	38	2	63
4	38	3	43
4	38	5	80
4	39	2	46
4	39	3	40
4	39	5	122
4	40	2	53
4	40	3	26
4	40	5	72
4	41	2	50
4	41	3	38
4	41	5	69
4	42	2	130
4	42	3	48
4	42	5	113
4	43	2	119
4	43	3	44
4	43	5	64
4	44	2	87
4	44	3	9
4	44	5	85
4	45	2	75
4	45	3	38
4	45	5	78
4	46	2	99
4	46	3	54
4	46	5	99
4	47	2	87
4	47	3	53
4	47	5	92
4	48	2	40
4	48	3	35
4	48	5	41
4	49	2	87
4	49	3	63
4	49	5	78
4	50	2	97
4	50	3	28
4	50	5	77
5	1	2	49
5	1	3	80
5	1	5	54
5	2	2	68
5	2	3	79
5	2	5	48
5	3	2	46
5	3	3	107
5	3	5	65
5	4	2	57
5	4	3	94
5	4	5	8
5	5	2	34
5	5	3	138
5	5	5	20
5	6	2	45
5	6	3	135
5	6	5	68
5	7	2	46
5	7	3	74
5	7	5	21
5	8	2	59
5	8	3	125
5	8	5	49
5	9	2	14
5	9	3	112
5	9	5	58
5	10	2	32
5	10	3	113
5	10	5	24
5	11	2	42
5	11	3	114
5	11	5	22
5	12	2	46
5	12	3	166
5	12	5	64
5	13	2	54
5	13	3	120
5	13	5	42
5	14	2	36
5	14	3	136
5	14	5	46
5	15	2	47
5	15	3	120
5	15	5	39
5	16	2	52
5	16	3	144
5	16	5	66
5	17	2	11
5	17	3	131
5	17	5	70
5	18	2	11
5	18	3	123
5	18	5	49
5	19	2	45
5	19	3	138
5	19	5	16
5	20	2	51
5	20	3	138
5	20	5	46
5	21	2	19
5	21	3	123
5	21	5	53
5	22	2	48
5	22	3	148
5	22	5	18
5	23	2	44
5	23	3	158
5	23	5	41
5	24	2	59
5	24	3	171
5	24	5	73
5	25	2	33
5	25	3	121
5	25	5	32
5	26	2	43
5	26	3	104
5	26	5	39
5	27	2	19
5	27	3	129
5	27	5	48
5	28	2	62
5	28	3	113
5	28	5	34
5	29	2	36
5	29	3	96
5	29	5	14
5	30	2	37
5	30	3	134
5	30	5	43
5	31	2	17
5	31	3	131
5	31	5	21
5	32	2	53
5	32	3	92
5	32	5	13
5	33	2	29
5	33	3	92
5	33	5	57
5	34	2	23
5	34	3	66
5	34	5	36
5	35	2	46
5	35	3	110
5	35	5	66
5	36	2	63
5	36	3	124
5	36	5	44
5	37	2	63
5	37	3	101
5	37	5	26
5	38	2	31
5	38	3	150
5	38	5	30
5	39	2	64
5	39	3	65
5	39	5	50
5	40	2	8
5	40	3	179
5	40	5	35
5	41	2	42
5	41	3	109
5	41	5	48
5	42	2	30
5	42	3	103
5	42	5	56
5	43	2	39
5	43	3	96
5	43	5	23
5	44	2	42
5	44	3	135
5	44	5	24
5	45	2	56
5	45	3	102
5	45	5	74
5	46	2	29
5	46	3	166
5	46	5	25
5	47	2	40
5	47	3	96
5	47	5	61
5	48	2	38
5	48	3	130
5	48	5	45
5	49	2	50
5	49	3	116
5	49	5	46
5	50	2	36
5	50	3	104
5	50	5	47
6	1	2	71
6	1	3	32
6	1	4	93
6	2	2	94
6	2	3	65
6	2	4	102
6	3	2	84
6	3	3	55
6	3	4	82
6	4	2	74
6	4	3	35
6	4	4	75
6	5	2	96
6	5	3	26
6	5	4	125
6	6	2	85
6	6	4	75
6	7	2	86
6	7	3	53
6	7	4	80
6	8	2	108
6	8	3	40
6	8	4	69
6	9	2	69
6	9	3	38
6	9	4	85
6	10	2	91
6	10	3	48
6	10	4	65
6	11	2	81
6	11	3	29
6	11	4	94
6	12	2	57
6	12	3	39
6	12	4	95
6	13	2	61
6	13	3	42
6	13	4	102
6	14	2	81
6	14	3	59
6	14	4	64
6	15	2	105
6	15	3	45
6	15	4	99
6	16	2	92
6	16	3	47
6	16	4	84
6	17	2	65
6	17	3	31
6	17	4	103
6	18	2	96
6	18	3	21
6	18	4	61
6	19	2	68
6	19	3	64
6	19	4	70
6	20	2	46
6	20	3	31
6	20	4	62
6	21	2	106
6	21	3	31
6	21	4	57
6	22	2	44
6	22	3	44
6	22	4	72
6	23	2	69
6	23	3	34
6	23	4	80
6	24	2	97
6	24	3	38
6	24	4	84
6	25	2	116
6	25	3	65
6	25	4	88
6	26	2	108
6	26	3	34
6	26	4	94
6	27	2	90
6	27	3	57
6	27	4	71
6	28	2	102
6	28	3	65
6	28	4	70
6	29	2	87
6	29	3	46
6	29	4	56
6	30	2	74
6	30	4	76
6	31	2	96
6	31	3	31
6	31	4	56
6	32	2	60
6	32	3	17
6	32	4	71
6	33	2	64
6	33	3	46
6	33	4	69
6	34	2	115
6	34	3	26
6	34	4	32
6	35	2	105
6	35	3	36
6	35	4	86
6	36	2	117
6	36	3	28
6	36	4	52
6	37	2	98
6	37	3	59
6	37	4	88
6	38	2	68
6	38	3	46
6	38	4	35
6	39	2	91
6	39	3	97
6	39	4	62
6	40	2	73
6	40	3	49
6	40	4	115
6	41	2	101
6	41	3	71
6	41	4	93
6	42	2	123
6	42	3	72
6	42	4	93
6	43	2	81
6	43	3	55
6	43	4	83
6	44	2	87
6	44	3	76
6	44	4	107
6	45	2	102
6	45	3	60
6	45	4	83
6	46	2	104
6	46	3	62
6	46	4	56
6	47	2	88
6	47	3	32
6	47	4	77
6	48	2	56
6	48	3	48
6	48	4	75
6	49	2	19
6	49	3	43
6	49	4	98
6	50	2	99
6	50	3	38
6	50	4	66
7	1	2	44
7	1	3	102
7	1	4	28
7	2	2	32
7	2	3	66
7	2	4	46
7	3	2	28
7	3	3	135
7	3	4	23
7	4	2	31
7	4	3	126
7	4	4	40
7	5	2	52
7	5	3	84
7	5	4	43
7	6	2	37
7	6	3	135
7	6	4	43
7	7	2	63
7	7	3	150
7	7	4	32
7	8	2	43
7	8	3	117
7	8	4	26
7	9	2	67
7	9	3	135
7	9	4	39
7	10	2	52
7	10	3	129
7	10	4	23
7	11	2	63
7	11	3	142
7	11	4	24
7	12	2	40
7	12	3	108
7	12	4	38
7	13	2	38
7	13	3	170
7	13	4	26
7	14	2	24
7	14	3	122
7	14	4	36
7	15	2	69
7	15	3	55
7	15	4	36
7	16	2	33
7	16	3	115
7	16	4	11
7	17	2	33
7	17	3	153
7	17	4	22
7	18	2	14
7	18	3	94
7	18	4	49
7	19	2	38
7	19	3	98
7	19	4	26
7	20	2	42
7	20	3	129
7	20	4	33
7	21	2	34
7	21	3	138
7	21	4	37
7	22	2	26
7	22	3	81
7	22	4	33
7	23	2	61
7	23	3	53
7	23	4	20
7	24	2	33
7	24	3	104
7	24	4	44
7	25	2	60
7	25	3	104
7	25	4	57
7	26	2	65
7	26	3	114
7	26	4	79
7	27	2	60
7	27	3	106
7	27	4	47
7	28	2	44
7	28	3	108
7	28	4	30
7	29	2	56
7	29	3	108
7	29	4	39
7	30	2	34
7	30	3	64
7	30	4	78
7	31	2	70
7	31	3	73
7	31	4	50
7	32	2	58
7	32	3	145
7	32	4	60
7	33	2	37
7	33	3	147
7	33	4	59
7	34	2	3
7	34	3	92
7	34	4	47
7	35	2	24
7	35	3	156
7	35	4	31
7	36	2	16
7	36	3	120
7	36	4	64
7	37	2	40
7	37	3	100
7	37	4	57
7	38	2	31
7	38	3	95
7	38	4	27
7	39	2	17
7	39	3	110
7	39	4	33
7	40	2	69
7	40	3	130
7	40	4	46
7	41	2	54
7	41	3	130
7	41	4	36
7	42	2	53
7	42	3	153
7	42	4	18
7	43	2	43
7	43	3	115
7	43	4	35
7	44	2	48
7	44	3	119
7	44	4	30
7	45	2	49
7	45	3	152
7	45	4	38
7	46	2	59
7	46	3	143
7	46	4	16
7	47	2	53
7	47	3	92
7	47	4	24
7	48	2	43
7	48	3	103
7	48	4	44
7	49	2	38
7	49	3	102
7	49	4	53
7	50	2	19
7	50	3	112
7	50	4	22
8	1	2	64
8	1	3	106
8	1	4	67
8	2	2	61
8	2	3	100
8	2	4	45
8	3	2	63
8	3	3	88
8	3	4	104
8	4	2	19
8	4	3	68
8	4	4	110
8	5	2	45
8	5	3	90
8	5	4	73
8	6	2	46
8	6	3	72
8	6	4	103
8	7	2	31
8	7	3	87
8	7	4	71
8	8	3	103
8	8	4	79
8	9	2	63
8	9	3	99
8	9	4	76
8	10	2	60
8	10	3	100
8	10	4	80
8	11	2	41
8	11	3	82
8	11	4	105
8	12	2	24
8	12	3	70
8	12	4	84
8	13	2	17
8	13	3	100
8	13	4	70
8	14	2	46
8	14	3	46
8	14	4	101
8	15	2	49
8	15	3	109
8	15	4	108
8	16	2	18
8	16	3	99
8	16	4	73
8	17	2	28
8	17	3	58
8	17	4	122
8	18	2	46
8	18	3	69
8	18	4	125
8	19	2	25
8	19	3	104
8	19	4	54
8	20	2	32
8	20	3	104
8	20	4	99
8	21	2	70
8	21	3	62
8	21	4	49
8	22	2	29
8	22	3	70
8	22	4	81
8	23	2	38
8	23	3	82
8	23	4	62
8	24	2	40
8	24	3	62
8	24	4	88
8	25	2	64
8	25	3	112
8	25	4	93
8	26	2	40
8	26	3	78
8	26	4	109
8	27	2	26
8	27	3	53
8	27	4	36
8	28	2	42
8	28	3	102
8	28	4	55
8	29	2	26
8	29	3	57
8	29	4	108
8	30	2	75
8	30	3	62
8	30	4	91
8	31	2	14
8	31	3	114
8	31	4	91
8	32	2	45
8	32	3	79
8	32	4	95
8	33	2	63
8	33	3	91
8	33	4	52
8	34	2	54
8	34	3	39
8	34	4	36
8	35	2	13
8	35	3	80
8	35	4	113
8	36	2	31
8	36	3	91
8	36	4	47
8	37	2	60
8	37	3	116
8	37	4	55
8	38	2	42
8	38	3	49
8	38	4	50
8	39	2	54
8	39	3	92
8	39	4	73
8	40	2	37
8	40	3	66
8	40	4	57
8	41	2	42
8	41	3	100
8	41	4	79
8	42	2	42
8	42	3	117
8	42	4	62
8	43	2	47
8	43	3	55
8	43	4	71
8	44	2	26
8	44	3	76
8	44	4	87
8	45	2	54
8	45	3	107
8	45	4	75
8	46	2	54
8	46	3	82
8	46	4	66
8	47	2	26
8	47	3	57
8	47	4	101
8	48	2	43
8	48	3	74
8	48	4	74
8	49	2	62
8	49	3	102
8	49	4	116
8	50	2	55
8	50	3	104
8	50	4	104
9	1	2	157
9	1	3	30
9	2	2	174
9	2	3	42
9	3	2	159
9	4	2	163
9	4	3	35
9	5	2	153
9	5	3	36
9	6	2	136
9	6	3	39
9	7	2	132
9	7	3	44
9	8	2	144
9	8	3	35
9	9	2	181
9	9	3	39
9	10	2	143
9	10	3	35
9	11	2	150
9	11	3	51
9	12	2	138
9	12	3	28
9	13	2	202
9	13	3	54
9	14	2	201
9	14	3	61
9	15	2	113
9	15	3	27
9	16	2	208
9	16	3	58
9	17	2	153
9	17	3	30
9	18	2	168
9	18	3	74
9	19	2	136
9	20	2	106
9	20	3	46
9	21	2	147
9	21	3	38
9	22	2	179
9	22	3	31
9	23	2	178
9	23	3	52
9	24	2	98
9	24	3	25
9	25	2	122
9	25	3	45
9	26	2	171
9	26	3	28
9	27	2	145
9	27	3	50
9	28	2	174
9	28	3	48
9	29	2	157
9	29	3	31
9	30	2	126
9	30	3	37
9	31	2	193
9	31	3	18
9	32	2	118
9	32	3	59
9	33	2	169
9	33	3	27
9	34	2	204
9	34	3	59
9	35	2	102
9	35	3	11
9	36	2	154
9	36	3	64
9	37	2	141
9	37	3	53
9	38	2	194
9	38	3	7
9	39	2	140
9	39	3	23
9	40	2	147
9	40	3	62
9	41	2	153
9	41	3	48
9	42	2	182
9	42	3	54
9	43	2	177
9	43	3	43
9	44	2	178
9	44	3	51
9	45	2	129
9	45	3	32
9	46	2	209
9	46	3	57
9	47	2	162
9	47	3	48
9	48	2	147
9	48	3	44
9	49	2	151
9	49	3	15
9	50	2	179
9	50	3	48
10	1	2	57
10	1	3	49
10	1	4	61
10	2	2	33
10	2	3	38
10	2	4	93
10	3	2	66
10	3	3	49
10	3	4	102
10	4	2	37
10	4	3	23
10	4	4	150
10	5	2	45
10	5	3	47
10	5	4	128
10	6	2	57
10	6	3	57
10	6	4	146
10	7	2	31
10	7	3	42
10	7	4	130
10	8	2	50
10	8	3	52
10	8	4	120
10	9	2	27
10	9	3	50
10	9	4	67
10	10	2	38
10	10	3	20
10	10	4	141
10	11	2	63
10	11	3	26
10	11	4	117
10	12	2	15
10	12	3	32
10	12	4	108
10	13	2	36
10	13	3	30
10	13	4	139
10	14	2	57
10	14	3	34
10	14	4	139
10	15	2	52
10	15	3	72
10	15	4	95
10	16	2	47
10	16	3	17
10	16	4	105
10	17	2	12
10	17	3	49
10	17	4	105
10	18	2	25
10	18	3	26
10	18	4	109
10	19	2	52
10	19	3	52
10	19	4	140
10	20	2	49
10	20	3	17
10	20	4	101
10	21	2	55
10	21	3	8
10	21	4	126
10	22	2	37
10	22	3	45
10	22	4	74
10	23	2	72
10	23	3	51
10	23	4	193
10	24	2	67
10	24	3	43
10	24	4	77
10	25	2	31
10	25	3	31
10	25	4	129
10	26	2	48
10	26	3	23
10	26	4	126
10	27	2	31
10	27	3	57
10	27	4	129
10	28	2	31
10	28	3	32
10	28	4	119
10	29	2	18
10	29	3	32
10	29	4	132
10	30	2	21
10	30	3	80
10	30	4	127
10	31	2	18
10	31	3	53
10	31	4	93
10	32	2	75
10	32	3	54
10	32	4	107
10	33	2	29
10	33	3	39
10	33	4	94
10	34	2	30
10	34	3	16
10	34	4	101
10	35	2	46
10	35	3	59
10	35	4	135
10	36	2	13
10	36	3	65
10	36	4	118
10	37	2	45
10	37	3	53
10	37	4	110
10	38	2	80
10	38	3	47
10	38	4	149
10	39	2	28
10	39	3	25
10	39	4	129
10	40	2	23
10	40	3	53
10	40	4	69
10	41	2	26
10	41	3	77
10	41	4	115
10	42	2	48
10	42	3	36
10	42	4	77
10	43	2	9
10	43	3	38
10	43	4	128
10	44	2	11
10	44	3	32
10	44	4	103
10	45	2	39
10	45	3	73
10	45	4	102
10	46	2	49
10	46	3	51
10	46	4	169
10	47	2	36
10	47	3	24
10	47	4	155
10	48	2	62
10	48	3	64
10	48	4	142
10	49	2	39
10	49	3	25
10	49	4	130
10	50	2	58
10	50	3	29
10	50	4	68


Warehouse Inventory (W P T):
1	0		0		204		809		413		0	
2	0		0		153		814		357		0	
3	0		0		212		892		390		0	
4	0		0		184		769		262		0	
5	0		0		244		844		309		0	
6	0		0		317		931		381		0	
7	0		0		193		723		287		0	
8	0		0		272		893		326		0	
9	0		0		137		725		287		0	
10	0		0		223		894		371		0	
11	0		0		239		855		343		0	
12	0		0		190		721		251		0	
13	0		0		215		890		328		0	
14	0		0		238		894		371		0	
15	0		0		217		828		293		0	
16	0		0		180		778		314		0	
17	391		391		1125		515		0		391	
18	1689		1689		1073		523		0		1689	
19	299		299		1090		483		0		299	
20	1614		1614		1093		500		0		1614	
21	228		228		943		403		0		228	
22	557		557		886		377		0		557	
23	0		0		1090		566		96		0	
24	23		23		1110		530		0		23	
25	742		742		1204		573		0		742	
26	0		0		1246		677		140		0	
27	53		53		1058		435		0		53	
28	1347		1347		1119		440		0		1347	
29	113		113		1069		507		0		113	
30	0		0		1187		603		120		0	
31	0		0		1154		609		124		0	
32	855		855		1089		493		0		855	
33	744		744		137		411		0		744	
34	756		756		122		377		0		756	
35	884		884		360		525		0		884	
36	972		972		310		498		0		972	
37	808		808		107		447		0		808	
38	832		832		162		449		0		832	
39	821		821		213		491		0		821	
40	863		863		397		468		0		863	
41	868		868		250		441		0		868	
42	962		962		243		439		0		962	
43	898		898		270		472		0		898	
44	913		913		338		475		0		913	
45	904		904		342		476		0		904	
46	955		955		232		488		0		955	
47	914		914		253		517		0		914	
48	816		816		260		483		0		816	
49	922		922		351		543		0		922	
50	814		814		164		356		0		814	

Store Inventory (S P T):
Store1
1	90		43		43		43		0		90	
2	85		44		44		44		0		85	
3	78		57		57		57		0		78	
4	68		19		19		19		0		68	
5	63		48		48		48		0		63	
6	132		71		71		71		0		132	
7	119		50		50		50		0		119	
8	67		47		47		47		0		67	
9	95		40		40		40		0		95	
10	91		47		47		47		0		91	
11	109		66		66		66		0		109	
12	62		19		19		19		0		62	
13	86		38		38		38		0		86	
14	109		46		46		46		0		109	
15	87		65		65		65		0		87	
16	85		53		53		53		0		85	
17	92		53		53		53		0		92	
18	101		30		30		30		0		101	
19	57		30		30		30		0		57	
20	74		38		38		38		0		74	
21	78		45		45		45		0		78	
22	74		40		40		40		0		74	
23	59		43		43		43		0		59	
24	91		35		35		35		0		91	
25	102		41		41		41		0		102	
26	100		45		45		45		0		100	
27	91		46		46		46		0		91	
28	53		15		15		15		0		53	
29	72		51		51		51		0		72	
30	93		24		24		24		0		93	
31	68		17		17		17		0		68	
32	85		32		32		32		0		85	
33	47		29		29		29		0		47	
34	31		22		22		22		0		31	
35	103		59		59		59		0		103	
36	53		28		28		28		0		53	
37	88		58		58		58		0		88	
38	83		52		52		52		0		83	
39	37		0		0		0		0		37	
40	85		39		39		39		0		85	
41	57		37		37		37		0		57	
42	43		34		34		34		0		43	
43	85		67		67		67		0		85	
44	94		35		35		35		0		94	
45	90		37		37		37		0		90	
46	50		27		27		27		0		50	
47	98		56		56		56		0		98	
48	46		16		16		16		0		46	
49	96		40		40		40		0		96	
50	54		16		16		16		0		54	
Store2
1	2		0		0		0		26		2	
2	41		0		0		0		90		41	
3	65		0		0		0		102		65	
4	29		0		0		0		38		29	
5	47		0		0		0		73		47	
6	51		0		0		0		111		51	
7	51		0		0		0		70		51	
8	78		0		0		0		136		78	
9	22		0		0		0		90		22	
10	49		0		0		0		100		49	
11	41		0		0		0		90		41	
12	37		0		0		0		49		37	
13	46		0		0		0		100		46	
14	22		0		0		0		72		22	
15	71		0		0		0		114		71	
16	33		0		0		0		92		33	
17	58		0		0		0		96		58	
18	37		0		0		0		73		37	
19	78		0		0		0		101		78	
20	17		0		0		0		85		17	
21	34		0		0		0		42		34	
22	34		0		0		0		61		34	
23	21		0		0		0		46		21	
24	58		0		0		0		112		58	
25	68		0		0		0		124		68	
26	57		0		0		0		78		57	
27	56		0		0		0		93		56	
28	25		0		0		0		89		25	
29	37		0		0		0		83		37	
30	20		0		0		0		52		20	
31	46		0		0		0		87		46	
32	63		0		0		0		105		63	
33	28		0		0		0		71		28	
34	37		0		0		0		77		37	
35	42		0		0		0		92		42	
36	49		0		0		0		104		49	
37	30		0		0		0		71		30	
38	62		0		0		0		96		62	
39	64		0		0		0		104		64	
40	59		0		0		0		119		59	
41	67		0		0		0		92		67	
42	41		0		0		0		92		41	
43	41		0		0		0		100		41	
44	24		0		0		0		67		24	
45	42		0		0		0		86		42	
46	34		0		0		0		97		34	
47	29		0		0		0		70		29	
48	35		0		0		0		70		35	
49	22		0		0		0		71		22	
50	31		0		0		0		40		31	
Store3
1	50		0		0		0		0		50	
2	49		0		0		0		0		49	
3	38		0		0		0		0		38	
4	36		0		0		0		0		36	
5	71		0		0		0		0		71	
6	62		0		0		0		0		62	
7	34		0		0		0		0		34	
8	55		0		0		0		0		55	
9	42		0		0		0		0		42	
10	46		0		0		0		0		46	
11	36		0		0		0		0		36	
12	36		0		0		0		0		36	
13	20		0		0		0		0		20	
14	31		0		0		0		0		31	
15	22		0		0		0		0		22	
16	61		0		0		0		0		61	
17	45		0		0		0		0		45	
18	48		0		0		0		0		48	
19	75		0		0		0		0		75	
20	35		0		0		0		0		35	
21	29		0		0		0		0		29	
22	34		0		0		0		0		34	
23	28		0		0		0		0		28	
24	53		0		0		0		0		53	
25	31		0		0		0		0		31	
26	55		0		0		0		0		55	
27	46		0		0		0		0		46	
28	6		0		0		0		0		6	
29	31		0		0		0		0		31	
30	22		0		0		0		0		22	
31	36		0		0		0		0		36	
32	57		0		0		0		0		57	
33	66		0		0		0		0		66	
34	23		0		0		0		0		23	
35	52		0		0		0		0		52	
36	32		0		0		0		0		32	
37	63		0		0		0		0		63	
38	33		0		0		0		0		33	
39	0		0		0		0		0		0	
40	41		0		0		0		0		41	
41	44		0		0		0		0		44	
42	36		0		0		0		0		36	
43	43		0		0		0		0		43	
44	54		0		0		0		0		54	
45	38		0		0		0		0		38	
46	40		0		0		0		0		40	
47	48		0		0		0		0		48	
48	58		0		0		0		0		58	
49	25		0		0		0		0		25	
50	45		0		0		0		0		45	
Store4
1	58		0		28		28		0		58	
2	32		0		53		53		0		32	
3	52		0		54		54		0		52	
4	21		0		60		60		0		21	
5	47		0		26		26		0		47	
6	37		0		47		47		0		37	
7	29		0		22		22		0		29	
8	32		0		30		30		0		32	
9	14		0		50		50		0		14	
10	45		0		35		35		0		45	
11	42		0		51		51		0		42	
12	1		0		24		24		0		1	
13	67		0		49		49		0		67	
14	72		0		39		39		0		72	
15	14		0		45		45		0		14	
16	28		0		24		24		0		28	
17	42		0		60		60		0		42	
18	33		0		22		22		0		33	
19	42		0		12		12		0		42	
20	29		0		47		47		0		29	
21	53		0		48		48		0		53	
22	65		0		35		35		0		65	
23	43		0		39		39		0		43	
24	46		0		40		40		0		46	
25	49		0		53		53		0		49	
26	29		0		60		60		0		29	
27	47		0		39		39		0		47	
28	34		0		36		36		0		34	
29	27		0		44		44		0		27	
30	41		0		38		38		0		41	
31	55		0		35		35		0		55	
32	54		0		25		25		0		54	
33	24		0		17		17		0		24	
34	59		0		73		73		0		59	
35	29		0		36		36		0		29	
36	35		0		59		59		0		35	
37	59		0		50		50		0		59	
38	56		0		22		22		0		56	
39	44		0		0		0		0		44	
40	28		0		21		21		0		28	
41	25		0		40		40		0		25	
42	41		0		46		46		0		41	
43	35		0		68		68		0		35	
44	54		0		43		43		0		54	
45	34		0		24		24		0		34	
46	41		0		29		29		0		41	
47	44		0		40		40		0		44	
48	23		0		7		7		0		23	
49	46		0		48		48		0		46	
50	22		0		41		41		0		22	
Store5
1	11		0		0		39		11		11	
2	47		0		0		79		47		47	
3	29		0		0		76		29		29	
4	24		0		0		63		24		24	
5	28		0		0		84		28		28	
6	39		0		0		100		39		39	
7	19		0		0		55		19		19	
8	42		0		0		81		42		42	
9	18		0		0		52		18		18	
10	53		0		0		75		53		53	
11	39		0		0		71		39		39	
12	70		0		0		132		70		70	
13	24		0		0		62		24		24	
14	52		0		0		96		52		52	
15	72		0		0		85		72		72	
16	55		0		0		104		55		55	
17	42		0		0		83		42		42	
18	42		0		0		90		42		42	
19	38		0		0		84		38		38	
20	48		0		0		78		48		48	
21	30		0		0		54		30		30	
22	55		0		0		124		55		55	
23	51		0		0		101		51		51	
24	54		0		0		118		54		54	
25	22		0		0		66		22		22	
26	27		0		0		68		27		27	
27	41		0		0		71		41		41	
28	31		0		0		80		31		31	
29	20		0		0		61		20		20	
30	27		0		0		94		27		27	
31	39		0		0		71		39		39	
32	5		0		0		63		5		5	
33	32		0		0		53		32		32	
34	6		0		0		27		6		6	
35	32		0		0		74		32		32	
36	68		0		0		91		68		68	
37	22		0		0		43		22		22	
38	45		0		0		104		45		45	
39	22		0		0		60		22		22	
40	53		0		0		123		53		53	
41	37		0		0		80		37		37	
42	34		0		0		54		34		34	
43	36		0		0		64		36		36	
44	41		0		0		90		41		41	
45	33		0		0		81		33		33	
46	48		0		0		101		48		48	
47	34		0		0		77		34		34	
48	49		0		0		85		49		49	
49	36		0		0		81		36		36	
50	55		0		0		89		55		55	
Store6
1	40		0		56		56		93		40	
2	41		0		56		56		102		41	
3	46		0		32		32		82		46	
4	37		0		22		22		75		37	
5	69		0		28		28		125		69	
6	31		0		51		51		75		31	
7	43		0		49		49		80		43	
8	37		0		53		53		69		37	
9	20		0		36		36		85		20	
10	24		0		70		70		65		24	
11	37		0		40		40		94		37	
12	29		0		28		28		95		29	
13	45		0		24		24		102		45	
14	29		0		38		38		64		29	
15	44		0		47		47		99		44	
16	26		0		41		41		84		26	
17	66		0		48		48		103		66	
18	20		0		48		48		61		20	
19	36		0		21		21		70		36	
20	40		0		18		18		62		40	
21	22		0		65		65		57		22	
22	38		0		33		33		72		38	
23	60		0		44		44		80		60	
24	19		0		58		58		84		19	
25	60		0		52		52		88		60	
26	51		0		76		76		94		51	
27	44		0		30		30		71		44	
28	24		0		51		51		70		24	
29	48		0		38		38		56		48	
30	30		0		35		35		76		30	
31	28		0		42		42		56		28	
32	33		0		33		33		71		33	
33	43		0		40		40		69		43	
34	28		0		53		53		32		28	
35	59		0		42		42		86		59	
36	16		0		67		67		52		16	
37	37		0		46		46		88		37	
38	32		0		4		4		35		32	
39	27		0		59		59		62		27	
40	48		0		42		42		115		48	
41	31		0		68		68		93		31	
42	44		0		86		86		93		44	
43	36		0		49		49		83		36	
44	63		0		57		57		107		63	
45	27		0		30		30		83		27	
46	26		0		55		55		56		26	
47	24		0		65		65		77		24	
48	37		0		37		37		75		37	
49	32		0		19		19		98		32	
50	46		0		29		29		66		46	
Store7
1	51		0		0		84		84		51	
2	9		0		0		40		40		9	
3	44		0		0		80		80		44	
4	38		0		0		89		89		38	
5	38		0		0		51		51		38	
6	52		0		0		86		86		52	
7	49		0		0		88		88		49	
8	30		0		0		72		72		30	
9	63		0		0		109		109		63	
10	41		0		0		89		89		41	
11	44		0		0		123		123		44	
12	63		0		0		81		81		63	
13	65		0		0		135		135		65	
14	35		0		0		85		85		35	
15	17		0		0		48		48		17	
16	38		0		0		48		48		38	
17	61		0		0		94		94		61	
18	40		0		0		84		84		40	
19	27		0		0		39		39		27	
20	32		0		0		94		94		32	
21	48		0		0		71		71		48	
22	27		0		0		65		65		27	
23	33		0		0		33		33		33	
24	25		0		0		51		51		25	
25	52		0		0		90		90		52	
26	40		0		0		89		89		40	
27	41		0		0		77		77		41	
28	36		0		0		88		88		36	
29	50		0		0		69		69		50	
30	35		0		0		56		56		35	
31	30		0		0		30		30		30	
32	35		0		0		86		86		35	
33	38		0		0		73		73		38	
34	32		0		0		59		59		32	
35	66		0		0		110		110		66	
36	50		0		0		80		80		50	
37	23		0		0		47		47		23	
38	31		0		0		73		73		31	
39	41		0		0		78		78		41	
40	48		0		0		80		80		48	
41	33		0		0		86		86		33	
42	60		0		0		110		110		60	
43	45		0		0		74		74		45	
44	52		0		0		75		75		52	
45	55		0		0		105		105		55	
46	46		0		0		92		92		46	
47	30		0		0		54		54		30	
48	29		0		0		80		80		29	
49	35		0		0		57		57		35	
50	28		0		0		70		70		28	
Store8
1	77		0		0		77		110		77	
2	55		0		0		55		98		55	
3	41		0		0		41		75		41	
4	36		0		0		36		96		36	
5	28		0		0		28		47		28	
6	46		0		0		46		79		46	
7	58		0		0		58		95		58	
8	32		0		0		32		66		32	
9	48		0		0		48		97		48	
10	50		0		0		50		93		50	
11	43		0		0		43		106		43	
12	30		0		0		30		80		30	
13	49		0		0		49		88		49	
14	36		0		0		36		59		36	
15	47		0		0		47		124		47	
16	66		0		0		66		114		66	
17	6		0		0		6		74		6	
18	38		0		0		38		121		38	
19	71		0		0		71		95		71	
20	65		0		0		65		115		65	
21	30		0		0		30		66		30	
22	16		0		0		16		80		16	
23	59		0		0		59		101		59	
24	31		0		0		31		76		31	
25	47		0		0		47		101		47	
26	49		0		0		49		113		49	
27	27		0		0		27		39		27	
28	43		0		0		43		86		43	
29	24		0		0		24		77		24	
30	25		0		0		25		64		25	
31	64		0		0		64		94		64	
32	34		0		0		34		104		34	
33	36		0		0		36		56		36	
34	17		0		0		17		25		17	
35	15		0		0		15		79		15	
36	71		0		0		71		89		71	
37	71		0		0		71		104		71	
38	15		0		0		15		39		15	
39	27		0		0		27		83		27	
40	10		0		0		10		37		10	
41	51		0		0		51		88		51	
42	66		0		0		66		88		66	
43	16		0		0		16		59		16	
44	31		0		0		31		63		31	
45	82		0		0		82		115		82	
46	40		0		0		40		71		40	
47	49		0		0		49		92		49	
48	26		0		0		26		75		26	
49	35		0		0		35		93		35	
50	50		0		0		50		90		50	
Store9
1	45		0		126		126		81		45	
2	18		0		125		125		75		18	
3	74		0		144		144		98		74	
4	33		0		138		138		90		33	
5	49		0		120		120		89		49	
6	14		0		109		109		62		14	
7	27		0		97		97		59		27	
8	30		0		94		94		63		30	
9	29		0		140		140		95		29	
10	29		0		99		99		66		29	
11	31		0		118		118		64		31	
12	26		0		122		122		79		26	
13	25		0		155		155		92		25	
14	40		0		151		151		106		40	
15	18		0		77		77		37		18	
16	51		0		173		173		83		51	
17	51		0		124		124		87		51	
18	15		0		101		101		36		15	
19	56		0		98		98		88		56	
20	26		0		99		99		68		26	
21	35		0		80		80		53		35	
22	15		0		136		136		71		15	
23	59		0		120		120		108		59	
24	28		0		77		77		77		28	
25	41		0		88		88		70		41	
26	33		0		124		124		67		33	
27	53		0		116		116		70		53	
28	34		0		106		106		51		34	
29	25		0		104		104		77		25	
30	28		0		69		69		59		28	
31	37		0		133		133		80		37	
32	56		0		88		88		72		56	
33	29		0		114		114		71		29	
34	46		0		150		150		108		46	
35	22		0		82		82		42		22	
36	62		0		106		106		62		62	
37	42		0		104		104		71		42	
38	51		0		165		165		87		51	
39	53		0		106		106		90		53	
40	67		0		119		119		90		67	
41	42		0		102		102		70		42	
42	64		0		161		161		110		64	
43	29		0		155		155		102		29	
44	39		0		142		142		84		39	
45	58		0		106		106		69		58	
46	52		0		150		150		104		52	
47	44		0		112		112		70		44	
48	38		0		98		98		83		38	
49	55		0		139		139		109		55	
50	36		0		179		179		102		36	
Store10
1	0		0		0		0		30		0	
2	25		0		0		0		70		25	
3	23		0		0		0		78		23	
4	57		0		0		0		118		57	
5	37		0		0		0		89		37	
6	38		0		0		0		84		38	
7	42		0		0		0		83		42	
8	37		0		0		0		79		37	
9	30		0		0		0		56		30	
10	52		0		0		0		95		52	
11	52		0		0		0		60		52	
12	33		0		0		0		88		33	
13	50		0		0		0		90		50	
14	67		0		0		0		110		67	
15	21		0		0		0		69		21	
16	37		0		0		0		79		37	
17	37		0		0		0		77		37	
18	26		0		0		0		65		26	
19	46		0		0		0		90		46	
20	44		0		0		0		68		44	
21	44		0		0		0		80		44	
22	12		0		0		0		52		12	
23	57		0		0		0		102		57	
24	1		0		0		0		50		1	
25	71		0		0		0		92		71	
26	45		0		0		0		73		45	
27	42		0		0		0		77		42	
28	36		0		0		0		53		36	
29	45		0		0		0		96		45	
30	39		0		0		0		74		39	
31	30		0		0		0		65		30	
32	48		0		0		0		79		48	
33	49		0		0		0		61		49	
34	15		0		0		0		44		15	
35	43		0		0		0		82		43	
36	54		0		0		0		82		54	
37	36		0		0		0		70		36	
38	31		0		0		0		100		31	
39	44		0		0		0		97		44	
40	11		0		0		0		43		11	
41	21		0		0		0		70		21	
42	2		0		0		0		38		2	
43	47		0		0		0		85		47	
44	49		0		0		0		73		49	
45	43		0		0		0		81		43	
46	74		0		0		0		124		74	
47	42		0		0		0		93		42	
48	58		0		0		0		98		58	
49	29		0		0		0		86		29	
50	22		0		0		0		34		22	


Shipments from Vendor to Warehouse (V T):
0	0.4454307	0.65862	0	0	
0	0.7965906	0	0	0.4393	
0	0	0.546922	0	0.7774693	

Shipments from Warehouse to Stores (S T):
1	2	0.09221666
1	3	0.1575927
1	4	0.1290167
1	5	0.345258
2	2	0.1313813
2	3	0.1417153
2	4	0.3443193
2	5	0.1111167
3	2	0.1003127
3	3	0.1338287
3	4	0.1992487
3	5	0.2553026
4	2	0.168046
4	3	0.1550753
4	4	0.07753333
4	5	0.2576914
5	2	0.07832801
5	3	0.2880353
5	4	0.11871
5	5	0.1934373
6	2	0.2119247
6	3	0.1562013
6	4	0.2094273
6	5	0.12758
7	2	0.08681333
7	3	0.2599286
7	4	0.1949347
7	5	0.10293
8	2	0.1088107
8	3	0.23269
8	4	0.2343133
8	5	0.1081033
9	2	0.32963
9	3	0.12736
9	4	0.101
9	5	0.1444167
10	2	0.09657267
10	3	0.171964
10	4	0.308686
10	5	0.11788


Required Putaway workers (Sol T):
3	3	2	2	2	

No of required pickers (T):
0	5	7	7	7	

No of part-time putaway workers (T):
1	1	0	0	0	

No of part-time pickers (T):
0	0	2	2	2	

Best Putaway Technology: 2400
Best Picking Technology: 1000

Required Fashion Putaway Hours:
20.91042	9.1875	0	11.33542	0	

Required Basic Putaway Hours:
0	13.44708	14.29375	0	14.20083	

Required Total Putaway Hours:
20.91042	22.63458	14.29375	11.33542	14.20083	

No of required fashion pick hours:
0	7.605	22.335	30.76	38.74	

No of required basic pick hours:
0	30.365	29.92	24.087	16.288	

No of required total pick hours:
0	37.97	52.255	54.847	55.028	

List of all the costs: 
MHECost		444
PutawayTechCost		3540
PickingTechCost		9130
WhBasicInvCost		1081.92
BasicInbCost		10914.48
WhFashionInvCost		1958.5
FashionInbCost		5515.176
PutawayCost		3680
StoreBasicInvCost		4178.35
StoreFashionInvCost		9884.25
OutboundCost		30904.44
PickingCost		9440
Total		90671.11

List of Top5 Technologies: 
Tech1		3	6	$ 90671.11
Tech2		3	5	$ 95169.41
Tech3		3	4	$ 101325.3
Tech4		3	2	$ 120845.7
Tech5		3	1	$ 161048.5
The start time is 12/31/2014 7:35:14 PM
The End time is 12/31/2014 7:36:10 PM
