Printing New Fashion Solution:

Inbound Fashion Solution (V F T):
1	1	1	4635
1	2	1	4890
1	3	4	5495
1	4	1	5795
1	5	4	5665
1	6	4	4780
1	7	1	6710
1	8	4	3940
1	9	1	4705
1	10	4	3850


Outbound Fashion Solution(S F T):
1	1	4	1645
1	2	4	1560
1	3	5	1335
1	4	4	700
1	5	5	1195
1	6	5	1060
1	7	4	1700
1	8	5	215
1	9	4	535
1	10	5	1140
2	1	2	715
2	2	3	1150
2	3	5	1550
2	4	2	1430
2	5	5	1185
2	6	5	775
2	7	2	1265
2	8	5	1105
2	9	3	1235
3	1	3	860
3	2	3	1025
3	3	5	1085
3	4	2	2035
3	5	5	1485
3	6	5	1055
3	7	2	1220
3	8	5	500
3	9	2	1180
3	10	5	1180
4	1	4	700
4	2	3	160
4	3	5	915
4	4	4	1160
4	5	5	630
4	6	5	1135
4	7	4	1360
4	8	5	650
4	9	3	1045
4	10	5	1235
5	1	3	715
5	2	3	995
5	3	5	610
5	4	3	470
5	5	5	1170
5	6	5	755
5	7	3	1165
5	8	5	1470
5	9	3	710
5	10	5	295


Warehouse Fashion Inventory (W F T):
1	4635		3920		2345		0		0	
2	4890		4890		1560		0		0	
3	0		0		0		5495		0	
4	5795		2330		1860		0		0	
5	0		0		0		5665		0	
6	0		0		0		4780		0	
7	6710		4225		3060		0		0	
8	0		0		0		3940		0	
9	4705		3525		535		0		0	
10	0		0		0		3850		0	

Store Fashion Inventory (S F T):
Store1
1	0		0		1645		1645	
2	0		0		1560		1560	
3	0		0		0		1335	
4	0		0		700		700	
5	0		0		0		1195	
6	0		0		0		1060	
7	0		0		1700		1700	
8	0		0		0		215	
9	0		0		535		535	
10	0		0		0		1140	
Store2
1	715		715		715		715	
2	0		1150		1150		1150	
3	0		0		0		1550	
4	1430		1430		1430		1430	
5	0		0		0		1185	
6	0		0		0		775	
7	1265		1265		1265		1265	
8	0		0		0		1105	
9	0		1235		1235		1235	
10	0		0		0		0	
Store3
1	0		860		860		860	
2	0		1025		1025		1025	
3	0		0		0		1085	
4	2035		2035		2035		2035	
5	0		0		0		1485	
6	0		0		0		1055	
7	1220		1220		1220		1220	
8	0		0		0		500	
9	1180		1180		1180		1180	
10	0		0		0		1180	
Store4
1	0		0		700		700	
2	0		160		160		160	
3	0		0		0		915	
4	0		0		1160		1160	
5	0		0		0		630	
6	0		0		0		1135	
7	0		0		1360		1360	
8	0		0		0		650	
9	0		1045		1045		1045	
10	0		0		0		1235	
Store5
1	0		715		715		715	
2	0		995		995		995	
3	0		0		0		610	
4	0		470		470		470	
5	0		0		0		1170	
6	0		0		0		755	
7	0		1165		1165		1165	
8	0		0		0		1470	
9	0		710		710		710	
10	0		0		0		295	


Fashion Shipments from Vendor to Warehouse (V T):
0.9254033	0	0	0.78895	

Printing New Basic Solution:

Inbound Solution (V P T):
1	1	2	1746
1	1	3	311
1	1	5	2800
1	2	2	2356
1	2	3	454
1	2	5	1816
1	3	2	593
1	3	3	3445
1	3	5	862
1	4	2	2644
1	4	3	196
1	4	5	1769
1	5	2	1804
1	5	3	2340
1	5	5	1003
1	6	3	3337
1	6	5	1431
1	7	2	1777
1	7	3	2562
1	7	5	641
1	8	2	2261
1	8	5	2481
1	9	2	2802
1	9	3	1833
1	9	5	786
1	10	2	1191
1	10	3	2568
1	10	5	1102


Outbound Solution(S P T):
1	1	2	330
1	1	4	609
1	2	2	281
1	2	4	818
1	3	2	314
1	3	4	838
1	4	2	146
1	4	4	741
1	5	2	183
1	5	4	944
1	6	2	182
1	6	4	517
1	7	2	245
1	7	4	838
1	8	2	120
1	8	4	813
1	9	2	291
1	9	4	759
1	10	2	145
1	10	4	1100
2	1	2	1092
2	2	2	872
2	3	2	946
2	4	2	732
2	5	2	829
2	6	2	1124
2	7	2	850
2	8	2	1056
2	9	2	1155
2	10	2	700
3	1	1	1062
3	2	1	997
3	3	1	911
3	4	1	1050
3	5	1	1128
3	6	1	1066
3	7	1	1083
3	8	1	646
3	9	1	738
3	10	1	867
4	1	3	338
4	1	4	551
4	2	3	190
4	2	4	498
4	3	3	383
4	3	4	702
4	4	3	392
4	4	4	650
4	5	3	307
4	5	4	734
4	6	3	387
4	6	4	598
4	7	3	326
4	7	4	677
4	8	3	357
4	8	4	565
4	9	3	487
4	9	4	729
4	10	3	388
4	10	4	546
5	1	3	875
5	2	3	970
5	3	3	806
5	4	3	898
5	5	3	1022
5	6	3	894
5	7	3	961
5	8	3	1185
5	9	3	1262
5	10	3	1115


Warehouse Inventory (W P T):
1	2800		1738		2062		1160		0		2800	
2	1816		819		2022		1316		0		1816	
3	1578		667		0		2256		716		1578	
4	1769		719		2485		1391		0		1769	
5	1128		0		792		1803		125		1128	
6	2372		1306		0		2056		941		2372	
7	1083		0		682		1957		442		1083	
8	2481		1835		2920		1378		0		2481	
9	786		48		1404		1488		0		786	
10	1102		235		581		1646		0		1102	

Store Inventory (S P T):
Store1
1	171		0		178		112		391		171	
2	155		13		157		0		537		155	
3	272		137		308		0		524		272	
4	339		168		156		0		595		339	
5	518		181		217		0		761		518	
6	163		96		277		0		335		163	
7	332		162		244		0		593		332	
8	453		264		292		0		693		453	
9	301		89		165		0		468		301	
10	815		449		275		0		955		815	
Store2
1	144		0		774		550		331		144	
2	224		0		729		478		377		224	
3	170		0		802		580		281		170	
4	19		0		622		462		197		19	
5	30		0		581		406		117		30	
6	248		0		985		708		563		248	
7	211		0		714		558		405		211	
8	106		0		904		651		296		106	
9	117		0		862		551		307		117	
10	103		0		482		359		260		103	
Store3
1	0		965		759		442		188		0	
2	0		825		611		412		167		0	
3	0		733		610		387		148		0	
4	0		901		654		408		189		0	
5	0		872		713		447		345		0	
6	0		934		638		458		285		0	
7	0		824		676		483		246		0	
8	0		560		378		378		174		0	
9	0		724		552		283		180		0	
10	0		755		557		373		115		0	
Store4
1	347		237		0		69		416		347	
2	389		222		0		87		476		389	
3	613		269		0		233		846		613	
4	392		187		0		171		563		392	
5	535		255		0		91		626		535	
6	442		142		0		265		707		442	
7	487		239		0		232		719		487	
8	520		160		0		210		730		520	
9	533		198		0		263		796		533	
10	344		190		0		216		560		344	
Store5
1	315		171		0		705		552		315	
2	398		172		0		965		574		398	
3	365		161		0		668		511		365	
4	396		274		0		671		557		396	
5	372		157		0		748		597		372	
6	518		336		0		719		643		518	
7	442		234		0		833		712		442	
8	533		243		0		908		665		533	
9	493		200		0		1071		840		493	
10	570		239		0		890		845		570	


Shipments from Vendor to Warehouse (V T):
0	0.7452421	0.7546033	0	0.5191187	

Shipments from Warehouse to Stores (S T):
1	2	0.082852
1	4	0.5888333
1	5	0.15052
2	2	0.494358
2	3	0.05999667
2	5	0.17006
3	1	0.391292
3	2	0.1093733
3	3	0.08457333
3	5	0.1721533
4	3	0.1705373
4	4	0.3881047
4	5	0.13165
5	3	0.5744467
5	5	0.1645667


Required Putaway workers (Sol T):
3	2	2	3	2	

No of required pickers (T):
3	5	6	6	6	

No of part-time putaway workers (T):
1	0	0	1	0	

No of part-time pickers (T):
0	1	2	2	2	

Best Putaway Technology: 1200
Best Picking Technology: 500

Required Fashion Putaway Hours:
22.27917	0	0	19.775	0	

Required Basic Putaway Hours:
0	14.31167	14.205	0	12.2425	

Required Total Putaway Hours:
22.27917	14.31167	14.205	19.775	12.2425	

No of required fashion pick hours:
0	15.69	19.06	18.72	47.46	

No of required basic pick hours:
19.096	23.186	27.086	28.454	0	

No of required total pick hours:
19.096	38.876	46.146	47.174	47.46	

List of all the costs: 
MHECost		324
PutawayTechCost		1060
PickingTechCost		3195
WhBasicInvCost		559.05
BasicInbCost		3274.507
WhFashionInvCost		787.15
FashionInbCost		3241.741
PutawayCost		3680
StoreBasicInvCost		4358.2
StoreFashionInvCost		5121
OutboundCost		12390.3
PickingCost		8080
Total		46070.95

List of Top5 Technologies: 
Tech1		2	5	$ 46070.95
Tech2		2	4	$ 52461.14
Tech3		2	6	$ 52619.54
Tech4		2	1	$ 84884.73
Tech5		1	1	$ 98402.05
The start time is 1/1/2015 12:35:11 PM
The End time is 1/1/2015 12:35:21 PM
