Printing New Fashion Solution:

Inbound Fashion Solution (V F T):
1	1	3	4635
1	2	2	4890
1	3	3	5495
1	4	2	5795
1	5	2	5665
1	6	3	4780
1	7	2	6710
1	8	3	3940
1	9	3	4705
1	10	2	3850


Outbound Fashion Solution(S F T):
1	1	5	1645
1	2	4	1560
1	3	5	1335
1	4	4	700
1	5	3	1195
1	6	5	1060
1	7	3	1700
1	8	5	215
1	9	5	535
1	10	3	1140
2	1	5	715
2	2	4	1150
2	3	4	1550
2	4	4	1430
2	5	4	1185
2	6	5	775
2	7	3	1265
2	8	4	1105
2	9	5	1235
3	1	5	860
3	2	4	1025
3	3	5	1085
3	4	3	2035
3	5	3	1485
3	6	5	1055
3	7	4	1220
3	8	4	500
3	9	5	1180
3	10	4	1180
4	1	5	700
4	2	4	160
4	3	5	915
4	4	4	1160
4	5	4	630
4	6	4	1135
4	7	4	1360
4	8	5	650
4	9	5	1045
4	10	4	1235
5	1	5	715
5	2	4	995
5	3	4	610
5	4	4	470
5	5	4	1170
5	6	4	755
5	7	4	1165
5	8	5	1470
5	9	5	710
5	10	4	295


Warehouse Fashion Inventory (W F T):
1	0		0		4635		4635		0	
2	0		4890		4890		0		0	
3	0		0		5495		3335		0	
4	0		5795		3760		0		0	
5	0		5665		2985		0		0	
6	0		0		4780		2890		0	
7	0		6710		3745		0		0	
8	0		0		3940		2335		0	
9	0		0		4705		4705		0	
10	0		3850		2710		0		0	

Store Fashion Inventory (S F T):
Store1
1	0		0		0		1645	
2	0		0		1560		1560	
3	0		0		0		1335	
4	0		0		700		700	
5	0		1195		1195		1195	
6	0		0		0		1060	
7	0		1700		1700		1700	
8	0		0		0		215	
9	0		0		0		535	
10	0		1140		1140		1140	
Store2
1	0		0		0		715	
2	0		0		1150		1150	
3	0		0		1550		1550	
4	0		0		1430		1430	
5	0		0		1185		1185	
6	0		0		0		775	
7	0		1265		1265		1265	
8	0		0		1105		1105	
9	0		0		0		1235	
10	0		0		0		0	
Store3
1	0		0		0		860	
2	0		0		1025		1025	
3	0		0		0		1085	
4	0		2035		2035		2035	
5	0		1485		1485		1485	
6	0		0		0		1055	
7	0		0		1220		1220	
8	0		0		500		500	
9	0		0		0		1180	
10	0		0		1180		1180	
Store4
1	0		0		0		700	
2	0		0		160		160	
3	0		0		0		915	
4	0		0		1160		1160	
5	0		0		630		630	
6	0		0		1135		1135	
7	0		0		1360		1360	
8	0		0		0		650	
9	0		0		0		1045	
10	0		0		1235		1235	
Store5
1	0		0		0		715	
2	0		0		995		995	
3	0		0		610		610	
4	0		0		470		470	
5	0		0		1170		1170	
6	0		0		755		755	
7	0		0		1165		1165	
8	0		0		0		1470	
9	0		0		0		710	
10	0		0		295		295	


Fashion Shipments from Vendor to Warehouse (V T):
0	0.98814	0.7262133	0	

Printing New Basic Solution:

Inbound Solution (V P T):
1	1	1	3666
1	1	3	1191
1	2	1	2544
1	2	3	2082
1	3	1	4747
1	3	3	153
1	4	1	3253
1	4	3	1356
1	5	1	3926
1	5	3	1221
1	6	1	3338
1	6	3	1430
1	7	1	3516
1	7	3	1464
1	8	1	4742
1	9	1	3343
1	9	3	2078
1	10	1	1944
1	10	3	2917


Outbound Solution(S P T):
1	1	3	939
1	2	3	1099
1	3	3	1152
1	4	3	887
1	5	3	1127
1	6	3	699
1	7	3	1083
1	8	3	933
1	9	3	1050
1	10	3	1245
2	1	2	1092
2	2	2	872
2	3	2	946
2	4	2	732
2	5	2	829
2	6	2	1124
2	7	2	850
2	8	2	1056
2	9	2	1155
2	10	2	700
3	1	1	602
3	1	3	460
3	2	1	538
3	2	3	459
3	3	1	549
3	3	3	362
3	4	1	584
3	4	3	466
3	5	1	867
3	5	3	261
3	6	1	597
3	6	3	469
3	7	1	698
3	7	3	385
3	8	1	260
3	8	3	386
3	9	1	463
3	9	3	275
3	10	1	411
3	10	3	456
4	1	1	889
4	2	1	688
4	3	1	1085
4	4	1	1042
4	5	1	1041
4	6	1	985
4	7	1	1003
4	8	1	922
4	9	1	1216
4	10	1	934
5	1	2	315
5	1	5	560
5	2	2	398
5	2	5	572
5	3	2	365
5	3	5	441
5	4	2	396
5	4	5	502
5	5	2	372
5	5	5	650
5	6	2	518
5	6	5	376
5	7	2	442
5	7	5	519
5	8	2	533
5	8	5	652
5	9	2	493
5	9	5	769
5	10	2	570
5	10	5	545


Warehouse Inventory (W P T):
1	0		2175		768		560		560		0	
2	0		1318		48		572		572		0	
3	0		3113		1802		441		441		0	
4	0		1627		499		502		502		0	
5	0		2018		817		650		650		0	
6	0		1756		114		376		376		0	
7	0		1815		523		519		519		0	
8	0		3560		1971		652		652		0	
9	0		1664		16		769		769		0	
10	671		1270		0		1216		1216		671	

Store Inventory (S P T):
Store1
1	323		152		0		873		543		323	
2	279		137		0		942		661		279	
3	278		143		0		844		530		278	
4	329		158		0		731		585		329	
5	484		147		0		910		727		484	
6	68		1		0		422		240		68	
7	333		163		0		839		594		333	
8	281		92		0		641		521		281	
9	427		215		0		885		594		427	
10	685		319		0		970		825		685	
Store2
1	144		0		774		550		331		144	
2	224		0		729		478		377		224	
3	170		0		802		580		281		170	
4	19		0		622		462		197		19	
5	30		0		581		406		117		30	
6	248		0		985		708		563		248	
7	211		0		714		558		405		211	
8	106		0		904		651		296		106	
9	117		0		862		551		307		117	
10	103		0		482		359		260		103	
Store3
1	0		505		299		442		188		0	
2	0		366		152		412		167		0	
3	0		371		248		387		148		0	
4	0		435		188		408		189		0	
5	0		611		452		447		345		0	
6	0		465		169		458		285		0	
7	0		439		291		483		246		0	
8	8		182		0		386		182		8	
9	0		449		277		283		180		0	
10	0		299		101		373		115		0	
Store4
1	0		779		542		273		69		0	
2	0		521		299		196		87		0	
3	0		741		472		322		233		0	
4	0		837		650		429		171		0	
5	0		761		506		290		91		0	
6	0		685		543		421		265		0	
7	0		755		516		422		232		0	
8	0		562		402		255		210		0	
9	0		881		683		459		263		0	
10	0		780		590		418		216		0	
Store5
1	323		179		323		153		0		323	
2	396		170		396		391		0		396	
3	295		91		295		157		0		295	
4	341		219		341		114		0		341	
5	425		210		425		151		0		425	
6	251		69		251		76		0		251	
7	249		41		249		121		0		249	
8	520		230		520		243		0		520	
9	422		129		422		231		0		422	
10	331		0		331		106		61		331	


Shipments from Vendor to Warehouse (V T):
1.358967	0	0.6599967	0	0	

Shipments from Warehouse to Stores (S T):
1	3	0.5868487
1	4	0.0736
1	5	0.1617566
2	2	0.3694713
2	3	0.06578
2	4	0.2167233
2	5	0.07244
3	1	0.2348647
3	3	0.2681873
3	4	0.1403867
3	5	0.1139533
4	1	0.415652
4	4	0.17746
4	5	0.09717999
5	2	0.1869013
5	4	0.2107267
5	5	0.3413854


Required Putaway workers (Sol T):
2	2	2	0	0	

No of required pickers (T):
4	4	6	6	6	

No of part-time putaway workers (T):
0	0	0	0	0	

No of part-time pickers (T):
0	0	2	2	2	

Best Putaway Technology: 2400
Best Picking Technology: 500

Required Fashion Putaway Hours:
0	11.2125	9.814584	0	0	

Required Basic Putaway Hours:
14.59125	0	5.788333	0	0	

Required Total Putaway Hours:
14.59125	11.2125	15.60292	0	0	

No of required fashion pick hours:
0	0	17.64	47.49	35.8	

No of required basic pick hours:
30.748	27.516	28.386	0	11.172	

No of required total pick hours:
30.748	27.516	46.026	47.49	46.972	

List of all the costs: 
MHECost		370
PutawayTechCost		3540
PickingTechCost		3195
WhBasicInvCost		400.59
BasicInbCost		3274.507
WhFashionInvCost		864.55
FashionInbCost		3241.741
PutawayCost		3200
StoreBasicInvCost		3833.05
StoreFashionInvCost		4592.5
OutboundCost		13765.92
PickingCost		7840
Total		48117.86

List of Top5 Technologies: 
Tech1		3	5	$ 48117.86
Tech2		2	5	$ 50286.33
Tech3		2	4	$ 52880.05
Tech4		3	4	$ 53674.79
Tech5		3	6	$ 54722.82
The start time is 1/1/2015 12:35:11 PM
The End time is 1/1/2015 12:35:23 PM
