Printing New Fashion Solution:

Inbound Fashion Solution (V F T):
1	1	2	4635
1	2	1	4890
1	3	2	5495
1	4	2	5795
1	5	1	5665
1	6	1	4780
1	7	1	6710
1	8	2	3940
1	9	2	4705
1	10	2	3850


Outbound Fashion Solution(S F T):
1	1	4	1645
1	2	5	1560
1	3	4	1335
1	4	3	700
1	5	4	1195
1	6	4	1060
1	7	5	1700
1	8	3	215
1	9	4	535
1	10	3	1140
2	1	4	715
2	2	5	1150
2	3	3	1550
2	4	3	1430
2	5	5	1185
2	6	4	775
2	7	5	1265
2	8	4	1105
2	9	4	1235
3	1	3	860
3	2	5	1025
3	3	4	1085
3	4	4	2035
3	5	5	1485
3	6	5	1055
3	7	4	1220
3	8	3	500
3	9	4	1180
3	10	4	1180
4	1	4	700
4	2	4	160
4	3	3	915
4	4	4	1160
4	5	4	630
4	6	4	1135
4	7	4	1360
4	8	4	650
4	9	3	1045
4	10	3	1235
5	1	3	715
5	2	5	995
5	3	3	610
5	4	4	470
5	5	5	1170
5	6	5	755
5	7	5	1165
5	8	3	1470
5	9	4	710
5	10	3	295


Warehouse Fashion Inventory (W F T):
1	0		4635		3060		0		0	
2	4890		4890		4890		4730		0	
3	0		5495		2420		0		0	
4	0		5795		3665		0		0	
5	5665		5665		5665		3840		0	
6	4780		4780		4780		1810		0	
7	6710		6710		6710		4130		0	
8	0		3940		1755		0		0	
9	0		4705		3660		0		0	
10	0		3850		1180		0		0	

Store Fashion Inventory (S F T):
Store1
1	0		0		1645		1645	
2	0		0		0		1560	
3	0		0		1335		1335	
4	0		700		700		700	
5	0		0		1195		1195	
6	0		0		1060		1060	
7	0		0		0		1700	
8	0		215		215		215	
9	0		0		535		535	
10	0		1140		1140		1140	
Store2
1	0		0		715		715	
2	0		0		0		1150	
3	0		1550		1550		1550	
4	0		1430		1430		1430	
5	0		0		0		1185	
6	0		0		775		775	
7	0		0		0		1265	
8	0		0		1105		1105	
9	0		0		1235		1235	
10	0		0		0		0	
Store3
1	0		860		860		860	
2	0		0		0		1025	
3	0		0		1085		1085	
4	0		0		2035		2035	
5	0		0		0		1485	
6	0		0		0		1055	
7	0		0		1220		1220	
8	0		500		500		500	
9	0		0		1180		1180	
10	0		0		1180		1180	
Store4
1	0		0		700		700	
2	0		0		160		160	
3	0		915		915		915	
4	0		0		1160		1160	
5	0		0		630		630	
6	0		0		1135		1135	
7	0		0		1360		1360	
8	0		0		650		650	
9	0		1045		1045		1045	
10	0		1235		1235		1235	
Store5
1	0		715		715		715	
2	0		0		0		995	
3	0		610		610		610	
4	0		0		470		470	
5	0		0		0		1170	
6	0		0		0		755	
7	0		0		0		1165	
8	0		1470		1470		1470	
9	0		0		710		710	
10	0		295		295		295	


Fashion Shipments from Vendor to Warehouse (V T):
0.98368	0.7306733	0	0	

Printing New Basic Solution:

Inbound Solution (V P T):
1	1	3	2144
1	1	4	1899
1	1	5	814
1	2	3	1896
1	2	4	546
1	2	5	2184
1	3	3	1700
1	3	4	1280
1	3	5	1920
1	4	4	3687
1	4	5	922
1	5	3	1530
1	5	4	2170
1	5	5	1447
1	6	3	449
1	6	4	1295
1	6	5	3024
1	7	3	845
1	7	4	827
1	7	5	3308
1	8	3	2020
1	8	4	816
1	8	5	1906
1	9	3	3944
1	9	4	147
1	9	5	1330
1	10	3	2997
1	10	4	1491
1	10	5	373


Outbound Solution(S P T):
1	1	3	719
1	1	5	220
1	2	3	717
1	2	5	382
1	3	3	900
1	3	5	252
1	4	3	631
1	4	5	256
1	5	3	884
1	5	5	243
1	6	3	527
1	6	5	172
1	7	3	822
1	7	5	261
1	8	3	693
1	8	5	240
1	9	3	883
1	9	5	167
1	10	3	1105
1	10	5	140
2	1	3	224
2	1	4	219
2	1	5	649
2	2	3	251
2	2	4	101
2	2	5	520
2	3	3	222
2	3	4	299
2	3	5	425
2	4	3	160
2	4	4	265
2	4	5	307
2	5	3	175
2	5	4	289
2	5	5	365
2	6	3	277
2	6	4	145
2	6	5	702
2	7	3	156
2	7	4	153
2	7	5	541
2	8	3	253
2	8	4	355
2	8	5	448
2	9	3	311
2	9	4	244
2	9	5	600
2	10	3	123
2	10	4	99
2	10	5	478
3	1	3	317
3	1	4	254
3	1	5	491
3	2	3	199
3	2	4	245
3	2	5	553
3	3	3	223
3	3	4	239
3	3	5	449
3	4	3	246
3	4	4	219
3	4	5	585
3	5	3	266
3	5	4	102
3	5	5	760
3	6	3	180
3	6	4	173
3	6	5	713
3	7	3	193
3	7	4	237
3	7	5	653
3	8	4	204
3	8	5	442
3	9	3	269
3	9	4	103
3	9	5	366
3	10	3	184
3	10	4	258
3	10	5	425
4	1	3	269
4	1	4	620
4	2	3	103
4	2	4	585
4	3	3	150
4	3	4	935
4	4	3	221
4	4	4	821
4	5	3	216
4	5	4	825
4	6	3	122
4	6	4	863
4	7	3	94
4	7	4	909
4	8	3	147
4	8	4	775
4	9	3	224
4	9	4	992
4	10	3	172
4	10	4	762
5	1	3	407
5	1	5	468
5	2	3	181
5	2	5	789
5	3	3	284
5	3	5	522
5	4	3	388
5	4	5	510
5	5	3	499
5	5	5	523
5	6	3	300
5	6	5	594
5	7	3	398
5	7	5	563
5	8	3	409
5	8	5	776
5	9	3	538
5	9	5	724
5	10	3	500
5	10	5	615


Warehouse Inventory (W P T):
1	0		0		0		208		1014		0	
2	0		0		0		445		60		0	
3	272		272		272		193		0		272	
4	1646		1646		1646		0		2382		1646	
5	510		510		510		0		954		510	
6	957		957		957		0		114		957	
7	1290		1290		1290		472		0		1290	
8	0		0		0		518		0		0	
9	0		0		0		1719		527		0	
10	0		0		0		913		1285		0	

Store Inventory (S P T):
Store1
1	323		152		0		653		323		323	
2	279		137		0		560		279		279	
3	278		143		0		592		278		278	
4	329		158		0		475		329		329	
5	484		147		0		667		484		484	
6	68		1		0		250		68		68	
7	333		163		0		578		333		333	
8	281		92		0		401		281		281	
9	427		215		0		718		427		427	
10	685		319		0		830		685		685	
Store2
1	462		318		0		0		0		462	
2	367		143		0		0		0		367	
3	314		144		0		0		0		314	
4	129		110		0		0		0		129	
5	278		248		0		0		0		278	
6	387		139		0		0		0		387	
7	347		136		0		0		0		347	
8	258		152		0		0		0		258	
9	410		293		0		0		0		410	
10	321		218		0		0		0		321	
Store3
1	303		206		0		0		0		303	
2	386		214		0		0		0		386	
3	301		123		0		0		0		301	
4	396		247		0		0		0		396	
5	415		159		0		0		0		415	
6	428		296		0		0		0		428	
7	407		148		0		0		0		407	
8	268		182		0		0		0		268	
9	186		172		0		0		0		186	
10	310		198		0		0		0		310	
Store4
1	347		237		0		0		416		347	
2	389		222		0		0		476		389	
3	613		269		0		0		846		613	
4	392		187		0		0		563		392	
5	535		255		0		0		626		535	
6	442		142		0		0		707		442	
7	487		239		0		0		719		487	
8	520		160		0		0		730		520	
9	533		198		0		0		796		533	
10	344		190		0		0		560		344	
Store5
1	315		171		0		237		84		315	
2	613		387		215		391		0		613	
3	376		172		11		157		0		376	
4	396		274		0		161		47		396	
5	372		157		0		225		74		372	
6	518		336		0		125		49		518	
7	442		234		0		270		149		442	
8	644		354		111		243		0		644	
9	493		200		0		347		116		493	
10	570		239		0		275		230		570	


Shipments from Vendor to Warehouse (V T):
0	0	0.7306393	0.6314246	0.6569	

Shipments from Warehouse to Stores (S T):
1	3	0.3667887
1	4	0.21646
1	5	0.2389567
2	3	0.14469
2	4	0.2060553
2	5	0.3736693
3	3	0.152102
3	4	0.2271787
3	5	0.3781113
4	3	0.1230107
4	4	0.5672813
5	3	0.292814
5	4	0.01556667
5	5	0.4306327


Required Putaway workers (Sol T):
3	3	2	2	2	

No of required pickers (T):
0	0	8	9	9	

No of part-time putaway workers (T):
1	1	0	0	0	

No of part-time pickers (T):
0	0	2	3	3	

Best Putaway Technology: 1200
Best Picking Technology: 500

Required Fashion Putaway Hours:
18.37083	23.68333	0	0	0	

Required Basic Putaway Hours:
0	0	14.60417	11.79833	14.35667	

Required Total Putaway Hours:
18.37083	23.68333	14.60417	11.79833	14.35667	

No of required fashion pick hours:
0	0	25.36	46.55	29.02	

No of required basic pick hours:
0	0	35.464	24.58	37.778	

No of required total pick hours:
0	0	60.824	71.13	66.798	

List of all the costs: 
MHECost		324
PutawayTechCost		1060
PickingTechCost		3195
WhBasicInvCost		248.29
BasicInbCost		3274.507
WhFashionInvCost		1248.05
FashionInbCost		3241.741
PutawayCost		3680
StoreBasicInvCost		2433.2
StoreFashionInvCost		4955
OutboundCost		11651.6
PickingCost		11520
Total		46831.38

List of Top5 Technologies: 
Tech1		2	5	$ 46831.38
Tech2		3	5	$ 48696.23
Tech3		3	3	$ 57239.19
Tech4		3	1	$ 86813.78
Tech5		2	1	$ 99919.61
The start time is 1/1/2015 12:35:11 PM
The End time is 1/1/2015 12:35:20 PM
