WarehouseVolume:[
(1)	[100000000]
]
StoreVolume:[
(1)	[10000000]
(2)	[10000000]
(3)	[10000000]
(4)	[10000000]
(5)	[10000000]
]
StoreDemand:[
(1	1	1)	[171]
(1	1	2)	[152]
(1	1	3)	[66]
(1	1	4)	[330]
(1	1	5)	[220]
(1	2	1)	[142]
(1	2	2)	[137]
(1	2	3)	[157]
(1	2	4)	[281]
(1	2	5)	[382]
(1	3	1)	[135]
(1	3	2)	[143]
(1	3	3)	[308]
(1	3	4)	[314]
(1	3	5)	[252]
(1	4	1)	[171]
(1	4	2)	[158]
(1	4	3)	[156]
(1	4	4)	[146]
(1	4	5)	[256]
(1	5	1)	[337]
(1	5	2)	[147]
(1	5	3)	[217]
(1	5	4)	[183]
(1	5	5)	[243]
(1	6	1)	[67]
(1	6	2)	[1]
(1	6	3)	[277]
(1	6	4)	[182]
(1	6	5)	[172]
(1	7	1)	[170]
(1	7	2)	[163]
(1	7	3)	[244]
(1	7	4)	[245]
(1	7	5)	[261]
(1	8	1)	[189]
(1	8	2)	[92]
(1	8	3)	[292]
(1	8	4)	[120]
(1	8	5)	[240]
(1	9	1)	[212]
(1	9	2)	[215]
(1	9	3)	[165]
(1	9	4)	[291]
(1	9	5)	[167]
(1	10	1)	[366]
(1	10	2)	[319]
(1	10	3)	[275]
(1	10	4)	[145]
(1	10	5)	[140]
(2	1	1)	[144]
(2	1	2)	[318]
(2	1	3)	[224]
(2	1	4)	[219]
(2	1	5)	[187]
(2	2	1)	[224]
(2	2	2)	[143]
(2	2	3)	[251]
(2	2	4)	[101]
(2	2	5)	[153]
(2	3	1)	[170]
(2	3	2)	[144]
(2	3	3)	[222]
(2	3	4)	[299]
(2	3	5)	[111]
(2	4	1)	[19]
(2	4	2)	[110]
(2	4	3)	[160]
(2	4	4)	[265]
(2	4	5)	[178]
(2	5	1)	[30]
(2	5	2)	[248]
(2	5	3)	[175]
(2	5	4)	[289]
(2	5	5)	[87]
(2	6	1)	[248]
(2	6	2)	[139]
(2	6	3)	[277]
(2	6	4)	[145]
(2	6	5)	[315]
(2	7	1)	[211]
(2	7	2)	[136]
(2	7	3)	[156]
(2	7	4)	[153]
(2	7	5)	[194]
(2	8	1)	[106]
(2	8	2)	[152]
(2	8	3)	[253]
(2	8	4)	[355]
(2	8	5)	[190]
(2	9	1)	[117]
(2	9	2)	[293]
(2	9	3)	[311]
(2	9	4)	[244]
(2	9	5)	[190]
(2	10	1)	[103]
(2	10	2)	[218]
(2	10	3)	[123]
(2	10	4)	[99]
(2	10	5)	[157]
(3	1	1)	[97]
(3	1	2)	[206]
(3	1	3)	[317]
(3	1	4)	[254]
(3	1	5)	[188]
(3	2	1)	[172]
(3	2	2)	[214]
(3	2	3)	[199]
(3	2	4)	[245]
(3	2	5)	[167]
(3	3	1)	[178]
(3	3	2)	[123]
(3	3	3)	[223]
(3	3	4)	[239]
(3	3	5)	[148]
(3	4	1)	[149]
(3	4	2)	[247]
(3	4	3)	[246]
(3	4	4)	[219]
(3	4	5)	[189]
(3	5	1)	[256]
(3	5	2)	[159]
(3	5	3)	[266]
(3	5	4)	[102]
(3	5	5)	[345]
(3	6	1)	[132]
(3	6	2)	[296]
(3	6	3)	[180]
(3	6	4)	[173]
(3	6	5)	[285]
(3	7	1)	[259]
(3	7	2)	[148]
(3	7	3)	[193]
(3	7	4)	[237]
(3	7	5)	[246]
(3	8	1)	[86]
(3	8	2)	[182]
(3	8	3)	[0]
(3	8	4)	[204]
(3	8	5)	[174]
(3	9	1)	[14]
(3	9	2)	[172]
(3	9	3)	[269]
(3	9	4)	[103]
(3	9	5)	[180]
(3	10	1)	[112]
(3	10	2)	[198]
(3	10	3)	[184]
(3	10	4)	[258]
(3	10	5)	[115]
(4	1	1)	[110]
(4	1	2)	[237]
(4	1	3)	[269]
(4	1	4)	[204]
(4	1	5)	[69]
(4	2	1)	[167]
(4	2	2)	[222]
(4	2	3)	[103]
(4	2	4)	[109]
(4	2	5)	[87]
(4	3	1)	[344]
(4	3	2)	[269]
(4	3	3)	[150]
(4	3	4)	[89]
(4	3	5)	[233]
(4	4	1)	[205]
(4	4	2)	[187]
(4	4	3)	[221]
(4	4	4)	[258]
(4	4	5)	[171]
(4	5	1)	[280]
(4	5	2)	[255]
(4	5	3)	[216]
(4	5	4)	[199]
(4	5	5)	[91]
(4	6	1)	[300]
(4	6	2)	[142]
(4	6	3)	[122]
(4	6	4)	[156]
(4	6	5)	[265]
(4	7	1)	[248]
(4	7	2)	[239]
(4	7	3)	[94]
(4	7	4)	[190]
(4	7	5)	[232]
(4	8	1)	[360]
(4	8	2)	[160]
(4	8	3)	[147]
(4	8	4)	[45]
(4	8	5)	[210]
(4	9	1)	[335]
(4	9	2)	[198]
(4	9	3)	[224]
(4	9	4)	[196]
(4	9	5)	[263]
(4	10	1)	[154]
(4	10	2)	[190]
(4	10	3)	[172]
(4	10	4)	[202]
(4	10	5)	[216]
(5	1	1)	[144]
(5	1	2)	[171]
(5	1	3)	[170]
(5	1	4)	[153]
(5	1	5)	[237]
(5	2	1)	[226]
(5	2	2)	[172]
(5	2	3)	[5]
(5	2	4)	[391]
(5	2	5)	[176]
(5	3	1)	[204]
(5	3	2)	[161]
(5	3	3)	[138]
(5	3	4)	[157]
(5	3	5)	[146]
(5	4	1)	[122]
(5	4	2)	[274]
(5	4	3)	[227]
(5	4	4)	[114]
(5	4	5)	[161]
(5	5	1)	[215]
(5	5	2)	[157]
(5	5	3)	[274]
(5	5	4)	[151]
(5	5	5)	[225]
(5	6	1)	[182]
(5	6	2)	[336]
(5	6	3)	[175]
(5	6	4)	[76]
(5	6	5)	[125]
(5	7	1)	[208]
(5	7	2)	[234]
(5	7	3)	[128]
(5	7	4)	[121]
(5	7	5)	[270]
(5	8	1)	[290]
(5	8	2)	[243]
(5	8	3)	[277]
(5	8	4)	[243]
(5	8	5)	[132]
(5	9	1)	[293]
(5	9	2)	[200]
(5	9	3)	[191]
(5	9	4)	[231]
(5	9	5)	[347]
(5	10	1)	[331]
(5	10	2)	[239]
(5	10	3)	[225]
(5	10	4)	[45]
(5	10	5)	[275]
]
FixedCostVendorToWarehouse:[
(1	1)	[97.5]
]
FixedCostWarehouseToStore:[
(1	1)	[75.28]
(1	2)	[85.67]
(1	3)	[40.42]
(1	4)	[217.05]
(1	5)	[126.26]
]
Variable_FixedCostVendorToWarehouse:[
(1	1)	[570.02]
]
VariableCostVendorToWarehouse:[
(1	1)	[0.042]
]
Variable_FixedCostWarehouseToStore:[
(1	1)	[521.43]
(1	2)	[541.39]
(1	3)	[427.6]
(1	4)	[802.19]
(1	5)	[622.3]
]
VariableCostWarehouseToStore:[
(1	1)	[0.036]
(1	2)	[0.041]
(1	3)	[0.022]
(1	4)	[0.061]
(1	5)	[0.047]
]
ProductVolume:[
(1)	[0.8]
(2)	[0.65]
(3)	[0.32]
(4)	[0.25]
(5)	[0.82]
(6)	[0.14]
(7)	[0.85]
(8)	[0.15]
(9)	[0.76]
(10)	[0.45]
]
ProductWeight:[
(1)	[0.18]
(2)	[0.22]
(3)	[0.15]
(4)	[0.92]
(5)	[0.99]
(6)	[0.62]
(7)	[0.72]
(8)	[0.39]
(9)	[0.98]
(10)	[0.95]
]
MapVendorToProduct:[
(1	1)	[1]
(1	2)	[1]
(1	3)	[1]
(1	4)	[1]
(1	5)	[1]
(1	6)	[1]
(1	7)	[1]
(1	8)	[1]
(1	9)	[1]
(1	10)	[1]
]
LeadTimeWarehouseToStores:[
(1	1)	[0]
(1	2)	[0]
(1	3)	[0]
(1	4)	[0]
(1	5)	[0]
]
StoreDemandForFashionProducts:[
(1	1)	[1645]
(1	2)	[1560]
(1	3)	[1335]
(1	4)	[700]
(1	5)	[1195]
(1	6)	[1060]
(1	7)	[1700]
(1	8)	[215]
(1	9)	[535]
(1	10)	[1140]
(2	1)	[715]
(2	2)	[1150]
(2	3)	[1550]
(2	4)	[1430]
(2	5)	[1185]
(2	6)	[775]
(2	7)	[1265]
(2	8)	[1105]
(2	9)	[1235]
(2	10)	[0]
(3	1)	[860]
(3	2)	[1025]
(3	3)	[1085]
(3	4)	[2035]
(3	5)	[1485]
(3	6)	[1055]
(3	7)	[1220]
(3	8)	[500]
(3	9)	[1180]
(3	10)	[1180]
(4	1)	[700]
(4	2)	[160]
(4	3)	[915]
(4	4)	[1160]
(4	5)	[630]
(4	6)	[1135]
(4	7)	[1360]
(4	8)	[650]
(4	9)	[1045]
(4	10)	[1235]
(5	1)	[715]
(5	2)	[995]
(5	3)	[610]
(5	4)	[470]
(5	5)	[1170]
(5	6)	[755]
(5	7)	[1165]
(5	8)	[1470]
(5	9)	[710]
(5	10)	[295]
]
FixedCostFashionVendorToWarehouse:[
(1	1)	[186.09]
]
Variable_FixedCostFashionVendorToWarehouse:[
(1	1)	[727.61]
]
VariableCostFashionVendorToWarehouse:[
(1	1)	[0.055]
]
FashionProductVolume:[
(1)	[0.72]
(2)	[0.44]
(3)	[0.02]
(4)	[0.71]
(5)	[0.11]
(6)	[0.19]
(7)	[0.73]
(8)	[0.05]
(9)	[0.18]
(10)	[0.99]
]
FashionProductWeight:[
(1)	[0.76]
(2)	[0.6]
(3)	[0.37]
(4)	[0.24]
(5)	[0.8]
(6)	[0.43]
(7)	[0.78]
(8)	[0.63]
(9)	[0.17]
(10)	[0.19]
]
MapFashionVendorToProduct:[
(1	1)	[1]
(1	2)	[1]
(1	3)	[1]
(1	4)	[1]
(1	5)	[1]
(1	6)	[1]
(1	7)	[1]
(1	8)	[1]
(1	9)	[1]
(1	10)	[1]
]
