Printing New Fashion Solution:

Inbound Fashion Solution (V F T):
1	1	1	1815
1	2	3	2280
1	3	1	2065
1	4	3	2250
1	5	1	1450
1	6	3	1720
1	7	1	2320
1	8	1	1865
1	9	1	1895
1	10	1	1830
1	11	3	2130
1	12	1	2345
1	13	3	1615
1	14	1	2330
1	15	3	2080
1	16	1	1775
1	17	1	2125
1	18	1	1625
1	19	3	2055
1	20	3	1580
1	21	1	1810
1	22	1	1905
1	23	1	2180
1	24	3	1805
1	25	3	2330
2	26	4	2105
2	27	3	2130
2	28	3	2065
2	29	3	1760
2	30	4	2095
2	31	3	2395
2	32	3	1860
2	33	4	1830
2	34	3	2035
2	35	4	2495
2	36	3	1990
2	37	3	1745
2	38	4	1870
2	39	4	1815
2	40	4	2100
2	41	4	2025
2	42	3	1880
2	43	4	2365
2	44	4	2325
2	45	3	2020
2	46	3	2010
2	47	4	1740
2	48	4	1905
2	49	3	2270
2	50	3	1990


Outbound Fashion Solution(S F T):
1	1	2	145
1	2	5	220
1	3	4	230
1	4	5	200
1	5	4	225
1	6	5	205
1	7	3	215
1	8	3	270
1	9	2	165
1	10	3	370
1	11	5	150
1	12	3	135
1	13	4	310
1	14	3	300
1	15	5	195
1	16	4	185
1	17	4	245
1	18	3	205
1	19	4	95
1	20	5	110
1	21	3	240
1	22	3	325
1	23	4	140
1	24	4	205
1	25	4	240
1	26	5	155
1	27	4	265
1	28	4	150
1	29	5	150
1	30	5	280
1	31	5	150
1	32	4	60
1	33	5	185
1	34	5	155
1	35	5	260
1	36	4	225
1	37	5	95
1	38	5	330
1	39	5	220
1	40	5	230
1	41	5	190
1	42	5	180
1	43	5	285
1	44	5	300
1	45	4	120
1	46	5	260
1	47	5	240
1	48	5	235
1	49	5	260
1	50	5	180
2	1	3	250
2	2	4	190
2	3	3	170
2	4	5	280
2	5	3	175
2	6	5	160
2	7	4	330
2	8	4	220
2	9	4	135
2	10	3	205
2	11	5	335
2	12	4	180
2	13	5	95
2	14	3	345
2	15	4	350
2	16	3	220
2	17	4	120
2	18	4	140
2	19	4	145
2	20	4	170
2	21	3	115
2	22	4	210
2	23	4	205
2	24	5	185
2	25	5	310
2	26	5	240
2	27	5	160
2	28	5	315
2	29	5	215
2	30	5	145
2	31	5	270
2	32	5	160
2	33	5	205
2	34	5	280
2	35	5	160
2	36	5	230
2	37	4	280
2	38	5	175
2	39	5	60
2	40	5	55
2	41	5	165
2	42	5	345
2	43	5	170
2	44	5	220
2	45	5	290
2	46	5	140
2	47	5	275
2	48	5	295
2	49	4	180
2	50	5	235
3	1	2	210
3	2	4	140
3	3	3	180
3	4	5	130
3	5	2	90
3	6	5	145
3	7	2	245
3	8	4	160
3	9	4	185
3	10	4	170
3	11	5	245
3	12	4	230
3	13	4	15
3	14	4	290
3	15	5	165
3	16	4	220
3	17	4	230
3	18	3	100
3	19	5	190
3	20	4	95
3	21	4	230
3	22	3	230
3	23	2	370
3	24	5	180
3	25	4	230
3	26	5	155
3	27	5	115
3	28	5	285
3	29	5	140
3	30	5	350
3	31	5	280
3	32	5	35
3	33	5	160
3	34	4	305
3	35	5	200
3	36	5	220
3	37	4	130
3	38	5	155
3	39	5	235
3	40	5	265
3	41	5	110
3	42	5	235
3	43	5	220
3	44	5	285
3	45	5	275
3	46	5	170
3	47	5	195
3	48	5	310
3	49	5	150
3	50	4	125
4	1	4	165
4	2	5	270
4	3	3	170
4	4	4	230
4	5	4	205
4	6	5	255
4	7	3	135
4	8	3	185
4	9	4	195
4	10	4	95
4	11	5	170
4	12	3	240
4	13	5	150
4	14	4	110
4	15	4	110
4	16	2	225
4	17	3	220
4	18	4	135
4	19	5	205
4	20	5	180
4	21	4	180
4	22	3	115
4	23	3	185
4	24	5	95
4	25	4	210
4	26	5	160
4	27	5	250
4	28	5	310
4	29	5	190
4	30	5	175
4	31	5	285
4	32	4	185
4	33	5	225
4	34	5	245
4	35	5	240
4	36	4	245
4	37	5	215
4	38	5	90
4	39	5	125
4	40	5	170
4	41	5	110
4	42	5	235
4	43	5	235
4	44	5	225
4	45	5	200
4	46	4	265
4	47	5	210
4	48	5	210
4	49	5	305
4	50	4	295
5	1	3	105
5	2	4	335
5	3	2	285
5	4	5	130
5	5	4	135
5	6	4	165
5	7	3	265
5	8	4	215
5	9	3	210
5	10	3	70
5	11	4	310
5	12	2	290
5	13	5	140
5	14	2	295
5	15	5	70
5	16	4	185
5	17	3	190
5	18	3	90
5	19	4	190
5	20	4	240
5	21	2	115
5	22	4	305
5	23	3	170
5	24	4	85
5	25	5	190
5	26	5	175
5	27	4	285
5	28	4	30
5	29	5	345
5	30	5	240
5	31	5	210
5	32	5	115
5	33	5	300
5	34	5	270
5	35	5	345
5	36	4	190
5	37	5	330
5	38	5	75
5	39	5	195
5	40	5	255
5	41	5	225
5	42	4	95
5	43	5	290
5	44	5	75
5	45	5	205
5	46	4	85
5	47	5	165
5	48	5	105
5	49	4	205
5	50	5	140
6	1	3	245
6	2	5	30
6	3	4	125
6	4	5	195
6	5	3	70
6	6	5	170
6	7	2	190
6	8	4	145
6	9	4	285
6	10	4	190
6	11	5	190
6	12	3	255
6	13	4	105
6	14	3	285
6	15	5	185
6	16	4	180
6	17	4	135
6	18	4	100
6	19	5	170
6	20	5	210
6	21	2	315
6	22	3	125
6	23	2	175
6	24	4	295
6	25	5	200
6	26	5	175
6	27	5	265
6	28	4	185
6	29	4	130
6	30	5	185
6	31	5	180
6	32	5	145
6	33	5	165
6	34	5	305
6	35	5	205
6	36	5	190
6	37	5	135
6	38	5	245
6	39	5	230
6	40	5	320
6	41	5	225
6	42	5	170
6	43	5	285
6	44	5	115
6	45	4	170
6	46	5	110
6	47	5	95
6	48	5	80
6	49	4	295
6	50	5	160
7	1	3	200
7	2	5	205
7	3	3	350
7	4	5	210
7	5	3	115
7	6	4	225
7	7	4	435
7	8	2	235
7	9	3	135
7	10	3	200
7	11	5	175
7	12	4	145
7	13	5	195
7	14	4	115
7	15	5	225
7	16	3	40
7	17	4	220
7	18	4	240
7	19	5	240
7	20	5	125
7	21	3	190
7	22	3	135
7	23	3	165
7	24	5	260
7	25	5	255
7	26	5	280
7	27	5	240
7	28	4	250
7	29	5	165
7	30	5	85
7	31	5	225
7	32	4	305
7	33	5	180
7	34	4	145
7	35	5	305
7	36	5	175
7	37	4	75
7	38	5	170
7	39	5	140
7	40	5	40
7	41	5	205
7	42	5	190
7	43	5	285
7	44	5	335
7	45	5	115
7	46	4	200
7	47	5	65
7	48	5	125
7	49	4	260
7	50	5	300
8	1	4	80
8	2	5	250
8	3	4	310
8	4	5	135
8	5	3	150
8	6	5	245
8	7	3	85
8	8	2	190
8	9	3	225
8	10	2	215
8	11	5	270
8	12	3	300
8	13	5	205
8	14	4	405
8	15	5	305
8	16	3	150
8	17	4	205
8	18	3	245
8	19	5	385
8	20	4	115
8	21	2	165
8	22	4	235
8	23	4	205
8	24	4	150
8	25	5	155
8	26	5	270
8	27	4	170
8	28	4	5
8	29	5	60
8	30	5	245
8	31	5	255
8	32	5	355
8	33	5	140
8	34	5	115
8	35	5	210
8	36	5	275
8	37	5	205
8	38	5	280
8	39	5	165
8	40	5	265
8	41	5	310
8	42	5	70
8	43	5	170
8	44	5	310
8	45	4	190
8	46	5	275
8	47	5	50
8	48	5	205
8	49	4	305
8	50	5	135
9	1	3	200
9	2	5	325
9	3	3	185
9	4	5	385
9	5	4	80
9	6	5	40
9	7	2	260
9	8	3	130
9	9	3	180
9	10	2	90
9	11	5	185
9	12	4	235
9	13	4	230
9	14	4	95
9	15	5	330
9	16	3	265
9	17	4	250
9	18	4	95
9	19	5	200
9	20	5	245
9	21	4	225
9	22	2	140
9	23	2	280
9	24	4	250
9	25	4	245
9	26	5	165
9	27	5	155
9	28	5	320
9	29	5	225
9	30	5	195
9	31	5	265
9	32	4	205
9	33	5	185
9	34	5	30
9	35	5	290
9	36	5	110
9	37	5	175
9	38	5	230
9	39	5	120
9	40	5	190
9	41	5	280
9	42	5	170
9	43	5	200
9	44	5	75
9	45	5	190
9	46	5	380
9	47	5	205
9	48	5	145
9	49	4	215
9	50	4	285
10	1	2	215
10	2	4	315
10	3	3	60
10	4	4	355
10	5	2	205
10	6	4	110
10	7	3	160
10	8	4	115
10	9	3	180
10	10	2	225
10	11	4	100
10	12	3	335
10	13	4	170
10	14	3	90
10	15	4	145
10	16	3	105
10	17	2	310
10	18	4	275
10	19	5	235
10	20	5	90
10	21	3	35
10	22	4	85
10	23	2	285
10	24	5	100
10	25	5	295
10	26	5	330
10	27	5	225
10	28	4	215
10	29	4	140
10	30	5	195
10	31	5	275
10	32	5	295
10	33	5	85
10	34	4	185
10	35	5	280
10	36	4	130
10	37	5	105
10	38	5	120
10	39	5	325
10	40	5	310
10	41	5	205
10	42	5	190
10	43	5	225
10	44	5	385
10	45	5	265
10	46	5	125
10	47	5	240
10	48	5	195
10	49	5	95
10	50	5	135


Warehouse Fashion Inventory (W F T):
1	1815		1245		245		0		0	
2	0		0		2280		1300		0	
3	2065		1780		665		0		0	
4	0		0		2250		1665		0	
5	1450		1155		645		0		0	
6	0		0		1720		1220		0	
7	2320		1625		765		0		0	
8	1865		1440		855		0		0	
9	1895		1730		800		0		0	
10	1830		1300		455		0		0	
11	0		0		2130		1720		0	
12	2345		2055		790		0		0	
13	0		0		1615		785		0	
14	2330		2035		1015		0		0	
15	0		0		2080		1475		0	
16	1775		1550		770		0		0	
17	2125		1815		1405		0		0	
18	1625		1625		985		0		0	
19	0		0		2055		1625		0	
20	0		0		1580		960		0	
21	1810		1215		635		0		0	
22	1905		1765		835		0		0	
23	2180		1070		550		0		0	
24	0		0		1805		820		0	
25	0		0		2330		1405		0	
26	0		0		0		2105		0	
27	0		0		2130		1410		0	
28	0		0		2065		1230		0	
29	0		0		1760		1490		0	
30	0		0		0		2095		0	
31	0		0		2395		2395		0	
32	0		0		1860		1105		0	
33	0		0		0		1830		0	
34	0		0		2035		1400		0	
35	0		0		0		2495		0	
36	0		0		1990		1200		0	
37	0		0		1745		1260		0	
38	0		0		0		1870		0	
39	0		0		0		1815		0	
40	0		0		0		2100		0	
41	0		0		0		2025		0	
42	0		0		1880		1785		0	
43	0		0		0		2365		0	
44	0		0		0		2325		0	
45	0		0		2020		1540		0	
46	0		0		2010		1460		0	
47	0		0		0		1740		0	
48	0		0		0		1905		0	
49	0		0		2270		810		0	
50	0		0		1990		1285		0	

Store Fashion Inventory (S F T):
Store1
1	145		145		145		145	
2	0		0		0		220	
3	0		0		230		230	
4	0		0		0		200	
5	0		0		225		225	
6	0		0		0		205	
7	0		215		215		215	
8	0		270		270		270	
9	165		165		165		165	
10	0		370		370		370	
11	0		0		0		150	
12	0		135		135		135	
13	0		0		310		310	
14	0		300		300		300	
15	0		0		0		195	
16	0		0		185		185	
17	0		0		245		245	
18	0		205		205		205	
19	0		0		95		95	
20	0		0		0		110	
21	0		240		240		240	
22	0		325		325		325	
23	0		0		140		140	
24	0		0		205		205	
25	0		0		240		240	
26	0		0		0		155	
27	0		0		265		265	
28	0		0		150		150	
29	0		0		0		150	
30	0		0		0		280	
31	0		0		0		150	
32	0		0		60		60	
33	0		0		0		185	
34	0		0		0		155	
35	0		0		0		260	
36	0		0		225		225	
37	0		0		0		95	
38	0		0		0		330	
39	0		0		0		220	
40	0		0		0		230	
41	0		0		0		190	
42	0		0		0		180	
43	0		0		0		285	
44	0		0		0		300	
45	0		0		120		120	
46	0		0		0		260	
47	0		0		0		240	
48	0		0		0		235	
49	0		0		0		260	
50	0		0		0		180	
Store2
1	0		250		250		250	
2	0		0		190		190	
3	0		170		170		170	
4	0		0		0		280	
5	0		175		175		175	
6	0		0		0		160	
7	0		0		330		330	
8	0		0		220		220	
9	0		0		135		135	
10	0		205		205		205	
11	0		0		0		335	
12	0		0		180		180	
13	0		0		0		95	
14	0		345		345		345	
15	0		0		350		350	
16	0		220		220		220	
17	0		0		120		120	
18	0		0		140		140	
19	0		0		145		145	
20	0		0		170		170	
21	0		115		115		115	
22	0		0		210		210	
23	0		0		205		205	
24	0		0		0		185	
25	0		0		0		310	
26	0		0		0		240	
27	0		0		0		160	
28	0		0		0		315	
29	0		0		0		215	
30	0		0		0		145	
31	0		0		0		270	
32	0		0		0		160	
33	0		0		0		205	
34	0		0		0		280	
35	0		0		0		160	
36	0		0		0		230	
37	0		0		280		280	
38	0		0		0		175	
39	0		0		0		60	
40	0		0		0		55	
41	0		0		0		165	
42	0		0		0		345	
43	0		0		0		170	
44	0		0		0		220	
45	0		0		0		290	
46	0		0		0		140	
47	0		0		0		275	
48	0		0		0		295	
49	0		0		180		180	
50	0		0		0		235	
Store3
1	210		210		210		210	
2	0		0		140		140	
3	0		180		180		180	
4	0		0		0		130	
5	90		90		90		90	
6	0		0		0		145	
7	245		245		245		245	
8	0		0		160		160	
9	0		0		185		185	
10	0		0		170		170	
11	0		0		0		245	
12	0		0		230		230	
13	0		0		15		15	
14	0		0		290		290	
15	0		0		0		165	
16	0		0		220		220	
17	0		0		230		230	
18	0		100		100		100	
19	0		0		0		190	
20	0		0		95		95	
21	0		0		230		230	
22	0		230		230		230	
23	370		370		370		370	
24	0		0		0		180	
25	0		0		230		230	
26	0		0		0		155	
27	0		0		0		115	
28	0		0		0		285	
29	0		0		0		140	
30	0		0		0		350	
31	0		0		0		280	
32	0		0		0		35	
33	0		0		0		160	
34	0		0		305		305	
35	0		0		0		200	
36	0		0		0		220	
37	0		0		130		130	
38	0		0		0		155	
39	0		0		0		235	
40	0		0		0		265	
41	0		0		0		110	
42	0		0		0		235	
43	0		0		0		220	
44	0		0		0		285	
45	0		0		0		275	
46	0		0		0		170	
47	0		0		0		195	
48	0		0		0		310	
49	0		0		0		150	
50	0		0		125		125	
Store4
1	0		0		165		165	
2	0		0		0		270	
3	0		170		170		170	
4	0		0		230		230	
5	0		0		205		205	
6	0		0		0		255	
7	0		135		135		135	
8	0		185		185		185	
9	0		0		195		195	
10	0		0		95		95	
11	0		0		0		170	
12	0		240		240		240	
13	0		0		0		150	
14	0		0		110		110	
15	0		0		110		110	
16	225		225		225		225	
17	0		220		220		220	
18	0		0		135		135	
19	0		0		0		205	
20	0		0		0		180	
21	0		0		180		180	
22	0		115		115		115	
23	0		185		185		185	
24	0		0		0		95	
25	0		0		210		210	
26	0		0		0		160	
27	0		0		0		250	
28	0		0		0		310	
29	0		0		0		190	
30	0		0		0		175	
31	0		0		0		285	
32	0		0		185		185	
33	0		0		0		225	
34	0		0		0		245	
35	0		0		0		240	
36	0		0		245		245	
37	0		0		0		215	
38	0		0		0		90	
39	0		0		0		125	
40	0		0		0		170	
41	0		0		0		110	
42	0		0		0		235	
43	0		0		0		235	
44	0		0		0		225	
45	0		0		0		200	
46	0		0		265		265	
47	0		0		0		210	
48	0		0		0		210	
49	0		0		0		305	
50	0		0		295		295	
Store5
1	0		105		105		105	
2	0		0		335		335	
3	285		285		285		285	
4	0		0		0		130	
5	0		0		135		135	
6	0		0		165		165	
7	0		265		265		265	
8	0		0		215		215	
9	0		210		210		210	
10	0		70		70		70	
11	0		0		310		310	
12	290		290		290		290	
13	0		0		0		140	
14	295		295		295		295	
15	0		0		0		70	
16	0		0		185		185	
17	0		190		190		190	
18	0		90		90		90	
19	0		0		190		190	
20	0		0		240		240	
21	115		115		115		115	
22	0		0		305		305	
23	0		170		170		170	
24	0		0		85		85	
25	0		0		0		190	
26	0		0		0		175	
27	0		0		285		285	
28	0		0		30		30	
29	0		0		0		345	
30	0		0		0		240	
31	0		0		0		210	
32	0		0		0		115	
33	0		0		0		300	
34	0		0		0		270	
35	0		0		0		345	
36	0		0		190		190	
37	0		0		0		330	
38	0		0		0		75	
39	0		0		0		195	
40	0		0		0		255	
41	0		0		0		225	
42	0		0		95		95	
43	0		0		0		290	
44	0		0		0		75	
45	0		0		0		205	
46	0		0		85		85	
47	0		0		0		165	
48	0		0		0		105	
49	0		0		205		205	
50	0		0		0		140	
Store6
1	0		245		245		245	
2	0		0		0		30	
3	0		0		125		125	
4	0		0		0		195	
5	0		70		70		70	
6	0		0		0		170	
7	190		190		190		190	
8	0		0		145		145	
9	0		0		285		285	
10	0		0		190		190	
11	0		0		0		190	
12	0		255		255		255	
13	0		0		105		105	
14	0		285		285		285	
15	0		0		0		185	
16	0		0		180		180	
17	0		0		135		135	
18	0		0		100		100	
19	0		0		0		170	
20	0		0		0		210	
21	315		315		315		315	
22	0		125		125		125	
23	175		175		175		175	
24	0		0		295		295	
25	0		0		0		200	
26	0		0		0		175	
27	0		0		0		265	
28	0		0		185		185	
29	0		0		130		130	
30	0		0		0		185	
31	0		0		0		180	
32	0		0		0		145	
33	0		0		0		165	
34	0		0		0		305	
35	0		0		0		205	
36	0		0		0		190	
37	0		0		0		135	
38	0		0		0		245	
39	0		0		0		230	
40	0		0		0		320	
41	0		0		0		225	
42	0		0		0		170	
43	0		0		0		285	
44	0		0		0		115	
45	0		0		170		170	
46	0		0		0		110	
47	0		0		0		95	
48	0		0		0		80	
49	0		0		295		295	
50	0		0		0		160	
Store7
1	0		200		200		200	
2	0		0		0		205	
3	0		350		350		350	
4	0		0		0		210	
5	0		115		115		115	
6	0		0		225		225	
7	0		0		435		435	
8	235		235		235		235	
9	0		135		135		135	
10	0		200		200		200	
11	0		0		0		175	
12	0		0		145		145	
13	0		0		0		195	
14	0		0		115		115	
15	0		0		0		225	
16	0		40		40		40	
17	0		0		220		220	
18	0		0		240		240	
19	0		0		0		240	
20	0		0		0		125	
21	0		190		190		190	
22	0		135		135		135	
23	0		165		165		165	
24	0		0		0		260	
25	0		0		0		255	
26	0		0		0		280	
27	0		0		0		240	
28	0		0		250		250	
29	0		0		0		165	
30	0		0		0		85	
31	0		0		0		225	
32	0		0		305		305	
33	0		0		0		180	
34	0		0		145		145	
35	0		0		0		305	
36	0		0		0		175	
37	0		0		75		75	
38	0		0		0		170	
39	0		0		0		140	
40	0		0		0		40	
41	0		0		0		205	
42	0		0		0		190	
43	0		0		0		285	
44	0		0		0		335	
45	0		0		0		115	
46	0		0		200		200	
47	0		0		0		65	
48	0		0		0		125	
49	0		0		260		260	
50	0		0		0		300	
Store8
1	0		0		80		80	
2	0		0		0		250	
3	0		0		310		310	
4	0		0		0		135	
5	0		150		150		150	
6	0		0		0		245	
7	0		85		85		85	
8	190		190		190		190	
9	0		225		225		225	
10	215		215		215		215	
11	0		0		0		270	
12	0		300		300		300	
13	0		0		0		205	
14	0		0		405		405	
15	0		0		0		305	
16	0		150		150		150	
17	0		0		205		205	
18	0		245		245		245	
19	0		0		0		385	
20	0		0		115		115	
21	165		165		165		165	
22	0		0		235		235	
23	0		0		205		205	
24	0		0		150		150	
25	0		0		0		155	
26	0		0		0		270	
27	0		0		170		170	
28	0		0		5		5	
29	0		0		0		60	
30	0		0		0		245	
31	0		0		0		255	
32	0		0		0		355	
33	0		0		0		140	
34	0		0		0		115	
35	0		0		0		210	
36	0		0		0		275	
37	0		0		0		205	
38	0		0		0		280	
39	0		0		0		165	
40	0		0		0		265	
41	0		0		0		310	
42	0		0		0		70	
43	0		0		0		170	
44	0		0		0		310	
45	0		0		190		190	
46	0		0		0		275	
47	0		0		0		50	
48	0		0		0		205	
49	0		0		305		305	
50	0		0		0		135	
Store9
1	0		200		200		200	
2	0		0		0		325	
3	0		185		185		185	
4	0		0		0		385	
5	0		0		80		80	
6	0		0		0		40	
7	260		260		260		260	
8	0		130		130		130	
9	0		180		180		180	
10	90		90		90		90	
11	0		0		0		185	
12	0		0		235		235	
13	0		0		230		230	
14	0		0		95		95	
15	0		0		0		330	
16	0		265		265		265	
17	0		0		250		250	
18	0		0		95		95	
19	0		0		0		200	
20	0		0		0		245	
21	0		0		225		225	
22	140		140		140		140	
23	280		280		280		280	
24	0		0		250		250	
25	0		0		245		245	
26	0		0		0		165	
27	0		0		0		155	
28	0		0		0		320	
29	0		0		0		225	
30	0		0		0		195	
31	0		0		0		265	
32	0		0		205		205	
33	0		0		0		185	
34	0		0		0		30	
35	0		0		0		290	
36	0		0		0		110	
37	0		0		0		175	
38	0		0		0		230	
39	0		0		0		120	
40	0		0		0		190	
41	0		0		0		280	
42	0		0		0		170	
43	0		0		0		200	
44	0		0		0		75	
45	0		0		0		190	
46	0		0		0		380	
47	0		0		0		205	
48	0		0		0		145	
49	0		0		215		215	
50	0		0		285		285	
Store10
1	215		215		215		215	
2	0		0		315		315	
3	0		60		60		60	
4	0		0		355		355	
5	205		205		205		205	
6	0		0		110		110	
7	0		160		160		160	
8	0		0		115		115	
9	0		180		180		180	
10	225		225		225		225	
11	0		0		100		100	
12	0		335		335		335	
13	0		0		170		170	
14	0		90		90		90	
15	0		0		145		145	
16	0		105		105		105	
17	310		310		310		310	
18	0		0		275		275	
19	0		0		0		235	
20	0		0		0		90	
21	0		35		35		35	
22	0		0		85		85	
23	285		285		285		285	
24	0		0		0		100	
25	0		0		0		295	
26	0		0		0		330	
27	0		0		0		225	
28	0		0		215		215	
29	0		0		140		140	
30	0		0		0		195	
31	0		0		0		275	
32	0		0		0		295	
33	0		0		0		85	
34	0		0		185		185	
35	0		0		0		280	
36	0		0		130		130	
37	0		0		0		105	
38	0		0		0		120	
39	0		0		0		325	
40	0		0		0		310	
41	0		0		0		205	
42	0		0		0		190	
43	0		0		0		225	
44	0		0		0		385	
45	0		0		0		265	
46	0		0		0		125	
47	0		0		0		240	
48	0		0		0		195	
49	0		0		0		95	
50	0		0		0		135	


Fashion Shipments from Vendor to Warehouse (V T):
0.9754032	0	0.91491	0	
0	0	0.9965966	0.8925933	

Printing New Basic Solution:

Inbound Solution (V P T):
1	1	2	1645
1	1	4	411
1	2	2	1646
1	2	4	411
1	3	2	1801
1	3	4	200
1	4	2	1675
1	4	4	418
1	5	2	1468
1	5	4	366
1	6	2	569
1	6	4	1325
1	7	2	1063
1	7	4	1062
1	8	2	1284
1	8	4	320
1	9	2	415
1	9	4	1656
1	10	2	1376
1	10	4	589
1	11	2	402
1	11	4	1604
1	12	2	606
1	12	4	1412
1	13	2	1477
1	13	4	632
1	14	2	565
1	14	4	1318
1	15	2	1414
1	15	4	606
1	16	2	839
1	16	4	1257
2	17	1	194
2	17	5	1751
2	18	1	944
2	18	5	944
2	19	1	1360
2	19	5	341
2	20	1	1432
2	20	5	359
2	21	1	2188
2	22	1	1465
2	22	5	629
2	23	1	412
2	23	5	1651
2	24	5	1931
2	25	1	1589
2	25	5	398
2	26	1	890
2	26	5	891
2	27	1	1315
2	27	5	565
2	28	1	1644
2	28	5	412
2	29	1	1789
2	29	5	199
2	30	1	829
2	30	5	1245
2	31	1	369
2	31	5	1479
2	32	1	1594
2	32	5	399
3	33	2	1170
3	33	5	779
3	34	2	1059
3	34	5	1059
3	35	2	1124
3	35	5	748
3	36	2	1685
3	36	5	421
3	37	2	979
3	37	5	978
3	38	2	1206
3	38	5	804
3	39	2	678
3	39	5	1580
3	40	2	2024
3	41	2	639
3	41	5	1489
3	42	2	1601
3	42	5	400
3	43	2	1316
3	43	5	564
3	44	5	2109
3	45	2	1536
3	45	5	384
3	46	2	596
3	46	5	1388
3	47	2	2241
3	48	2	205
3	48	5	1843
3	49	2	793
3	49	5	1188
3	50	2	999
3	50	5	998


Outbound Solution(S P T):
1	1	2	25
1	1	3	64
1	1	4	93
1	2	2	61
1	2	3	45
1	2	4	99
1	3	2	14
1	3	3	97
1	3	4	83
1	4	2	25
1	4	3	76
1	4	4	75
1	5	2	28
1	5	3	112
1	5	4	64
1	6	2	38
1	6	3	47
1	6	4	55
1	7	2	22
1	7	3	90
1	7	4	104
1	8	2	17
1	8	3	47
1	8	4	82
1	9	2	40
1	9	3	102
1	9	4	107
1	10	2	70
1	10	3	73
1	10	4	94
1	11	2	46
1	11	3	107
1	11	4	121
1	12	2	18
1	12	3	58
1	12	4	105
1	13	2	10
1	13	3	80
1	13	4	100
1	14	2	24
1	14	3	68
1	14	4	76
1	15	2	36
1	15	3	94
1	15	4	31
1	16	2	39
1	16	3	108
1	16	4	77
1	17	2	34
1	17	3	77
1	17	4	56
1	18	2	41
1	18	3	78
1	18	4	76
1	19	2	30
1	19	3	75
1	19	4	93
1	20	2	31
1	20	3	77
1	20	4	95
1	21	2	24
1	21	3	95
1	21	4	94
1	22	2	80
1	22	3	75
1	22	4	35
1	23	2	45
1	23	3	60
1	23	4	50
1	24	2	40
1	24	3	62
1	24	4	67
1	25	2	52
1	25	3	61
1	25	4	55
1	26	2	27
1	26	3	57
1	26	4	90
1	27	2	31
1	27	3	57
1	27	4	61
1	28	2	35
1	28	3	67
1	28	4	108
1	29	2	35
1	29	3	82
1	29	4	89
1	30	2	56
1	30	3	51
1	30	4	103
1	31	2	50
1	31	3	80
1	31	4	79
1	32	2	18
1	32	3	53
1	32	4	69
1	33	2	31
1	33	3	54
1	33	4	52
1	34	2	44
1	34	3	106
1	34	4	84
1	35	2	47
1	35	3	69
1	35	4	86
1	36	2	54
1	36	3	74
1	36	4	54
1	37	2	11
1	37	3	46
1	37	4	90
1	38	2	41
1	38	3	60
1	38	4	128
1	39	2	52
1	39	3	82
1	39	4	65
1	40	2	47
1	40	3	28
1	40	4	45
1	41	2	86
1	41	3	89
1	41	4	40
1	42	2	31
1	42	3	79
1	42	4	50
1	43	2	44
1	43	3	108
1	43	4	81
1	44	2	23
1	44	3	98
1	44	4	46
1	45	2	42
1	45	3	28
1	45	4	91
1	46	2	40
1	46	3	62
1	46	4	71
1	47	3	83
1	47	4	113
1	48	2	53
1	48	3	84
1	48	4	85
1	49	2	52
1	49	3	93
1	49	4	118
1	50	2	29
1	50	3	100
1	50	4	74
2	1	2	73
2	1	3	60
2	1	5	66
2	2	2	66
2	2	3	60
2	2	5	91
2	3	2	35
2	3	3	59
2	3	5	80
2	4	2	52
2	4	3	98
2	4	5	86
2	5	2	62
2	5	3	48
2	5	5	30
2	6	2	23
2	6	3	50
2	6	5	70
2	7	2	33
2	7	3	76
2	7	5	82
2	8	2	64
2	8	3	62
2	8	5	102
2	9	2	45
2	9	3	98
2	9	5	52
2	10	2	30
2	10	3	83
2	10	5	81
2	11	2	41
2	11	3	42
2	11	5	55
2	12	2	32
2	12	3	73
2	12	5	109
2	13	2	79
2	13	3	98
2	13	5	107
2	14	2	69
2	14	3	108
2	14	5	91
2	15	2	29
2	15	3	100
2	15	5	70
2	16	2	32
2	16	3	81
2	16	5	129
2	17	2	73
2	17	3	46
2	17	5	74
2	18	2	65
2	18	3	40
2	18	5	46
2	19	2	34
2	19	3	52
2	19	5	66
2	20	2	30
2	20	3	51
2	20	5	57
2	21	2	53
2	21	3	107
2	21	5	74
2	22	2	67
2	22	3	96
2	22	5	88
2	23	2	33
2	23	3	116
2	23	5	80
2	24	2	45
2	24	3	79
2	24	5	81
2	25	2	29
2	25	3	51
2	25	5	104
2	26	3	53
2	26	5	85
2	27	2	54
2	27	3	87
2	27	5	107
2	28	2	22
2	28	3	106
2	28	5	66
2	29	2	42
2	29	3	94
2	29	5	88
2	30	2	39
2	30	3	47
2	30	5	105
2	31	2	54
2	31	3	96
2	31	5	77
2	32	2	51
2	32	3	91
2	32	5	65
2	33	2	24
2	33	3	42
2	33	5	72
2	34	2	56
2	34	3	72
2	34	5	79
2	35	2	25
2	35	3	102
2	35	5	37
2	36	2	68
2	36	3	106
2	36	5	71
2	37	2	38
2	37	3	93
2	37	5	42
2	38	2	26
2	38	3	49
2	38	5	61
2	39	2	36
2	39	3	59
2	39	5	77
2	40	2	59
2	40	3	76
2	40	5	148
2	41	2	44
2	41	3	79
2	41	5	91
2	42	2	25
2	42	3	82
2	42	5	46
2	43	2	11
2	43	3	69
2	43	5	93
2	44	2	36
2	44	3	83
2	44	5	64
2	45	2	31
2	45	3	50
2	45	5	114
2	46	2	27
2	46	3	84
2	46	5	71
2	47	2	55
2	47	3	60
2	47	5	62
2	48	2	50
2	48	3	93
2	48	5	102
2	49	2	37
2	49	3	77
2	49	5	97
2	50	2	44
2	50	3	57
2	50	5	116
3	1	2	52
3	1	3	25
3	1	4	113
3	1	5	60
3	2	2	57
3	2	3	39
3	2	4	79
3	2	5	39
3	3	2	51
3	3	3	38
3	3	4	84
3	3	5	15
3	4	2	66
3	4	3	38
3	4	4	64
3	4	5	40
3	5	2	30
3	5	3	73
3	5	4	89
3	5	5	54
3	6	2	7
3	6	3	26
3	6	4	83
3	6	5	34
3	7	2	28
3	7	3	65
3	7	4	93
3	7	5	20
3	8	2	45
3	8	3	37
3	8	4	59
3	9	2	28
3	9	3	57
3	9	4	80
3	9	5	19
3	10	2	51
3	10	3	10
3	10	4	76
3	10	5	16
3	11	2	35
3	11	3	41
3	11	4	58
3	11	5	54
3	12	2	32
3	12	3	53
3	12	4	72
3	12	5	51
3	13	2	33
3	13	3	55
3	13	4	95
3	13	5	26
3	14	2	51
3	14	3	64
3	14	4	42
3	14	5	34
3	15	2	34
3	15	3	72
3	15	4	88
3	15	5	36
3	16	2	72
3	16	3	50
3	16	4	77
3	16	5	41
3	17	2	30
3	17	3	41
3	17	4	123
3	17	5	35
3	18	2	15
3	18	3	19
3	18	4	57
3	18	5	32
3	19	2	57
3	19	3	33
3	19	4	93
3	19	5	45
3	20	2	27
3	20	3	36
3	20	4	82
3	20	5	38
3	21	2	14
3	21	3	47
3	21	4	87
3	21	5	88
3	22	2	44
3	22	3	37
3	22	4	85
3	22	5	66
3	23	2	39
3	23	3	49
3	23	4	45
3	23	5	64
3	24	2	23
3	24	3	35
3	24	4	85
3	24	5	63
3	25	2	37
3	25	3	40
3	25	4	77
3	25	5	38
3	26	2	33
3	26	3	59
3	26	4	90
3	26	5	61
3	27	2	28
3	27	3	42
3	27	4	93
3	27	5	27
3	28	2	28
3	28	3	79
3	28	4	63
3	28	5	4
3	29	2	28
3	29	3	4
3	29	4	61
3	29	5	63
3	30	2	33
3	30	3	36
3	30	4	64
3	30	5	41
3	31	2	24
3	31	3	65
3	31	4	72
3	31	5	54
3	32	2	11
3	32	3	31
3	32	4	82
3	32	5	31
3	33	2	25
3	33	3	32
3	33	4	74
3	33	5	58
3	34	2	44
3	34	3	67
3	34	4	43
3	34	5	43
3	35	2	48
3	35	3	41
3	35	4	93
3	35	5	63
3	36	2	26
3	36	3	55
3	36	4	57
3	36	5	18
3	37	2	43
3	37	3	51
3	37	4	63
3	37	5	64
3	38	2	46
3	38	3	28
3	38	4	99
3	38	5	39
3	39	2	41
3	39	3	35
3	39	4	112
3	39	5	43
3	40	2	39
3	40	3	45
3	40	4	65
3	40	5	34
3	41	2	61
3	41	3	32
3	41	4	86
3	41	5	51
3	42	2	43
3	42	3	15
3	42	4	73
3	42	5	43
3	43	2	43
3	43	3	35
3	43	4	67
3	43	5	66
3	44	2	25
3	44	3	33
3	44	4	53
3	44	5	50
3	45	2	20
3	45	3	53
3	45	4	119
3	45	5	44
3	46	2	67
3	46	3	13
3	46	4	90
3	46	5	41
3	47	2	46
3	47	3	37
3	47	4	42
3	47	5	45
3	48	2	48
3	48	3	38
3	48	4	77
3	48	5	43
3	49	2	27
3	49	3	31
3	49	4	86
3	49	5	26
3	50	2	40
3	50	3	52
3	50	4	94
3	50	5	26
4	1	2	43
4	1	3	36
4	1	4	34
4	1	5	69
4	2	2	45
4	2	3	34
4	2	4	49
4	2	5	83
4	3	2	18
4	3	3	40
4	3	4	22
4	3	5	126
4	4	2	36
4	4	3	20
4	4	4	47
4	4	5	78
4	5	2	38
4	5	3	57
4	5	4	54
4	5	5	53
4	6	2	38
4	6	3	42
4	6	4	57
4	6	5	17
4	7	2	46
4	7	3	16
4	7	4	11
4	7	5	101
4	8	2	49
4	8	3	41
4	8	4	11
4	8	5	70
4	9	2	35
4	9	3	39
4	9	4	40
4	9	5	94
4	10	2	63
4	10	3	41
4	10	4	31
4	10	5	95
4	11	2	8
4	11	3	38
4	11	4	40
4	11	5	78
4	12	2	40
4	12	3	16
4	12	4	59
4	12	5	63
4	13	2	49
4	13	3	34
4	13	4	35
4	13	5	82
4	14	2	43
4	14	3	41
4	14	4	35
4	14	5	92
4	15	2	13
4	15	3	20
4	15	4	32
4	15	5	101
4	16	2	59
4	16	3	42
4	16	4	61
4	16	5	118
4	17	2	23
4	17	3	36
4	17	4	42
4	17	5	94
4	18	2	31
4	18	3	41
4	18	4	51
4	18	5	101
4	19	2	26
4	19	3	58
4	19	4	26
4	19	5	69
4	20	2	20
4	20	3	18
4	20	4	43
4	20	5	71
4	21	2	50
4	21	3	8
4	21	4	27
4	21	5	107
4	22	2	41
4	22	3	47
4	22	4	47
4	22	5	56
4	23	2	29
4	23	3	11
4	23	4	42
4	23	5	79
4	24	2	41
4	24	3	40
4	24	4	21
4	24	5	120
4	25	2	5
4	25	3	56
4	25	4	52
4	25	5	118
4	26	2	17
4	26	3	18
4	26	4	18
4	26	5	81
4	27	2	50
4	27	3	36
4	27	4	62
4	27	5	94
4	28	2	37
4	28	3	42
4	28	4	33
4	28	5	92
4	29	2	54
4	29	3	62
4	29	4	30
4	29	5	79
4	30	2	41
4	30	3	37
4	30	4	46
4	30	5	88
4	31	2	29
4	31	3	41
4	31	4	29
4	31	5	16
4	32	2	69
4	32	3	41
4	32	4	31
4	32	5	81
4	33	2	39
4	33	3	45
4	33	4	78
4	33	5	80
4	34	2	32
4	34	3	35
4	34	4	24
4	34	5	91
4	35	2	70
4	35	3	59
4	35	4	29
4	35	5	82
4	36	2	53
4	36	3	32
4	36	4	17
4	36	5	84
4	37	2	68
4	37	3	26
4	37	4	41
4	37	5	74
4	38	2	57
4	38	3	16
4	38	4	35
4	38	5	104
4	39	2	62
4	39	3	55
4	39	4	64
4	39	5	83
4	40	2	51
4	40	3	41
4	40	4	16
4	40	5	55
4	41	2	52
4	41	3	49
4	41	4	45
4	41	5	103
4	42	2	22
4	42	3	45
4	42	4	27
4	42	5	71
4	43	2	30
4	43	3	27
4	43	4	16
4	43	5	45
4	44	2	52
4	44	3	36
4	44	4	55
4	44	5	113
4	45	2	26
4	45	3	61
4	45	4	55
4	45	5	74
4	46	2	43
4	46	3	35
4	46	5	101
4	47	2	43
4	47	3	67
4	47	4	55
4	47	5	114
4	48	2	55
4	48	3	40
4	48	4	60
4	48	5	56
4	49	2	36
4	49	3	39
4	49	4	20
4	49	5	91
4	50	2	47
4	50	3	35
4	50	4	32
4	50	5	62
5	1	2	52
5	1	3	56
5	1	4	52
5	2	2	18
5	2	3	73
5	2	4	73
5	3	2	70
5	3	3	63
5	3	4	84
5	4	2	61
5	4	3	92
5	4	4	96
5	5	2	44
5	5	3	86
5	5	4	42
5	6	2	60
5	6	3	95
5	6	4	104
5	7	2	42
5	7	3	109
5	7	4	80
5	8	2	24
5	8	3	85
5	8	4	25
5	9	2	27
5	9	3	66
5	9	4	107
5	10	2	47
5	10	3	77
5	10	4	63
5	11	2	55
5	11	3	77
5	11	4	103
5	12	2	48
5	12	3	103
5	12	4	43
5	13	2	71
5	13	3	64
5	13	4	65
5	14	2	40
5	14	3	112
5	14	4	125
5	15	3	69
5	15	4	103
5	16	2	50
5	16	3	111
5	16	4	88
5	17	2	29
5	17	3	124
5	17	4	61
5	18	2	84
5	18	3	111
5	18	4	71
5	19	2	45
5	19	3	66
5	19	4	69
5	20	2	44
5	20	3	84
5	20	4	100
5	21	2	24
5	21	3	92
5	21	4	100
5	22	2	25
5	22	3	109
5	22	4	77
5	23	2	32
5	23	3	70
5	23	4	88
5	24	2	40
5	24	3	87
5	24	4	26
5	25	2	39
5	25	3	60
5	25	4	69
5	26	2	32
5	26	3	66
5	26	4	57
5	27	2	13
5	27	3	12
5	27	4	80
5	28	2	40
5	28	3	88
5	28	4	58
5	29	2	16
5	29	3	77
5	29	4	109
5	30	2	43
5	30	3	64
5	30	4	100
5	31	2	29
5	31	3	72
5	31	4	78
5	32	2	54
5	32	3	96
5	32	4	84
5	33	2	63
5	33	3	106
5	33	4	71
5	34	2	50
5	34	3	69
5	34	4	96
5	35	2	33
5	35	3	64
5	35	4	85
5	36	2	39
5	36	3	73
5	36	4	67
5	37	2	33
5	37	3	130
5	37	4	103
5	38	2	28
5	38	3	88
5	38	4	96
5	39	2	59
5	39	3	85
5	39	4	81
5	40	2	47
5	40	3	91
5	40	4	62
5	41	2	26
5	41	3	111
5	41	4	60
5	42	2	58
5	42	3	111
5	42	4	92
5	43	2	46
5	43	3	111
5	43	4	86
5	44	2	50
5	44	3	58
5	44	4	117
5	45	2	20
5	45	3	94
5	45	4	93
5	46	2	43
5	46	3	108
5	46	4	85
5	47	2	52
5	47	3	75
5	47	4	68
5	48	2	42
5	48	3	68
5	48	4	77
5	49	2	46
5	49	3	53
5	49	4	81
5	50	2	26
5	50	3	72
5	50	4	102
6	1	2	19
6	1	3	43
6	1	4	97
6	1	5	56
6	2	2	41
6	2	3	57
6	2	4	54
6	2	5	28
6	3	2	28
6	3	3	58
6	3	4	32
6	3	5	51
6	4	2	37
6	4	3	53
6	4	4	113
6	4	5	33
6	5	2	9
6	5	4	76
6	5	5	50
6	6	2	32
6	6	3	49
6	6	4	98
6	6	5	59
6	7	2	38
6	7	3	55
6	7	4	53
6	7	5	38
6	8	2	20
6	8	3	31
6	8	4	60
6	8	5	23
6	9	2	61
6	9	3	18
6	9	4	66
6	9	5	60
6	10	2	14
6	10	3	23
6	10	4	91
6	10	5	33
6	11	2	62
6	11	3	45
6	11	4	105
6	11	5	38
6	12	2	37
6	12	3	40
6	12	4	90
6	12	5	29
6	13	2	28
6	13	3	58
6	13	4	72
6	13	5	56
6	14	2	45
6	14	3	26
6	14	4	63
6	14	5	28
6	15	2	78
6	15	3	48
6	15	4	121
6	15	5	68
6	16	2	50
6	16	3	24
6	16	4	81
6	16	5	39
6	17	2	56
6	17	3	54
6	17	4	68
6	17	5	49
6	18	2	38
6	18	3	67
6	18	4	71
6	18	5	16
6	19	2	58
6	19	3	38
6	19	4	65
6	19	5	48
6	20	2	48
6	20	3	31
6	20	4	59
6	20	5	58
6	21	2	34
6	21	3	44
6	21	4	88
6	21	5	30
6	22	2	60
6	22	3	33
6	22	4	98
6	22	5	70
6	23	2	57
6	23	3	44
6	23	4	105
6	23	5	45
6	24	2	56
6	24	3	60
6	24	4	72
6	24	5	52
6	25	2	41
6	25	3	35
6	25	4	88
6	25	5	55
6	26	2	28
6	26	3	37
6	26	4	56
6	26	5	49
6	27	2	53
6	27	3	29
6	27	4	75
6	27	5	31
6	28	2	39
6	28	3	61
6	28	4	107
6	28	5	67
6	29	2	32
6	29	3	58
6	29	4	41
6	29	5	57
6	30	2	43
6	30	3	35
6	30	4	109
6	30	5	47
6	31	2	38
6	31	3	41
6	31	4	73
6	31	5	29
6	32	2	26
6	32	3	13
6	32	4	64
6	32	5	44
6	33	2	51
6	33	3	48
6	33	4	76
6	33	5	40
6	34	2	50
6	34	3	33
6	34	4	93
6	34	5	34
6	35	2	40
6	35	3	18
6	35	4	82
6	35	5	21
6	36	2	38
6	36	3	49
6	36	4	91
6	36	5	20
6	37	2	36
6	37	3	52
6	37	4	93
6	37	5	24
6	38	2	39
6	38	3	25
6	38	4	135
6	38	5	41
6	39	2	59
6	39	3	48
6	39	4	76
6	39	5	73
6	40	2	36
6	40	3	32
6	40	4	106
6	40	5	36
6	41	2	50
6	41	3	26
6	41	4	109
6	41	5	55
6	42	2	32
6	42	3	39
6	42	4	119
6	42	5	21
6	43	2	13
6	43	3	8
6	43	4	60
6	43	5	33
6	44	2	32
6	44	3	49
6	44	4	107
6	44	5	63
6	45	2	33
6	45	3	37
6	45	4	38
6	45	5	22
6	46	2	25
6	46	3	25
6	46	4	47
6	46	5	27
6	47	2	50
6	47	3	41
6	47	4	90
6	47	5	39
6	48	2	23
6	48	3	57
6	48	4	69
6	48	5	42
6	49	2	37
6	49	3	51
6	49	4	109
6	49	5	8
6	50	2	13
6	50	3	42
6	50	4	52
6	50	5	36
7	1	2	41
7	1	3	53
7	1	4	113
7	1	5	26
7	2	2	41
7	2	3	50
7	2	4	79
7	2	5	74
7	3	2	20
7	3	3	68
7	3	4	66
7	3	5	27
7	4	3	54
7	4	4	92
7	4	5	52
7	5	2	34
7	5	3	48
7	5	4	76
7	5	5	27
7	6	2	17
7	6	3	39
7	6	4	51
7	6	5	45
7	7	2	54
7	7	3	53
7	7	4	56
7	7	5	31
7	8	2	39
7	8	3	20
7	8	4	64
7	8	5	35
7	9	2	60
7	9	3	35
7	9	4	63
7	9	5	41
7	10	2	43
7	10	3	16
7	10	4	79
7	10	5	50
7	11	2	47
7	11	3	49
7	11	4	72
7	11	5	17
7	12	2	51
7	12	3	53
7	12	4	83
7	12	5	35
7	13	2	35
7	13	3	17
7	13	4	101
7	13	5	58
7	14	2	34
7	14	3	68
7	14	4	105
7	14	5	30
7	15	2	37
7	15	3	38
7	15	4	38
7	15	5	43
7	16	2	31
7	16	3	30
7	16	4	66
7	16	5	37
7	17	2	52
7	17	3	40
7	17	4	123
7	17	5	26
7	18	2	19
7	18	3	43
7	18	4	85
7	18	5	45
7	19	2	36
7	19	3	16
7	19	4	61
7	19	5	15
7	20	2	41
7	20	3	30
7	20	4	28
7	20	5	16
7	21	2	39
7	21	3	39
7	21	4	82
7	21	5	56
7	22	2	71
7	22	3	67
7	22	4	60
7	22	5	55
7	23	2	44
7	23	3	14
7	23	4	110
7	23	5	67
7	24	2	43
7	24	3	27
7	24	4	36
7	24	5	29
7	25	2	44
7	25	3	12
7	25	4	78
7	25	5	50
7	26	2	52
7	26	3	54
7	26	4	92
7	26	5	29
7	27	2	59
7	27	3	37
7	27	4	13
7	27	5	48
7	28	2	53
7	28	3	46
7	28	4	107
7	28	5	20
7	29	2	14
7	29	3	48
7	29	4	86
7	29	5	5
7	30	2	30
7	30	3	29
7	30	4	96
7	30	5	61
7	31	2	32
7	31	3	7
7	31	4	78
7	31	5	67
7	32	2	42
7	32	3	35
7	32	4	89
7	32	5	50
7	33	2	36
7	33	3	31
7	33	4	101
7	33	5	13
7	34	2	39
7	34	3	47
7	34	4	98
7	34	5	43
7	35	2	15
7	35	3	47
7	35	4	67
7	35	5	47
7	36	2	47
7	36	3	54
7	36	4	117
7	36	5	55
7	37	2	27
7	37	3	30
7	37	4	55
7	37	5	52
7	38	2	39
7	38	3	57
7	38	4	57
7	38	5	33
7	39	2	37
7	39	3	58
7	39	4	70
7	39	5	54
7	40	2	75
7	40	3	46
7	40	4	76
7	40	5	49
7	41	2	40
7	41	3	18
7	41	4	111
7	41	5	7
7	42	2	44
7	42	3	60
7	42	4	108
7	42	5	72
7	43	2	42
7	43	3	45
7	43	4	86
7	43	5	29
7	44	2	25
7	44	3	44
7	44	4	122
7	44	5	33
7	45	2	29
7	45	3	46
7	45	4	82
7	45	5	43
7	46	2	36
7	46	3	64
7	46	4	122
7	46	5	39
7	47	2	50
7	47	3	58
7	47	4	92
7	47	5	45
7	48	2	37
7	48	3	41
7	48	4	54
7	48	5	16
7	49	2	53
7	49	3	63
7	49	4	77
7	49	5	74
7	50	2	55
7	50	3	26
7	50	4	36
7	50	5	66
8	1	2	44
8	1	3	39
8	1	4	122
8	2	2	52
8	2	3	25
8	2	4	79
8	3	2	38
8	3	3	46
8	3	4	158
8	4	2	38
8	4	3	71
8	4	4	149
8	5	2	42
8	5	3	18
8	5	4	124
8	6	2	51
8	6	3	30
8	6	4	155
8	7	2	62
8	7	3	50
8	7	4	172
8	8	2	33
8	8	3	33
8	8	4	98
8	9	2	32
8	9	3	28
8	9	4	120
8	10	2	44
8	10	3	1
8	10	4	171
8	11	2	36
8	11	3	30
8	11	4	120
8	12	2	25
8	12	3	41
8	12	4	112
8	13	2	71
8	13	3	31
8	13	4	73
8	14	2	38
8	14	3	42
8	14	4	72
8	15	2	28
8	15	3	42
8	15	4	145
8	16	2	29
8	16	4	113
8	17	2	31
8	17	3	25
8	17	4	37
8	18	2	42
8	18	3	52
8	18	4	63
8	19	2	34
8	19	3	6
8	19	4	115
8	20	2	54
8	20	3	59
8	20	4	84
8	21	2	48
8	21	3	56
8	21	4	114
8	22	2	29
8	22	3	37
8	22	4	74
8	23	2	46
8	23	3	75
8	23	4	91
8	24	2	37
8	24	3	30
8	24	4	102
8	25	2	53
8	25	3	61
8	25	4	112
8	26	2	33
8	26	3	50
8	26	4	83
8	27	2	37
8	27	3	36
8	27	4	139
8	28	2	47
8	28	3	42
8	28	4	147
8	29	2	61
8	29	3	22
8	29	4	147
8	30	2	54
8	30	3	29
8	30	4	151
8	31	2	24
8	31	4	119
8	32	2	46
8	32	3	50
8	32	4	121
8	33	2	57
8	33	3	26
8	33	4	165
8	34	2	50
8	34	3	22
8	34	4	154
8	35	2	24
8	35	3	14
8	35	4	82
8	36	2	56
8	36	3	70
8	36	4	148
8	37	2	40
8	37	3	58
8	37	4	74
8	38	2	36
8	38	3	15
8	38	4	115
8	39	2	36
8	39	3	52
8	39	4	181
8	40	2	42
8	40	3	40
8	40	4	172
8	41	2	43
8	41	3	23
8	41	4	150
8	42	2	49
8	42	3	21
8	42	4	146
8	43	2	15
8	43	3	27
8	43	4	135
8	44	2	38
8	44	3	34
8	44	4	157
8	45	2	47
8	45	3	53
8	45	4	81
8	46	2	39
8	46	3	49
8	46	4	178
8	47	2	73
8	47	3	32
8	47	4	121
8	48	2	26
8	48	3	40
8	48	4	97
8	49	2	51
8	49	3	54
8	49	4	136
8	50	2	58
8	50	3	31
8	50	4	117
9	1	2	82
9	1	3	47
9	1	4	74
9	2	2	77
9	2	3	34
9	2	4	136
9	3	2	59
9	3	3	7
9	3	4	109
9	4	2	96
9	4	3	41
9	4	4	87
9	5	2	40
9	5	3	57
9	5	4	124
9	6	2	91
9	6	3	49
9	6	4	84
9	7	2	85
9	7	3	38
9	7	4	67
9	8	2	51
9	8	3	56
9	8	4	24
9	9	2	84
9	9	3	39
9	9	4	92
9	10	2	84
9	10	3	51
9	10	4	68
9	11	2	46
9	11	3	41
9	11	4	108
9	12	2	104
9	12	3	65
9	12	4	76
9	13	2	82
9	13	3	49
9	13	4	93
9	14	2	33
9	14	3	41
9	14	4	51
9	15	2	55
9	15	3	56
9	15	4	88
9	16	2	79
9	16	3	27
9	16	4	80
9	17	2	88
9	17	3	60
9	17	4	90
9	18	2	121
9	18	3	25
9	18	4	69
9	19	2	90
9	19	3	8
9	19	4	36
9	20	2	107
9	20	3	30
9	20	4	45
9	21	2	94
9	21	3	40
9	21	4	81
9	22	2	65
9	22	3	43
9	22	4	86
9	23	2	122
9	23	3	63
9	23	4	96
9	24	2	83
9	24	3	35
9	24	4	113
9	25	2	72
9	25	3	25
9	25	4	93
9	26	2	102
9	26	3	32
9	26	4	61
9	27	2	101
9	27	3	20
9	27	4	104
9	28	2	85
9	28	3	32
9	28	4	47
9	29	2	104
9	29	3	40
9	29	4	62
9	30	2	113
9	30	3	58
9	30	4	53
9	31	2	60
9	31	3	52
9	31	4	57
9	32	2	80
9	32	3	31
9	32	4	102
9	33	2	55
9	33	3	27
9	33	4	101
9	34	2	107
9	34	3	36
9	34	4	101
9	35	2	81
9	35	3	48
9	35	4	84
9	36	2	94
9	36	3	49
9	36	4	83
9	37	2	81
9	37	3	60
9	37	4	85
9	38	2	85
9	38	3	54
9	38	4	72
9	39	2	75
9	39	3	44
9	39	4	86
9	40	2	82
9	40	3	31
9	40	4	50
9	41	2	43
9	41	3	39
9	41	4	69
9	42	2	107
9	42	3	24
9	42	4	90
9	43	2	93
9	43	3	43
9	43	4	66
9	44	2	93
9	44	3	28
9	44	4	105
9	45	2	80
9	45	3	14
9	45	4	83
9	46	2	104
9	46	3	49
9	46	4	77
9	47	2	117
9	47	3	65
9	47	4	107
9	48	2	76
9	48	3	64
9	48	4	89
9	49	2	33
9	49	3	8
9	49	4	66
9	50	2	70
9	50	3	50
9	50	4	82
10	1	2	54
10	1	3	29
10	1	4	144
10	2	2	45
10	2	3	71
10	2	4	103
10	3	2	49
10	3	3	76
10	3	4	130
10	4	2	17
10	4	3	44
10	4	4	66
10	5	2	4
10	5	3	22
10	5	4	119
10	6	2	25
10	6	3	29
10	6	4	144
10	7	2	47
10	7	3	58
10	7	4	150
10	8	2	63
10	8	3	44
10	8	4	90
10	9	2	46
10	9	3	50
10	9	4	140
10	10	2	43
10	10	3	44
10	10	4	109
10	11	2	68
10	11	3	44
10	11	4	79
10	12	2	33
10	12	3	30
10	12	4	139
10	13	2	39
10	13	3	35
10	13	4	128
10	14	2	8
10	14	3	37
10	14	4	47
10	15	2	25
10	15	3	58
10	15	4	124
10	16	2	20
10	16	3	37
10	16	4	118
10	17	2	34
10	17	3	25
10	17	4	89
10	18	2	37
10	18	3	40
10	18	4	96
10	19	2	48
10	19	3	21
10	19	4	69
10	20	2	18
10	20	3	40
10	20	4	139
10	21	2	31
10	21	3	77
10	21	4	144
10	22	2	28
10	22	3	28
10	22	4	115
10	23	2	42
10	23	3	20
10	23	4	90
10	24	2	67
10	24	3	10
10	24	4	124
10	25	2	45
10	25	3	35
10	25	4	145
10	26	2	51
10	26	3	46
10	26	4	82
10	27	2	17
10	27	3	39
10	27	4	108
10	28	2	52
10	28	3	21
10	28	4	115
10	29	2	31
10	29	3	58
10	29	4	109
10	30	2	21
10	30	3	41
10	30	4	110
10	31	2	29
10	31	3	43
10	31	4	154
10	32	2	90
10	32	3	54
10	32	4	98
10	33	2	33
10	33	3	26
10	33	4	117
10	34	2	25
10	34	3	23
10	34	4	128
10	35	2	47
10	35	3	29
10	35	4	93
10	36	2	27
10	36	3	21
10	36	4	139
10	37	2	25
10	37	3	25
10	37	4	124
10	38	2	40
10	38	3	33
10	38	4	133
10	39	2	50
10	39	3	54
10	39	4	114
10	40	2	53
10	40	3	49
10	40	4	100
10	41	2	61
10	41	3	30
10	41	4	149
10	42	2	25
10	42	3	47
10	42	4	84
10	43	2	40
10	43	3	19
10	43	4	148
10	44	2	66
10	44	3	32
10	44	4	89
10	45	2	31
10	45	3	56
10	45	4	130
10	46	2	20
10	46	3	22
10	46	4	80
10	47	2	59
10	47	3	72
10	47	4	113
10	48	2	62
10	48	3	28
10	48	4	156
10	49	2	56
10	49	3	20
10	49	4	75
10	50	2	52
10	50	3	46
10	50	4	157


Warehouse Inventory (W P T):
1	0		0		1160		708		277		0	
2	0		0		1143		655		315		0	
3	0		0		1419		867		299		0	
4	0		0		1247		660		289		0	
5	0		0		1137		616		214		0	
6	269		269		456		0		494		269	
7	4		4		610		0		276		4	
8	0		0		879		423		230		0	
9	575		575		532		0		841		575	
10	0		0		887		468		275		0	
11	556		556		514		0		798		556	
12	346		346		532		0		633		346	
13	0		0		980		459		329		0	
14	427		427		607		0		702		427	
15	0		0		1079		482		318		0	
16	132		132		510		0		496		132	
17	1473		1667		1217		689		0		1473	
18	704		1648		1155		639		0		704	
19	98		1458		1000		627		0		98	
20	119		1551		1131		675		0		119	
21	0		2188		1777		1172		355		0	
22	294		1759		1249		677		0		294	
23	1316		1728		1239		717		0		1316	
24	1586		1586		1111		646		0		1586	
25	33		1622		1205		769		0		33	
26	586		1476		1101		629		0		586	
27	258		1573		1130		735		0		258	
28	163		1807		1369		785		0		163	
29	0		1789		1372		827		93		0	
30	903		1732		1259		832		0		903	
31	1236		1605		1236		739		0		1236	
32	128		1722		1235		740		0		128	
33	516		516		1272		835		0		516	
34	769		769		1331		821		0		769	
35	498		498		1192		701		0		498	
36	173		173		1356		773		0		173	
37	722		722		1299		728		0		722	
38	526		526		1295		870		0		526	
39	1250		1250		1421		849		0		1250	
40	0		0		1493		1014		322		0	
41	1182		1182		1315		819		0		1182	
42	147		147		1312		789		0		147	
43	298		298		1237		745		0		298	
44	1786		1786		1346		851		0		1786	
45	87		87		1264		772		0		87	
46	1109		1109		1261		750		0		1109	
47	0		0		1696		1106		305		0	
48	1584		1584		1317		764		0		1584	
49	892		892		1257		768		0		892	
50	692		692		1257		746		0		692	

Store Inventory (S P T):
Store1
1	30		0		0		30		87		30	
2	16		0		0		16		68		16	
3	39		0		0		39		71		39	
4	50		0		0		50		88		50	
5	53		0		0		53		94		53	
6	25		0		0		25		58		25	
7	35		0		0		35		87		35	
8	23		0		0		23		63		23	
9	45		0		0		45		98		45	
10	55		0		0		55		92		55	
11	59		0		0		59		110		59	
12	3		0		0		3		60		3	
13	38		0		0		38		90		38	
14	48		0		0		48		110		48	
15	40		0		0		40		42		40	
16	55		0		0		55		85		55	
17	49		0		0		49		78		49	
18	55		0		0		55		96		55	
19	34		0		0		34		66		34	
20	34		0		0		34		90		34	
21	47		0		0		47		85		47	
22	33		0		0		33		59		33	
23	45		0		0		45		65		45	
24	18		0		0		18		59		18	
25	30		0		0		30		55		30	
26	32		0		0		32		75		32	
27	27		0		0		27		57		27	
28	42		0		0		42		75		42	
29	51		0		0		51		101		51	
30	25		0		0		25		59		25	
31	29		0		0		29		67		29	
32	18		0		0		18		30		18	
33	21		0		0		21		54		21	
34	56		0		0		56		98		56	
35	38		0		0		38		67		38	
36	24		0		0		24		56		24	
37	9		0		0		9		61		9	
38	26		0		0		26		93		26	
39	56		0		0		56		76		56	
40	8		0		0		8		18		8	
41	39		0		0		39		51		39	
42	42		0		0		42		74		42	
43	64		0		0		64		103		64	
44	47		0		0		47		47		47	
45	28		0		0		28		75		28	
46	47		0		0		47		77		47	
47	35		0		0		35		123		35	
48	29		0		0		29		65		29	
49	75		0		0		75		117		75	
50	43		0		0		43		92		43	
Store2
1	60		40		40		60		0		60	
2	51		25		25		51		0		51	
3	48		14		14		48		0		48	
4	56		15		15		56		0		56	
5	22		0		0		22		11		22	
6	35		22		22		35		0		35	
7	45		5		5		45		0		45	
8	49		31		31		49		0		49	
9	46		0		0		46		10		46	
10	35		5		5		35		0		35	
11	33		12		12		33		0		33	
12	52		12		12		52		0		52	
13	69		13		13		69		0		69	
14	57		0		0		57		17		57	
15	44		0		0		44		9		44	
16	72		22		22		72		0		72	
17	35		0		0		35		7		35	
18	36		0		0		36		22		36	
19	54		39		39		54		0		54	
20	30		0		0		30		17		30	
21	58		0		0		58		3		58	
22	48		0		0		48		4		48	
23	52		0		0		52		32		52	
24	52		21		21		52		0		52	
25	60		45		45		60		0		60	
26	53		32		32		53		0		53	
27	53		18		18		53		0		53	
28	67		0		0		67		28		67	
29	56		0		0		56		14		56	
30	61		40		40		61		0		61	
31	38		1		1		38		0		38	
32	65		39		39		65		0		65	
33	35		3		3		35		0		35	
34	52		0		0		52		10		52	
35	62		0		0		62		33		62	
36	62		0		0		62		26		62	
37	53		0		0		53		31		53	
38	26		2		2		26		0		26	
39	40		3		3		40		0		40	
40	66		27		27		66		0		66	
41	44		28		28		44		0		44	
42	45		0		0		45		31		45	
43	42		21		21		42		0		42	
44	37		1		1		37		0		37	
45	45		42		42		45		0		45	
46	35		0		0		35		10		35	
47	41		0		0		41		29		41	
48	49		36		36		49		0		49	
49	64		9		9		64		0		64	
50	46		13		13		46		0		46	
Store3
1	48		0		0		0		48		48	
2	41		0		0		0		41		41	
3	40		0		0		0		40		40	
4	22		0		0		0		22		22	
5	50		0		0		0		50		50	
6	45		0		0		0		45		45	
7	39		0		0		0		39		39	
8	15		0		0		0		15		15	
9	45		0		0		0		45		45	
10	30		0		0		0		30		30	
11	20		0		0		0		20		20	
12	33		0		0		0		33		33	
13	64		0		0		0		64		64	
14	15		0		0		0		15		15	
15	47		0		0		0		47		47	
16	34		0		0		0		34		34	
17	69		0		0		0		69		69	
18	34		0		0		0		34		34	
19	60		0		0		0		60		60	
20	54		0		0		0		54		54	
21	47		0		0		0		47		47	
22	41		0		0		0		41		41	
23	22		0		0		0		22		22	
24	60		0		0		0		60		60	
25	27		0		0		0		27		27	
26	45		0		0		0		45		45	
27	48		0		0		0		48		48	
28	22		0		0		0		22		22	
29	10		0		0		0		10		10	
30	29		0		0		0		29		29	
31	30		0		0		0		30		30	
32	43		0		0		0		43		43	
33	23		0		0		0		23		23	
34	9		0		0		0		9		9	
35	30		0		0		0		30		30	
36	27		0		0		0		27		27	
37	41		0		0		0		41		41	
38	42		0		0		0		42		42	
39	49		0		0		0		49		49	
40	33		0		0		0		33		33	
41	50		0		0		0		50		50	
42	34		0		0		0		34		34	
43	0		0		0		0		0		0	
44	23		0		0		0		23		23	
45	43		0		0		0		43		43	
46	42		0		0		0		42		42	
47	18		0		0		0		18		18	
48	35		0		0		0		35		35	
49	32		0		0		0		32		32	
50	53		0		0		0		53		53	
Store4
1	2		0		0		0		0		2	
2	46		0		0		0		0		46	
3	71		0		0		0		0		71	
4	49		0		0		0		0		49	
5	26		0		0		0		0		26	
6	5		0		0		0		0		5	
7	67		0		0		0		0		67	
8	20		0		0		0		0		20	
9	45		0		0		0		0		45	
10	38		0		0		0		0		38	
11	55		0		0		0		0		55	
12	32		0		0		0		0		32	
13	55		0		0		0		0		55	
14	36		0		0		0		0		36	
15	58		0		0		0		0		58	
16	34		0		0		0		0		34	
17	30		0		0		0		0		30	
18	41		0		0		0		0		41	
19	32		0		0		0		0		32	
20	47		0		0		0		0		47	
21	65		0		0		0		0		65	
22	25		0		0		0		0		25	
23	49		0		0		0		0		49	
24	58		0		0		0		0		58	
25	65		0		0		0		0		65	
26	52		0		0		0		0		52	
27	41		0		0		0		0		41	
28	44		0		0		0		0		44	
29	46		0		0		0		0		46	
30	30		0		0		0		0		30	
31	4		0		0		0		0		4	
32	27		0		0		0		0		27	
33	30		0		0		0		0		30	
34	22		0		0		0		0		22	
35	37		0		0		0		0		37	
36	38		0		0		0		0		38	
37	32		0		0		0		0		32	
38	63		0		0		0		0		63	
39	46		0		0		0		0		46	
40	29		0		0		0		0		29	
41	51		0		0		0		0		51	
42	42		0		0		0		0		42	
43	22		0		0		0		0		22	
44	47		0		0		0		0		47	
45	31		0		0		0		0		31	
46	66		0		0		0		0		66	
47	59		0		0		0		0		59	
48	31		0		0		0		0		31	
49	48		0		0		0		0		48	
50	36		0		0		0		0		36	
Store5
1	18		0		0		18		44		18	
2	70		0		0		70		103		70	
3	39		0		0		39		77		39	
4	38		0		0		38		93		38	
5	47		0		0		47		70		47	
6	56		0		0		56		125		56	
7	56		0		0		56		97		56	
8	46		0		0		46		46		46	
9	27		0		0		27		81		27	
10	41		0		0		41		89		41	
11	37		0		0		37		102		37	
12	62		0		0		62		97		62	
13	18		0		0		18		41		18	
14	47		0		0		47		110		47	
15	18		0		0		18		62		18	
16	47		0		0		47		106		47	
17	74		0		0		74		119		74	
18	58		0		0		58		79		58	
19	36		0		0		36		68		36	
20	46		0		0		46		73		46	
21	28		0		0		28		94		28	
22	48		0		0		48		85		48	
23	21		0		0		21		52		21	
24	36		0		0		36		56		36	
25	37		0		0		37		63		37	
26	39		0		0		39		40		39	
27	4		0		0		4		22		4	
28	43		0		0		43		91		43	
29	14		0		0		14		66		14	
30	0		0		0		0		44		0	
31	52		0		0		52		99		52	
32	34		0		0		34		57		34	
33	77		0		0		77		131		77	
34	18		0		0		18		47		18	
35	48		0		0		48		96		48	
36	42		0		0		42		87		42	
37	54		0		0		54		94		54	
38	49		0		0		49		115		49	
39	80		0		0		80		116		80	
40	25		0		0		25		63		25	
41	52		0		0		52		72		52	
42	42		0		0		42		89		42	
43	58		0		0		58		93		58	
44	35		0		0		35		92		35	
45	45		0		0		45		94		45	
46	41		0		0		41		100		41	
47	57		0		0		57		90		57	
48	34		0		0		34		51		34	
49	40		0		0		40		90		40	
50	39		0		0		39		96		39	
Store6
1	45		0		0		0		45		45	
2	23		0		0		0		23		23	
3	24		0		0		0		24		24	
4	62		0		0		0		62		62	
5	50		0		0		0		50		50	
6	26		0		0		0		26		26	
7	18		0		0		0		18		18	
8	41		0		0		0		41		41	
9	29		0		0		0		29		29	
10	29		0		0		0		29		29	
11	39		0		0		0		39		39	
12	67		0		0		0		67		67	
13	42		0		0		0		42		42	
14	29		0		0		0		29		29	
15	53		0		0		0		53		53	
16	39		0		0		0		39		39	
17	40		0		0		0		40		40	
18	30		0		0		0		30		30	
19	23		0		0		0		23		23	
20	39		0		0		0		39		39	
21	64		0		0		0		64		64	
22	69		0		0		0		69		69	
23	60		0		0		0		60		60	
24	65		0		0		0		65		65	
25	33		0		0		0		33		33	
26	13		0		0		0		13		13	
27	44		0		0		0		44		44	
28	61		0		0		0		61		61	
29	32		0		0		0		32		32	
30	61		0		0		0		61		61	
31	45		0		0		0		45		45	
32	36		0		0		0		36		36	
33	42		0		0		0		42		42	
34	39		0		0		0		39		39	
35	39		0		0		0		39		39	
36	71		0		0		0		71		71	
37	36		0		0		0		36		36	
38	73		0		0		0		73		73	
39	31		0		0		0		31		31	
40	57		0		0		0		57		57	
41	50		0		0		0		50		50	
42	56		0		0		0		56		56	
43	21		0		0		0		21		21	
44	73		0		0		0		73		73	
45	36		0		0		0		36		36	
46	26		0		0		0		26		26	
47	54		0		0		0		54		54	
48	11		0		0		0		11		11	
49	54		0		0		0		54		54	
50	34		0		0		0		34		34	
Store7
1	50		0		0		0		50		50	
2	35		0		0		0		35		35	
3	33		0		0		0		33		33	
4	42		0		0		0		42		42	
5	25		0		0		0		25		25	
6	28		0		0		0		28		28	
7	28		0		0		0		28		28	
8	39		0		0		0		39		39	
9	35		0		0		0		35		35	
10	46		0		0		0		46		46	
11	35		0		0		0		35		35	
12	38		0		0		0		38		38	
13	31		0		0		0		31		31	
14	46		0		0		0		46		46	
15	32		0		0		0		32		32	
16	28		0		0		0		28		28	
17	72		0		0		0		72		72	
18	46		0		0		0		46		46	
19	47		0		0		0		47		47	
20	21		0		0		0		21		21	
21	43		0		0		0		43		43	
22	23		0		0		0		23		23	
23	58		0		0		0		58		58	
24	33		0		0		0		33		33	
25	22		0		0		0		22		22	
26	54		0		0		0		54		54	
27	13		0		0		0		13		13	
28	42		0		0		0		42		42	
29	55		0		0		0		55		55	
30	57		0		0		0		57		57	
31	35		0		0		0		35		35	
32	38		0		0		0		38		38	
33	47		0		0		0		47		47	
34	37		0		0		0		37		37	
35	47		0		0		0		47		47	
36	52		0		0		0		52		52	
37	16		0		0		0		16		16	
38	21		0		0		0		21		21	
39	26		0		0		0		26		26	
40	43		0		0		0		43		43	
41	74		0		0		0		74		74	
42	62		0		0		0		62		62	
43	56		0		0		0		56		56	
44	63		0		0		0		63		63	
45	72		0		0		0		72		72	
46	56		0		0		0		56		56	
47	51		0		0		0		51		51	
48	8		0		0		0		8		8	
49	38		0		0		0		38		38	
50	29		0		0		0		29		29	
Store8
1	47		0		0		0		90		47	
2	32		0		0		0		39		32	
3	57		0		0		0		108		57	
4	39		0		0		0		77		39	
5	41		0		0		0		95		41	
6	69		0		0		0		120		69	
7	68		0		0		0		133		68	
8	49		0		0		0		70		49	
9	51		0		0		0		79		51	
10	69		0		0		0		113		69	
11	35		0		0		0		67		35	
12	33		0		0		0		71		33	
13	0		0		0		0		50		0	
14	38		0		0		0		55		38	
15	46		0		0		0		100		46	
16	41		0		0		0		65		41	
17	31		0		0		0		37		31	
18	18		0		0		0		54		18	
19	43		0		0		0		90		43	
20	26		0		0		0		64		26	
21	5		0		0		0		43		5	
22	44		0		0		0		45		44	
23	28		0		0		0		59		28	
24	2		0		0		0		38		2	
25	50		0		0		0		95		50	
26	0		0		0		0		46		0	
27	56		0		0		0		93		56	
28	85		0		0		0		109		85	
29	56		0		0		0		93		56	
30	35		0		0		0		101		35	
31	42		0		0		0		80		42	
32	23		0		0		0		61		23	
33	63		0		0		0		98		63	
34	41		0		0		0		65		41	
35	24		0		0		0		58		24	
36	52		0		0		0		79		52	
37	41		0		0		0		41		41	
38	59		0		0		0		97		59	
39	72		0		0		0		137		72	
40	53		0		0		0		109		53	
41	51		0		0		0		98		51	
42	31		0		0		0		93		31	
43	35		0		0		0		87		35	
44	52		0		0		0		86		52	
45	26		0		0		0		74		26	
46	78		0		0		0		132		78	
47	42		0		0		0		80		42	
48	25		0		0		0		55		25	
49	35		0		0		0		96		35	
50	47		0		0		0		81		47	
Store9
1	43		0		43		43		72		43	
2	15		0		15		15		77		15	
3	18		0		18		18		62		18	
4	57		0		57		57		103		57	
5	29		0		29		29		83		29	
6	42		0		42		42		89		42	
7	43		0		43		43		63		43	
8	15		0		15		15		36		15	
9	24		0		24		24		82		24	
10	51		0		51		51		86		51	
11	34		0		34		34		88		34	
12	70		0		70		70		111		70	
13	49		0		49		49		115		49	
14	33		0		33		33		82		33	
15	27		0		27		27		69		27	
16	54		0		54		54		90		54	
17	39		0		39		39		89		39	
18	60		0		60		60		88		60	
19	31		0		31		31		57		31	
20	54		0		54		54		56		54	
21	49		0		49		49		97		49	
22	43		0		43		43		87		43	
23	74		0		74		74		117		74	
24	51		0		51		51		101		51	
25	35		0		35		35		86		35	
26	30		0		30		30		64		30	
27	55		0		55		55		94		55	
28	41		0		41		41		51		41	
29	64		0		64		64		111		64	
30	43		0		43		43		60		43	
31	39		0		39		39		57		39	
32	23		0		23		23		78		23	
33	33		0		33		33		62		33	
34	65		0		65		65		106		65	
35	10		0		10		10		56		10	
36	53		0		53		53		102		53	
37	45		0		45		45		94		45	
38	56		0		56		56		105		56	
39	39		0		39		39		70		39	
40	45		0		45		45		53		45	
41	34		0		34		34		66		34	
42	51		0		51		51		89		51	
43	77		0		77		77		110		77	
44	39		0		39		39		89		39	
45	42		0		42		42		100		42	
46	88		0		88		88		135		88	
47	27		0		27		27		45		27	
48	31		0		31		31		88		31	
49	0		0		0		0		23		0	
50	44		0		44		44		99		44	
Store10
1	72		0		0		0		92		72	
2	36		0		0		0		87		36	
3	26		0		0		0		75		26	
4	32		0		0		0		32		32	
5	46		0		0		0		83		46	
6	64		0		0		0		119		64	
7	45		0		0		0		92		45	
8	28		0		0		0		68		28	
9	29		0		0		0		95		29	
10	21		0		0		0		67		21	
11	48		0		0		0		54		48	
12	33		0		0		0		79		33	
13	18		0		0		0		59		18	
14	16		0		0		0		35		16	
15	62		0		0		0		94		62	
16	43		0		0		0		86		43	
17	42		0		0		0		57		42	
18	24		0		0		0		51		24	
19	2		0		0		0		9		2	
20	50		0		0		0		97		50	
21	33		0		0		0		84		33	
22	33		0		0		0		76		33	
23	48		0		0		0		68		48	
24	48		0		0		0		97		48	
25	28		0		0		0		99		28	
26	44		0		0		0		73		44	
27	52		0		0		0		79		52	
28	52		0		0		0		66		52	
29	56		0		0		0		71		56	
30	42		0		0		0		73		42	
31	37		0		0		0		91		37	
32	47		0		0		0		73		47	
33	32		0		0		0		63		32	
34	13		0		0		0		105		13	
35	22		0		0		0		67		22	
36	42		0		0		0		103		42	
37	39		0		0		0		83		39	
38	52		0		0		0		90		52	
39	18		0		0		0		62		18	
40	23		0		0		0		57		23	
41	38		0		0		0		88		38	
42	22		0		0		0		59		22	
43	44		0		0		0		94		44	
44	49		0		0		0		67		49	
45	78		0		0		0		113		78	
46	32		0		0		0		71		32	
47	29		0		0		0		61		29	
48	52		0		0		0		107		52	
49	25		0		0		0		52		25	
50	68		0		0		0		110		68	


Shipments from Vendor to Warehouse (V T):
0	0.7086353	0	0.5488321	0	
0.7183787	0	0	0	0.4366147	
0	0.7904727	0	0	0.624446	

Shipments from Warehouse to Stores (S T):
1	2	0.07787866
1	3	0.2045074
1	4	0.2618786
1	5	0.2141867
2	2	0.08164467
2	3	0.1850247
2	4	0.1060767
2	5	0.4146686
3	2	0.096838
3	3	0.1017087
3	4	0.2405167
3	5	0.30083
4	2	0.089008
4	3	0.1176753
4	4	0.1772593
4	5	0.3828334
5	2	0.1157767
5	3	0.192504
5	4	0.283858
5	5	0.1684733
6	2	0.09759332
6	3	0.108654
6	4	0.230824
6	5	0.2870874
7	2	0.07833067
7	3	0.1355787
7	4	0.2425853
7	5	0.2988173
8	2	0.09733734
8	3	0.1183393
8	4	0.3139913
8	5	0.2392834
9	2	0.1846753
9	3	0.1077906
9	4	0.235052
9	5	0.26236
10	2	0.1184767
10	3	0.113018
10	4	0.3217673
10	5	0.2021733


Required Putaway workers (Sol T):
5	4	5	4	4	

No of required pickers (T):
0	4	5	8	9	

No of part-time putaway workers (T):
1	0	1	0	0	

No of part-time pickers (T):
0	0	0	2	3	

Best Putaway Technology: 1200
Best Picking Technology: 1000

Required Fashion Putaway Hours:
24.44583	0	38.32917	20.55833	0	

Required Basic Putaway Hours:
15.01167	31.74667	0	11.3225	24.93833	

Required Total Putaway Hours:
39.4575	31.74667	38.32917	31.88083	24.93833	

No of required fashion pick hours:
0	5.93	11.99	26.065	56.015	

No of required basic pick hours:
0	22.148	25.462	37.663	14.35	

No of required total pick hours:
0	28.078	37.452	63.728	70.365	

List of all the costs: 
MHECost		594
PutawayTechCost		1060
PickingTechCost		9130
WhBasicInvCost		1620.85
BasicInbCost		13719.62
WhFashionInvCost		1661.65
FashionInbCost		7198.871
PutawayCost		6880
StoreBasicInvCost		2923.9
StoreFashionInvCost		8391.75
OutboundCost		35601.43
PickingCost		10800
Total		99582.06

List of Top5 Technologies: 
Tech1		2	6	$ 99582.06
Tech2		2	5	$ 104694.6
Tech3		2	1	$ 174497.3
Tech4		6	1	$ 213484.4
Tech5		1	1	$ 214508
The start time is 12/22/2014 4:52:57 PM
The End time is 12/22/2014 4:54:10 PM
