Printing New Fashion Solution:

Inbound Fashion Solution (V F T):
1	1	1	1815
1	2	1	2280
1	3	1	2065
1	4	1	2250
1	5	1	1450
1	6	1	1720
1	7	1	2320
1	8	1	1865
1	9	1	1895
1	10	1	1830
1	11	1	2130
1	12	1	2345
1	13	1	1615
1	14	1	2330
1	15	1	2080
1	16	1	1775
1	17	1	2125
1	18	1	1625
1	19	1	2055
1	20	1	1580
1	21	1	1810
1	22	1	1905
1	23	1	2180
1	24	1	1805
1	25	1	2330
2	26	3	2105
2	27	3	2130
2	28	4	2065
2	29	3	1760
2	30	3	2095
2	31	3	2395
2	32	4	1860
2	33	3	1830
2	34	3	2035
2	35	4	2495
2	36	4	1990
2	37	4	1745
2	38	4	1870
2	39	3	1815
2	40	4	2100
2	41	4	2025
2	42	4	1880
2	43	3	2365
2	44	3	2325
2	45	4	2020
2	46	3	2010
2	47	4	1740
2	48	4	1905
2	49	4	2270
2	50	4	1990


Outbound Fashion Solution(S F T):
1	1	3	145
1	2	3	220
1	3	3	230
1	4	3	200
1	5	2	225
1	6	4	205
1	7	3	215
1	8	4	270
1	9	3	165
1	10	2	370
1	11	3	150
1	12	4	135
1	13	4	310
1	14	3	300
1	15	2	195
1	16	3	185
1	17	4	245
1	18	3	205
1	19	4	95
1	20	3	110
1	21	4	240
1	22	3	325
1	23	3	140
1	24	2	205
1	25	4	240
1	26	5	155
1	27	5	265
1	28	5	150
1	29	5	150
1	30	5	280
1	31	5	150
1	32	5	60
1	33	4	185
1	34	4	155
1	35	5	260
1	36	5	225
1	37	5	95
1	38	5	330
1	39	5	220
1	40	5	230
1	41	5	190
1	42	5	180
1	43	4	285
1	44	5	300
1	45	5	120
1	46	4	260
1	47	5	240
1	48	5	235
1	49	5	260
1	50	5	180
2	1	3	250
2	2	3	190
2	3	3	170
2	4	3	280
2	5	4	175
2	6	4	160
2	7	3	330
2	8	3	220
2	9	3	135
2	10	4	205
2	11	4	335
2	12	3	180
2	13	3	95
2	14	4	345
2	15	4	350
2	16	4	220
2	17	3	120
2	18	2	140
2	19	3	145
2	20	2	170
2	21	4	115
2	22	3	210
2	23	2	205
2	24	4	185
2	25	4	310
2	26	5	240
2	27	5	160
2	28	5	315
2	29	5	215
2	30	4	145
2	31	5	270
2	32	5	160
2	33	5	205
2	34	4	280
2	35	5	160
2	36	5	230
2	37	5	280
2	38	5	175
2	39	5	60
2	40	5	55
2	41	5	165
2	42	5	345
2	43	5	170
2	44	5	220
2	45	5	290
2	46	4	140
2	47	5	275
2	48	5	295
2	49	5	180
2	50	5	235
3	1	4	210
3	2	3	140
3	3	3	180
3	4	3	130
3	5	2	90
3	6	3	145
3	7	4	245
3	8	3	160
3	9	3	185
3	10	2	170
3	11	3	245
3	12	2	230
3	13	4	15
3	14	3	290
3	15	2	165
3	16	3	220
3	17	2	230
3	18	3	100
3	19	2	190
3	20	2	95
3	21	4	230
3	22	4	230
3	23	2	370
3	24	4	180
3	25	4	230
3	26	4	155
3	27	5	115
3	28	5	285
3	29	5	140
3	30	4	350
3	31	4	280
3	32	5	35
3	33	5	160
3	34	4	305
3	35	5	200
3	36	5	220
3	37	5	130
3	38	5	155
3	39	5	235
3	40	5	265
3	41	5	110
3	42	5	235
3	43	5	220
3	44	5	285
3	45	5	275
3	46	5	170
3	47	5	195
3	48	5	310
3	49	5	150
3	50	5	125
4	1	3	165
4	2	2	270
4	3	4	170
4	4	3	230
4	5	2	205
4	6	3	255
4	7	2	135
4	8	2	185
4	9	3	195
4	10	4	95
4	11	3	170
4	12	3	240
4	13	4	150
4	14	4	110
4	15	2	110
4	16	2	225
4	17	3	220
4	18	3	135
4	19	4	205
4	20	2	180
4	21	2	180
4	22	3	115
4	23	3	185
4	24	4	95
4	25	3	210
4	26	4	160
4	27	4	250
4	28	5	310
4	29	4	190
4	30	4	175
4	31	4	285
4	32	5	185
4	33	5	225
4	34	4	245
4	35	5	240
4	36	5	245
4	37	5	215
4	38	5	90
4	39	5	125
4	40	5	170
4	41	5	110
4	42	5	235
4	43	5	235
4	44	4	225
4	45	5	200
4	46	5	265
4	47	5	210
4	48	5	210
4	49	5	305
4	50	5	295
5	1	3	105
5	2	3	335
5	3	2	285
5	4	4	130
5	5	4	135
5	6	3	165
5	7	3	265
5	8	2	215
5	9	3	210
5	10	3	70
5	11	3	310
5	12	4	290
5	13	2	140
5	14	4	295
5	15	2	70
5	16	2	185
5	17	3	190
5	18	4	90
5	19	3	190
5	20	4	240
5	21	2	115
5	22	3	305
5	23	4	170
5	24	3	85
5	25	3	190
5	26	4	175
5	27	5	285
5	28	5	30
5	29	4	345
5	30	5	240
5	31	4	210
5	32	5	115
5	33	5	300
5	34	4	270
5	35	5	345
5	36	5	190
5	37	5	330
5	38	5	75
5	39	5	195
5	40	5	255
5	41	5	225
5	42	5	95
5	43	5	290
5	44	4	75
5	45	5	205
5	46	5	85
5	47	5	165
5	48	5	105
5	49	5	205
5	50	5	140
6	1	4	245
6	2	2	30
6	3	4	125
6	4	3	195
6	5	4	70
6	6	3	170
6	7	3	190
6	8	3	145
6	9	3	285
6	10	4	190
6	11	2	190
6	12	4	255
6	13	4	105
6	14	4	285
6	15	3	185
6	16	3	180
6	17	2	135
6	18	3	100
6	19	4	170
6	20	2	210
6	21	4	315
6	22	4	125
6	23	3	175
6	24	3	295
6	25	3	200
6	26	4	175
6	27	4	265
6	28	5	185
6	29	4	130
6	30	5	185
6	31	5	180
6	32	5	145
6	33	5	165
6	34	5	305
6	35	5	205
6	36	5	190
6	37	5	135
6	38	5	245
6	39	5	230
6	40	5	320
6	41	5	225
6	42	5	170
6	43	5	285
6	44	5	115
6	45	5	170
6	46	5	110
6	47	5	95
6	48	5	80
6	49	5	295
6	50	5	160
7	1	3	200
7	2	3	205
7	3	2	350
7	4	4	210
7	5	3	115
7	6	4	225
7	7	2	435
7	8	2	235
7	9	3	135
7	10	4	200
7	11	2	175
7	12	2	145
7	13	2	195
7	14	4	115
7	15	4	225
7	16	4	40
7	17	3	220
7	18	3	240
7	19	2	240
7	20	2	125
7	21	3	190
7	22	3	135
7	23	3	165
7	24	3	260
7	25	3	255
7	26	4	280
7	27	5	240
7	28	5	250
7	29	5	165
7	30	5	85
7	31	5	225
7	32	5	305
7	33	5	180
7	34	5	145
7	35	5	305
7	36	5	175
7	37	5	75
7	38	5	170
7	39	5	140
7	40	5	40
7	41	5	205
7	42	5	190
7	43	4	285
7	44	4	335
7	45	5	115
7	46	4	200
7	47	5	65
7	48	5	125
7	49	5	260
7	50	5	300
8	1	3	80
8	2	2	250
8	3	2	310
8	4	3	135
8	5	3	150
8	6	3	245
8	7	2	85
8	8	2	190
8	9	3	225
8	10	3	215
8	11	4	270
8	12	3	300
8	13	4	205
8	14	3	405
8	15	3	305
8	16	3	150
8	17	3	205
8	18	4	245
8	19	4	385
8	20	4	115
8	21	3	165
8	22	3	235
8	23	2	205
8	24	4	150
8	25	3	155
8	26	4	270
8	27	4	170
8	28	5	5
8	29	5	60
8	30	4	245
8	31	5	255
8	32	5	355
8	33	5	140
8	34	5	115
8	35	5	210
8	36	5	275
8	37	5	205
8	38	5	280
8	39	4	165
8	40	5	265
8	41	5	310
8	42	5	70
8	43	4	170
8	44	5	310
8	45	5	190
8	46	4	275
8	47	5	50
8	48	5	205
8	49	5	305
8	50	5	135
9	1	4	200
9	2	4	325
9	3	3	185
9	4	3	385
9	5	4	80
9	6	4	40
9	7	2	260
9	8	2	130
9	9	2	180
9	10	3	90
9	11	3	185
9	12	2	235
9	13	3	230
9	14	3	95
9	15	3	330
9	16	3	265
9	17	2	250
9	18	3	95
9	19	3	200
9	20	3	245
9	21	3	225
9	22	3	140
9	23	2	280
9	24	2	250
9	25	4	245
9	26	4	165
9	27	5	155
9	28	5	320
9	29	4	225
9	30	4	195
9	31	4	265
9	32	5	205
9	33	5	185
9	34	4	30
9	35	5	290
9	36	5	110
9	37	5	175
9	38	5	230
9	39	4	120
9	40	5	190
9	41	5	280
9	42	5	170
9	43	5	200
9	44	4	75
9	45	5	190
9	46	4	380
9	47	5	205
9	48	5	145
9	49	5	215
9	50	5	285
10	1	2	215
10	2	2	315
10	3	2	60
10	4	3	355
10	5	4	205
10	6	3	110
10	7	4	160
10	8	4	115
10	9	2	180
10	10	3	225
10	11	4	100
10	12	2	335
10	13	4	170
10	14	3	90
10	15	2	145
10	16	4	105
10	17	3	310
10	18	2	275
10	19	3	235
10	20	4	90
10	21	3	35
10	22	4	85
10	23	3	285
10	24	2	100
10	25	2	295
10	26	4	330
10	27	5	225
10	28	5	215
10	29	4	140
10	30	5	195
10	31	4	275
10	32	5	295
10	33	4	85
10	34	4	185
10	35	5	280
10	36	5	130
10	37	5	105
10	38	5	120
10	39	5	325
10	40	5	310
10	41	5	205
10	42	5	190
10	43	5	225
10	44	5	385
10	45	5	265
10	46	4	125
10	47	5	240
10	48	5	195
10	49	5	95
10	50	5	135


Warehouse Fashion Inventory (W F T):
1	1815		1600		655		0		0	
2	2280		1415		325		0		0	
3	2065		1060		295		0		0	
4	2250		2250		340		0		0	
5	1450		930		665		0		0	
6	1720		1720		630		0		0	
7	2320		1405		405		0		0	
8	1865		910		385		0		0	
9	1895		1535		0		0		0	
10	1830		1290		690		0		0	
11	2130		1765		705		0		0	
12	2345		1400		680		0		0	
13	1615		1280		955		0		0	
14	2330		2330		1150		0		0	
15	2080		1395		575		0		0	
16	1775		1365		365		0		0	
17	2125		1510		245		0		0	
18	1625		1210		335		0		0	
19	2055		1625		855		0		0	
20	1580		800		445		0		0	
21	1810		1515		900		0		0	
22	1905		1905		440		0		0	
23	2180		1120		170		0		0	
24	1805		1250		610		0		0	
25	2330		2035		1025		0		0	
26	0		0		2105		395		0	
27	0		0		2130		1445		0	
28	0		0		0		2065		0	
29	0		0		1760		730		0	
30	0		0		2095		985		0	
31	0		0		2395		1080		0	
32	0		0		0		1860		0	
33	0		0		1830		1560		0	
34	0		0		2035		565		0	
35	0		0		0		2495		0	
36	0		0		0		1990		0	
37	0		0		0		1745		0	
38	0		0		0		1870		0	
39	0		0		1815		1530		0	
40	0		0		0		2100		0	
41	0		0		0		2025		0	
42	0		0		0		1880		0	
43	0		0		2365		1625		0	
44	0		0		2325		1615		0	
45	0		0		0		2020		0	
46	0		0		2010		630		0	
47	0		0		0		1740		0	
48	0		0		0		1905		0	
49	0		0		0		2270		0	
50	0		0		0		1990		0	

Store Fashion Inventory (S F T):
Store1
1	0		145		145		145	
2	0		220		220		220	
3	0		230		230		230	
4	0		200		200		200	
5	225		225		225		225	
6	0		0		205		205	
7	0		215		215		215	
8	0		0		270		270	
9	0		165		165		165	
10	370		370		370		370	
11	0		150		150		150	
12	0		0		135		135	
13	0		0		310		310	
14	0		300		300		300	
15	195		195		195		195	
16	0		185		185		185	
17	0		0		245		245	
18	0		205		205		205	
19	0		0		95		95	
20	0		110		110		110	
21	0		0		240		240	
22	0		325		325		325	
23	0		140		140		140	
24	205		205		205		205	
25	0		0		240		240	
26	0		0		0		155	
27	0		0		0		265	
28	0		0		0		150	
29	0		0		0		150	
30	0		0		0		280	
31	0		0		0		150	
32	0		0		0		60	
33	0		0		185		185	
34	0		0		155		155	
35	0		0		0		260	
36	0		0		0		225	
37	0		0		0		95	
38	0		0		0		330	
39	0		0		0		220	
40	0		0		0		230	
41	0		0		0		190	
42	0		0		0		180	
43	0		0		285		285	
44	0		0		0		300	
45	0		0		0		120	
46	0		0		260		260	
47	0		0		0		240	
48	0		0		0		235	
49	0		0		0		260	
50	0		0		0		180	
Store2
1	0		250		250		250	
2	0		190		190		190	
3	0		170		170		170	
4	0		280		280		280	
5	0		0		175		175	
6	0		0		160		160	
7	0		330		330		330	
8	0		220		220		220	
9	0		135		135		135	
10	0		0		205		205	
11	0		0		335		335	
12	0		180		180		180	
13	0		95		95		95	
14	0		0		345		345	
15	0		0		350		350	
16	0		0		220		220	
17	0		120		120		120	
18	140		140		140		140	
19	0		145		145		145	
20	170		170		170		170	
21	0		0		115		115	
22	0		210		210		210	
23	205		205		205		205	
24	0		0		185		185	
25	0		0		310		310	
26	0		0		0		240	
27	0		0		0		160	
28	0		0		0		315	
29	0		0		0		215	
30	0		0		145		145	
31	0		0		0		270	
32	0		0		0		160	
33	0		0		0		205	
34	0		0		280		280	
35	0		0		0		160	
36	0		0		0		230	
37	0		0		0		280	
38	0		0		0		175	
39	0		0		0		60	
40	0		0		0		55	
41	0		0		0		165	
42	0		0		0		345	
43	0		0		0		170	
44	0		0		0		220	
45	0		0		0		290	
46	0		0		140		140	
47	0		0		0		275	
48	0		0		0		295	
49	0		0		0		180	
50	0		0		0		235	
Store3
1	0		0		210		210	
2	0		140		140		140	
3	0		180		180		180	
4	0		130		130		130	
5	90		90		90		90	
6	0		145		145		145	
7	0		0		245		245	
8	0		160		160		160	
9	0		185		185		185	
10	170		170		170		170	
11	0		245		245		245	
12	230		230		230		230	
13	0		0		15		15	
14	0		290		290		290	
15	165		165		165		165	
16	0		220		220		220	
17	230		230		230		230	
18	0		100		100		100	
19	190		190		190		190	
20	95		95		95		95	
21	0		0		230		230	
22	0		0		230		230	
23	370		370		370		370	
24	0		0		180		180	
25	0		0		230		230	
26	0		0		155		155	
27	0		0		0		115	
28	0		0		0		285	
29	0		0		0		140	
30	0		0		350		350	
31	0		0		280		280	
32	0		0		0		35	
33	0		0		0		160	
34	0		0		305		305	
35	0		0		0		200	
36	0		0		0		220	
37	0		0		0		130	
38	0		0		0		155	
39	0		0		0		235	
40	0		0		0		265	
41	0		0		0		110	
42	0		0		0		235	
43	0		0		0		220	
44	0		0		0		285	
45	0		0		0		275	
46	0		0		0		170	
47	0		0		0		195	
48	0		0		0		310	
49	0		0		0		150	
50	0		0		0		125	
Store4
1	0		165		165		165	
2	270		270		270		270	
3	0		0		170		170	
4	0		230		230		230	
5	205		205		205		205	
6	0		255		255		255	
7	135		135		135		135	
8	185		185		185		185	
9	0		195		195		195	
10	0		0		95		95	
11	0		170		170		170	
12	0		240		240		240	
13	0		0		150		150	
14	0		0		110		110	
15	110		110		110		110	
16	225		225		225		225	
17	0		220		220		220	
18	0		135		135		135	
19	0		0		205		205	
20	180		180		180		180	
21	180		180		180		180	
22	0		115		115		115	
23	0		185		185		185	
24	0		0		95		95	
25	0		210		210		210	
26	0		0		160		160	
27	0		0		250		250	
28	0		0		0		310	
29	0		0		190		190	
30	0		0		175		175	
31	0		0		285		285	
32	0		0		0		185	
33	0		0		0		225	
34	0		0		245		245	
35	0		0		0		240	
36	0		0		0		245	
37	0		0		0		215	
38	0		0		0		90	
39	0		0		0		125	
40	0		0		0		170	
41	0		0		0		110	
42	0		0		0		235	
43	0		0		0		235	
44	0		0		225		225	
45	0		0		0		200	
46	0		0		0		265	
47	0		0		0		210	
48	0		0		0		210	
49	0		0		0		305	
50	0		0		0		295	
Store5
1	0		105		105		105	
2	0		335		335		335	
3	285		285		285		285	
4	0		0		130		130	
5	0		0		135		135	
6	0		165		165		165	
7	0		265		265		265	
8	215		215		215		215	
9	0		210		210		210	
10	0		70		70		70	
11	0		310		310		310	
12	0		0		290		290	
13	140		140		140		140	
14	0		0		295		295	
15	70		70		70		70	
16	185		185		185		185	
17	0		190		190		190	
18	0		0		90		90	
19	0		190		190		190	
20	0		0		240		240	
21	115		115		115		115	
22	0		305		305		305	
23	0		0		170		170	
24	0		85		85		85	
25	0		190		190		190	
26	0		0		175		175	
27	0		0		0		285	
28	0		0		0		30	
29	0		0		345		345	
30	0		0		0		240	
31	0		0		210		210	
32	0		0		0		115	
33	0		0		0		300	
34	0		0		270		270	
35	0		0		0		345	
36	0		0		0		190	
37	0		0		0		330	
38	0		0		0		75	
39	0		0		0		195	
40	0		0		0		255	
41	0		0		0		225	
42	0		0		0		95	
43	0		0		0		290	
44	0		0		75		75	
45	0		0		0		205	
46	0		0		0		85	
47	0		0		0		165	
48	0		0		0		105	
49	0		0		0		205	
50	0		0		0		140	
Store6
1	0		0		245		245	
2	30		30		30		30	
3	0		0		125		125	
4	0		195		195		195	
5	0		0		70		70	
6	0		170		170		170	
7	0		190		190		190	
8	0		145		145		145	
9	0		285		285		285	
10	0		0		190		190	
11	190		190		190		190	
12	0		0		255		255	
13	0		0		105		105	
14	0		0		285		285	
15	0		185		185		185	
16	0		180		180		180	
17	135		135		135		135	
18	0		100		100		100	
19	0		0		170		170	
20	210		210		210		210	
21	0		0		315		315	
22	0		0		125		125	
23	0		175		175		175	
24	0		295		295		295	
25	0		200		200		200	
26	0		0		175		175	
27	0		0		265		265	
28	0		0		0		185	
29	0		0		130		130	
30	0		0		0		185	
31	0		0		0		180	
32	0		0		0		145	
33	0		0		0		165	
34	0		0		0		305	
35	0		0		0		205	
36	0		0		0		190	
37	0		0		0		135	
38	0		0		0		245	
39	0		0		0		230	
40	0		0		0		320	
41	0		0		0		225	
42	0		0		0		170	
43	0		0		0		285	
44	0		0		0		115	
45	0		0		0		170	
46	0		0		0		110	
47	0		0		0		95	
48	0		0		0		80	
49	0		0		0		295	
50	0		0		0		160	
Store7
1	0		200		200		200	
2	0		205		205		205	
3	350		350		350		350	
4	0		0		210		210	
5	0		115		115		115	
6	0		0		225		225	
7	435		435		435		435	
8	235		235		235		235	
9	0		135		135		135	
10	0		0		200		200	
11	175		175		175		175	
12	145		145		145		145	
13	195		195		195		195	
14	0		0		115		115	
15	0		0		225		225	
16	0		0		40		40	
17	0		220		220		220	
18	0		240		240		240	
19	240		240		240		240	
20	125		125		125		125	
21	0		190		190		190	
22	0		135		135		135	
23	0		165		165		165	
24	0		260		260		260	
25	0		255		255		255	
26	0		0		280		280	
27	0		0		0		240	
28	0		0		0		250	
29	0		0		0		165	
30	0		0		0		85	
31	0		0		0		225	
32	0		0		0		305	
33	0		0		0		180	
34	0		0		0		145	
35	0		0		0		305	
36	0		0		0		175	
37	0		0		0		75	
38	0		0		0		170	
39	0		0		0		140	
40	0		0		0		40	
41	0		0		0		205	
42	0		0		0		190	
43	0		0		285		285	
44	0		0		335		335	
45	0		0		0		115	
46	0		0		200		200	
47	0		0		0		65	
48	0		0		0		125	
49	0		0		0		260	
50	0		0		0		300	
Store8
1	0		80		80		80	
2	250		250		250		250	
3	310		310		310		310	
4	0		135		135		135	
5	0		150		150		150	
6	0		245		245		245	
7	85		85		85		85	
8	190		190		190		190	
9	0		225		225		225	
10	0		215		215		215	
11	0		0		270		270	
12	0		300		300		300	
13	0		0		205		205	
14	0		405		405		405	
15	0		305		305		305	
16	0		150		150		150	
17	0		205		205		205	
18	0		0		245		245	
19	0		0		385		385	
20	0		0		115		115	
21	0		165		165		165	
22	0		235		235		235	
23	205		205		205		205	
24	0		0		150		150	
25	0		155		155		155	
26	0		0		270		270	
27	0		0		170		170	
28	0		0		0		5	
29	0		0		0		60	
30	0		0		245		245	
31	0		0		0		255	
32	0		0		0		355	
33	0		0		0		140	
34	0		0		0		115	
35	0		0		0		210	
36	0		0		0		275	
37	0		0		0		205	
38	0		0		0		280	
39	0		0		165		165	
40	0		0		0		265	
41	0		0		0		310	
42	0		0		0		70	
43	0		0		170		170	
44	0		0		0		310	
45	0		0		0		190	
46	0		0		275		275	
47	0		0		0		50	
48	0		0		0		205	
49	0		0		0		305	
50	0		0		0		135	
Store9
1	0		0		200		200	
2	0		0		325		325	
3	0		185		185		185	
4	0		385		385		385	
5	0		0		80		80	
6	0		0		40		40	
7	260		260		260		260	
8	130		130		130		130	
9	180		180		180		180	
10	0		90		90		90	
11	0		185		185		185	
12	235		235		235		235	
13	0		230		230		230	
14	0		95		95		95	
15	0		330		330		330	
16	0		265		265		265	
17	250		250		250		250	
18	0		95		95		95	
19	0		200		200		200	
20	0		245		245		245	
21	0		225		225		225	
22	0		140		140		140	
23	280		280		280		280	
24	250		250		250		250	
25	0		0		245		245	
26	0		0		165		165	
27	0		0		0		155	
28	0		0		0		320	
29	0		0		225		225	
30	0		0		195		195	
31	0		0		265		265	
32	0		0		0		205	
33	0		0		0		185	
34	0		0		30		30	
35	0		0		0		290	
36	0		0		0		110	
37	0		0		0		175	
38	0		0		0		230	
39	0		0		120		120	
40	0		0		0		190	
41	0		0		0		280	
42	0		0		0		170	
43	0		0		0		200	
44	0		0		75		75	
45	0		0		0		190	
46	0		0		380		380	
47	0		0		0		205	
48	0		0		0		145	
49	0		0		0		215	
50	0		0		0		285	
Store10
1	215		215		215		215	
2	315		315		315		315	
3	60		60		60		60	
4	0		355		355		355	
5	0		0		205		205	
6	0		110		110		110	
7	0		0		160		160	
8	0		0		115		115	
9	180		180		180		180	
10	0		225		225		225	
11	0		0		100		100	
12	335		335		335		335	
13	0		0		170		170	
14	0		90		90		90	
15	145		145		145		145	
16	0		0		105		105	
17	0		310		310		310	
18	275		275		275		275	
19	0		235		235		235	
20	0		0		90		90	
21	0		35		35		35	
22	0		0		85		85	
23	0		285		285		285	
24	100		100		100		100	
25	295		295		295		295	
26	0		0		330		330	
27	0		0		0		225	
28	0		0		0		215	
29	0		0		140		140	
30	0		0		0		195	
31	0		0		275		275	
32	0		0		0		295	
33	0		0		85		85	
34	0		0		185		185	
35	0		0		0		280	
36	0		0		0		130	
37	0		0		0		105	
38	0		0		0		120	
39	0		0		0		325	
40	0		0		0		310	
41	0		0		0		205	
42	0		0		0		190	
43	0		0		0		225	
44	0		0		0		385	
45	0		0		0		265	
46	0		0		125		125	
47	0		0		0		240	
48	0		0		0		195	
49	0		0		0		95	
50	0		0		0		135	


Fashion Shipments from Vendor to Warehouse (V T):
1.890314	0	0	0	
0	0	0.9473767	0.9418133	

Printing New Basic Solution:

Inbound Solution (V P T):
1	1	2	2056
1	2	2	1439
1	2	3	618
1	3	2	800
1	3	3	1201
1	4	2	837
1	4	3	1256
1	5	2	733
1	5	3	1101
1	6	2	568
1	6	3	1326
1	7	2	2125
1	8	2	481
1	8	3	1123
1	9	2	1035
1	9	3	1036
1	10	2	196
1	10	3	1769
1	11	2	1604
1	11	3	402
1	12	2	1614
1	12	3	404
1	13	2	421
1	13	3	1688
1	14	2	1506
1	14	3	377
1	15	2	1010
1	15	3	1010
1	16	2	628
1	16	3	1468
2	17	2	1556
2	17	4	389
2	18	2	755
2	18	4	1133
2	19	2	1701
2	20	2	1791
2	21	4	2188
2	22	2	628
2	22	4	1466
2	23	2	206
2	23	4	1857
2	24	2	1544
2	24	4	387
2	25	2	1987
2	26	2	1424
2	26	4	357
2	27	2	1692
2	27	4	188
2	28	2	1644
2	28	4	412
2	29	2	1391
2	29	4	597
2	30	2	1244
2	30	4	830
2	31	2	1108
2	31	4	740
2	32	2	199
2	32	4	1794
3	33	4	584
3	33	5	1365
3	34	4	847
3	34	5	1271
3	35	4	561
3	35	5	1311
3	36	4	210
3	36	5	1896
3	37	4	195
3	37	5	1762
3	38	4	201
3	38	5	1809
3	39	4	2258
3	40	4	2024
3	41	4	638
3	41	5	1490
3	42	5	2001
3	43	4	564
3	43	5	1316
3	44	4	2109
3	45	4	1728
3	45	5	192
3	46	4	198
3	46	5	1786
3	47	5	2241
3	48	4	819
3	48	5	1229
3	49	4	990
3	49	5	991
3	50	4	599
3	50	5	1398


Outbound Solution(S P T):
1	1	2	55
1	1	3	34
1	1	4	36
1	1	5	57
1	2	2	77
1	2	3	29
1	2	4	47
1	2	5	52
1	3	2	53
1	3	3	58
1	3	4	51
1	3	5	32
1	4	2	75
1	4	3	26
1	4	4	37
1	4	5	38
1	5	2	81
1	5	3	59
1	5	4	23
1	5	5	41
1	6	2	63
1	6	3	22
1	6	4	22
1	6	5	33
1	7	2	57
1	7	3	55
1	7	4	52
1	7	5	52
1	8	2	40
1	8	3	24
1	8	4	42
1	8	5	40
1	9	2	85
1	9	3	57
1	9	4	54
1	9	5	53
1	10	2	125
1	10	3	18
1	10	4	57
1	10	5	37
1	11	2	105
1	11	3	48
1	11	4	70
1	11	5	51
1	12	2	21
1	12	3	55
1	12	4	48
1	12	5	57
1	13	2	48
1	13	3	42
1	13	4	48
1	13	5	52
1	14	2	72
1	14	3	20
1	14	4	14
1	14	5	62
1	15	2	76
1	15	3	54
1	15	4	29
1	15	5	2
1	16	2	94
1	16	3	53
1	16	4	47
1	16	5	30
1	17	2	83
1	17	3	28
1	17	4	27
1	17	5	29
1	18	2	96
1	18	3	23
1	18	4	35
1	18	5	41
1	19	2	64
1	19	3	41
1	19	4	61
1	19	5	32
1	20	2	65
1	20	3	43
1	20	4	39
1	20	5	56
1	21	2	71
1	21	3	48
1	21	4	56
1	21	5	38
1	22	2	113
1	22	3	42
1	22	4	9
1	22	5	26
1	23	2	90
1	23	3	15
1	23	4	30
1	23	5	20
1	24	2	58
1	24	3	44
1	24	4	26
1	24	5	41
1	25	2	82
1	25	3	31
1	25	4	30
1	25	5	25
1	26	2	59
1	26	3	25
1	26	4	47
1	26	5	43
1	27	2	58
1	27	3	30
1	27	4	31
1	27	5	30
1	28	2	77
1	28	3	25
1	28	4	75
1	28	5	33
1	29	2	86
1	29	3	31
1	29	4	39
1	29	5	50
1	30	2	81
1	30	3	26
1	30	4	69
1	30	5	34
1	31	2	79
1	31	3	51
1	31	4	41
1	31	5	38
1	32	2	36
1	32	3	35
1	32	4	57
1	32	5	12
1	33	2	52
1	33	3	33
1	33	4	19
1	33	5	33
1	34	2	100
1	34	3	50
1	34	4	42
1	34	5	42
1	35	2	85
1	35	3	31
1	35	4	57
1	35	5	29
1	36	2	78
1	36	3	50
1	36	4	22
1	36	5	32
1	37	2	20
1	37	3	37
1	37	4	38
1	37	5	52
1	38	2	67
1	38	3	34
1	38	4	61
1	38	5	67
1	39	2	108
1	39	3	26
1	39	4	45
1	39	5	20
1	40	2	55
1	40	3	20
1	40	4	35
1	40	5	10
1	41	2	125
1	41	3	50
1	41	4	28
1	41	5	12
1	42	2	73
1	42	3	37
1	42	4	18
1	42	5	32
1	43	2	108
1	43	3	44
1	43	4	42
1	43	5	39
1	44	2	70
1	44	3	51
1	44	4	46
1	45	2	70
1	45	4	44
1	45	5	47
1	46	2	87
1	46	3	15
1	46	4	41
1	46	5	30
1	47	2	35
1	47	3	48
1	47	4	25
1	47	5	88
1	48	2	82
1	48	3	55
1	48	4	49
1	48	5	36
1	49	2	127
1	49	3	18
1	49	4	76
1	49	5	42
1	50	2	72
1	50	3	57
1	50	4	25
1	50	5	49
2	1	2	73
2	1	3	40
2	1	4	80
2	1	5	6
2	2	2	66
2	2	3	34
2	2	4	77
2	2	5	40
2	3	2	35
2	3	3	25
2	3	4	82
2	3	5	32
2	4	2	52
2	4	3	57
2	4	4	97
2	4	5	30
2	5	2	62
2	5	3	26
2	5	4	33
2	5	5	19
2	6	2	23
2	6	3	37
2	6	4	48
2	6	5	35
2	7	2	33
2	7	3	36
2	7	4	85
2	7	5	37
2	8	2	64
2	8	3	44
2	8	4	67
2	8	5	53
2	9	2	45
2	9	3	52
2	9	4	82
2	9	5	16
2	10	2	30
2	10	3	53
2	10	4	65
2	10	5	46
2	11	2	41
2	11	3	21
2	11	4	54
2	11	5	22
2	12	2	32
2	12	3	33
2	12	4	92
2	12	5	57
2	13	2	79
2	13	3	42
2	13	4	125
2	13	5	38
2	14	2	69
2	14	3	51
2	14	4	97
2	14	5	51
2	15	2	29
2	15	3	56
2	15	4	79
2	15	5	35
2	16	2	32
2	16	3	31
2	16	4	122
2	16	5	57
2	17	2	73
2	17	3	11
2	17	4	63
2	17	5	46
2	18	2	65
2	18	3	4
2	18	4	50
2	18	5	32
2	19	2	34
2	19	3	37
2	19	4	69
2	19	5	12
2	20	2	30
2	20	3	21
2	20	4	43
2	20	5	44
2	21	2	53
2	21	3	49
2	21	4	113
2	21	5	19
2	22	2	67
2	22	3	48
2	22	4	92
2	22	5	44
2	23	2	33
2	23	3	64
2	23	4	72
2	23	5	60
2	24	2	45
2	24	3	48
2	24	4	83
2	24	5	29
2	25	2	29
2	25	3	36
2	25	4	75
2	25	5	44
2	26	3	32
2	26	4	74
2	26	5	32
2	27	2	54
2	27	3	52
2	27	4	88
2	27	5	54
2	28	2	22
2	28	3	39
2	28	4	106
2	28	5	27
2	29	2	42
2	29	3	38
2	29	4	98
2	29	5	46
2	30	2	39
2	30	3	26
2	30	4	82
2	30	5	44
2	31	2	54
2	31	3	59
2	31	4	75
2	31	5	39
2	32	2	51
2	32	3	65
2	32	4	91
2	33	2	24
2	33	3	10
2	33	4	67
2	33	5	37
2	34	2	56
2	34	3	20
2	34	4	94
2	34	5	37
2	35	2	25
2	35	3	40
2	35	4	91
2	35	5	8
2	36	2	68
2	36	3	44
2	36	4	98
2	36	5	35
2	37	2	38
2	37	3	40
2	37	4	75
2	37	5	20
2	38	2	26
2	38	3	25
2	38	4	50
2	38	5	35
2	39	2	36
2	39	3	22
2	39	4	77
2	39	5	37
2	40	2	59
2	40	3	37
2	40	4	105
2	40	5	82
2	41	2	44
2	41	3	63
2	41	4	60
2	41	5	47
2	42	2	25
2	42	3	37
2	42	4	59
2	42	5	32
2	43	2	11
2	43	3	48
2	43	4	63
2	43	5	51
2	44	2	36
2	44	3	47
2	44	4	73
2	44	5	27
2	45	2	31
2	45	3	47
2	45	4	48
2	45	5	69
2	46	2	27
2	46	3	49
2	46	4	60
2	46	5	46
2	47	2	55
2	47	3	19
2	47	4	53
2	47	5	50
2	48	2	50
2	48	3	80
2	48	4	62
2	48	5	53
2	49	2	37
2	49	3	22
2	49	4	119
2	49	5	33
2	50	2	44
2	50	3	24
2	50	4	79
2	50	5	70
3	1	2	52
3	1	3	73
3	1	4	125
3	2	2	57
3	2	3	80
3	2	4	77
3	3	2	51
3	3	3	78
3	3	4	59
3	4	2	66
3	4	3	60
3	4	4	82
3	5	2	30
3	5	3	123
3	5	4	93
3	6	2	7
3	6	3	71
3	6	4	72
3	7	2	28
3	7	3	104
3	7	4	74
3	8	2	45
3	8	3	52
3	8	4	44
3	9	2	28
3	9	3	102
3	9	4	54
3	10	2	51
3	10	3	40
3	10	4	62
3	11	2	35
3	11	3	61
3	11	4	92
3	12	2	32
3	12	3	86
3	12	4	90
3	13	2	33
3	13	3	119
3	13	4	57
3	14	2	51
3	14	3	79
3	14	4	61
3	15	2	34
3	15	3	119
3	15	4	77
3	16	2	72
3	16	3	84
3	16	4	84
3	17	2	30
3	17	3	110
3	17	4	89
3	18	2	15
3	18	3	53
3	18	4	55
3	19	2	57
3	19	3	93
3	19	4	78
3	20	2	27
3	20	3	90
3	20	4	66
3	21	2	14
3	21	3	94
3	21	4	128
3	22	2	44
3	22	3	78
3	22	4	110
3	23	2	39
3	23	3	71
3	23	4	87
3	24	2	23
3	24	3	95
3	24	4	88
3	25	2	37
3	25	3	67
3	25	4	88
3	26	2	33
3	26	3	104
3	26	4	106
3	27	2	28
3	27	3	90
3	27	4	72
3	28	2	28
3	28	3	101
3	28	4	45
3	29	2	28
3	29	3	14
3	29	4	114
3	30	2	33
3	30	3	65
3	30	4	76
3	31	2	24
3	31	3	95
3	31	4	96
3	32	2	11
3	32	3	74
3	32	4	70
3	33	2	25
3	33	3	55
3	33	4	109
3	34	2	44
3	34	3	76
3	34	4	77
3	35	2	48
3	35	3	71
3	35	4	126
3	36	2	26
3	36	3	82
3	36	4	48
3	37	2	43
3	37	3	92
3	37	4	86
3	38	2	46
3	38	3	70
3	38	4	96
3	39	2	41
3	39	3	84
3	39	4	106
3	40	2	39
3	40	3	78
3	40	4	66
3	41	2	61
3	41	3	82
3	41	4	87
3	42	2	43
3	42	3	49
3	42	4	82
3	43	2	43
3	43	3	35
3	43	4	133
3	44	2	25
3	44	3	56
3	44	4	80
3	45	2	20
3	45	3	96
3	45	4	120
3	46	2	67
3	46	3	55
3	46	4	89
3	47	2	46
3	47	3	55
3	47	4	69
3	48	2	48
3	48	3	73
3	48	4	85
3	49	2	27
3	49	3	63
3	49	4	80
3	50	2	40
3	50	3	105
3	50	4	67
4	1	2	43
4	1	3	36
4	1	4	36
4	1	5	67
4	2	2	45
4	2	3	34
4	2	4	95
4	2	5	37
4	3	2	18
4	3	3	40
4	3	4	93
4	3	5	55
4	4	2	36
4	4	3	20
4	4	4	96
4	4	5	29
4	5	2	38
4	5	3	57
4	5	4	80
4	5	5	27
4	6	2	38
4	6	3	42
4	6	4	62
4	6	5	12
4	7	2	46
4	7	3	16
4	7	4	78
4	7	5	34
4	8	2	49
4	8	3	41
4	8	4	31
4	8	5	50
4	9	2	35
4	9	3	39
4	9	4	85
4	9	5	49
4	10	2	63
4	10	3	41
4	10	4	69
4	10	5	57
4	11	2	8
4	11	3	38
4	11	4	95
4	11	5	23
4	12	2	40
4	12	3	16
4	12	4	91
4	12	5	31
4	13	2	49
4	13	3	34
4	13	4	90
4	13	5	27
4	14	2	43
4	14	3	41
4	14	4	71
4	14	5	56
4	15	2	13
4	15	3	20
4	15	4	90
4	15	5	43
4	16	2	59
4	16	3	42
4	16	4	95
4	16	5	84
4	17	2	23
4	17	3	36
4	17	4	72
4	17	5	64
4	18	2	31
4	18	3	41
4	18	4	92
4	18	5	60
4	19	2	26
4	19	3	58
4	19	4	58
4	19	5	37
4	20	2	20
4	20	3	18
4	20	4	90
4	20	5	24
4	21	2	50
4	21	3	8
4	21	4	92
4	21	5	42
4	22	2	41
4	22	3	47
4	22	4	72
4	22	5	31
4	23	2	29
4	23	3	11
4	23	4	91
4	23	5	30
4	24	2	41
4	24	3	40
4	24	4	79
4	24	5	62
4	25	2	5
4	25	3	56
4	25	4	117
4	25	5	53
4	26	2	17
4	26	3	18
4	26	4	70
4	26	5	29
4	27	2	50
4	27	3	36
4	27	4	103
4	27	5	53
4	28	2	37
4	28	3	42
4	28	4	77
4	28	5	48
4	29	2	54
4	29	3	62
4	29	4	76
4	29	5	33
4	30	2	41
4	30	3	37
4	30	4	76
4	30	5	58
4	31	2	29
4	31	3	41
4	31	4	33
4	31	5	12
4	32	2	69
4	32	3	41
4	32	4	58
4	32	5	54
4	33	2	39
4	33	3	45
4	33	4	108
4	33	5	50
4	34	2	32
4	34	3	35
4	34	4	46
4	34	5	69
4	35	2	70
4	35	3	59
4	35	4	66
4	35	5	45
4	36	2	53
4	36	3	32
4	36	4	55
4	36	5	46
4	37	2	68
4	37	3	26
4	37	4	73
4	37	5	42
4	38	2	57
4	38	3	16
4	38	4	98
4	38	5	41
4	39	2	62
4	39	3	55
4	39	4	110
4	39	5	37
4	40	2	51
4	40	3	41
4	40	4	45
4	40	5	26
4	41	2	52
4	41	3	49
4	41	4	96
4	41	5	52
4	42	2	22
4	42	3	45
4	42	4	69
4	42	5	29
4	43	2	30
4	43	3	27
4	43	4	38
4	43	5	23
4	44	2	52
4	44	3	36
4	44	4	102
4	44	5	66
4	45	2	26
4	45	3	61
4	45	4	86
4	45	5	43
4	46	2	43
4	46	3	35
4	46	4	66
4	46	5	35
4	47	2	43
4	47	3	67
4	47	4	114
4	47	5	55
4	48	2	55
4	48	3	40
4	48	4	91
4	48	5	25
4	49	2	36
4	49	3	39
4	49	4	68
4	49	5	43
4	50	2	47
4	50	3	35
4	50	4	68
4	50	5	26
5	1	2	70
5	1	3	38
5	1	4	26
5	1	5	26
5	2	2	88
5	2	3	3
5	2	4	40
5	2	5	33
5	3	2	109
5	3	3	24
5	3	4	46
5	3	5	38
5	4	2	99
5	4	3	54
5	4	4	41
5	4	5	55
5	5	2	91
5	5	3	39
5	5	4	19
5	5	5	23
5	6	2	116
5	6	3	39
5	6	4	35
5	6	5	69
5	7	2	98
5	7	3	53
5	7	4	39
5	7	5	41
5	8	2	70
5	8	3	39
5	8	4	25
5	9	2	54
5	9	3	39
5	9	4	53
5	9	5	54
5	10	2	88
5	10	3	36
5	10	4	15
5	10	5	48
5	11	2	92
5	11	3	40
5	11	4	38
5	11	5	65
5	12	2	110
5	12	3	41
5	12	4	8
5	12	5	35
5	13	2	89
5	13	3	46
5	13	4	42
5	13	5	23
5	14	2	87
5	14	3	65
5	14	4	62
5	14	5	63
5	15	2	18
5	15	3	51
5	15	4	59
5	15	5	44
5	16	2	97
5	16	3	64
5	16	4	29
5	16	5	59
5	17	2	103
5	17	3	50
5	17	4	16
5	17	5	45
5	18	2	142
5	18	3	53
5	18	4	50
5	18	5	21
5	19	2	81
5	19	3	30
5	19	4	37
5	19	5	32
5	20	2	90
5	20	3	38
5	20	4	73
5	20	5	27
5	21	2	52
5	21	3	64
5	21	4	34
5	21	5	66
5	22	2	73
5	22	3	61
5	22	4	40
5	22	5	37
5	23	2	53
5	23	3	49
5	23	4	57
5	23	5	31
5	24	2	76
5	24	3	51
5	24	4	6
5	24	5	20
5	25	2	76
5	25	3	23
5	25	4	43
5	25	5	26
5	26	2	71
5	26	3	27
5	26	4	56
5	26	5	1
5	27	2	17
5	27	3	8
5	27	4	62
5	27	5	18
5	28	2	83
5	28	3	45
5	28	4	10
5	28	5	48
5	29	2	30
5	29	3	63
5	29	4	57
5	29	5	52
5	30	2	43
5	30	3	64
5	30	4	56
5	30	5	44
5	31	2	81
5	31	3	20
5	31	4	31
5	31	5	47
5	32	2	88
5	32	3	62
5	32	4	61
5	32	5	23
5	33	2	140
5	33	3	29
5	33	4	17
5	33	5	54
5	34	2	68
5	34	3	51
5	34	4	67
5	34	5	29
5	35	2	81
5	35	3	16
5	35	4	37
5	35	5	48
5	36	2	81
5	36	3	31
5	36	4	22
5	36	5	45
5	37	2	87
5	37	3	76
5	37	4	63
5	37	5	40
5	38	2	77
5	38	3	39
5	38	4	30
5	38	5	66
5	39	2	139
5	39	3	5
5	39	4	45
5	39	5	36
5	40	2	72
5	40	3	66
5	40	4	24
5	40	5	38
5	41	2	78
5	41	3	59
5	41	4	40
5	41	5	20
5	42	2	100
5	42	3	69
5	42	4	45
5	42	5	47
5	43	2	104
5	43	3	53
5	43	4	51
5	43	5	35
5	44	2	85
5	44	3	23
5	44	4	60
5	44	5	57
5	45	2	65
5	45	3	49
5	45	4	44
5	45	5	49
5	46	2	84
5	46	3	67
5	46	4	26
5	46	5	59
5	47	2	109
5	47	3	18
5	47	4	35
5	47	5	33
5	48	2	76
5	48	3	34
5	48	4	60
5	48	5	17
5	49	2	86
5	49	3	13
5	49	4	31
5	49	5	50
5	50	2	65
5	50	3	33
5	50	4	45
5	50	5	57
6	1	2	64
6	1	3	43
6	1	4	52
6	1	5	56
6	2	2	64
6	2	3	57
6	2	4	31
6	2	5	28
6	3	2	52
6	3	3	58
6	3	4	8
6	3	5	51
6	4	2	99
6	4	3	53
6	4	4	51
6	4	5	33
6	5	2	59
6	5	4	26
6	5	5	50
6	6	2	58
6	6	3	49
6	6	4	72
6	6	5	59
6	7	2	56
6	7	3	55
6	7	4	35
6	7	5	38
6	8	2	61
6	8	3	31
6	8	4	19
6	8	5	23
6	9	2	90
6	9	3	18
6	9	4	37
6	9	5	60
6	10	2	43
6	10	3	23
6	10	4	62
6	10	5	33
6	11	2	101
6	11	3	45
6	11	4	66
6	11	5	38
6	12	2	104
6	12	3	40
6	12	4	23
6	12	5	29
6	13	2	70
6	13	3	58
6	13	4	30
6	13	5	56
6	14	2	74
6	14	3	26
6	14	4	34
6	14	5	28
6	15	2	131
6	15	3	48
6	15	4	68
6	15	5	68
6	16	2	89
6	16	3	24
6	16	4	42
6	16	5	39
6	17	2	96
6	17	3	54
6	17	4	28
6	17	5	49
6	18	2	68
6	18	3	67
6	18	4	41
6	18	5	16
6	19	2	81
6	19	3	38
6	19	4	42
6	19	5	48
6	20	2	87
6	20	3	31
6	20	4	20
6	20	5	58
6	21	2	98
6	21	3	44
6	21	4	24
6	21	5	30
6	22	2	129
6	22	3	33
6	22	4	29
6	22	5	70
6	23	2	117
6	23	3	44
6	23	4	45
6	23	5	45
6	24	2	121
6	24	3	60
6	24	4	7
6	24	5	52
6	25	2	74
6	25	3	35
6	25	4	55
6	25	5	55
6	26	2	41
6	26	3	37
6	26	4	43
6	26	5	49
6	27	2	97
6	27	3	29
6	27	4	31
6	27	5	31
6	28	2	100
6	28	3	61
6	28	4	46
6	28	5	67
6	29	2	64
6	29	3	58
6	29	4	9
6	29	5	57
6	30	2	104
6	30	3	35
6	30	4	48
6	30	5	47
6	31	2	83
6	31	3	41
6	31	4	28
6	31	5	29
6	32	2	62
6	32	3	13
6	32	4	28
6	32	5	44
6	33	2	93
6	33	3	48
6	33	4	34
6	33	5	40
6	34	2	89
6	34	3	33
6	34	4	54
6	34	5	34
6	35	2	79
6	35	3	18
6	35	4	43
6	35	5	21
6	36	2	109
6	36	3	49
6	36	4	20
6	36	5	20
6	37	2	72
6	37	3	52
6	37	4	57
6	37	5	24
6	38	2	112
6	38	3	25
6	38	4	62
6	38	5	41
6	39	2	90
6	39	3	48
6	39	4	45
6	39	5	73
6	40	2	93
6	40	3	32
6	40	4	49
6	40	5	36
6	41	2	100
6	41	3	26
6	41	4	59
6	41	5	55
6	42	2	88
6	42	3	39
6	42	4	63
6	42	5	21
6	43	2	34
6	43	3	8
6	43	4	39
6	43	5	33
6	44	2	105
6	44	3	49
6	44	4	34
6	44	5	63
6	45	2	69
6	45	3	37
6	45	4	2
6	45	5	22
6	46	2	51
6	46	3	25
6	46	4	21
6	46	5	27
6	47	2	104
6	47	3	41
6	47	4	36
6	47	5	39
6	48	2	34
6	48	3	57
6	48	4	58
6	48	5	42
6	49	2	91
6	49	3	51
6	49	4	55
6	49	5	8
6	50	2	47
6	50	3	42
6	50	4	18
6	50	5	36
7	1	2	41
7	1	3	103
7	1	4	63
7	1	5	26
7	2	2	41
7	2	3	85
7	2	4	44
7	2	5	74
7	3	2	20
7	3	3	101
7	3	4	33
7	3	5	27
7	4	3	96
7	4	4	50
7	4	5	52
7	5	2	34
7	5	3	73
7	5	4	51
7	5	5	27
7	6	2	17
7	6	3	67
7	6	4	23
7	6	5	45
7	7	2	54
7	7	3	81
7	7	4	28
7	7	5	31
7	8	2	39
7	8	3	59
7	8	4	25
7	8	5	35
7	9	2	60
7	9	3	70
7	9	4	28
7	9	5	41
7	10	2	43
7	10	3	62
7	10	4	33
7	10	5	50
7	11	2	47
7	11	3	84
7	11	4	37
7	11	5	17
7	12	2	51
7	12	3	91
7	12	4	45
7	12	5	35
7	13	2	35
7	13	3	48
7	13	4	70
7	13	5	58
7	14	2	34
7	14	3	114
7	14	4	59
7	14	5	30
7	15	2	37
7	15	3	70
7	15	4	6
7	15	5	43
7	16	2	31
7	16	3	58
7	16	4	38
7	16	5	37
7	17	2	52
7	17	3	112
7	17	4	51
7	17	5	26
7	18	2	19
7	18	3	89
7	18	4	39
7	18	5	45
7	19	2	36
7	19	3	63
7	19	4	14
7	19	5	15
7	20	2	41
7	20	3	51
7	20	4	7
7	20	5	16
7	21	2	39
7	21	3	82
7	21	4	39
7	21	5	56
7	22	2	71
7	22	3	90
7	22	4	37
7	22	5	55
7	23	2	44
7	23	3	72
7	23	4	52
7	23	5	67
7	24	2	43
7	24	3	60
7	24	4	3
7	24	5	29
7	25	2	44
7	25	3	34
7	25	4	56
7	25	5	50
7	26	2	52
7	26	3	108
7	26	4	38
7	26	5	29
7	27	2	59
7	27	3	50
7	27	5	48
7	28	2	53
7	28	3	88
7	28	4	65
7	28	5	20
7	29	2	14
7	29	3	103
7	29	4	31
7	29	5	5
7	30	2	30
7	30	3	86
7	30	4	39
7	30	5	61
7	31	2	32
7	31	3	42
7	31	4	43
7	31	5	67
7	32	2	42
7	32	3	73
7	32	4	51
7	32	5	50
7	33	2	36
7	33	3	78
7	33	4	54
7	33	5	13
7	34	2	39
7	34	3	84
7	34	4	61
7	34	5	43
7	35	2	15
7	35	3	94
7	35	4	20
7	35	5	47
7	36	2	47
7	36	3	106
7	36	4	65
7	36	5	55
7	37	2	27
7	37	3	46
7	37	4	39
7	37	5	52
7	38	2	39
7	38	3	78
7	38	4	36
7	38	5	33
7	39	2	37
7	39	3	84
7	39	4	44
7	39	5	54
7	40	2	75
7	40	3	89
7	40	4	33
7	40	5	49
7	41	2	40
7	41	3	92
7	41	4	37
7	41	5	7
7	42	2	44
7	42	3	122
7	42	4	46
7	42	5	72
7	43	2	42
7	43	3	101
7	43	4	30
7	43	5	29
7	44	2	25
7	44	3	107
7	44	4	59
7	44	5	33
7	45	2	29
7	45	3	118
7	45	4	10
7	45	5	43
7	46	2	36
7	46	3	120
7	46	4	66
7	46	5	39
7	47	2	50
7	47	3	109
7	47	4	41
7	47	5	45
7	48	2	37
7	48	3	49
7	48	4	46
7	48	5	16
7	49	2	53
7	49	3	101
7	49	4	39
7	49	5	74
7	50	2	55
7	50	3	55
7	50	4	7
7	50	5	66
8	1	2	91
8	1	3	39
8	1	4	32
8	1	5	43
8	2	2	84
8	2	3	25
8	2	4	40
8	2	5	7
8	3	2	95
8	3	3	46
8	3	4	50
8	3	5	51
8	4	2	77
8	4	3	71
8	4	4	72
8	4	5	38
8	5	2	83
8	5	3	18
8	5	4	29
8	5	5	54
8	6	2	120
8	6	3	30
8	6	4	35
8	6	5	51
8	7	2	130
8	7	3	50
8	7	4	39
8	7	5	65
8	8	2	82
8	8	3	33
8	8	4	28
8	8	5	21
8	9	2	83
8	9	3	28
8	9	4	41
8	9	5	28
8	10	2	113
8	10	3	1
8	10	4	58
8	10	5	44
8	11	2	71
8	11	3	30
8	11	4	53
8	11	5	32
8	12	2	58
8	12	3	41
8	12	4	41
8	12	5	38
8	13	2	71
8	13	3	31
8	13	4	23
8	13	5	50
8	14	2	76
8	14	3	42
8	14	4	17
8	14	5	17
8	15	2	74
8	15	3	42
8	15	4	45
8	15	5	54
8	16	2	70
8	16	4	48
8	16	5	24
8	17	2	62
8	17	3	25
8	17	5	6
8	18	2	60
8	18	3	52
8	18	4	9
8	18	5	36
8	19	2	77
8	19	3	6
8	19	4	25
8	19	5	47
8	20	2	80
8	20	3	59
8	20	4	20
8	20	5	38
8	21	2	53
8	21	3	56
8	21	4	71
8	21	5	38
8	22	2	73
8	22	3	37
8	22	4	29
8	22	5	1
8	23	2	74
8	23	3	75
8	23	4	32
8	23	5	31
8	24	2	39
8	24	3	30
8	24	4	64
8	24	5	36
8	25	2	103
8	25	3	61
8	25	4	17
8	25	5	45
8	26	2	33
8	26	3	50
8	26	4	37
8	26	5	46
8	27	2	93
8	27	3	36
8	27	4	46
8	27	5	37
8	28	2	132
8	28	3	42
8	28	4	38
8	28	5	24
8	29	2	117
8	29	3	22
8	29	4	54
8	29	5	37
8	30	2	89
8	30	3	29
8	30	4	50
8	30	5	66
8	31	2	66
8	31	4	39
8	31	5	38
8	32	2	69
8	32	3	50
8	32	4	60
8	32	5	38
8	33	2	120
8	33	3	26
8	33	4	67
8	33	5	35
8	34	2	91
8	34	3	22
8	34	4	89
8	34	5	24
8	35	2	48
8	35	3	14
8	35	4	24
8	35	5	34
8	36	2	108
8	36	3	70
8	36	4	69
8	36	5	27
8	37	2	81
8	37	3	58
8	37	4	33
8	38	2	95
8	38	3	15
8	38	4	18
8	38	5	38
8	39	2	108
8	39	3	52
8	39	4	44
8	39	5	65
8	40	2	95
8	40	3	40
8	40	4	63
8	40	5	56
8	41	2	94
8	41	3	23
8	41	4	52
8	41	5	47
8	42	2	80
8	42	3	21
8	42	4	53
8	42	5	62
8	43	2	50
8	43	3	27
8	43	4	48
8	43	5	52
8	44	2	90
8	44	3	34
8	44	4	71
8	44	5	34
8	45	2	73
8	45	3	53
8	45	4	7
8	45	5	48
8	46	2	117
8	46	3	49
8	46	4	46
8	46	5	54
8	47	2	115
8	47	3	32
8	47	4	41
8	47	5	38
8	48	2	51
8	48	3	40
8	48	4	42
8	48	5	30
8	49	2	86
8	49	3	54
8	49	4	40
8	49	5	61
8	50	2	105
8	50	3	31
8	50	4	36
8	50	5	34
9	1	2	82
9	1	3	47
9	1	4	74
9	2	2	77
9	2	3	34
9	2	4	136
9	3	2	59
9	3	3	7
9	3	4	109
9	4	2	96
9	4	3	41
9	4	4	87
9	5	2	40
9	5	3	57
9	5	4	124
9	6	2	91
9	6	3	49
9	6	4	84
9	7	2	85
9	7	3	38
9	7	4	67
9	8	2	51
9	8	3	56
9	8	4	24
9	9	2	84
9	9	3	39
9	9	4	92
9	10	2	84
9	10	3	51
9	10	4	68
9	11	2	46
9	11	3	41
9	11	4	108
9	12	2	104
9	12	3	65
9	12	4	76
9	13	2	82
9	13	3	49
9	13	4	93
9	14	2	33
9	14	3	41
9	14	4	51
9	15	2	55
9	15	3	56
9	15	4	88
9	16	2	79
9	16	3	27
9	16	4	80
9	17	2	88
9	17	3	60
9	17	4	90
9	18	2	121
9	18	3	25
9	18	4	69
9	19	2	90
9	19	3	8
9	19	4	36
9	20	2	107
9	20	3	30
9	20	4	45
9	21	2	94
9	21	3	40
9	21	4	81
9	22	2	65
9	22	3	43
9	22	4	86
9	23	2	122
9	23	3	63
9	23	4	96
9	24	2	83
9	24	3	35
9	24	4	113
9	25	2	72
9	25	3	25
9	25	4	93
9	26	2	102
9	26	3	32
9	26	4	61
9	27	2	101
9	27	3	20
9	27	4	104
9	28	2	85
9	28	3	32
9	28	4	47
9	29	2	104
9	29	3	40
9	29	4	62
9	30	2	113
9	30	3	58
9	30	4	53
9	31	2	60
9	31	3	52
9	31	4	57
9	32	2	80
9	32	3	31
9	32	4	102
9	33	2	55
9	33	3	27
9	33	4	101
9	34	2	107
9	34	3	36
9	34	4	101
9	35	2	81
9	35	3	48
9	35	4	84
9	36	2	94
9	36	3	49
9	36	4	83
9	37	2	81
9	37	3	60
9	37	4	85
9	38	2	85
9	38	3	54
9	38	4	72
9	39	2	75
9	39	3	44
9	39	4	86
9	40	2	82
9	40	3	31
9	40	4	50
9	41	2	43
9	41	3	39
9	41	4	69
9	42	2	107
9	42	3	24
9	42	4	90
9	43	2	93
9	43	3	43
9	43	4	66
9	44	2	93
9	44	3	28
9	44	4	105
9	45	2	80
9	45	3	14
9	45	4	83
9	46	2	104
9	46	3	49
9	46	4	77
9	47	2	117
9	47	3	65
9	47	4	107
9	48	2	76
9	48	3	64
9	48	4	89
9	49	2	33
9	49	3	8
9	49	4	66
9	50	2	70
9	50	3	50
9	50	4	82
10	1	2	54
10	1	3	29
10	1	4	124
10	1	5	20
10	2	2	45
10	2	3	71
10	2	4	52
10	2	5	51
10	3	2	49
10	3	3	76
10	3	4	81
10	3	5	49
10	4	2	17
10	4	3	44
10	4	4	66
10	5	2	4
10	5	3	22
10	5	4	82
10	5	5	37
10	6	2	25
10	6	3	29
10	6	4	89
10	6	5	55
10	7	2	47
10	7	3	58
10	7	4	103
10	7	5	47
10	8	2	63
10	8	3	44
10	8	4	50
10	8	5	40
10	9	2	46
10	9	3	50
10	9	4	74
10	9	5	66
10	10	2	43
10	10	3	44
10	10	4	63
10	10	5	46
10	11	2	68
10	11	3	44
10	11	4	73
10	11	5	6
10	12	2	33
10	12	3	30
10	12	4	93
10	12	5	46
10	13	2	39
10	13	3	35
10	13	4	87
10	13	5	41
10	14	2	8
10	14	3	37
10	14	4	28
10	14	5	19
10	15	2	25
10	15	3	58
10	15	4	92
10	15	5	32
10	16	2	20
10	16	3	37
10	16	4	75
10	16	5	43
10	17	2	34
10	17	3	25
10	17	4	74
10	17	5	15
10	18	2	37
10	18	3	40
10	18	4	69
10	18	5	27
10	19	2	48
10	19	3	21
10	19	4	62
10	19	5	7
10	20	2	18
10	20	3	40
10	20	4	92
10	20	5	47
10	21	2	31
10	21	3	77
10	21	4	93
10	21	5	51
10	22	2	28
10	22	3	28
10	22	4	72
10	22	5	43
10	23	2	42
10	23	3	20
10	23	4	70
10	23	5	20
10	24	2	67
10	24	3	10
10	24	4	75
10	24	5	49
10	25	2	45
10	25	3	35
10	25	4	74
10	25	5	71
10	26	2	51
10	26	3	46
10	26	4	53
10	26	5	29
10	27	2	17
10	27	3	39
10	27	4	81
10	27	5	27
10	28	2	52
10	28	3	21
10	28	4	101
10	28	5	14
10	29	2	31
10	29	3	58
10	29	4	94
10	29	5	15
10	30	2	21
10	30	3	41
10	30	4	79
10	30	5	31
10	31	2	29
10	31	3	43
10	31	4	100
10	31	5	54
10	32	2	90
10	32	3	54
10	32	4	72
10	32	5	26
10	33	2	33
10	33	3	26
10	33	4	86
10	33	5	31
10	34	2	25
10	34	3	23
10	34	4	36
10	34	5	92
10	35	2	47
10	35	3	29
10	35	4	48
10	35	5	45
10	36	2	27
10	36	3	21
10	36	4	78
10	36	5	61
10	37	2	25
10	37	3	25
10	37	4	80
10	37	5	44
10	38	2	40
10	38	3	33
10	38	4	95
10	38	5	38
10	39	2	50
10	39	3	54
10	39	4	70
10	39	5	44
10	40	2	53
10	40	3	49
10	40	4	66
10	40	5	34
10	41	2	61
10	41	3	30
10	41	4	99
10	41	5	50
10	42	2	25
10	42	3	47
10	42	4	47
10	42	5	37
10	43	2	40
10	43	3	19
10	43	4	98
10	43	5	50
10	44	2	66
10	44	3	32
10	44	4	71
10	44	5	18
10	45	2	31
10	45	3	56
10	45	4	95
10	45	5	35
10	46	2	20
10	46	3	22
10	46	4	41
10	46	5	39
10	47	2	59
10	47	3	72
10	47	4	81
10	47	5	32
10	48	2	62
10	48	3	28
10	48	4	101
10	48	5	55
10	49	2	56
10	49	3	20
10	49	4	48
10	49	5	27
10	50	2	52
10	50	3	46
10	50	4	115
10	50	5	42


Warehouse Inventory (W P T):
1	0		0		1431		949		301		0	
2	0		0		795		961		322		0	
3	0		0		259		947		335		0	
4	0		0		220		954		275		0	
5	0		0		211		838		278		0	
6	0		0		10		901		359		0	
7	0		0		1491		945		345		0	
8	83		83		0		700		345		83	
9	0		0		425		967		367		0	
10	487		487		0		1400		848		487	
11	0		0		990		940		254		0	
12	0		0		1029		935		328		0	
13	174		174		0		1184		519		174	
14	0		0		959		820		326		0	
15	0		0		518		954		321		0	
16	15		15		0		1048		388		15	
17	0		0		912		401		280		0	
18	346		346		447		0		624		346	
19	0		0		1107		712		230		0	
20	0		0		1226		805		310		0	
21	1117		1117		562		0		1457		1117	
22	583		583		507		0		890		583	
23	921		921		484		0		1225		921	
24	0		0		948		475		318		0	
25	0		0		1420		1017		369		0	
26	0		0		965		486		258		0	
27	0		0		1118		728		298		0	
28	0		0		975		479		281		0	
29	0		0		821		332		295		0	
30	0		0		650		183		385		0	
31	0		0		571		127		324		0	
32	897		897		498		0		1144		897	
33	1072		1072		455		78		0		1072	
34	1081		1081		430		0		180		1081	
35	1034		1034		455		35		0		1034	
36	1575		1575		884		350		0		1575	
37	1488		1488		946		434		0		1488	
38	1450		1450		806		417		0		1450	
39	1220		1220		474		0		1586		1220	
40	1157		1157		483		0		1488		1157	
41	1211		1211		513		0		11		1211	
42	1669		1669		1062		572		0		1669	
43	1004		1004		449		44		0		1004	
44	1110		1110		463		0		1408		1110	
45	1025		1025		531		0		1189		1025	
46	1457		1457		821		335		0		1457	
47	1861		1861		1128		602		0		1861	
48	1091		1091		520		0		136		1091	
49	1021		1021		389		0		368		1021	
50	1075		1075		478		0		57		1075	

Store Inventory (S P T):
Store1
1	30		0		30		30		30		30	
2	16		0		16		16		16		16	
3	39		0		39		39		39		39	
4	50		0		50		50		50		50	
5	53		0		53		53		53		53	
6	25		0		25		25		25		25	
7	35		0		35		35		35		35	
8	23		0		23		23		23		23	
9	45		0		45		45		45		45	
10	55		0		55		55		55		55	
11	59		0		59		59		59		59	
12	3		0		3		3		3		3	
13	38		0		38		38		38		38	
14	48		0		48		48		48		48	
15	40		0		40		40		40		40	
16	55		0		55		55		55		55	
17	49		0		49		49		49		49	
18	55		0		55		55		55		55	
19	34		0		34		34		34		34	
20	34		0		34		34		34		34	
21	47		0		47		47		47		47	
22	33		0		33		33		33		33	
23	45		0		45		45		45		45	
24	18		0		18		18		18		18	
25	30		0		30		30		30		30	
26	32		0		32		32		32		32	
27	27		0		27		27		27		27	
28	42		0		42		42		42		42	
29	51		0		51		51		51		51	
30	25		0		25		25		25		25	
31	29		0		29		29		29		29	
32	18		0		18		18		18		18	
33	21		0		21		21		21		21	
34	56		0		56		56		56		56	
35	38		0		38		38		38		38	
36	24		0		24		24		24		24	
37	9		0		9		9		9		9	
38	26		0		26		26		26		26	
39	56		0		56		56		56		56	
40	8		0		8		8		8		8	
41	39		0		39		39		39		39	
42	42		0		42		42		42		42	
43	64		0		64		64		64		64	
44	47		0		47		47		47		47	
45	28		0		28		28		28		28	
46	47		0		47		47		47		47	
47	35		0		35		35		35		35	
48	29		0		29		29		29		29	
49	75		0		75		75		75		75	
50	43		0		43		43		43		43	
Store2
1	20		0		0		0		20		20	
2	26		0		0		0		26		26	
3	34		0		0		0		34		34	
4	41		0		0		0		41		41	
5	22		0		0		0		22		22	
6	13		0		0		0		13		13	
7	40		0		0		0		40		40	
8	18		0		0		0		18		18	
9	46		0		0		0		46		46	
10	30		0		0		0		30		30	
11	21		0		0		0		21		21	
12	40		0		0		0		40		40	
13	56		0		0		0		56		56	
14	57		0		0		0		57		57	
15	44		0		0		0		44		44	
16	50		0		0		0		50		50	
17	35		0		0		0		35		35	
18	36		0		0		0		36		36	
19	15		0		0		0		15		15	
20	30		0		0		0		30		30	
21	58		0		0		0		58		58	
22	48		0		0		0		48		48	
23	52		0		0		0		52		52	
24	31		0		0		0		31		31	
25	15		0		0		0		15		15	
26	21		0		0		0		21		21	
27	35		0		0		0		35		35	
28	67		0		0		0		67		67	
29	56		0		0		0		56		56	
30	21		0		0		0		21		21	
31	37		0		0		0		37		37	
32	26		0		0		0		26		26	
33	32		0		0		0		32		32	
34	52		0		0		0		52		52	
35	62		0		0		0		62		62	
36	62		0		0		0		62		62	
37	53		0		0		0		53		53	
38	24		0		0		0		24		24	
39	37		0		0		0		37		37	
40	39		0		0		0		39		39	
41	16		0		0		0		16		16	
42	45		0		0		0		45		45	
43	21		0		0		0		21		21	
44	36		0		0		0		36		36	
45	3		0		0		0		3		3	
46	35		0		0		0		35		35	
47	41		0		0		0		41		41	
48	13		0		0		0		13		13	
49	55		0		0		0		55		55	
50	33		0		0		0		33		33	
Store3
1	48		0		0		48		108		48	
2	41		0		0		41		80		41	
3	40		0		0		40		55		40	
4	22		0		0		22		62		22	
5	50		0		0		50		104		50	
6	45		0		0		45		79		45	
7	39		0		0		39		59		39	
8	15		0		0		15		15		15	
9	45		0		0		45		64		45	
10	30		0		0		30		46		30	
11	20		0		0		20		74		20	
12	33		0		0		33		84		33	
13	64		0		0		64		90		64	
14	15		0		0		15		49		15	
15	47		0		0		47		83		47	
16	34		0		0		34		75		34	
17	69		0		0		69		104		69	
18	34		0		0		34		66		34	
19	60		0		0		60		105		60	
20	54		0		0		54		92		54	
21	47		0		0		47		135		47	
22	41		0		0		41		107		41	
23	22		0		0		22		86		22	
24	60		0		0		60		123		60	
25	27		0		0		27		65		27	
26	45		0		0		45		106		45	
27	48		0		0		48		75		48	
28	22		0		0		22		26		22	
29	10		0		0		10		73		10	
30	29		0		0		29		70		29	
31	30		0		0		30		84		30	
32	43		0		0		43		74		43	
33	23		0		0		23		81		23	
34	9		0		0		9		52		9	
35	30		0		0		30		93		30	
36	27		0		0		27		45		27	
37	41		0		0		41		105		41	
38	42		0		0		42		81		42	
39	49		0		0		49		92		49	
40	33		0		0		33		67		33	
41	50		0		0		50		101		50	
42	34		0		0		34		77		34	
43	0		0		0		0		66		0	
44	23		0		0		23		73		23	
45	43		0		0		43		87		43	
46	42		0		0		42		83		42	
47	18		0		0		18		63		18	
48	35		0		0		35		78		35	
49	32		0		0		32		58		32	
50	53		0		0		53		79		53	
Store4
1	2		0		0		0		2		2	
2	46		0		0		0		46		46	
3	71		0		0		0		71		71	
4	49		0		0		0		49		49	
5	26		0		0		0		26		26	
6	5		0		0		0		5		5	
7	67		0		0		0		67		67	
8	20		0		0		0		20		20	
9	45		0		0		0		45		45	
10	38		0		0		0		38		38	
11	55		0		0		0		55		55	
12	32		0		0		0		32		32	
13	55		0		0		0		55		55	
14	36		0		0		0		36		36	
15	58		0		0		0		58		58	
16	34		0		0		0		34		34	
17	30		0		0		0		30		30	
18	41		0		0		0		41		41	
19	32		0		0		0		32		32	
20	47		0		0		0		47		47	
21	65		0		0		0		65		65	
22	25		0		0		0		25		25	
23	49		0		0		0		49		49	
24	58		0		0		0		58		58	
25	65		0		0		0		65		65	
26	52		0		0		0		52		52	
27	41		0		0		0		41		41	
28	44		0		0		0		44		44	
29	46		0		0		0		46		46	
30	30		0		0		0		30		30	
31	4		0		0		0		4		4	
32	27		0		0		0		27		27	
33	30		0		0		0		30		30	
34	22		0		0		0		22		22	
35	37		0		0		0		37		37	
36	38		0		0		0		38		38	
37	32		0		0		0		32		32	
38	63		0		0		0		63		63	
39	46		0		0		0		46		46	
40	29		0		0		0		29		29	
41	51		0		0		0		51		51	
42	42		0		0		0		42		42	
43	22		0		0		0		22		22	
44	47		0		0		0		47		47	
45	31		0		0		0		31		31	
46	66		0		0		0		66		66	
47	59		0		0		0		59		59	
48	31		0		0		0		31		31	
49	48		0		0		0		48		48	
50	36		0		0		0		36		36	
Store5
1	18		0		18		18		18		18	
2	70		0		70		70		70		70	
3	39		0		39		39		39		39	
4	38		0		38		38		38		38	
5	47		0		47		47		47		47	
6	56		0		56		56		56		56	
7	56		0		56		56		56		56	
8	46		0		46		46		46		46	
9	27		0		27		27		27		27	
10	41		0		41		41		41		41	
11	37		0		37		37		37		37	
12	62		0		62		62		62		62	
13	18		0		18		18		18		18	
14	47		0		47		47		47		47	
15	18		0		18		18		18		18	
16	47		0		47		47		47		47	
17	74		0		74		74		74		74	
18	58		0		58		58		58		58	
19	36		0		36		36		36		36	
20	46		0		46		46		46		46	
21	28		0		28		28		28		28	
22	48		0		48		48		48		48	
23	21		0		21		21		21		21	
24	36		0		36		36		36		36	
25	37		0		37		37		37		37	
26	39		0		39		39		39		39	
27	4		0		4		4		4		4	
28	43		0		43		43		43		43	
29	14		0		14		14		14		14	
30	0		0		0		0		0		0	
31	52		0		52		52		52		52	
32	34		0		34		34		34		34	
33	77		0		77		77		77		77	
34	18		0		18		18		18		18	
35	48		0		48		48		48		48	
36	42		0		42		42		42		42	
37	54		0		54		54		54		54	
38	49		0		49		49		49		49	
39	80		0		80		80		80		80	
40	25		0		25		25		25		25	
41	52		0		52		52		52		52	
42	42		0		42		42		42		42	
43	58		0		58		58		58		58	
44	35		0		35		35		35		35	
45	45		0		45		45		45		45	
46	41		0		41		41		41		41	
47	57		0		57		57		57		57	
48	34		0		34		34		34		34	
49	40		0		40		40		40		40	
50	39		0		39		39		39		39	
Store6
1	45		0		45		45		45		45	
2	23		0		23		23		23		23	
3	24		0		24		24		24		24	
4	62		0		62		62		62		62	
5	50		0		50		50		50		50	
6	26		0		26		26		26		26	
7	18		0		18		18		18		18	
8	41		0		41		41		41		41	
9	29		0		29		29		29		29	
10	29		0		29		29		29		29	
11	39		0		39		39		39		39	
12	67		0		67		67		67		67	
13	42		0		42		42		42		42	
14	29		0		29		29		29		29	
15	53		0		53		53		53		53	
16	39		0		39		39		39		39	
17	40		0		40		40		40		40	
18	30		0		30		30		30		30	
19	23		0		23		23		23		23	
20	39		0		39		39		39		39	
21	64		0		64		64		64		64	
22	69		0		69		69		69		69	
23	60		0		60		60		60		60	
24	65		0		65		65		65		65	
25	33		0		33		33		33		33	
26	13		0		13		13		13		13	
27	44		0		44		44		44		44	
28	61		0		61		61		61		61	
29	32		0		32		32		32		32	
30	61		0		61		61		61		61	
31	45		0		45		45		45		45	
32	36		0		36		36		36		36	
33	42		0		42		42		42		42	
34	39		0		39		39		39		39	
35	39		0		39		39		39		39	
36	71		0		71		71		71		71	
37	36		0		36		36		36		36	
38	73		0		73		73		73		73	
39	31		0		31		31		31		31	
40	57		0		57		57		57		57	
41	50		0		50		50		50		50	
42	56		0		56		56		56		56	
43	21		0		21		21		21		21	
44	73		0		73		73		73		73	
45	36		0		36		36		36		36	
46	26		0		26		26		26		26	
47	54		0		54		54		54		54	
48	11		0		11		11		11		11	
49	54		0		54		54		54		54	
50	34		0		34		34		34		34	
Store7
1	50		0		0		50		50		50	
2	35		0		0		35		35		35	
3	33		0		0		33		33		33	
4	42		0		0		42		42		42	
5	25		0		0		25		25		25	
6	28		0		0		28		28		28	
7	28		0		0		28		28		28	
8	39		0		0		39		39		39	
9	35		0		0		35		35		35	
10	46		0		0		46		46		46	
11	35		0		0		35		35		35	
12	38		0		0		38		38		38	
13	31		0		0		31		31		31	
14	46		0		0		46		46		46	
15	32		0		0		32		32		32	
16	28		0		0		28		28		28	
17	72		0		0		72		72		72	
18	46		0		0		46		46		46	
19	47		0		0		47		47		47	
20	21		0		0		21		21		21	
21	43		0		0		43		43		43	
22	23		0		0		23		23		23	
23	58		0		0		58		58		58	
24	33		0		0		33		33		33	
25	22		0		0		22		22		22	
26	54		0		0		54		54		54	
27	13		0		0		13		13		13	
28	42		0		0		42		42		42	
29	55		0		0		55		55		55	
30	57		0		0		57		57		57	
31	35		0		0		35		35		35	
32	38		0		0		38		38		38	
33	47		0		0		47		47		47	
34	37		0		0		37		37		37	
35	47		0		0		47		47		47	
36	52		0		0		52		52		52	
37	16		0		0		16		16		16	
38	21		0		0		21		21		21	
39	26		0		0		26		26		26	
40	43		0		0		43		43		43	
41	74		0		0		74		74		74	
42	62		0		0		62		62		62	
43	56		0		0		56		56		56	
44	63		0		0		63		63		63	
45	72		0		0		72		72		72	
46	56		0		0		56		56		56	
47	51		0		0		51		51		51	
48	8		0		0		8		8		8	
49	38		0		0		38		38		38	
50	29		0		0		29		29		29	
Store8
1	47		0		47		47		47		47	
2	32		0		32		32		32		32	
3	57		0		57		57		57		57	
4	39		0		39		39		39		39	
5	41		0		41		41		41		41	
6	69		0		69		69		69		69	
7	68		0		68		68		68		68	
8	49		0		49		49		49		49	
9	51		0		51		51		51		51	
10	69		0		69		69		69		69	
11	35		0		35		35		35		35	
12	33		0		33		33		33		33	
13	0		0		0		0		0		0	
14	38		0		38		38		38		38	
15	46		0		46		46		46		46	
16	41		0		41		41		41		41	
17	31		0		31		31		31		31	
18	18		0		18		18		18		18	
19	43		0		43		43		43		43	
20	26		0		26		26		26		26	
21	5		0		5		5		5		5	
22	44		0		44		44		44		44	
23	28		0		28		28		28		28	
24	2		0		2		2		2		2	
25	50		0		50		50		50		50	
26	0		0		0		0		0		0	
27	56		0		56		56		56		56	
28	85		0		85		85		85		85	
29	56		0		56		56		56		56	
30	35		0		35		35		35		35	
31	42		0		42		42		42		42	
32	23		0		23		23		23		23	
33	63		0		63		63		63		63	
34	41		0		41		41		41		41	
35	24		0		24		24		24		24	
36	52		0		52		52		52		52	
37	41		0		41		41		41		41	
38	59		0		59		59		59		59	
39	72		0		72		72		72		72	
40	53		0		53		53		53		53	
41	51		0		51		51		51		51	
42	31		0		31		31		31		31	
43	35		0		35		35		35		35	
44	52		0		52		52		52		52	
45	26		0		26		26		26		26	
46	78		0		78		78		78		78	
47	42		0		42		42		42		42	
48	25		0		25		25		25		25	
49	35		0		35		35		35		35	
50	47		0		47		47		47		47	
Store9
1	43		0		43		43		72		43	
2	15		0		15		15		77		15	
3	18		0		18		18		62		18	
4	57		0		57		57		103		57	
5	29		0		29		29		83		29	
6	42		0		42		42		89		42	
7	43		0		43		43		63		43	
8	15		0		15		15		36		15	
9	24		0		24		24		82		24	
10	51		0		51		51		86		51	
11	34		0		34		34		88		34	
12	70		0		70		70		111		70	
13	49		0		49		49		115		49	
14	33		0		33		33		82		33	
15	27		0		27		27		69		27	
16	54		0		54		54		90		54	
17	39		0		39		39		89		39	
18	60		0		60		60		88		60	
19	31		0		31		31		57		31	
20	54		0		54		54		56		54	
21	49		0		49		49		97		49	
22	43		0		43		43		87		43	
23	74		0		74		74		117		74	
24	51		0		51		51		101		51	
25	35		0		35		35		86		35	
26	30		0		30		30		64		30	
27	55		0		55		55		94		55	
28	41		0		41		41		51		41	
29	64		0		64		64		111		64	
30	43		0		43		43		60		43	
31	39		0		39		39		57		39	
32	23		0		23		23		78		23	
33	33		0		33		33		62		33	
34	65		0		65		65		106		65	
35	10		0		10		10		56		10	
36	53		0		53		53		102		53	
37	45		0		45		45		94		45	
38	56		0		56		56		105		56	
39	39		0		39		39		70		39	
40	45		0		45		45		53		45	
41	34		0		34		34		66		34	
42	51		0		51		51		89		51	
43	77		0		77		77		110		77	
44	39		0		39		39		89		39	
45	42		0		42		42		100		42	
46	88		0		88		88		135		88	
47	27		0		27		27		45		27	
48	31		0		31		31		88		31	
49	0		0		0		0		23		0	
50	44		0		44		44		99		44	
Store10
1	72		0		0		0		72		72	
2	36		0		0		0		36		36	
3	26		0		0		0		26		26	
4	32		0		0		0		32		32	
5	46		0		0		0		46		46	
6	64		0		0		0		64		64	
7	45		0		0		0		45		45	
8	28		0		0		0		28		28	
9	29		0		0		0		29		29	
10	21		0		0		0		21		21	
11	48		0		0		0		48		48	
12	33		0		0		0		33		33	
13	18		0		0		0		18		18	
14	16		0		0		0		16		16	
15	62		0		0		0		62		62	
16	43		0		0		0		43		43	
17	42		0		0		0		42		42	
18	24		0		0		0		24		24	
19	2		0		0		0		2		2	
20	50		0		0		0		50		50	
21	33		0		0		0		33		33	
22	33		0		0		0		33		33	
23	48		0		0		0		48		48	
24	48		0		0		0		48		48	
25	28		0		0		0		28		28	
26	44		0		0		0		44		44	
27	52		0		0		0		52		52	
28	52		0		0		0		52		52	
29	56		0		0		0		56		56	
30	42		0		0		0		42		42	
31	37		0		0		0		37		37	
32	47		0		0		0		47		47	
33	32		0		0		0		32		32	
34	13		0		0		0		13		13	
35	22		0		0		0		22		22	
36	42		0		0		0		42		42	
37	39		0		0		0		39		39	
38	52		0		0		0		52		52	
39	18		0		0		0		18		18	
40	23		0		0		0		23		23	
41	38		0		0		0		38		38	
42	22		0		0		0		22		22	
43	44		0		0		0		44		44	
44	49		0		0		0		49		49	
45	78		0		0		0		78		78	
46	32		0		0		0		32		32	
47	29		0		0		0		29		29	
48	52		0		0		0		52		52	
49	25		0		0		0		25		25	
50	68		0		0		0		68		68	


Shipments from Vendor to Warehouse (V T):
0	0.6639341	0.5935333	0	0	
0	0.6626853	0	0.492308	0	
0	0	0	0.6102874	0.8046312	

Shipments from Warehouse to Stores (S T):
1	2	0.1751147
1	3	0.1721813
1	4	0.1851887
1	5	0.2259667
2	2	0.103398
2	3	0.1601893
2	4	0.2670647
2	5	0.2567627
3	2	0.128228
3	3	0.2068507
3	4	0.251198
3	5	0.1536167
4	2	0.1471013
4	3	0.1620387
4	4	0.2309886
4	5	0.2266473
5	2	0.200788
5	3	0.1796993
5	4	0.1658753
5	5	0.2142493
6	2	0.17998
6	3	0.161954
6	4	0.1571407
6	5	0.225084
7	2	0.136754
7	3	0.241744
7	4	0.1603067
7	5	0.2165073
8	2	0.2043886
8	3	0.188046
8	4	0.1797513
8	5	0.1967653
9	2	0.2067386
9	3	0.192454
9	4	0.256262
9	5	0.1344233
10	2	0.1671533
10	3	0.1311013
10	4	0.2327513
10	5	0.2244293


Required Putaway workers (Sol T):
3	2	2	3	2	

No of required pickers (T):
0	6	6	7	7	

No of part-time putaway workers (T):
1	0	0	1	0	

No of part-time pickers (T):
0	1	1	2	2	

Best Putaway Technology: 2400
Best Picking Technology: 1000

Required Fashion Putaway Hours:
20.49167	0	9.527083	11.64792	0	

Required Basic Putaway Hours:
0	14.96792	6.157917	11.19292	9.190833	

Required Total Putaway Hours:
20.49167	14.96792	15.685	22.84083	9.190833	

No of required fashion pick hours:
0	12.56	22.775	24.55	40.115	

No of required basic pick hours:
0	30.311	23.56	29.896	15.856	

No of required total pick hours:
0	42.871	46.335	54.446	55.971	

List of all the costs: 
MHECost		444
PutawayTechCost		3540
PickingTechCost		9130
WhBasicInvCost		1323.61
BasicInbCost		13719.62
WhFashionInvCost		1626.25
FashionInbCost		7198.871
PutawayCost		3680
StoreBasicInvCost		3410.8
StoreFashionInvCost		10389
OutboundCost		35601.42
PickingCost		9440
Total		99503.58

List of Top5 Technologies: 
Tech1		3	6	$ 99503.58
Tech2		3	5	$ 103161.5
Tech3		3	2	$ 129154.3
Tech4		3	1	$ 168838.9
Tech5		1	1	$ 197465.9
The start time is 12/22/2014 4:52:57 PM
The End time is 12/22/2014 4:53:44 PM
