WarehouseVolume:[
(1)	[100000000]
]
StoreVolume:[
(1)	[10000000]
(2)	[10000000]
(3)	[10000000]
(4)	[10000000]
(5)	[10000000]
]
StoreDemand:[
(1	1	1)	[173]
(1	1	2)	[235]
(1	1	3)	[94]
(1	1	4)	[211]
(1	1	5)	[147]
(1	2	1)	[220]
(1	2	2)	[104]
(1	2	3)	[77]
(1	2	4)	[187]
(1	2	5)	[92]
(1	3	1)	[314]
(1	3	2)	[308]
(1	3	3)	[313]
(1	3	4)	[227]
(1	3	5)	[197]
(1	4	1)	[158]
(1	4	2)	[293]
(1	4	3)	[90]
(1	4	4)	[219]
(1	4	5)	[52]
(1	5	1)	[126]
(1	5	2)	[232]
(1	5	3)	[194]
(1	5	4)	[199]
(1	5	5)	[255]
(1	6	1)	[269]
(1	6	2)	[63]
(1	6	3)	[204]
(1	6	4)	[321]
(1	6	5)	[220]
(1	7	1)	[119]
(1	7	2)	[182]
(1	7	3)	[295]
(1	7	4)	[237]
(1	7	5)	[175]
(1	8	1)	[286]
(1	8	2)	[69]
(1	8	3)	[279]
(1	8	4)	[301]
(1	8	5)	[101]
(1	9	1)	[226]
(1	9	2)	[299]
(1	9	3)	[119]
(1	9	4)	[191]
(1	9	5)	[174]
(1	10	1)	[184]
(1	10	2)	[276]
(1	10	3)	[253]
(1	10	4)	[331]
(1	10	5)	[258]
(2	1	1)	[247]
(2	1	2)	[0]
(2	1	3)	[184]
(2	1	4)	[206]
(2	1	5)	[221]
(2	2	1)	[98]
(2	2	2)	[211]
(2	2	3)	[119]
(2	2	4)	[413]
(2	2	5)	[191]
(2	3	1)	[111]
(2	3	2)	[115]
(2	3	3)	[211]
(2	3	4)	[85]
(2	3	5)	[250]
(2	4	1)	[106]
(2	4	2)	[382]
(2	4	3)	[197]
(2	4	4)	[252]
(2	4	5)	[217]
(2	5	1)	[137]
(2	5	2)	[224]
(2	5	3)	[126]
(2	5	4)	[240]
(2	5	5)	[198]
(2	6	1)	[96]
(2	6	2)	[77]
(2	6	3)	[292]
(2	6	4)	[233]
(2	6	5)	[362]
(2	7	1)	[189]
(2	7	2)	[166]
(2	7	3)	[228]
(2	7	4)	[207]
(2	7	5)	[152]
(2	8	1)	[263]
(2	8	2)	[255]
(2	8	3)	[229]
(2	8	4)	[232]
(2	8	5)	[251]
(2	9	1)	[70]
(2	9	2)	[300]
(2	9	3)	[186]
(2	9	4)	[248]
(2	9	5)	[114]
(2	10	1)	[341]
(2	10	2)	[155]
(2	10	3)	[275]
(2	10	4)	[191]
(2	10	5)	[134]
(3	1	1)	[359]
(3	1	2)	[56]
(3	1	3)	[138]
(3	1	4)	[93]
(3	1	5)	[248]
(3	2	1)	[246]
(3	2	2)	[44]
(3	2	3)	[192]
(3	2	4)	[149]
(3	2	5)	[310]
(3	3	1)	[251]
(3	3	2)	[240]
(3	3	3)	[258]
(3	3	4)	[248]
(3	3	5)	[351]
(3	4	1)	[124]
(3	4	2)	[255]
(3	4	3)	[100]
(3	4	4)	[264]
(3	4	5)	[269]
(3	5	1)	[226]
(3	5	2)	[104]
(3	5	3)	[151]
(3	5	4)	[141]
(3	5	5)	[364]
(3	6	1)	[211]
(3	6	2)	[181]
(3	6	3)	[231]
(3	6	4)	[223]
(3	6	5)	[231]
(3	7	1)	[51]
(3	7	2)	[336]
(3	7	3)	[257]
(3	7	4)	[186]
(3	7	5)	[228]
(3	8	1)	[141]
(3	8	2)	[258]
(3	8	3)	[275]
(3	8	4)	[155]
(3	8	5)	[195]
(3	9	1)	[229]
(3	9	2)	[116]
(3	9	3)	[73]
(3	9	4)	[326]
(3	9	5)	[161]
(3	10	1)	[158]
(3	10	2)	[173]
(3	10	3)	[230]
(3	10	4)	[114]
(3	10	5)	[202]
(4	1	1)	[235]
(4	1	2)	[140]
(4	1	3)	[247]
(4	1	4)	[240]
(4	1	5)	[151]
(4	2	1)	[166]
(4	2	2)	[261]
(4	2	3)	[260]
(4	2	4)	[116]
(4	2	5)	[149]
(4	3	1)	[138]
(4	3	2)	[91]
(4	3	3)	[130]
(4	3	4)	[141]
(4	3	5)	[111]
(4	4	1)	[207]
(4	4	2)	[231]
(4	4	3)	[270]
(4	4	4)	[56]
(4	4	5)	[308]
(4	5	1)	[162]
(4	5	2)	[271]
(4	5	3)	[137]
(4	5	4)	[236]
(4	5	5)	[221]
(4	6	1)	[166]
(4	6	2)	[196]
(4	6	3)	[141]
(4	6	4)	[95]
(4	6	5)	[190]
(4	7	1)	[135]
(4	7	2)	[272]
(4	7	3)	[133]
(4	7	4)	[181]
(4	7	5)	[168]
(4	8	1)	[106]
(4	8	2)	[228]
(4	8	3)	[204]
(4	8	4)	[153]
(4	8	5)	[189]
(4	9	1)	[111]
(4	9	2)	[179]
(4	9	3)	[224]
(4	9	4)	[172]
(4	9	5)	[320]
(4	10	1)	[95]
(4	10	2)	[270]
(4	10	3)	[97]
(4	10	4)	[326]
(4	10	5)	[86]
(5	1	1)	[109]
(5	1	2)	[235]
(5	1	3)	[114]
(5	1	4)	[317]
(5	1	5)	[195]
(5	2	1)	[331]
(5	2	2)	[151]
(5	2	3)	[219]
(5	2	4)	[0]
(5	2	5)	[91]
(5	3	1)	[221]
(5	3	2)	[227]
(5	3	3)	[156]
(5	3	4)	[206]
(5	3	5)	[206]
(5	4	1)	[203]
(5	4	2)	[277]
(5	4	3)	[217]
(5	4	4)	[298]
(5	4	5)	[293]
(5	5	1)	[303]
(5	5	2)	[306]
(5	5	3)	[131]
(5	5	4)	[250]
(5	5	5)	[148]
(5	6	1)	[160]
(5	6	2)	[180]
(5	6	3)	[198]
(5	6	4)	[86]
(5	6	5)	[183]
(5	7	1)	[308]
(5	7	2)	[329]
(5	7	3)	[136]
(5	7	4)	[162]
(5	7	5)	[146]
(5	8	1)	[106]
(5	8	2)	[186]
(5	8	3)	[221]
(5	8	4)	[264]
(5	8	5)	[234]
(5	9	1)	[266]
(5	9	2)	[222]
(5	9	3)	[236]
(5	9	4)	[206]
(5	9	5)	[243]
(5	10	1)	[217]
(5	10	2)	[258]
(5	10	3)	[241]
(5	10	4)	[245]
(5	10	5)	[201]
]
FixedCostVendorToWarehouse:[
(1	1)	[468.61]
]
FixedCostWarehouseToStore:[
(1	1)	[52.27]
(1	2)	[110.96]
(1	3)	[85.67]
(1	4)	[97.5]
(1	5)	[110.96]
]
Variable_FixedCostVendorToWarehouse:[
(1	1)	[1306.68]
]
VariableCostVendorToWarehouse:[
(1	1)	[0.099]
]
Variable_FixedCostWarehouseToStore:[
(1	1)	[482.83]
(1	2)	[598.03]
(1	3)	[541.39]
(1	4)	[570.02]
(1	5)	[598.03]
]
VariableCostWarehouseToStore:[
(1	1)	[0.029]
(1	2)	[0.045]
(1	3)	[0.041]
(1	4)	[0.042]
(1	5)	[0.045]
]
ProductVolume:[
(1)	[0.86]
(2)	[0.19]
(3)	[0.54]
(4)	[0.06]
(5)	[0.73]
(6)	[0.12]
(7)	[0.98]
(8)	[0.34]
(9)	[0.93]
(10)	[0.17]
]
ProductWeight:[
(1)	[0.99]
(2)	[0.57]
(3)	[0.15]
(4)	[0.78]
(5)	[0.93]
(6)	[0.13]
(7)	[0.1]
(8)	[0.35]
(9)	[0.46]
(10)	[0.23]
]
MapVendorToProduct:[
(1	1)	[1]
(1	2)	[1]
(1	3)	[1]
(1	4)	[1]
(1	5)	[1]
(1	6)	[1]
(1	7)	[1]
(1	8)	[1]
(1	9)	[1]
(1	10)	[1]
]
LeadTimeWarehouseToStores:[
(1	1)	[0]
(1	2)	[0]
(1	3)	[0]
(1	4)	[0]
(1	5)	[0]
]
StoreDemandForFashionProducts:[
(1	1)	[680]
(1	2)	[925]
(1	3)	[980]
(1	4)	[1320]
(1	5)	[1750]
(1	6)	[1125]
(1	7)	[105]
(1	8)	[1175]
(1	9)	[460]
(1	10)	[1425]
(2	1)	[655]
(2	2)	[625]
(2	3)	[715]
(2	4)	[1295]
(2	5)	[1525]
(2	6)	[595]
(2	7)	[875]
(2	8)	[1315]
(2	9)	[445]
(2	10)	[1245]
(3	1)	[795]
(3	2)	[860]
(3	3)	[500]
(3	4)	[930]
(3	5)	[625]
(3	6)	[690]
(3	7)	[460]
(3	8)	[1325]
(3	9)	[1330]
(3	10)	[1335]
(4	1)	[1555]
(4	2)	[925]
(4	3)	[600]
(4	4)	[1180]
(4	5)	[1065]
(4	6)	[1240]
(4	7)	[1345]
(4	8)	[395]
(4	9)	[1010]
(4	10)	[1225]
(5	1)	[1205]
(5	2)	[1095]
(5	3)	[285]
(5	4)	[720]
(5	5)	[1070]
(5	6)	[875]
(5	7)	[785]
(5	8)	[495]
(5	9)	[1160]
(5	10)	[1560]
]
FixedCostFashionVendorToWarehouse:[
(1	1)	[126.26]
]
Variable_FixedCostFashionVendorToWarehouse:[
(1	1)	[622.3]
]
VariableCostFashionVendorToWarehouse:[
(1	1)	[0.047]
]
FashionProductVolume:[
(1)	[0.87]
(2)	[0.54]
(3)	[0.67]
(4)	[0.07]
(5)	[0.77]
(6)	[0.64]
(7)	[0.84]
(8)	[0.01]
(9)	[0.93]
(10)	[0.14]
]
FashionProductWeight:[
(1)	[0.14]
(2)	[0.45]
(3)	[0.93]
(4)	[0.31]
(5)	[0.19]
(6)	[0.59]
(7)	[0.58]
(8)	[0.96]
(9)	[0.77]
(10)	[0.64]
]
MapFashionVendorToProduct:[
(1	1)	[1]
(1	2)	[1]
(1	3)	[1]
(1	4)	[1]
(1	5)	[1]
(1	6)	[1]
(1	7)	[1]
(1	8)	[1]
(1	9)	[1]
(1	10)	[1]
]
