Printing New Fashion Solution:

Inbound Fashion Solution (V F T):
1	1	3	2095
1	2	3	1870
1	3	3	2325
1	4	3	1805
1	5	3	2385
1	6	3	2300
1	7	3	1795
1	8	3	2130
1	9	3	1990
1	10	3	2210
1	11	3	2220
1	12	3	1575
1	13	3	1730
1	14	3	2190
1	15	4	2485
1	16	3	2275
1	17	3	2120
1	18	4	2430
1	19	3	2425
1	20	3	1215
1	21	4	2290
1	22	3	2225
1	23	3	2210
1	24	3	2255
1	25	3	2010
2	26	4	1780
2	27	4	2095
2	28	4	1745
2	29	4	2135
2	30	4	1875
2	31	4	2225
2	32	4	1945
2	33	4	1860
2	34	4	2095
2	35	4	1745
2	36	4	2350
2	37	4	1585
2	38	4	2140
2	39	4	2100
2	40	4	1970
2	41	4	1830
2	42	4	2095
2	43	4	2180
2	44	4	2300
2	45	4	1980
2	46	4	2115
2	47	4	2260
2	48	4	1865
2	49	4	1665
2	50	4	2290


Outbound Fashion Solution(S F T):
1	1	5	190
1	2	5	175
1	3	5	240
1	4	5	90
1	5	5	290
1	6	5	125
1	7	5	180
1	8	5	165
1	9	5	245
1	10	5	200
1	11	5	305
1	12	5	165
1	13	5	135
1	14	5	205
1	15	5	165
1	16	5	295
1	17	5	110
1	18	5	140
1	19	5	255
1	21	5	215
1	22	5	155
1	23	5	245
1	24	5	280
1	25	5	190
1	26	5	225
1	27	5	370
1	28	5	30
1	29	5	155
1	30	5	225
1	31	5	170
1	32	5	75
1	33	5	220
1	34	5	245
1	35	5	160
1	36	5	245
1	37	5	150
1	38	5	180
1	39	5	240
1	40	5	250
1	41	5	245
1	42	5	250
1	43	5	60
1	44	5	125
1	45	5	80
1	46	5	245
1	47	5	210
1	48	5	165
1	49	5	290
1	50	5	275
2	1	5	210
2	2	5	245
2	3	5	115
2	4	5	315
2	5	5	325
2	6	5	315
2	7	5	225
2	8	5	280
2	9	5	380
2	10	5	255
2	11	5	185
2	12	5	90
2	13	5	110
2	14	5	230
2	15	5	295
2	16	5	215
2	17	5	290
2	18	5	285
2	19	5	255
2	20	5	80
2	21	5	85
2	22	5	300
2	23	5	235
2	24	5	185
2	25	5	140
2	26	5	340
2	27	5	145
2	28	5	195
2	29	5	235
2	30	5	285
2	31	5	340
2	32	5	260
2	33	5	135
2	34	5	160
2	35	5	240
2	36	5	220
2	37	5	175
2	38	5	280
2	39	5	180
2	40	5	150
2	41	5	250
2	42	5	75
2	43	5	250
2	44	5	330
2	45	5	200
2	46	5	230
2	47	5	270
2	48	5	165
2	49	5	105
2	50	5	265
3	1	5	185
3	2	5	210
3	3	5	160
3	4	5	180
3	5	5	220
3	6	5	300
3	7	5	230
3	8	5	175
3	9	5	215
3	10	5	310
3	11	5	175
3	12	5	205
3	13	5	245
3	14	5	170
3	15	5	280
3	16	5	350
3	17	5	255
3	18	5	325
3	19	5	240
3	20	5	245
3	21	5	365
3	22	5	270
3	23	5	200
3	24	5	250
3	25	5	190
3	26	5	225
3	27	5	220
3	28	5	270
3	29	5	190
3	30	5	130
3	31	5	190
3	32	5	165
3	33	5	80
3	34	5	205
3	35	5	170
3	36	5	125
3	37	5	130
3	38	5	175
3	39	5	175
3	40	5	190
3	41	5	130
3	42	5	345
3	43	5	230
3	44	5	140
3	45	5	200
3	46	5	190
3	47	5	235
3	48	5	195
3	49	5	240
3	50	5	295
4	1	5	105
4	2	5	250
4	3	5	260
4	4	5	260
4	5	5	290
4	6	5	270
4	7	5	110
4	8	5	175
4	9	5	170
4	10	5	95
4	11	5	150
4	12	5	65
4	13	5	270
4	14	5	255
4	15	5	20
4	16	5	80
4	17	5	235
4	18	5	295
4	19	5	225
4	20	5	55
4	21	5	125
4	22	5	290
4	23	5	175
4	24	5	185
4	25	5	230
4	26	5	125
4	27	5	210
4	28	5	230
4	29	5	220
4	30	5	175
4	31	5	160
4	32	5	160
4	33	5	115
4	34	5	315
4	35	5	140
4	36	5	375
4	37	5	205
4	38	5	35
4	39	5	235
4	40	5	70
4	41	5	260
4	42	5	205
4	43	5	395
4	44	5	265
4	45	5	180
4	46	5	385
4	47	5	125
4	48	5	130
4	49	5	175
5	1	5	275
5	2	5	60
5	3	5	295
5	4	5	85
5	5	5	85
5	6	5	200
5	7	5	255
5	8	5	270
5	9	5	130
5	10	5	330
5	11	5	285
5	12	5	205
5	13	5	140
5	14	5	205
5	15	5	290
5	16	5	325
5	17	5	180
5	18	5	260
5	19	5	245
5	20	5	130
5	21	5	285
5	22	5	95
5	23	5	345
5	24	5	165
5	25	5	195
5	26	5	135
5	27	5	150
5	28	5	275
5	29	5	160
5	30	5	190
5	31	5	215
5	32	5	160
5	33	5	245
5	34	5	85
5	35	5	145
5	36	5	225
5	37	5	290
5	38	5	295
5	39	5	275
5	40	5	145
5	41	5	160
5	42	5	205
5	43	5	325
5	44	5	345
5	45	5	315
5	46	5	205
5	47	5	245
5	48	5	115
5	49	5	90
5	50	5	125
6	1	5	300
6	2	5	185
6	3	5	120
6	4	5	205
6	5	5	195
6	6	5	265
6	7	5	185
6	8	5	315
6	9	5	145
6	10	5	205
6	11	5	240
6	12	5	130
6	13	5	170
6	14	5	260
6	15	5	310
6	16	5	235
6	17	5	265
6	18	5	200
6	19	5	250
6	20	5	140
6	21	5	295
6	22	5	190
6	23	5	295
6	24	5	155
6	25	5	135
6	26	5	330
6	27	5	260
6	28	5	105
6	29	5	90
6	30	5	275
6	31	5	285
6	32	5	245
6	33	5	290
6	34	5	180
6	35	5	150
6	36	5	140
6	37	5	60
6	38	5	190
6	39	5	190
6	40	5	225
6	41	5	95
6	42	5	205
6	43	5	160
6	44	5	95
6	45	5	205
6	46	5	225
6	47	5	255
6	48	5	150
6	49	5	195
6	50	5	205
7	1	5	255
7	2	5	120
7	3	5	225
7	4	5	205
7	5	5	260
7	6	5	180
7	7	5	105
7	8	5	265
7	9	5	155
7	10	5	220
7	11	5	300
7	12	5	180
7	13	5	140
7	14	5	155
7	15	5	305
7	16	5	125
7	17	5	195
7	18	5	210
7	19	5	285
7	20	5	105
7	21	5	205
7	22	5	190
7	23	5	210
7	24	5	100
7	25	5	225
7	26	5	5
7	27	5	195
7	28	5	135
7	29	5	140
7	30	5	35
7	31	5	305
7	32	5	215
7	33	5	105
7	34	5	345
7	35	5	200
7	36	5	205
7	37	5	130
7	38	5	240
7	39	5	300
7	40	5	165
7	41	5	295
7	42	5	225
7	43	5	220
7	44	5	340
7	45	5	155
7	46	5	55
7	47	5	105
7	48	5	345
7	49	5	230
7	50	5	235
8	1	5	155
8	2	5	310
8	3	5	200
8	4	5	170
8	5	5	255
8	6	5	115
8	7	5	240
8	8	5	155
8	9	5	65
8	10	5	180
8	11	5	85
8	12	5	200
8	13	5	245
8	14	5	360
8	15	5	235
8	16	5	180
8	17	5	345
8	18	5	185
8	19	5	115
8	20	5	220
8	21	5	235
8	22	5	175
8	23	5	235
8	24	5	325
8	25	5	320
8	26	5	85
8	27	5	60
8	28	5	190
8	29	5	235
8	30	5	180
8	31	5	230
8	32	5	80
8	33	5	170
8	34	5	150
8	35	5	90
8	36	5	230
8	37	5	240
8	38	5	205
8	39	5	160
8	40	5	330
8	41	5	75
8	42	5	215
8	43	5	140
8	44	5	230
8	45	5	290
8	46	5	155
8	47	5	335
8	48	5	320
8	49	5	70
8	50	5	335
9	1	5	205
9	2	5	40
9	3	5	390
9	4	5	230
9	5	5	290
9	6	5	310
9	7	5	110
9	8	5	80
9	9	5	215
9	10	5	155
9	11	5	265
9	12	5	175
9	13	5	160
9	14	5	105
9	15	5	235
9	16	5	250
9	17	5	60
9	18	5	125
9	19	5	225
9	20	5	70
9	21	5	240
9	22	5	375
9	23	5	155
9	24	5	305
9	25	5	165
9	26	5	140
9	27	5	190
9	28	5	200
9	29	5	270
9	30	5	120
9	31	5	150
9	32	5	300
9	33	5	265
9	34	5	230
9	35	5	185
9	36	5	370
9	37	5	100
9	38	5	205
9	39	5	180
9	40	5	175
9	41	5	230
9	42	5	140
9	43	5	235
9	44	5	220
9	45	5	145
9	46	5	220
9	47	5	330
9	48	5	190
9	49	5	180
9	50	5	360
10	1	5	215
10	2	5	275
10	3	5	320
10	4	5	65
10	5	5	175
10	6	5	220
10	7	5	155
10	8	5	250
10	9	5	270
10	10	5	260
10	11	5	230
10	12	5	160
10	13	5	115
10	14	5	245
10	15	5	350
10	16	5	220
10	17	5	185
10	18	5	405
10	19	5	330
10	20	5	170
10	21	5	240
10	22	5	185
10	23	5	115
10	24	5	305
10	25	5	220
10	26	5	170
10	27	5	295
10	28	5	115
10	29	5	440
10	30	5	260
10	31	5	180
10	32	5	285
10	33	5	235
10	34	5	180
10	35	5	265
10	36	5	215
10	37	5	105
10	38	5	335
10	39	5	165
10	40	5	270
10	41	5	90
10	42	5	230
10	43	5	165
10	44	5	210
10	45	5	210
10	46	5	205
10	47	5	150
10	48	5	90
10	49	5	90
10	50	5	195


Warehouse Fashion Inventory (W F T):
1	0		0		2095		2095		0	
2	0		0		1870		1870		0	
3	0		0		2325		2325		0	
4	0		0		1805		1805		0	
5	0		0		2385		2385		0	
6	0		0		2300		2300		0	
7	0		0		1795		1795		0	
8	0		0		2130		2130		0	
9	0		0		1990		1990		0	
10	0		0		2210		2210		0	
11	0		0		2220		2220		0	
12	0		0		1575		1575		0	
13	0		0		1730		1730		0	
14	0		0		2190		2190		0	
15	0		0		0		2485		0	
16	0		0		2275		2275		0	
17	0		0		2120		2120		0	
18	0		0		0		2430		0	
19	0		0		2425		2425		0	
20	0		0		1215		1215		0	
21	0		0		0		2290		0	
22	0		0		2225		2225		0	
23	0		0		2210		2210		0	
24	0		0		2255		2255		0	
25	0		0		2010		2010		0	
26	0		0		0		1780		0	
27	0		0		0		2095		0	
28	0		0		0		1745		0	
29	0		0		0		2135		0	
30	0		0		0		1875		0	
31	0		0		0		2225		0	
32	0		0		0		1945		0	
33	0		0		0		1860		0	
34	0		0		0		2095		0	
35	0		0		0		1745		0	
36	0		0		0		2350		0	
37	0		0		0		1585		0	
38	0		0		0		2140		0	
39	0		0		0		2100		0	
40	0		0		0		1970		0	
41	0		0		0		1830		0	
42	0		0		0		2095		0	
43	0		0		0		2180		0	
44	0		0		0		2300		0	
45	0		0		0		1980		0	
46	0		0		0		2115		0	
47	0		0		0		2260		0	
48	0		0		0		1865		0	
49	0		0		0		1665		0	
50	0		0		0		2290		0	

Store Fashion Inventory (S F T):
Store1
1	0		0		0		190	
2	0		0		0		175	
3	0		0		0		240	
4	0		0		0		90	
5	0		0		0		290	
6	0		0		0		125	
7	0		0		0		180	
8	0		0		0		165	
9	0		0		0		245	
10	0		0		0		200	
11	0		0		0		305	
12	0		0		0		165	
13	0		0		0		135	
14	0		0		0		205	
15	0		0		0		165	
16	0		0		0		295	
17	0		0		0		110	
18	0		0		0		140	
19	0		0		0		255	
20	0		0		0		0	
21	0		0		0		215	
22	0		0		0		155	
23	0		0		0		245	
24	0		0		0		280	
25	0		0		0		190	
26	0		0		0		225	
27	0		0		0		370	
28	0		0		0		30	
29	0		0		0		155	
30	0		0		0		225	
31	0		0		0		170	
32	0		0		0		75	
33	0		0		0		220	
34	0		0		0		245	
35	0		0		0		160	
36	0		0		0		245	
37	0		0		0		150	
38	0		0		0		180	
39	0		0		0		240	
40	0		0		0		250	
41	0		0		0		245	
42	0		0		0		250	
43	0		0		0		60	
44	0		0		0		125	
45	0		0		0		80	
46	0		0		0		245	
47	0		0		0		210	
48	0		0		0		165	
49	0		0		0		290	
50	0		0		0		275	
Store2
1	0		0		0		210	
2	0		0		0		245	
3	0		0		0		115	
4	0		0		0		315	
5	0		0		0		325	
6	0		0		0		315	
7	0		0		0		225	
8	0		0		0		280	
9	0		0		0		380	
10	0		0		0		255	
11	0		0		0		185	
12	0		0		0		90	
13	0		0		0		110	
14	0		0		0		230	
15	0		0		0		295	
16	0		0		0		215	
17	0		0		0		290	
18	0		0		0		285	
19	0		0		0		255	
20	0		0		0		80	
21	0		0		0		85	
22	0		0		0		300	
23	0		0		0		235	
24	0		0		0		185	
25	0		0		0		140	
26	0		0		0		340	
27	0		0		0		145	
28	0		0		0		195	
29	0		0		0		235	
30	0		0		0		285	
31	0		0		0		340	
32	0		0		0		260	
33	0		0		0		135	
34	0		0		0		160	
35	0		0		0		240	
36	0		0		0		220	
37	0		0		0		175	
38	0		0		0		280	
39	0		0		0		180	
40	0		0		0		150	
41	0		0		0		250	
42	0		0		0		75	
43	0		0		0		250	
44	0		0		0		330	
45	0		0		0		200	
46	0		0		0		230	
47	0		0		0		270	
48	0		0		0		165	
49	0		0		0		105	
50	0		0		0		265	
Store3
1	0		0		0		185	
2	0		0		0		210	
3	0		0		0		160	
4	0		0		0		180	
5	0		0		0		220	
6	0		0		0		300	
7	0		0		0		230	
8	0		0		0		175	
9	0		0		0		215	
10	0		0		0		310	
11	0		0		0		175	
12	0		0		0		205	
13	0		0		0		245	
14	0		0		0		170	
15	0		0		0		280	
16	0		0		0		350	
17	0		0		0		255	
18	0		0		0		325	
19	0		0		0		240	
20	0		0		0		245	
21	0		0		0		365	
22	0		0		0		270	
23	0		0		0		200	
24	0		0		0		250	
25	0		0		0		190	
26	0		0		0		225	
27	0		0		0		220	
28	0		0		0		270	
29	0		0		0		190	
30	0		0		0		130	
31	0		0		0		190	
32	0		0		0		165	
33	0		0		0		80	
34	0		0		0		205	
35	0		0		0		170	
36	0		0		0		125	
37	0		0		0		130	
38	0		0		0		175	
39	0		0		0		175	
40	0		0		0		190	
41	0		0		0		130	
42	0		0		0		345	
43	0		0		0		230	
44	0		0		0		140	
45	0		0		0		200	
46	0		0		0		190	
47	0		0		0		235	
48	0		0		0		195	
49	0		0		0		240	
50	0		0		0		295	
Store4
1	0		0		0		105	
2	0		0		0		250	
3	0		0		0		260	
4	0		0		0		260	
5	0		0		0		290	
6	0		0		0		270	
7	0		0		0		110	
8	0		0		0		175	
9	0		0		0		170	
10	0		0		0		95	
11	0		0		0		150	
12	0		0		0		65	
13	0		0		0		270	
14	0		0		0		255	
15	0		0		0		20	
16	0		0		0		80	
17	0		0		0		235	
18	0		0		0		295	
19	0		0		0		225	
20	0		0		0		55	
21	0		0		0		125	
22	0		0		0		290	
23	0		0		0		175	
24	0		0		0		185	
25	0		0		0		230	
26	0		0		0		125	
27	0		0		0		210	
28	0		0		0		230	
29	0		0		0		220	
30	0		0		0		175	
31	0		0		0		160	
32	0		0		0		160	
33	0		0		0		115	
34	0		0		0		315	
35	0		0		0		140	
36	0		0		0		375	
37	0		0		0		205	
38	0		0		0		35	
39	0		0		0		235	
40	0		0		0		70	
41	0		0		0		260	
42	0		0		0		205	
43	0		0		0		395	
44	0		0		0		265	
45	0		0		0		180	
46	0		0		0		385	
47	0		0		0		125	
48	0		0		0		130	
49	0		0		0		175	
50	0		0		0		0	
Store5
1	0		0		0		275	
2	0		0		0		60	
3	0		0		0		295	
4	0		0		0		85	
5	0		0		0		85	
6	0		0		0		200	
7	0		0		0		255	
8	0		0		0		270	
9	0		0		0		130	
10	0		0		0		330	
11	0		0		0		285	
12	0		0		0		205	
13	0		0		0		140	
14	0		0		0		205	
15	0		0		0		290	
16	0		0		0		325	
17	0		0		0		180	
18	0		0		0		260	
19	0		0		0		245	
20	0		0		0		130	
21	0		0		0		285	
22	0		0		0		95	
23	0		0		0		345	
24	0		0		0		165	
25	0		0		0		195	
26	0		0		0		135	
27	0		0		0		150	
28	0		0		0		275	
29	0		0		0		160	
30	0		0		0		190	
31	0		0		0		215	
32	0		0		0		160	
33	0		0		0		245	
34	0		0		0		85	
35	0		0		0		145	
36	0		0		0		225	
37	0		0		0		290	
38	0		0		0		295	
39	0		0		0		275	
40	0		0		0		145	
41	0		0		0		160	
42	0		0		0		205	
43	0		0		0		325	
44	0		0		0		345	
45	0		0		0		315	
46	0		0		0		205	
47	0		0		0		245	
48	0		0		0		115	
49	0		0		0		90	
50	0		0		0		125	
Store6
1	0		0		0		300	
2	0		0		0		185	
3	0		0		0		120	
4	0		0		0		205	
5	0		0		0		195	
6	0		0		0		265	
7	0		0		0		185	
8	0		0		0		315	
9	0		0		0		145	
10	0		0		0		205	
11	0		0		0		240	
12	0		0		0		130	
13	0		0		0		170	
14	0		0		0		260	
15	0		0		0		310	
16	0		0		0		235	
17	0		0		0		265	
18	0		0		0		200	
19	0		0		0		250	
20	0		0		0		140	
21	0		0		0		295	
22	0		0		0		190	
23	0		0		0		295	
24	0		0		0		155	
25	0		0		0		135	
26	0		0		0		330	
27	0		0		0		260	
28	0		0		0		105	
29	0		0		0		90	
30	0		0		0		275	
31	0		0		0		285	
32	0		0		0		245	
33	0		0		0		290	
34	0		0		0		180	
35	0		0		0		150	
36	0		0		0		140	
37	0		0		0		60	
38	0		0		0		190	
39	0		0		0		190	
40	0		0		0		225	
41	0		0		0		95	
42	0		0		0		205	
43	0		0		0		160	
44	0		0		0		95	
45	0		0		0		205	
46	0		0		0		225	
47	0		0		0		255	
48	0		0		0		150	
49	0		0		0		195	
50	0		0		0		205	
Store7
1	0		0		0		255	
2	0		0		0		120	
3	0		0		0		225	
4	0		0		0		205	
5	0		0		0		260	
6	0		0		0		180	
7	0		0		0		105	
8	0		0		0		265	
9	0		0		0		155	
10	0		0		0		220	
11	0		0		0		300	
12	0		0		0		180	
13	0		0		0		140	
14	0		0		0		155	
15	0		0		0		305	
16	0		0		0		125	
17	0		0		0		195	
18	0		0		0		210	
19	0		0		0		285	
20	0		0		0		105	
21	0		0		0		205	
22	0		0		0		190	
23	0		0		0		210	
24	0		0		0		100	
25	0		0		0		225	
26	0		0		0		5	
27	0		0		0		195	
28	0		0		0		135	
29	0		0		0		140	
30	0		0		0		35	
31	0		0		0		305	
32	0		0		0		215	
33	0		0		0		105	
34	0		0		0		345	
35	0		0		0		200	
36	0		0		0		205	
37	0		0		0		130	
38	0		0		0		240	
39	0		0		0		300	
40	0		0		0		165	
41	0		0		0		295	
42	0		0		0		225	
43	0		0		0		220	
44	0		0		0		340	
45	0		0		0		155	
46	0		0		0		55	
47	0		0		0		105	
48	0		0		0		345	
49	0		0		0		230	
50	0		0		0		235	
Store8
1	0		0		0		155	
2	0		0		0		310	
3	0		0		0		200	
4	0		0		0		170	
5	0		0		0		255	
6	0		0		0		115	
7	0		0		0		240	
8	0		0		0		155	
9	0		0		0		65	
10	0		0		0		180	
11	0		0		0		85	
12	0		0		0		200	
13	0		0		0		245	
14	0		0		0		360	
15	0		0		0		235	
16	0		0		0		180	
17	0		0		0		345	
18	0		0		0		185	
19	0		0		0		115	
20	0		0		0		220	
21	0		0		0		235	
22	0		0		0		175	
23	0		0		0		235	
24	0		0		0		325	
25	0		0		0		320	
26	0		0		0		85	
27	0		0		0		60	
28	0		0		0		190	
29	0		0		0		235	
30	0		0		0		180	
31	0		0		0		230	
32	0		0		0		80	
33	0		0		0		170	
34	0		0		0		150	
35	0		0		0		90	
36	0		0		0		230	
37	0		0		0		240	
38	0		0		0		205	
39	0		0		0		160	
40	0		0		0		330	
41	0		0		0		75	
42	0		0		0		215	
43	0		0		0		140	
44	0		0		0		230	
45	0		0		0		290	
46	0		0		0		155	
47	0		0		0		335	
48	0		0		0		320	
49	0		0		0		70	
50	0		0		0		335	
Store9
1	0		0		0		205	
2	0		0		0		40	
3	0		0		0		390	
4	0		0		0		230	
5	0		0		0		290	
6	0		0		0		310	
7	0		0		0		110	
8	0		0		0		80	
9	0		0		0		215	
10	0		0		0		155	
11	0		0		0		265	
12	0		0		0		175	
13	0		0		0		160	
14	0		0		0		105	
15	0		0		0		235	
16	0		0		0		250	
17	0		0		0		60	
18	0		0		0		125	
19	0		0		0		225	
20	0		0		0		70	
21	0		0		0		240	
22	0		0		0		375	
23	0		0		0		155	
24	0		0		0		305	
25	0		0		0		165	
26	0		0		0		140	
27	0		0		0		190	
28	0		0		0		200	
29	0		0		0		270	
30	0		0		0		120	
31	0		0		0		150	
32	0		0		0		300	
33	0		0		0		265	
34	0		0		0		230	
35	0		0		0		185	
36	0		0		0		370	
37	0		0		0		100	
38	0		0		0		205	
39	0		0		0		180	
40	0		0		0		175	
41	0		0		0		230	
42	0		0		0		140	
43	0		0		0		235	
44	0		0		0		220	
45	0		0		0		145	
46	0		0		0		220	
47	0		0		0		330	
48	0		0		0		190	
49	0		0		0		180	
50	0		0		0		360	
Store10
1	0		0		0		215	
2	0		0		0		275	
3	0		0		0		320	
4	0		0		0		65	
5	0		0		0		175	
6	0		0		0		220	
7	0		0		0		155	
8	0		0		0		250	
9	0		0		0		270	
10	0		0		0		260	
11	0		0		0		230	
12	0		0		0		160	
13	0		0		0		115	
14	0		0		0		245	
15	0		0		0		350	
16	0		0		0		220	
17	0		0		0		185	
18	0		0		0		405	
19	0		0		0		330	
20	0		0		0		170	
21	0		0		0		240	
22	0		0		0		185	
23	0		0		0		115	
24	0		0		0		305	
25	0		0		0		220	
26	0		0		0		170	
27	0		0		0		295	
28	0		0		0		115	
29	0		0		0		440	
30	0		0		0		260	
31	0		0		0		180	
32	0		0		0		285	
33	0		0		0		235	
34	0		0		0		180	
35	0		0		0		265	
36	0		0		0		215	
37	0		0		0		105	
38	0		0		0		335	
39	0		0		0		165	
40	0		0		0		270	
41	0		0		0		90	
42	0		0		0		230	
43	0		0		0		165	
44	0		0		0		210	
45	0		0		0		210	
46	0		0		0		205	
47	0		0		0		150	
48	0		0		0		90	
49	0		0		0		90	
50	0		0		0		195	


Fashion Shipments from Vendor to Warehouse (V T):
0	0	1.71575	0.3179367	
0	0	0	1.994697	

Printing New Basic Solution:

Inbound Solution (V P T):
1	1	5	2048
1	2	5	1939
1	3	5	1985
1	4	5	1916
1	5	5	1896
1	6	5	1824
1	7	5	2160
1	8	5	2053
1	9	5	1894
1	10	5	1908
1	11	5	2108
1	12	5	1954
1	13	5	2077
1	14	5	2004
1	15	5	1770
1	16	5	1954
2	17	1	203
2	17	2	1827
2	18	1	1630
2	18	2	407
2	19	1	1898
2	19	2	210
2	20	1	198
2	20	2	1777
2	21	1	918
2	21	2	918
2	22	1	2081
2	23	1	1944
2	24	1	1426
2	24	2	610
2	25	1	212
2	25	2	1904
2	26	1	569
2	26	2	1327
2	27	1	965
2	27	2	965
2	28	1	952
2	28	2	952
2	29	1	987
2	29	2	987
2	30	1	1851
2	30	2	205
2	31	1	1875
2	32	1	1758
2	32	2	439
3	33	1	1572
3	33	2	393
3	34	1	808
3	34	2	1212
3	35	1	1177
3	35	2	785
3	36	1	1402
3	36	2	602
3	37	1	1937
3	38	1	1226
3	38	2	818
3	39	1	1189
3	39	2	793
3	40	2	1805
3	41	1	1037
3	41	2	692
3	42	1	1597
3	42	2	400
3	43	1	929
3	43	2	929
3	44	1	614
3	44	2	1435
3	45	1	844
3	45	2	1267
3	46	1	864
3	46	2	1297
3	47	1	202
3	47	2	1819
3	48	1	1885
3	48	2	210
3	49	1	976
3	49	2	977
3	50	1	583
3	50	2	1361


Outbound Solution(S P T):
1	1	2	186
1	2	2	201
1	3	2	171
1	4	2	229
1	5	2	191
1	6	2	116
1	7	2	229
1	8	2	208
1	9	2	168
1	10	2	201
1	11	2	201
1	12	2	214
1	13	2	147
1	14	2	146
1	15	2	185
1	16	2	218
1	17	2	173
1	18	2	221
1	19	2	204
1	20	2	250
1	21	2	178
1	22	2	162
1	23	2	235
1	24	2	174
1	25	2	202
1	26	2	200
1	27	2	179
1	28	2	157
1	29	2	175
1	30	2	223
1	31	2	169
1	32	2	268
1	33	2	155
1	34	2	243
1	35	2	251
1	36	2	207
1	37	2	120
1	38	2	218
1	39	2	183
1	40	2	142
1	41	2	151
1	42	2	174
1	43	2	163
1	44	2	191
1	45	2	245
1	46	2	203
1	47	2	207
1	48	2	196
1	49	2	214
1	50	2	195
2	1	1	172
2	2	1	262
2	3	1	157
2	4	1	183
2	5	1	220
2	6	1	181
2	7	1	201
2	8	1	172
2	9	1	195
2	10	1	245
2	11	1	192
2	12	1	154
2	13	1	227
2	14	1	253
2	15	1	165
2	16	1	210
2	17	1	195
2	18	1	234
2	19	1	216
2	20	1	141
2	21	1	163
2	22	1	251
2	23	1	192
2	24	1	253
2	25	1	167
2	26	1	132
2	27	1	200
2	28	1	209
2	29	1	132
2	30	1	167
2	31	1	192
2	32	1	232
2	33	1	244
2	34	1	176
2	35	1	194
2	36	1	178
2	37	1	190
2	38	1	151
2	39	1	138
2	40	1	163
2	41	1	167
2	42	1	148
2	43	1	212
2	44	1	179
2	45	1	225
2	46	1	184
2	47	1	162
2	48	1	175
2	49	1	156
2	50	1	204
3	1	2	243
3	2	2	134
3	3	2	161
3	4	2	189
3	5	2	168
3	6	2	215
3	7	2	148
3	8	2	235
3	9	2	173
3	10	2	190
3	11	2	277
3	12	2	140
3	13	2	198
3	14	2	245
3	15	2	192
3	16	2	179
3	17	2	254
3	18	2	176
3	19	2	231
3	20	2	180
3	21	2	149
3	22	2	200
3	23	2	195
3	24	2	211
3	25	2	194
3	26	2	120
3	27	2	172
3	28	2	125
3	29	2	213
3	30	2	191
3	31	2	183
3	32	2	203
3	33	2	198
3	34	2	263
3	35	2	234
3	36	2	238
3	37	2	140
3	38	2	263
3	39	2	211
3	40	2	221
3	41	2	168
3	42	2	278
3	43	2	134
3	44	2	195
3	45	2	176
3	46	2	215
3	47	2	193
3	48	2	276
3	49	2	173
3	50	2	232
4	1	1	206
4	2	1	213
4	3	1	192
4	4	1	202
4	5	1	166
4	6	1	202
4	7	1	197
4	8	1	233
4	9	1	163
4	10	1	205
4	11	1	203
4	12	1	238
4	13	1	206
4	14	1	154
4	15	1	211
4	16	1	212
4	17	1	204
4	18	1	196
4	19	1	206
4	20	1	232
4	21	1	250
4	22	1	228
4	23	1	179
4	24	1	158
4	25	1	232
4	26	1	224
4	27	1	181
4	28	1	197
4	29	1	202
4	30	1	229
4	31	1	193
4	32	1	176
4	33	1	186
4	34	1	238
4	35	1	175
4	36	1	212
4	37	1	269
4	38	1	279
4	39	1	238
4	40	1	95
4	41	1	187
4	42	1	234
4	43	1	222
4	44	1	231
4	45	1	151
4	46	1	299
4	47	1	260
4	48	1	200
4	49	1	199
4	50	1	188
5	1	2	243
5	2	2	185
5	3	2	185
5	4	2	206
5	5	2	219
5	6	2	167
5	7	2	294
5	8	2	232
5	9	2	169
5	10	2	155
5	11	2	243
5	12	2	185
5	13	2	244
5	14	2	219
5	15	2	160
5	16	2	153
5	17	2	199
5	18	2	182
5	19	2	232
5	20	2	137
5	21	2	140
5	22	2	230
5	23	2	208
5	24	2	187
5	25	2	280
5	26	2	239
5	27	2	209
5	28	2	276
5	29	2	218
5	30	2	182
5	31	2	206
5	32	2	249
5	33	2	245
5	34	2	212
5	35	2	166
5	36	2	197
5	37	2	207
5	38	2	186
5	39	2	155
5	40	2	208
5	41	2	176
5	42	2	195
5	43	2	208
5	44	2	229
5	45	2	235
5	46	2	180
5	47	2	230
5	48	2	197
5	49	2	173
5	50	2	245
6	1	2	190
6	2	2	178
6	3	2	247
6	4	2	196
6	5	2	178
6	6	2	249
6	7	2	223
6	8	2	154
6	9	2	191
6	10	2	138
6	11	2	258
6	12	2	189
6	13	2	171
6	14	2	198
6	15	2	219
6	16	2	194
6	17	2	210
6	18	2	228
6	19	2	199
6	20	2	197
6	21	2	182
6	22	2	172
6	23	2	206
6	24	2	205
6	25	2	214
6	26	2	205
6	27	2	226
6	28	2	172
6	29	2	200
6	30	2	183
6	31	2	159
6	32	2	181
6	33	2	217
6	34	2	226
6	35	2	198
6	36	2	219
6	37	2	178
6	38	2	196
6	39	2	214
6	40	2	192
6	41	2	209
6	42	2	171
6	43	2	200
6	44	2	190
6	45	2	291
6	46	2	202
6	47	2	114
6	48	2	261
6	49	2	243
6	50	2	182
7	1	1	244
7	2	1	196
7	3	1	175
7	4	1	135
7	5	1	145
7	6	1	181
7	7	1	268
7	8	1	241
7	9	1	187
7	10	1	153
7	11	1	203
7	12	1	216
7	13	1	208
7	14	1	199
7	15	1	126
7	16	1	127
7	17	1	228
7	18	1	166
7	19	1	234
7	20	1	205
7	21	1	150
7	22	1	247
7	23	1	251
7	24	1	168
7	25	1	162
7	26	1	244
7	27	1	193
7	28	1	225
7	29	1	247
7	30	1	238
7	31	1	191
7	32	1	158
7	33	1	272
7	34	1	192
7	35	1	160
7	36	1	188
7	37	1	153
7	38	1	167
7	39	1	225
7	40	1	203
7	41	1	185
7	42	1	161
7	43	1	176
7	44	1	198
7	45	1	186
7	46	1	196
7	47	1	221
7	48	1	195
7	49	1	232
7	50	1	172
8	1	2	187
8	2	2	150
8	3	2	249
8	4	2	213
8	5	2	201
8	6	2	161
8	7	2	280
8	8	2	168
8	9	2	176
8	10	2	182
8	11	2	147
8	12	2	195
8	13	2	179
8	14	2	166
8	15	2	195
8	16	2	216
8	17	2	257
8	18	2	193
8	19	2	199
8	20	2	174
8	21	2	227
8	22	2	159
8	23	2	234
8	24	2	217
8	25	2	202
8	26	2	245
8	27	2	190
8	28	2	117
8	29	2	207
8	30	2	233
8	31	2	143
8	32	2	198
8	33	2	153
8	34	2	181
8	35	2	179
8	36	2	201
8	37	2	307
8	38	2	207
8	39	2	247
8	40	2	183
8	41	2	177
8	42	2	231
8	43	2	149
8	44	2	206
8	45	2	177
8	46	2	227
8	47	2	222
8	48	2	175
8	49	2	176
8	50	2	143
9	1	2	170
9	2	2	195
9	3	2	204
9	4	2	202
9	5	2	204
9	6	2	152
9	7	2	169
9	8	2	198
9	9	2	247
9	10	2	189
9	11	2	210
9	12	2	221
9	13	2	245
9	14	2	237
9	15	2	160
9	16	2	246
9	17	2	147
9	18	2	244
9	19	2	205
9	20	2	221
9	21	2	179
9	22	2	213
9	23	2	127
9	24	2	238
9	25	2	297
9	26	2	149
9	27	2	144
9	28	2	171
9	29	2	165
9	30	2	151
9	31	2	212
9	32	2	231
9	33	2	149
9	34	2	146
9	35	2	204
9	36	2	221
9	37	2	190
9	38	2	200
9	39	2	201
9	40	2	198
9	41	2	145
9	42	2	226
9	43	2	170
9	44	2	188
9	45	2	229
9	46	2	277
9	47	2	205
9	48	2	217
9	49	2	228
9	50	2	217
10	1	1	207
10	2	1	225
10	3	1	244
10	4	1	161
10	5	1	204
10	6	1	200
10	7	1	151
10	8	1	212
10	9	1	225
10	10	1	250
10	11	1	174
10	12	1	202
10	13	1	252
10	14	1	187
10	15	1	157
10	16	1	199
10	17	1	163
10	18	1	197
10	19	1	182
10	20	1	238
10	21	1	218
10	22	1	219
10	23	1	117
10	24	1	225
10	25	1	166
10	26	1	138
10	27	1	236
10	28	1	255
10	29	1	215
10	30	1	259
10	31	1	227
10	32	1	301
10	33	1	146
10	34	1	143
10	35	1	201
10	36	1	143
10	37	1	183
10	38	1	177
10	39	1	170
10	40	1	200
10	41	1	164
10	42	1	179
10	43	1	224
10	44	1	242
10	45	1	196
10	46	1	178
10	47	1	207
10	48	1	203
10	49	1	159
10	50	1	166


Warehouse Inventory (W P T):
1	2048		1219		0		0		0		2048	
2	1939		1043		0		0		0		1939	
3	1985		1217		0		0		0		1985	
4	1916		1235		0		0		0		1916	
5	1896		1161		0		0		0		1896	
6	1824		1060		0		0		0		1824	
7	2160		1343		0		0		0		2160	
8	2053		1195		0		0		0		2053	
9	1894		1124		0		0		0		1894	
10	1908		1055		0		0		0		1908	
11	2108		1336		0		0		0		2108	
12	1954		1144		0		0		0		1954	
13	2077		1184		0		0		0		2077	
14	2004		1211		0		0		0		2004	
15	1770		1111		0		0		0		1770	
16	1954		1206		0		0		0		1954	
17	587		0		587		587		587		587	
18	0		837		0		0		0		0	
19	0		1060		0		0		0		0	
20	618		0		618		618		618		618	
21	0		137		0		0		0		0	
22	0		1136		0		0		0		0	
23	0		1205		0		0		0		0	
24	0		622		0		0		0		0	
25	515		0		515		515		515		515	
26	169		0		169		169		169		169	
27	0		155		0		0		0		0	
28	0		66		0		0		0		0	
29	0		191		0		0		0		0	
30	0		958		0		0		0		0	
31	0		1072		0		0		0		0	
32	0		891		0		0		0		0	
33	0		724		0		0		0		0	
34	0		59		0		0		0		0	
35	0		447		0		0		0		0	
36	0		681		0		0		0		0	
37	0		1142		0		0		0		0	
38	0		452		0		0		0		0	
39	0		418		0		0		0		0	
40	661		0		661		661		661		661	
41	0		334		0		0		0		0	
42	0		875		0		0		0		0	
43	0		95		0		0		0		0	
44	236		0		236		236		236		236	
45	0		86		0		0		0		0	
46	0		7		0		0		0		0	
47	648		0		648		648		648		648	
48	0		1112		0		0		0		0	
49	0		230		0		0		0		0	
50	147		0		147		147		147		147	

Store Inventory (S P T):
Store1
1	53		0		144		116		83		53	
2	42		0		141		97		69		42	
3	37		0		133		125		86		37	
4	33		0		163		114		71		33	
5	27		0		127		97		77		27	
6	23		0		100		67		29		23	
7	49		0		176		117		93		49	
8	30		0		169		126		69		30	
9	50		0		136		133		100		50	
10	6		0		157		94		56		6	
11	46		0		147		118		79		46	
12	36		0		158		103		71		36	
13	54		0		135		102		99		54	
14	18		0		107		81		64		18	
15	40		0		154		89		73		40	
16	31		0		168		165		86		31	
17	31		0		140		95		94		31	
18	41		0		171		102		67		41	
19	49		0		186		142		95		49	
20	40		0		183		126		72		40	
21	26		0		125		81		26		26	
22	35		0		123		77		55		35	
23	60		0		185		153		104		60	
24	49		0		128		103		64		49	
25	7		0		157		101		48		7	
26	17		0		172		120		52		17	
27	58		0		153		133		110		58	
28	43		0		144		110		87		43	
29	46		0		135		92		65		46	
30	61		0		183		162		100		61	
31	22		0		132		112		63		22	
32	82		0		261		203		143		82	
33	43		0		126		105		67		43	
34	16		0		187		128		75		16	
35	59		0		207		147		110		59	
36	27		0		147		121		70		27	
37	12		0		94		79		40		12	
38	56		0		172		129		68		56	
39	27		0		155		126		71		27	
40	38		0		114		99		68		38	
41	25		0		142		103		58		25	
42	25		0		151		109		71		25	
43	18		0		118		90		58		18	
44	45		0		154		86		45		45	
45	30		0		184		129		65		30	
46	60		0		183		130		83		60	
47	39		0		153		115		80		39	
48	44		0		152		102		70		44	
49	25		0		184		163		89		25	
50	34		0		166		129		79		34	
Store2
1	0		120		92		76		47		0	
2	0		202		141		87		47		0	
3	0		118		97		58		29		0	
4	0		145		99		58		29		0	
5	0		162		132		76		42		0	
6	0		153		113		79		35		0	
7	0		155		101		74		33		0	
8	0		128		108		41		9		0	
9	0		162		125		117		58		0	
10	0		180		150		109		58		0	
11	0		135		84		51		30		0	
12	0		154		103		60		32		0	
13	0		180		165		159		79		0	
14	0		235		192		126		60		0	
15	0		138		108		87		62		0	
16	0		179		151		106		58		0	
17	0		140		93		42		27		0	
18	0		162		131		95		43		0	
19	0		167		145		104		63		0	
20	0		120		87		72		44		0	
21	0		132		108		78		39		0	
22	0		213		152		98		41		0	
23	0		159		148		99		66		0	
24	0		195		138		90		46		0	
25	0		126		103		64		11		0	
26	0		95		66		53		19		0	
27	0		171		112		59		31		0	
28	0		183		142		103		51		0	
29	0		120		73		69		17		0	
30	0		133		93		64		48		0	
31	0		150		122		86		50		0	
32	0		208		161		116		53		0	
33	0		177		147		103		51		0	
34	0		140		78		42		27		0	
35	0		153		126		97		57		0	
36	0		135		105		78		54		0	
37	0		141		104		80		55		0	
38	0		112		68		56		32		0	
39	0		129		99		88		45		0	
40	0		136		114		76		45		0	
41	0		137		101		79		25		0	
42	0		105		78		59		21		0	
43	0		151		124		89		75		0	
44	0		124		85		61		38		0	
45	0		172		118		108		52		0	
46	0		163		141		97		69		0	
47	0		138		112		77		46		0	
48	0		112		106		76		13		0	
49	0		109		77		59		45		0	
50	0		165		139		89		41		0	
Store3
1	36		0		195		139		86		36	
2	53		0		119		111		70		53	
3	9		0		98		50		28		9	
4	39		0		137		101		73		39	
5	26		0		126		94		78		26	
6	41		0		178		109		87		41	
7	10		0		94		80		47		10	
8	37		0		188		137		76		37	
9	16		0		141		115		64		16	
10	40		0		159		105		58		40	
11	47		0		231		161		103		47	
12	40		0		119		87		81		40	
13	51		0		150		139		94		51	
14	51		0		177		139		104		51	
15	54		0		151		133		77		54	
16	39		0		142		126		79		39	
17	43		0		178		129		87		43	
18	14		0		125		84		46		14	
19	54		0		168		127		90		54	
20	56		0		153		115		85		56	
21	29		0		120		103		58		29	
22	29		0		150		78		59		29	
23	57		0		171		125		112		57	
24	37		0		173		150		107		37	
25	41		0		168		130		80		41	
26	26		0		82		61		61		26	
27	19		0		114		100		57		19	
28	21		0		71		64		57		21	
29	37		0		155		111		79		37	
30	51		0		162		122		65		51	
31	6		0		160		125		75		6	
32	22		0		169		147		80		22	
33	44		0		171		134		84		44	
34	53		0		185		124		115		53	
35	56		0		200		142		117		56	
36	44		0		201		158		100		44	
37	47		0		117		84		52		47	
38	80		0		227		183		120		80	
39	24		0		160		117		64		24	
40	48		0		169		118		84		48	
41	34		0		130		111		83		34	
42	51		0		217		169		108		51	
43	17		0		92		70		38		17	
44	35		0		173		110		67		35	
45	19		0		162		100		64		19	
46	31		0		168		110		56		31	
47	44		0		138		103		72		44	
48	67		0		233		180		125		67	
49	37		0		142		94		61		37	
50	44		0		192		166		119		44	
Store4
1	0		153		132		86		43		0	
2	0		188		154		98		41		0	
3	0		139		117		97		51		0	
4	0		156		103		75		30		0	
5	0		126		74		50		33		0	
6	0		146		104		70		38		0	
7	0		148		131		88		36		0	
8	0		191		130		77		48		0	
9	0		138		90		55		30		0	
10	0		168		129		90		58		0	
11	0		174		118		90		45		0	
12	0		207		165		115		60		0	
13	0		148		120		65		45		0	
14	0		106		86		52		30		0	
15	0		160		103		68		22		0	
16	0		174		132		78		63		0	
17	0		151		135		103		54		0	
18	0		144		91		61		32		0	
19	0		165		93		37		37		0	
20	0		195		130		66		13		0	
21	0		199		154		102		59		0	
22	0		190		162		101		38		0	
23	0		149		121		75		39		0	
24	0		109		94		91		47		0	
25	0		182		142		100		55		0	
26	0		200		132		88		57		0	
27	0		129		58		43		14		0	
28	0		151		131		72		30		0	
29	0		162		130		74		40		0	
30	0		197		148		102		61		0	
31	0		138		91		48		29		0	
32	0		140		114		102		44		0	
33	0		159		112		74		26		0	
34	0		207		152		118		70		0	
35	0		154		112		83		28		0	
36	0		170		116		72		46		0	
37	0		218		171		96		41		0	
38	0		224		195		129		78		0	
39	0		213		169		123		62		0	
40	0		95		55		54		29		0	
41	0		173		136		99		39		0	
42	0		197		149		119		45		0	
43	0		179		141		68		35		0	
44	0		203		144		101		31		0	
45	0		122		85		38		15		0	
46	0		206		169		112		57		0	
47	0		209		166		101		32		0	
48	0		126		92		73		33		0	
49	0		135		99		87		60		0	
50	0		152		94		64		39		0	
Store5
1	59		0		202		150		105		59	
2	41		0		172		132		74		41	
3	60		0		184		149		110		60	
4	42		0		167		119		85		42	
5	47		0		175		139		84		47	
6	27		0		112		55		33		27	
7	75		0		252		196		149		75	
8	41		0		197		155		87		41	
9	11		0		130		101		68		11	
10	29		0		120		83		74		29	
11	49		0		175		122		82		49	
12	44		0		126		98		60		44	
13	42		0		209		159		79		42	
14	54		0		147		117		90		54	
15	50		0		132		111		66		50	
16	32		0		129		76		43		32	
17	37		0		155		95		45		37	
18	14		0		153		121		78		14	
19	37		0		177		124		83		37	
20	35		0		118		80		52		35	
21	25		0		127		113		78		25	
22	45		0		177		140		75		45	
23	44		0		193		133		90		44	
24	53		0		154		111		93		53	
25	52		0		236		187		127		52	
26	34		0		209		145		87		34	
27	53		0		188		167		97		53	
28	51		0		214		166		120		51	
29	36		0		184		145		96		36	
30	24		0		138		114		67		24	
31	45		0		149		92		56		45	
32	54		0		212		171		107		54	
33	39		0		191		147		97		39	
34	26		0		172		128		85		26	
35	36		0		139		98		55		36	
36	21		0		159		124		77		21	
37	60		0		161		121		95		60	
38	51		0		167		115		84		51	
39	45		0		133		89		75		45	
40	15		0		152		114		55		15	
41	37		0		134		88		65		37	
42	48		0		155		102		86		48	
43	32		0		169		104		89		32	
44	69		0		194		140		103		69	
45	34		0		182		136		89		34	
46	38		0		173		126		87		38	
47	76		0		185		143		111		76	
48	38		0		128		87		47		38	
49	26		0		112		94		87		26	
50	59		0		205		129		76		59	
Store6
1	32		0		151		106		69		32	
2	57		0		158		106		103		57	
3	39		0		185		129		80		39	
4	51		0		157		115		65		51	
5	44		0		144		106		79		44	
6	52		0		203		151		112		52	
7	40		0		188		127		73		40	
8	18		0		118		72		22		18	
9	42		0		151		106		64		42	
10	31		0		112		94		68		31	
11	46		0		194		145		101		46	
12	37		0		149		117		58		37	
13	37		0		145		97		67		37	
14	43		0		163		134		80		43	
15	66		0		161		107		93		66	
16	45		0		160		93		61		45	
17	71		0		177		159		111		71	
18	61		0		183		125		110		61	
19	49		0		165		106		78		49	
20	36		0		163		117		79		36	
21	33		0		144		96		47		33	
22	29		0		146		111		77		29	
23	30		0		134		94		74		30	
24	28		0		143		108		60		28	
25	58		0		159		121		80		58	
26	36		0		157		124		86		36	
27	47		0		174		162		105		47	
28	41		0		135		100		59		41	
29	7		0		153		108		71		7	
30	30		0		148		102		67		30	
31	29		0		124		85		58		29	
32	58		0		154		129		85		58	
33	46		0		174		135		98		46	
34	36		0		165		122		77		36	
35	51		0		188		160		100		51	
36	26		0		177		141		90		26	
37	51		0		124		92		75		51	
38	39		0		141		78		43		39	
39	48		0		165		111		60		48	
40	53		0		153		136		83		53	
41	32		0		152		97		82		32	
42	50		0		161		124		93		50	
43	31		0		159		131		98		31	
44	43		0		148		114		100		43	
45	63		0		240		195		129		63	
46	27		0		145		102		54		27	
47	31		0		83		52		51		31	
48	34		0		201		146		91		34	
49	50		0		198		142		86		50	
50	24		0		169		132		80		24	
Store7
1	0		168		140		107		59		0	
2	0		146		103		59		15		0	
3	0		111		61		52		20		0	
4	0		103		75		49		27		0	
5	0		111		81		42		8		0	
6	0		152		121		73		29		0	
7	0		226		182		121		44		0	
8	0		228		204		159		85		0	
9	0		155		133		77		51		0	
10	0		108		64		41		3		0	
11	0		164		132		91		42		0	
12	0		179		137		118		47		0	
13	0		162		115		81		54		0	
14	0		162		122		109		62		0	
15	0		116		85		56		30		0	
16	0		87		51		48		48		0	
17	0		168		117		65		40		0	
18	0		126		74		49		17		0	
19	0		180		137		76		45		0	
20	0		167		130		101		34		0	
21	0		107		75		56		38		0	
22	0		196		133		77		31		0	
23	0		209		139		81		35		0	
24	0		155		125		89		21		0	
25	0		100		60		53		27		0	
26	0		198		149		96		37		0	
27	0		172		131		98		56		0	
28	0		196		128		105		53		0	
29	0		219		153		109		42		0	
30	0		187		127		75		19		0	
31	0		152		125		95		48		0	
32	0		130		58		57		12		0	
33	0		205		151		91		44		0	
34	0		140		76		61		14		0	
35	0		123		99		61		20		0	
36	0		154		114		68		37		0	
37	0		115		104		82		36		0	
38	0		131		95		41		14		0	
39	0		199		163		116		65		0	
40	0		165		121		71		33		0	
41	0		135		95		85		53		0	
42	0		142		117		75		48		0	
43	0		146		111		72		40		0	
44	0		162		116		85		48		0	
45	0		148		80		54		16		0	
46	0		165		119		58		22		0	
47	0		153		113		59		19		0	
48	0		122		89		82		47		0	
49	0		194		155		84		26		0	
50	0		158		130		78		38		0	
Store8
1	63		0		167		140		111		63	
2	14		0		120		85		42		14	
3	64		0		221		164		128		64	
4	62		0		176		148		99		62	
5	4		0		167		129		48		4	
6	34		0		129		108		74		34	
7	48		0		201		146		88		48	
8	28		0		132		104		50		28	
9	38		0		162		103		72		38	
10	32		0		135		89		65		32	
11	32		0		117		75		47		32	
12	27		0		167		114		81		27	
13	43		0		157		107		79		43	
14	33		0		124		112		68		33	
15	56		0		163		108		94		56	
16	70		0		190		152		132		70	
17	18		0		194		139		92		18	
18	30		0		156		137		88		30	
19	21		0		153		108		59		21	
20	41		0		139		101		70		41	
21	60		0		211		154		101		60	
22	19		0		133		109		53		19	
23	54		0		196		153		113		54	
24	31		0		187		139		93		31	
25	35		0		146		116		54		35	
26	62		0		217		167		100		62	
27	22		0		162		120		75		22	
28	29		0		92		63		49		29	
29	28		0		150		128		84		28	
30	36		0		182		116		70		36	
31	0		0		108		67		22		0	
32	12		0		142		113		63		12	
33	26		0		93		72		72		26	
34	9		0		125		73		43		9	
35	21		0		153		114		67		21	
36	32		0		172		115		78		32	
37	49		0		223		188		125		49	
38	44		0		146		123		75		44	
39	52		0		184		128		87		52	
40	11		0		143		99		59		11	
41	18		0		138		98		52		18	
42	11		0		200		138		60		11	
43	22		0		120		100		80		22	
44	58		0		175		127		99		58	
45	29		0		156		106		65		29	
46	47		0		176		147		108		47	
47	36		0		170		140		99		36	
48	48		0		138		109		90		48	
49	38		0		159		107		72		38	
50	11		0		92		71		61		11	
Store9
1	34		0		135		93		72		34	
2	8		0		126		94		30		8	
3	45		0		181		122		84		45	
4	33		0		132		93		93		33	
5	27		0		143		85		60		27	
6	18		0		132		82		50		18	
7	30		0		133		87		53		30	
8	30		0		145		104		82		30	
9	49		0		203		154		98		49	
10	13		0		134		82		66		13	
11	43		0		186		141		96		43	
12	37		0		179		121		69		37	
13	33		0		187		114		70		33	
14	51		0		201		158		95		51	
15	43		0		149		126		97		43	
16	50		0		187		150		93		50	
17	29		0		119		92		57		29	
18	42		0		201		145		88		42	
19	18		0		175		110		71		18	
20	38		0		221		159		89		38	
21	32		0		155		96		66		32	
22	37		0		139		111		54		37	
23	42		0		105		93		73		42	
24	35		0		203		125		72		35	
25	36		0		226		148		105		36	
26	31		0		109		73		31		31	
27	33		0		110		94		42		33	
28	32		0		112		89		71		32	
29	27		0		134		106		75		27	
30	25		0		127		85		66		25	
31	17		0		151		93		63		17	
32	43		0		165		137		88		43	
33	30		0		128		93		63		30	
34	26		0		108		76		50		26	
35	34		0		156		131		73		34	
36	63		0		165		120		95		63	
37	35		0		141		100		88		35	
38	39		0		138		106		78		39	
39	42		0		168		139		80		42	
40	36		0		178		129		89		36	
41	46		0		113		96		79		46	
42	66		0		190		158		118		66	
43	16		0		141		116		65		16	
44	52		0		163		131		89		52	
45	33		0		194		145		83		33	
46	36		0		229		170		101		36	
47	43		0		167		145		106		43	
48	44		0		161		121		86		44	
49	43		0		175		136		76		43	
50	43		0		173		128		96		43	
Store10
1	0		156		135		101		56		0	
2	0		186		120		67		26		0	
3	0		194		131		114		53		0	
4	0		148		97		69		38		0	
5	0		148		94		74		47		0	
6	0		138		110		66		35		0	
7	0		113		107		77		33		0	
8	0		171		141		103		32		0	
9	0		181		138		93		43		0	
10	0		180		121		73		36		0	
11	0		156		132		77		27		0	
12	0		158		109		82		37		0	
13	0		224		181		157		72		0	
14	0		172		107		69		51		0	
15	0		137		96		30		16		0	
16	0		135		98		57		35		0	
17	0		154		113		72		32		0	
18	0		147		103		55		27		0	
19	0		139		75		66		21		0	
20	0		186		162		125		61		0	
21	0		143		93		90		61		0	
22	0		167		118		93		43		0	
23	0		82		74		64		29		0	
24	0		168		122		91		38		0	
25	0		145		96		65		49		0	
26	0		78		63		56		20		0	
27	0		174		113		56		4		0	
28	0		201		123		88		61		0	
29	0		161		124		116		65		0	
30	0		214		169		104		37		0	
31	0		187		121		91		50		0	
32	0		251		195		119		68		0	
33	0		106		74		47		15		0	
34	0		114		62		37		9		0	
35	0		175		135		94		58		0	
36	0		108		78		62		17		0	
37	0		129		100		67		43		0	
38	0		128		84		70		35		0	
39	0		135		89		78		51		0	
40	0		171		126		108		34		0	
41	0		140		119		95		35		0	
42	0		141		116		63		32		0	
43	0		179		116		88		54		0	
44	0		203		150		90		53		0	
45	0		150		100		70		22		0	
46	0		159		108		58		51		0	
47	0		162		112		79		23		0	
48	0		164		123		73		40		0	
49	0		117		101		75		73		0	
50	0		125		94		59		24		0	


Shipments from Vendor to Warehouse (V T):
0	0	0	0	1.286212	
0.8090647	0.5122401	0	0	0	
0.6382706	0.5752633	0	0	0	

Shipments from Warehouse to Stores (S T):
1	2	0.3654786
1	5	0.3820266
2	1	0.3653054
2	5	0.4375666
3	2	0.387214
3	5	0.4132834
4	1	0.3916807
4	5	0.3677333
5	2	0.39654
5	5	0.40828
6	2	0.3875461
6	5	0.4011633
7	1	0.3863973
7	5	0.4000166
8	2	0.3762273
8	5	0.4091866
9	2	0.386796
9	5	0.3999234
10	1	0.3778653
10	5	0.4092033


Required Putaway workers (Sol T):
2	2	3	3	2	

No of required pickers (T):
5	8	0	0	13	

No of part-time putaway workers (T):
0	0	1	1	0	

No of part-time pickers (T):
0	0	0	0	4	

Best Putaway Technology: 2400
Best Picking Technology: 1000

Required Fashion Putaway Hours:
0	0	18.89792	23.92917	0	

Required Basic Putaway Hours:
15.96208	12.21792	0	0	13.12083	

Required Total Putaway Hours:
15.96208	12.21792	18.89792	23.92917	13.12083	

No of required fashion pick hours:
0	0	0	0	102.785	

No of required basic pick hours:
39.544	59.578	0	0	0	

No of required total pick hours:
39.544	59.578	0	0	102.785	

List of all the costs: 
MHECost		444
PutawayTechCost		3540
PickingTechCost		9130
WhBasicInvCost		796.4998
BasicInbCost		11758.32
WhFashionInvCost		1481.4
FashionInbCost		7563.612
PutawayCost		3680
StoreBasicInvCost		9817.549
StoreFashionInvCost		5139.25
OutboundCost		21057.46
PickingCost		15360
Total		89768.09

List of Top5 Technologies: 
Tech1		3	6	$ 89768.09
Tech2		4	6	$ 90922.04
Tech3		2	6	$ 102462.8
Tech4		2	5	$ 108257.9
Tech5		2	4	$ 112084.1
The start time is 12/30/2014 12:46:37 PM
The End time is 12/30/2014 12:47:34 PM
