Printing New Fashion Solution:

Inbound Fashion Solution (V F T):
1	1	4	2095
1	2	4	1870
1	3	4	2325
1	4	4	1805
1	5	4	2385
1	6	4	2300
1	7	4	1795
1	8	3	2130
1	9	4	1990
1	10	4	2210
1	11	4	2220
1	12	4	1575
1	13	4	1730
1	14	4	2190
1	15	4	2485
1	16	4	2275
1	17	3	2120
1	18	4	2430
1	19	3	2425
1	20	3	1215
1	21	4	2290
1	22	3	2225
1	23	3	2210
1	24	4	2255
1	25	3	2010
2	26	1	1780
2	27	1	2095
2	28	1	1745
2	29	1	2135
2	30	1	1875
2	31	1	2225
2	32	1	1945
2	33	1	1860
2	34	1	2095
2	35	1	1745
2	36	1	2350
2	37	1	1585
2	38	1	2140
2	39	1	2100
2	40	1	1970
2	41	1	1830
2	42	1	2095
2	43	1	2180
2	44	1	2300
2	45	1	1980
2	46	1	2115
2	47	1	2260
2	48	1	1865
2	49	1	1665
2	50	1	2290


Outbound Fashion Solution(S F T):
1	1	5	190
1	2	5	175
1	3	5	240
1	4	5	90
1	5	5	290
1	6	5	125
1	7	5	180
1	8	4	165
1	9	5	245
1	10	5	200
1	11	5	305
1	12	5	165
1	13	5	135
1	14	5	205
1	15	5	165
1	16	5	295
1	17	5	110
1	18	5	140
1	19	5	255
1	21	5	215
1	22	5	155
1	23	4	245
1	24	5	280
1	25	4	190
1	26	3	225
1	27	2	370
1	28	3	30
1	29	2	155
1	30	3	225
1	31	3	170
1	32	4	75
1	33	3	220
1	34	2	245
1	35	3	160
1	36	3	245
1	37	3	150
1	38	3	180
1	39	2	240
1	40	4	250
1	41	4	245
1	42	4	250
1	43	4	60
1	44	3	125
1	45	3	80
1	46	2	245
1	47	3	210
1	48	2	165
1	49	3	290
1	50	4	275
2	1	5	210
2	2	5	245
2	3	5	115
2	4	5	315
2	5	5	325
2	6	5	315
2	7	5	225
2	8	5	280
2	9	5	380
2	10	5	255
2	11	5	185
2	12	5	90
2	13	5	110
2	14	5	230
2	15	5	295
2	16	5	215
2	17	5	290
2	18	5	285
2	19	5	255
2	20	4	80
2	21	5	85
2	22	5	300
2	23	5	235
2	24	5	185
2	25	4	140
2	26	2	340
2	27	3	145
2	28	2	195
2	29	3	235
2	30	2	285
2	31	2	340
2	32	4	260
2	33	2	135
2	34	3	160
2	35	3	240
2	36	2	220
2	37	3	175
2	38	4	280
2	39	4	180
2	40	3	150
2	41	3	250
2	42	3	75
2	43	3	250
2	44	2	330
2	45	4	200
2	46	4	230
2	47	3	270
2	48	4	165
2	49	3	105
2	50	4	265
3	1	5	185
3	2	5	210
3	3	5	160
3	4	5	180
3	5	5	220
3	6	5	300
3	7	5	230
3	8	5	175
3	9	5	215
3	10	5	310
3	11	5	175
3	12	5	205
3	13	5	245
3	14	5	170
3	15	5	280
3	16	5	350
3	17	5	255
3	18	5	325
3	19	5	240
3	20	5	245
3	21	5	365
3	22	5	270
3	23	5	200
3	24	5	250
3	25	5	190
3	26	4	225
3	27	3	220
3	28	3	270
3	29	3	190
3	30	2	130
3	31	4	190
3	32	4	165
3	33	4	80
3	34	2	205
3	35	2	170
3	36	2	125
3	37	2	130
3	38	4	175
3	39	3	175
3	40	4	190
3	41	4	130
3	42	4	345
3	43	2	230
3	44	3	140
3	45	2	200
3	46	3	190
3	47	3	235
3	48	3	195
3	49	4	240
3	50	3	295
4	1	5	105
4	2	5	250
4	3	5	260
4	4	5	260
4	5	5	290
4	6	5	270
4	7	5	110
4	8	4	175
4	9	5	170
4	10	5	95
4	11	5	150
4	12	5	65
4	13	5	270
4	14	5	255
4	15	5	20
4	16	5	80
4	17	5	235
4	18	5	295
4	19	4	225
4	20	5	55
4	21	5	125
4	22	5	290
4	23	5	175
4	24	5	185
4	25	5	230
4	26	3	125
4	27	3	210
4	28	4	230
4	29	4	220
4	30	4	175
4	31	4	160
4	32	2	160
4	33	3	115
4	34	3	315
4	35	3	140
4	36	2	375
4	37	2	205
4	38	2	35
4	39	4	235
4	40	3	70
4	41	2	260
4	42	2	205
4	43	3	395
4	44	2	265
4	45	2	180
4	46	3	385
4	47	2	125
4	48	3	130
4	49	4	175
5	1	5	275
5	2	5	60
5	3	5	295
5	4	5	85
5	5	5	85
5	6	5	200
5	7	5	255
5	8	5	270
5	9	5	130
5	10	5	330
5	11	5	285
5	12	5	205
5	13	5	140
5	14	5	205
5	15	5	290
5	16	5	325
5	17	5	180
5	18	5	260
5	19	4	245
5	20	5	130
5	21	5	285
5	22	5	95
5	23	5	345
5	24	5	165
5	25	5	195
5	26	4	135
5	27	2	150
5	28	3	275
5	29	4	160
5	30	3	190
5	31	3	215
5	32	3	160
5	33	3	245
5	34	4	85
5	35	2	145
5	36	2	225
5	37	3	290
5	38	4	295
5	39	4	275
5	40	4	145
5	41	4	160
5	42	4	205
5	43	2	325
5	44	3	345
5	45	3	315
5	46	4	205
5	47	3	245
5	48	4	115
5	49	2	90
5	50	3	125
6	1	5	300
6	2	5	185
6	3	5	120
6	4	5	205
6	5	5	195
6	6	5	265
6	7	5	185
6	8	5	315
6	9	5	145
6	10	5	205
6	11	5	240
6	12	5	130
6	13	5	170
6	14	5	260
6	15	5	310
6	16	5	235
6	17	5	265
6	18	5	200
6	19	4	250
6	20	5	140
6	21	5	295
6	22	5	190
6	23	4	295
6	24	5	155
6	25	5	135
6	26	2	330
6	27	2	260
6	28	2	105
6	29	3	90
6	30	3	275
6	31	3	285
6	32	3	245
6	33	4	290
6	34	4	180
6	35	4	150
6	36	4	140
6	37	3	60
6	38	2	190
6	39	2	190
6	40	3	225
6	41	4	95
6	42	3	205
6	43	4	160
6	44	4	95
6	45	3	205
6	46	3	225
6	47	3	255
6	48	4	150
6	49	3	195
6	50	4	205
7	1	5	255
7	2	5	120
7	3	5	225
7	4	5	205
7	5	5	260
7	6	5	180
7	7	5	105
7	8	5	265
7	9	5	155
7	10	5	220
7	11	5	300
7	12	5	180
7	13	5	140
7	14	5	155
7	15	5	305
7	16	5	125
7	17	4	195
7	18	5	210
7	19	5	285
7	20	5	105
7	21	5	205
7	22	4	190
7	23	5	210
7	24	5	100
7	25	5	225
7	26	3	5
7	27	4	195
7	28	3	135
7	29	3	140
7	30	4	35
7	31	3	305
7	32	4	215
7	33	4	105
7	34	4	345
7	35	4	200
7	36	4	205
7	37	2	130
7	38	3	240
7	39	3	300
7	40	3	165
7	41	4	295
7	42	2	225
7	43	4	220
7	44	4	340
7	45	4	155
7	46	2	55
7	47	3	105
7	48	3	345
7	49	3	230
7	50	3	235
8	1	5	155
8	2	5	310
8	3	5	200
8	4	5	170
8	5	5	255
8	6	5	115
8	7	5	240
8	8	5	155
8	9	5	65
8	10	5	180
8	11	5	85
8	12	5	200
8	13	5	245
8	14	5	360
8	15	5	235
8	16	5	180
8	17	5	345
8	18	5	185
8	19	4	115
8	20	4	220
8	21	5	235
8	22	5	175
8	23	4	235
8	24	5	325
8	25	5	320
8	26	3	85
8	27	3	60
8	28	4	190
8	29	3	235
8	30	4	180
8	31	2	230
8	32	3	80
8	33	3	170
8	34	3	150
8	35	3	90
8	36	3	230
8	37	2	240
8	38	4	205
8	39	3	160
8	40	4	330
8	41	2	75
8	42	2	215
8	43	4	140
8	44	2	230
8	45	4	290
8	46	2	155
8	47	2	335
8	48	3	320
8	49	4	70
8	50	3	335
9	1	5	205
9	2	5	40
9	3	5	390
9	4	5	230
9	5	5	290
9	6	5	310
9	7	5	110
9	8	4	80
9	9	5	215
9	10	5	155
9	11	5	265
9	12	5	175
9	13	5	160
9	14	5	105
9	15	5	235
9	16	5	250
9	17	5	60
9	18	5	125
9	19	5	225
9	20	5	70
9	21	5	240
9	22	5	375
9	23	5	155
9	24	5	305
9	25	5	165
9	26	2	140
9	27	4	190
9	28	4	200
9	29	3	270
9	30	4	120
9	31	3	150
9	32	4	300
9	33	3	265
9	34	4	230
9	35	2	185
9	36	3	370
9	37	4	100
9	38	2	205
9	39	3	180
9	40	4	175
9	41	4	230
9	42	3	140
9	43	3	235
9	44	3	220
9	45	3	145
9	46	3	220
9	47	2	330
9	48	4	190
9	49	2	180
9	50	4	360
10	1	5	215
10	2	5	275
10	3	5	320
10	4	5	65
10	5	5	175
10	6	5	220
10	7	5	155
10	8	5	250
10	9	5	270
10	10	5	260
10	11	5	230
10	12	5	160
10	13	5	115
10	14	5	245
10	15	5	350
10	16	5	220
10	17	5	185
10	18	5	405
10	19	5	330
10	20	4	170
10	21	5	240
10	22	4	185
10	23	4	115
10	24	5	305
10	25	4	220
10	26	3	170
10	27	2	295
10	28	3	115
10	29	4	440
10	30	3	260
10	31	3	180
10	32	2	285
10	33	3	235
10	34	4	180
10	35	3	265
10	36	3	215
10	37	4	105
10	38	3	335
10	39	3	165
10	40	4	270
10	41	4	90
10	42	3	230
10	43	4	165
10	44	3	210
10	45	3	210
10	46	3	205
10	47	4	150
10	48	3	90
10	49	3	90
10	50	4	195


Warehouse Fashion Inventory (W F T):
1	0		0		0		2095		0	
2	0		0		0		1870		0	
3	0		0		0		2325		0	
4	0		0		0		1805		0	
5	0		0		0		2385		0	
6	0		0		0		2300		0	
7	0		0		0		1795		0	
8	0		0		2130		1710		0	
9	0		0		0		1990		0	
10	0		0		0		2210		0	
11	0		0		0		2220		0	
12	0		0		0		1575		0	
13	0		0		0		1730		0	
14	0		0		0		2190		0	
15	0		0		0		2485		0	
16	0		0		0		2275		0	
17	0		0		2120		1925		0	
18	0		0		0		2430		0	
19	0		0		2425		1590		0	
20	0		0		1215		745		0	
21	0		0		0		2290		0	
22	0		0		2225		1850		0	
23	0		0		2210		1320		0	
24	0		0		0		2255		0	
25	0		0		2010		1460		0	
26	1780		970		360		0		0	
27	2095		1020		385		0		0	
28	1745		1445		620		0		0	
29	2135		1980		820		0		0	
30	1875		1460		510		0		0	
31	2225		1655		350		0		0	
32	1945		1500		1015		0		0	
33	1860		1725		475		0		0	
34	2095		1645		1020		0		0	
35	1745		1245		350		0		0	
36	2350		1405		345		0		0	
37	1585		880		205		0		0	
38	2140		1710		955		0		0	
39	2100		1670		690		0		0	
40	1970		1970		1360		0		0	
41	1830		1495		1245		0		0	
42	2095		1450		800		0		0	
43	2180		1625		745		0		0	
44	2300		1475		435		0		0	
45	1980		1600		645		0		0	
46	2115		1660		435		0		0	
47	2260		1470		150		0		0	
48	1865		1700		620		0		0	
49	1665		1395		485		0		0	
50	2290		2290		1300		0		0	

Store Fashion Inventory (S F T):
Store1
1	0		0		0		190	
2	0		0		0		175	
3	0		0		0		240	
4	0		0		0		90	
5	0		0		0		290	
6	0		0		0		125	
7	0		0		0		180	
8	0		0		165		165	
9	0		0		0		245	
10	0		0		0		200	
11	0		0		0		305	
12	0		0		0		165	
13	0		0		0		135	
14	0		0		0		205	
15	0		0		0		165	
16	0		0		0		295	
17	0		0		0		110	
18	0		0		0		140	
19	0		0		0		255	
20	0		0		0		0	
21	0		0		0		215	
22	0		0		0		155	
23	0		0		245		245	
24	0		0		0		280	
25	0		0		190		190	
26	0		225		225		225	
27	370		370		370		370	
28	0		30		30		30	
29	155		155		155		155	
30	0		225		225		225	
31	0		170		170		170	
32	0		0		75		75	
33	0		220		220		220	
34	245		245		245		245	
35	0		160		160		160	
36	0		245		245		245	
37	0		150		150		150	
38	0		180		180		180	
39	240		240		240		240	
40	0		0		250		250	
41	0		0		245		245	
42	0		0		250		250	
43	0		0		60		60	
44	0		125		125		125	
45	0		80		80		80	
46	245		245		245		245	
47	0		210		210		210	
48	165		165		165		165	
49	0		290		290		290	
50	0		0		275		275	
Store2
1	0		0		0		210	
2	0		0		0		245	
3	0		0		0		115	
4	0		0		0		315	
5	0		0		0		325	
6	0		0		0		315	
7	0		0		0		225	
8	0		0		0		280	
9	0		0		0		380	
10	0		0		0		255	
11	0		0		0		185	
12	0		0		0		90	
13	0		0		0		110	
14	0		0		0		230	
15	0		0		0		295	
16	0		0		0		215	
17	0		0		0		290	
18	0		0		0		285	
19	0		0		0		255	
20	0		0		80		80	
21	0		0		0		85	
22	0		0		0		300	
23	0		0		0		235	
24	0		0		0		185	
25	0		0		140		140	
26	340		340		340		340	
27	0		145		145		145	
28	195		195		195		195	
29	0		235		235		235	
30	285		285		285		285	
31	340		340		340		340	
32	0		0		260		260	
33	135		135		135		135	
34	0		160		160		160	
35	0		240		240		240	
36	220		220		220		220	
37	0		175		175		175	
38	0		0		280		280	
39	0		0		180		180	
40	0		150		150		150	
41	0		250		250		250	
42	0		75		75		75	
43	0		250		250		250	
44	330		330		330		330	
45	0		0		200		200	
46	0		0		230		230	
47	0		270		270		270	
48	0		0		165		165	
49	0		105		105		105	
50	0		0		265		265	
Store3
1	0		0		0		185	
2	0		0		0		210	
3	0		0		0		160	
4	0		0		0		180	
5	0		0		0		220	
6	0		0		0		300	
7	0		0		0		230	
8	0		0		0		175	
9	0		0		0		215	
10	0		0		0		310	
11	0		0		0		175	
12	0		0		0		205	
13	0		0		0		245	
14	0		0		0		170	
15	0		0		0		280	
16	0		0		0		350	
17	0		0		0		255	
18	0		0		0		325	
19	0		0		0		240	
20	0		0		0		245	
21	0		0		0		365	
22	0		0		0		270	
23	0		0		0		200	
24	0		0		0		250	
25	0		0		0		190	
26	0		0		225		225	
27	0		220		220		220	
28	0		270		270		270	
29	0		190		190		190	
30	130		130		130		130	
31	0		0		190		190	
32	0		0		165		165	
33	0		0		80		80	
34	205		205		205		205	
35	170		170		170		170	
36	125		125		125		125	
37	130		130		130		130	
38	0		0		175		175	
39	0		175		175		175	
40	0		0		190		190	
41	0		0		130		130	
42	0		0		345		345	
43	230		230		230		230	
44	0		140		140		140	
45	200		200		200		200	
46	0		190		190		190	
47	0		235		235		235	
48	0		195		195		195	
49	0		0		240		240	
50	0		295		295		295	
Store4
1	0		0		0		105	
2	0		0		0		250	
3	0		0		0		260	
4	0		0		0		260	
5	0		0		0		290	
6	0		0		0		270	
7	0		0		0		110	
8	0		0		175		175	
9	0		0		0		170	
10	0		0		0		95	
11	0		0		0		150	
12	0		0		0		65	
13	0		0		0		270	
14	0		0		0		255	
15	0		0		0		20	
16	0		0		0		80	
17	0		0		0		235	
18	0		0		0		295	
19	0		0		225		225	
20	0		0		0		55	
21	0		0		0		125	
22	0		0		0		290	
23	0		0		0		175	
24	0		0		0		185	
25	0		0		0		230	
26	0		125		125		125	
27	0		210		210		210	
28	0		0		230		230	
29	0		0		220		220	
30	0		0		175		175	
31	0		0		160		160	
32	160		160		160		160	
33	0		115		115		115	
34	0		315		315		315	
35	0		140		140		140	
36	375		375		375		375	
37	205		205		205		205	
38	35		35		35		35	
39	0		0		235		235	
40	0		70		70		70	
41	260		260		260		260	
42	205		205		205		205	
43	0		395		395		395	
44	265		265		265		265	
45	180		180		180		180	
46	0		385		385		385	
47	125		125		125		125	
48	0		130		130		130	
49	0		0		175		175	
50	0		0		0		0	
Store5
1	0		0		0		275	
2	0		0		0		60	
3	0		0		0		295	
4	0		0		0		85	
5	0		0		0		85	
6	0		0		0		200	
7	0		0		0		255	
8	0		0		0		270	
9	0		0		0		130	
10	0		0		0		330	
11	0		0		0		285	
12	0		0		0		205	
13	0		0		0		140	
14	0		0		0		205	
15	0		0		0		290	
16	0		0		0		325	
17	0		0		0		180	
18	0		0		0		260	
19	0		0		245		245	
20	0		0		0		130	
21	0		0		0		285	
22	0		0		0		95	
23	0		0		0		345	
24	0		0		0		165	
25	0		0		0		195	
26	0		0		135		135	
27	150		150		150		150	
28	0		275		275		275	
29	0		0		160		160	
30	0		190		190		190	
31	0		215		215		215	
32	0		160		160		160	
33	0		245		245		245	
34	0		0		85		85	
35	145		145		145		145	
36	225		225		225		225	
37	0		290		290		290	
38	0		0		295		295	
39	0		0		275		275	
40	0		0		145		145	
41	0		0		160		160	
42	0		0		205		205	
43	325		325		325		325	
44	0		345		345		345	
45	0		315		315		315	
46	0		0		205		205	
47	0		245		245		245	
48	0		0		115		115	
49	90		90		90		90	
50	0		125		125		125	
Store6
1	0		0		0		300	
2	0		0		0		185	
3	0		0		0		120	
4	0		0		0		205	
5	0		0		0		195	
6	0		0		0		265	
7	0		0		0		185	
8	0		0		0		315	
9	0		0		0		145	
10	0		0		0		205	
11	0		0		0		240	
12	0		0		0		130	
13	0		0		0		170	
14	0		0		0		260	
15	0		0		0		310	
16	0		0		0		235	
17	0		0		0		265	
18	0		0		0		200	
19	0		0		250		250	
20	0		0		0		140	
21	0		0		0		295	
22	0		0		0		190	
23	0		0		295		295	
24	0		0		0		155	
25	0		0		0		135	
26	330		330		330		330	
27	260		260		260		260	
28	105		105		105		105	
29	0		90		90		90	
30	0		275		275		275	
31	0		285		285		285	
32	0		245		245		245	
33	0		0		290		290	
34	0		0		180		180	
35	0		0		150		150	
36	0		0		140		140	
37	0		60		60		60	
38	190		190		190		190	
39	190		190		190		190	
40	0		225		225		225	
41	0		0		95		95	
42	0		205		205		205	
43	0		0		160		160	
44	0		0		95		95	
45	0		205		205		205	
46	0		225		225		225	
47	0		255		255		255	
48	0		0		150		150	
49	0		195		195		195	
50	0		0		205		205	
Store7
1	0		0		0		255	
2	0		0		0		120	
3	0		0		0		225	
4	0		0		0		205	
5	0		0		0		260	
6	0		0		0		180	
7	0		0		0		105	
8	0		0		0		265	
9	0		0		0		155	
10	0		0		0		220	
11	0		0		0		300	
12	0		0		0		180	
13	0		0		0		140	
14	0		0		0		155	
15	0		0		0		305	
16	0		0		0		125	
17	0		0		195		195	
18	0		0		0		210	
19	0		0		0		285	
20	0		0		0		105	
21	0		0		0		205	
22	0		0		190		190	
23	0		0		0		210	
24	0		0		0		100	
25	0		0		0		225	
26	0		5		5		5	
27	0		0		195		195	
28	0		135		135		135	
29	0		140		140		140	
30	0		0		35		35	
31	0		305		305		305	
32	0		0		215		215	
33	0		0		105		105	
34	0		0		345		345	
35	0		0		200		200	
36	0		0		205		205	
37	130		130		130		130	
38	0		240		240		240	
39	0		300		300		300	
40	0		165		165		165	
41	0		0		295		295	
42	225		225		225		225	
43	0		0		220		220	
44	0		0		340		340	
45	0		0		155		155	
46	55		55		55		55	
47	0		105		105		105	
48	0		345		345		345	
49	0		230		230		230	
50	0		235		235		235	
Store8
1	0		0		0		155	
2	0		0		0		310	
3	0		0		0		200	
4	0		0		0		170	
5	0		0		0		255	
6	0		0		0		115	
7	0		0		0		240	
8	0		0		0		155	
9	0		0		0		65	
10	0		0		0		180	
11	0		0		0		85	
12	0		0		0		200	
13	0		0		0		245	
14	0		0		0		360	
15	0		0		0		235	
16	0		0		0		180	
17	0		0		0		345	
18	0		0		0		185	
19	0		0		115		115	
20	0		0		220		220	
21	0		0		0		235	
22	0		0		0		175	
23	0		0		235		235	
24	0		0		0		325	
25	0		0		0		320	
26	0		85		85		85	
27	0		60		60		60	
28	0		0		190		190	
29	0		235		235		235	
30	0		0		180		180	
31	230		230		230		230	
32	0		80		80		80	
33	0		170		170		170	
34	0		150		150		150	
35	0		90		90		90	
36	0		230		230		230	
37	240		240		240		240	
38	0		0		205		205	
39	0		160		160		160	
40	0		0		330		330	
41	75		75		75		75	
42	215		215		215		215	
43	0		0		140		140	
44	230		230		230		230	
45	0		0		290		290	
46	155		155		155		155	
47	335		335		335		335	
48	0		320		320		320	
49	0		0		70		70	
50	0		335		335		335	
Store9
1	0		0		0		205	
2	0		0		0		40	
3	0		0		0		390	
4	0		0		0		230	
5	0		0		0		290	
6	0		0		0		310	
7	0		0		0		110	
8	0		0		80		80	
9	0		0		0		215	
10	0		0		0		155	
11	0		0		0		265	
12	0		0		0		175	
13	0		0		0		160	
14	0		0		0		105	
15	0		0		0		235	
16	0		0		0		250	
17	0		0		0		60	
18	0		0		0		125	
19	0		0		0		225	
20	0		0		0		70	
21	0		0		0		240	
22	0		0		0		375	
23	0		0		0		155	
24	0		0		0		305	
25	0		0		0		165	
26	140		140		140		140	
27	0		0		190		190	
28	0		0		200		200	
29	0		270		270		270	
30	0		0		120		120	
31	0		150		150		150	
32	0		0		300		300	
33	0		265		265		265	
34	0		0		230		230	
35	185		185		185		185	
36	0		370		370		370	
37	0		0		100		100	
38	205		205		205		205	
39	0		180		180		180	
40	0		0		175		175	
41	0		0		230		230	
42	0		140		140		140	
43	0		235		235		235	
44	0		220		220		220	
45	0		145		145		145	
46	0		220		220		220	
47	330		330		330		330	
48	0		0		190		190	
49	180		180		180		180	
50	0		0		360		360	
Store10
1	0		0		0		215	
2	0		0		0		275	
3	0		0		0		320	
4	0		0		0		65	
5	0		0		0		175	
6	0		0		0		220	
7	0		0		0		155	
8	0		0		0		250	
9	0		0		0		270	
10	0		0		0		260	
11	0		0		0		230	
12	0		0		0		160	
13	0		0		0		115	
14	0		0		0		245	
15	0		0		0		350	
16	0		0		0		220	
17	0		0		0		185	
18	0		0		0		405	
19	0		0		0		330	
20	0		0		170		170	
21	0		0		0		240	
22	0		0		185		185	
23	0		0		115		115	
24	0		0		0		305	
25	0		0		220		220	
26	0		170		170		170	
27	295		295		295		295	
28	0		115		115		115	
29	0		0		440		440	
30	0		260		260		260	
31	0		180		180		180	
32	285		285		285		285	
33	0		235		235		235	
34	0		0		180		180	
35	0		265		265		265	
36	0		215		215		215	
37	0		0		105		105	
38	0		335		335		335	
39	0		165		165		165	
40	0		0		270		270	
41	0		0		90		90	
42	0		230		230		230	
43	0		0		165		165	
44	0		210		210		210	
45	0		210		210		210	
46	0		205		205		205	
47	0		0		150		150	
48	0		90		90		90	
49	0		90		90		90	
50	0		0		195		195	


Fashion Shipments from Vendor to Warehouse (V T):
0	0	0.47278	1.560907	
1.994697	0	0	0	

Printing New Basic Solution:

Inbound Solution (V P T):
1	1	2	1433
1	1	5	615
1	2	2	1357
1	2	5	582
1	3	2	1389
1	3	5	596
1	4	2	574
1	4	5	1342
1	5	2	189
1	5	5	1707
1	6	2	1641
1	6	5	183
1	7	2	1728
1	7	5	432
1	8	2	1231
1	8	5	822
1	9	2	378
1	9	5	1516
1	10	2	1335
1	10	5	573
1	11	2	1475
1	11	5	633
1	12	2	1367
1	12	5	587
1	13	2	830
1	13	5	1247
1	14	2	1402
1	14	5	602
1	15	2	708
1	15	5	1062
1	16	2	1563
1	16	5	391
2	17	2	1015
2	17	5	1015
2	18	2	1425
2	18	5	612
2	19	5	2108
2	20	2	1382
2	20	5	593
2	21	2	1101
2	21	5	735
2	22	2	1248
2	22	5	833
2	23	2	1555
2	23	5	389
2	24	2	203
2	24	5	1833
2	25	2	1058
2	25	5	1058
2	26	2	948
2	26	5	948
2	27	2	1544
2	27	5	386
2	28	2	1904
2	29	2	1184
2	29	5	790
2	30	2	411
2	30	5	1645
2	31	2	1500
2	31	5	375
2	32	2	1537
2	32	5	660
3	33	2	1769
3	33	3	196
3	34	2	1616
3	34	3	404
3	35	2	589
3	35	3	1373
3	36	3	2004
3	37	2	1163
3	37	3	774
3	38	2	1636
3	38	3	408
3	39	2	595
3	39	3	1387
3	40	2	1805
3	41	2	346
3	41	3	1383
3	42	2	400
3	42	3	1597
3	43	2	186
3	43	3	1672
3	44	2	410
3	44	3	1639
3	45	2	634
3	45	3	1477
3	46	2	433
3	46	3	1728
3	47	2	1819
3	47	3	202
3	48	2	1048
3	48	3	1047
3	49	2	1563
3	49	3	390
3	50	2	1556
3	50	3	388


Outbound Solution(S P T):
1	1	2	42
1	1	3	81
1	1	4	33
1	1	5	30
1	2	2	60
1	2	3	86
1	2	4	28
1	2	5	27
1	3	2	38
1	3	3	45
1	3	4	39
1	3	5	49
1	4	2	66
1	4	3	82
1	4	4	43
1	4	5	38
1	5	2	64
1	5	3	57
1	5	4	20
1	5	5	50
1	6	2	16
1	6	3	56
1	6	4	38
1	6	5	6
1	7	2	53
1	7	3	108
1	7	4	24
1	7	5	44
1	8	2	39
1	8	3	73
1	8	4	57
1	8	5	39
1	9	2	32
1	9	3	53
1	9	4	33
1	9	5	50
1	10	2	44
1	10	3	69
1	10	4	38
1	10	5	50
1	11	2	54
1	11	3	75
1	11	4	39
1	11	5	33
1	12	2	56
1	12	3	91
1	12	4	32
1	12	5	35
1	13	2	12
1	13	3	87
1	13	4	3
1	13	5	45
1	14	2	39
1	14	3	44
1	14	4	17
1	14	5	46
1	15	2	31
1	15	3	105
1	15	4	16
1	15	5	33
1	16	2	50
1	16	3	34
1	16	4	79
1	16	5	55
1	17	2	33
1	17	3	76
1	17	4	1
1	17	5	63
1	18	2	50
1	18	3	110
1	18	4	35
1	18	5	26
1	19	2	18
1	19	3	93
1	19	4	47
1	19	5	46
1	20	2	67
1	20	3	97
1	20	4	54
1	20	5	32
1	21	2	53
1	21	3	70
1	21	4	55
1	22	2	39
1	22	3	81
1	22	4	22
1	22	5	20
1	23	2	50
1	23	3	92
1	23	4	49
1	23	5	44
1	24	2	46
1	24	3	74
1	24	4	39
1	24	5	15
1	25	2	45
1	25	3	63
1	25	4	53
1	25	5	41
1	26	2	28
1	26	3	69
1	26	4	68
1	26	5	35
1	27	2	26
1	27	3	78
1	27	4	23
1	27	5	52
1	28	2	13
1	28	3	77
1	28	4	23
1	28	5	44
1	29	2	40
1	29	3	89
1	29	4	27
1	29	5	19
1	30	2	40
1	30	3	82
1	30	4	62
1	30	5	39
1	31	2	37
1	31	3	42
1	31	4	49
1	31	5	41
1	32	2	7
1	32	3	140
1	32	4	60
1	32	5	61
1	33	2	29
1	33	3	64
1	33	4	38
1	33	5	24
1	34	2	56
1	34	3	75
1	34	4	53
1	34	5	59
1	35	2	44
1	35	3	119
1	35	4	37
1	35	5	51
1	36	2	60
1	36	3	53
1	36	4	51
1	36	5	43
1	37	2	26
1	37	3	27
1	37	4	39
1	37	5	28
1	38	2	46
1	38	3	99
1	38	4	61
1	38	5	12
1	39	2	28
1	39	3	56
1	39	4	55
1	39	5	44
1	40	2	28
1	40	3	53
1	40	4	31
1	40	5	30
1	41	2	9
1	41	3	64
1	41	4	45
1	41	5	33
1	42	2	23
1	42	3	67
1	42	4	38
1	42	5	46
1	43	2	45
1	43	3	46
1	43	4	32
1	43	5	40
1	44	2	37
1	44	3	113
1	44	4	41
1	45	2	61
1	45	3	85
1	45	4	64
1	45	5	35
1	46	2	20
1	46	3	113
1	46	4	47
1	46	5	23
1	47	2	54
1	47	3	77
1	47	4	35
1	47	5	41
1	48	2	44
1	48	3	94
1	48	4	32
1	48	5	26
1	49	2	30
1	49	3	46
1	49	4	74
1	49	5	64
1	50	2	29
1	50	3	71
1	50	4	50
1	50	5	45
2	1	2	80
2	1	3	16
2	1	4	29
2	1	5	47
2	2	2	121
2	2	3	54
2	2	4	40
2	2	5	47
2	3	2	60
2	3	3	39
2	3	4	29
2	3	5	29
2	4	2	84
2	4	3	41
2	4	4	29
2	4	5	29
2	5	2	88
2	5	3	56
2	5	4	34
2	5	5	42
2	6	2	68
2	6	3	34
2	6	4	44
2	6	5	35
2	7	2	100
2	7	3	27
2	7	4	41
2	7	5	33
2	8	2	64
2	8	3	67
2	8	4	32
2	8	5	9
2	9	2	70
2	9	3	8
2	9	4	59
2	9	5	58
2	10	2	95
2	10	3	41
2	10	4	51
2	10	5	58
2	11	2	108
2	11	3	33
2	11	4	21
2	11	5	30
2	12	2	51
2	12	3	43
2	12	4	28
2	12	5	32
2	13	2	62
2	13	3	6
2	13	4	80
2	13	5	79
2	14	2	61
2	14	3	66
2	14	4	66
2	14	5	60
2	15	2	57
2	15	3	21
2	15	4	25
2	15	5	62
2	16	2	59
2	16	3	45
2	16	4	48
2	16	5	58
2	17	2	102
2	17	3	51
2	17	4	15
2	17	5	27
2	18	2	103
2	18	3	36
2	18	4	52
2	18	5	43
2	19	2	71
2	19	3	41
2	19	4	41
2	19	5	63
2	20	2	54
2	20	3	15
2	20	4	28
2	20	5	44
2	21	2	55
2	21	3	30
2	21	4	39
2	21	5	39
2	22	2	99
2	22	3	54
2	22	4	57
2	22	5	41
2	23	2	44
2	23	3	49
2	23	4	33
2	23	5	66
2	24	2	115
2	24	3	48
2	24	4	44
2	24	5	46
2	25	2	64
2	25	3	39
2	25	4	53
2	25	5	11
2	26	2	66
2	26	3	13
2	26	4	34
2	26	5	19
2	27	2	88
2	27	3	53
2	27	4	28
2	27	5	31
2	28	2	67
2	28	3	39
2	28	4	52
2	28	5	51
2	29	2	59
2	29	3	4
2	29	4	52
2	29	5	17
2	30	2	74
2	30	3	29
2	30	4	16
2	30	5	48
2	31	2	70
2	31	3	36
2	31	4	36
2	31	5	50
2	32	2	71
2	32	3	45
2	32	4	63
2	32	5	53
2	33	2	97
2	33	3	44
2	33	4	52
2	33	5	51
2	34	2	98
2	34	3	36
2	34	4	15
2	34	5	27
2	35	2	68
2	35	3	29
2	35	4	40
2	35	5	57
2	36	2	73
2	36	3	27
2	36	4	24
2	36	5	54
2	37	2	86
2	37	3	24
2	37	4	25
2	37	5	55
2	38	2	83
2	38	3	12
2	38	4	24
2	38	5	32
2	39	2	39
2	39	3	11
2	39	4	43
2	39	5	45
2	40	2	49
2	40	3	38
2	40	4	31
2	40	5	45
2	41	2	66
2	41	3	22
2	41	4	54
2	41	5	25
2	42	2	70
2	42	3	19
2	42	4	38
2	42	5	21
2	43	2	88
2	43	3	35
2	43	4	14
2	43	5	75
2	44	2	94
2	44	3	24
2	44	4	23
2	44	5	38
2	45	2	107
2	45	3	10
2	45	4	56
2	45	5	52
2	46	2	43
2	46	3	44
2	46	4	28
2	46	5	69
2	47	2	50
2	47	3	35
2	47	4	31
2	47	5	46
2	48	2	69
2	48	3	30
2	48	4	63
2	48	5	13
2	49	2	79
2	49	3	18
2	49	4	14
2	49	5	45
2	50	2	65
2	50	3	50
2	50	4	48
2	50	5	41
3	1	2	48
3	1	3	56
3	1	4	89
3	1	5	50
3	2	2	15
3	2	3	8
3	2	4	94
3	2	5	17
3	3	2	63
3	3	3	48
3	3	4	31
3	3	5	19
3	4	2	52
3	4	3	36
3	4	4	67
3	4	5	34
3	5	2	42
3	5	3	32
3	5	4	42
3	5	5	52
3	6	2	37
3	6	3	69
3	6	4	63
3	6	5	46
3	7	2	54
3	7	3	14
3	7	4	43
3	7	5	37
3	8	2	47
3	8	3	51
3	8	4	98
3	8	5	39
3	9	2	32
3	9	3	26
3	9	4	67
3	9	5	48
3	10	2	31
3	10	3	54
3	10	4	87
3	10	5	18
3	11	2	46
3	11	3	70
3	11	4	105
3	11	5	56
3	12	2	21
3	12	3	32
3	12	4	46
3	12	5	41
3	13	2	48
3	13	3	11
3	13	4	96
3	13	5	43
3	14	2	68
3	14	3	38
3	14	4	86
3	14	5	53
3	15	2	41
3	15	3	18
3	15	4	110
3	15	5	23
3	16	2	37
3	16	3	16
3	16	4	86
3	16	5	40
3	17	2	76
3	17	3	49
3	17	4	85
3	17	5	44
3	18	2	51
3	18	3	41
3	18	4	52
3	18	5	32
3	19	2	63
3	19	3	41
3	19	4	91
3	19	5	36
3	20	2	27
3	20	3	38
3	20	4	86
3	20	5	29
3	21	2	29
3	21	3	17
3	21	4	74
3	21	5	29
3	22	2	50
3	22	3	72
3	22	4	48
3	22	5	30
3	23	2	24
3	23	3	46
3	23	4	70
3	23	5	55
3	24	2	38
3	24	3	23
3	24	4	80
3	24	5	70
3	25	2	26
3	25	3	38
3	25	4	91
3	25	5	39
3	26	2	38
3	26	3	21
3	26	4	26
3	26	5	35
3	27	2	58
3	27	3	14
3	27	4	62
3	27	5	38
3	28	2	54
3	28	3	7
3	28	4	28
3	28	5	36
3	29	2	58
3	29	3	44
3	29	4	69
3	29	5	42
3	30	2	29
3	30	3	40
3	30	4	108
3	30	5	14
3	31	2	23
3	31	3	35
3	31	4	56
3	31	5	69
3	32	2	34
3	32	3	22
3	32	4	89
3	32	5	58
3	33	2	27
3	33	3	37
3	33	4	94
3	33	5	40
3	34	2	78
3	34	3	61
3	34	4	62
3	34	5	62
3	35	2	34
3	35	3	58
3	35	4	81
3	35	5	61
3	36	2	37
3	36	3	43
3	36	4	102
3	36	5	56
3	37	2	23
3	37	3	33
3	37	4	79
3	37	5	5
3	38	2	36
3	38	3	44
3	38	4	143
3	38	5	40
3	39	2	51
3	39	3	43
3	39	4	77
3	39	5	40
3	40	2	52
3	40	3	51
3	40	4	82
3	40	5	36
3	41	2	38
3	41	3	19
3	41	4	62
3	41	5	49
3	42	2	61
3	42	3	48
3	42	4	112
3	42	5	57
3	43	2	42
3	43	3	22
3	43	4	49
3	43	5	21
3	44	2	22
3	44	3	63
3	44	4	78
3	44	5	32
3	45	2	14
3	45	3	62
3	45	4	55
3	45	5	45
3	46	2	47
3	46	3	58
3	46	4	85
3	46	5	25
3	47	2	55
3	47	3	35
3	47	4	75
3	47	5	28
3	48	2	43
3	48	3	53
3	48	4	122
3	48	5	58
3	49	2	31
3	49	3	48
3	49	4	70
3	49	5	24
3	50	2	40
3	50	3	26
3	50	4	91
3	50	5	75
4	1	2	21
4	1	3	46
4	1	4	96
4	1	5	43
4	2	2	34
4	2	3	56
4	2	4	82
4	2	5	41
4	3	2	22
4	3	3	20
4	3	4	99
4	3	5	51
4	4	2	53
4	4	3	28
4	4	4	91
4	4	5	30
4	5	2	52
4	5	3	24
4	5	4	57
4	5	5	33
4	6	2	42
4	6	3	34
4	6	4	88
4	6	5	38
4	7	2	17
4	7	3	43
4	7	4	101
4	7	5	36
4	8	2	61
4	8	3	53
4	8	4	71
4	8	5	48
4	9	2	48
4	9	3	35
4	9	4	50
4	9	5	30
4	10	2	39
4	10	3	39
4	10	4	69
4	10	5	58
4	11	2	56
4	11	3	28
4	11	4	74
4	11	5	45
4	12	2	42
4	12	3	50
4	12	4	86
4	12	5	60
4	13	2	28
4	13	3	55
4	13	4	78
4	13	5	45
4	14	2	20
4	14	3	34
4	14	4	70
4	14	5	30
4	15	2	57
4	15	3	35
4	15	4	97
4	15	5	22
4	16	2	42
4	16	3	54
4	16	4	53
4	16	5	63
4	17	2	16
4	17	3	32
4	17	4	102
4	17	5	54
4	18	2	53
4	18	3	30
4	18	4	81
4	18	5	32
4	19	2	72
4	19	3	56
4	19	4	41
4	19	5	37
4	20	2	65
4	20	3	64
4	20	4	90
4	20	5	13
4	21	2	45
4	21	3	52
4	21	4	94
4	21	5	59
4	22	2	28
4	22	3	61
4	22	4	101
4	22	5	38
4	23	2	28
4	23	3	46
4	23	4	66
4	23	5	39
4	24	2	15
4	24	3	3
4	24	4	93
4	24	5	47
4	25	2	40
4	25	3	42
4	25	4	95
4	25	5	55
4	26	2	68
4	26	3	44
4	26	4	55
4	26	5	57
4	27	2	71
4	27	3	15
4	27	4	81
4	27	5	14
4	28	2	20
4	28	3	59
4	28	4	88
4	28	5	30
4	29	2	32
4	29	3	56
4	29	4	74
4	29	5	40
4	30	2	49
4	30	3	46
4	30	4	73
4	30	5	61
4	31	2	47
4	31	3	43
4	31	4	74
4	31	5	29
4	32	2	26
4	32	3	12
4	32	4	94
4	32	5	44
4	33	2	47
4	33	3	38
4	33	4	75
4	33	5	26
4	34	2	55
4	34	3	34
4	34	4	79
4	34	5	70
4	35	2	42
4	35	3	29
4	35	4	76
4	35	5	28
4	36	2	54
4	36	3	44
4	36	4	68
4	36	5	46
4	37	2	47
4	37	3	75
4	37	4	106
4	37	5	41
4	38	2	29
4	38	3	66
4	38	4	106
4	38	5	78
4	39	2	44
4	39	3	46
4	39	4	86
4	39	5	62
4	40	2	40
4	40	3	1
4	40	4	25
4	40	5	29
4	41	2	37
4	41	3	37
4	41	4	74
4	41	5	39
4	42	2	48
4	42	3	30
4	42	4	111
4	42	5	45
4	43	2	38
4	43	3	73
4	43	4	76
4	43	5	35
4	44	2	59
4	44	3	43
4	44	4	98
4	44	5	31
4	45	2	37
4	45	3	47
4	45	4	52
4	45	5	15
4	46	2	37
4	46	3	57
4	46	4	148
4	46	5	57
4	47	2	43
4	47	3	65
4	47	4	120
4	47	5	32
4	48	2	34
4	48	3	19
4	48	4	114
4	48	5	33
4	49	2	36
4	49	3	12
4	49	4	91
4	49	5	60
4	50	2	58
4	50	3	30
4	50	4	61
4	50	5	39
5	1	2	41
5	1	3	52
5	1	4	104
5	1	5	46
5	2	2	13
5	2	3	40
5	2	4	99
5	2	5	33
5	3	2	1
5	3	3	35
5	3	4	99
5	3	5	50
5	4	2	39
5	4	3	48
5	4	4	76
5	4	5	43
5	5	2	44
5	5	3	36
5	5	4	102
5	5	5	37
5	6	2	55
5	6	3	57
5	6	4	49
5	6	5	6
5	7	2	42
5	7	3	56
5	7	4	122
5	7	5	74
5	8	2	35
5	8	3	42
5	8	4	109
5	8	5	46
5	9	2	39
5	9	3	29
5	9	4	44
5	9	5	57
5	10	2	35
5	10	3	37
5	10	4	38
5	10	5	45
5	11	2	68
5	11	3	53
5	11	4	89
5	11	5	33
5	12	2	59
5	12	3	28
5	12	4	82
5	12	5	16
5	13	2	35
5	13	3	50
5	13	4	122
5	13	5	37
5	14	2	72
5	14	3	30
5	14	4	81
5	14	5	36
5	15	2	28
5	15	3	21
5	15	4	95
5	15	5	16
5	16	2	24
5	16	3	53
5	16	4	65
5	16	5	11
5	17	2	44
5	17	3	60
5	17	4	87
5	17	5	8
5	18	2	29
5	18	3	32
5	18	4	57
5	18	5	64
5	19	2	55
5	19	3	53
5	19	4	78
5	19	5	46
5	20	2	19
5	20	3	38
5	20	4	63
5	20	5	17
5	21	2	13
5	21	3	14
5	21	4	60
5	21	5	53
5	22	2	53
5	22	3	37
5	22	4	110
5	22	5	30
5	23	2	15
5	23	3	60
5	23	4	87
5	23	5	46
5	24	2	33
5	24	3	43
5	24	4	71
5	24	5	40
5	25	2	44
5	25	3	49
5	25	4	112
5	25	5	75
5	26	2	30
5	26	3	64
5	26	4	92
5	26	5	53
5	27	2	21
5	27	3	21
5	27	4	123
5	27	5	44
5	28	2	62
5	28	3	48
5	28	4	97
5	28	5	69
5	29	2	34
5	29	3	39
5	29	4	85
5	29	5	60
5	30	2	44
5	30	3	24
5	30	4	71
5	30	5	43
5	31	2	57
5	31	3	57
5	31	4	81
5	31	5	11
5	32	2	37
5	32	3	41
5	32	4	118
5	32	5	53
5	33	2	54
5	33	3	44
5	33	4	89
5	33	5	58
5	34	2	40
5	34	3	44
5	34	4	69
5	34	5	59
5	35	2	27
5	35	3	41
5	35	4	79
5	35	5	19
5	36	2	38
5	36	3	35
5	36	4	68
5	36	5	56
5	37	2	46
5	37	3	40
5	37	4	86
5	37	5	35
5	38	2	19
5	38	3	52
5	38	4	82
5	38	5	33
5	39	2	22
5	39	3	44
5	39	4	59
5	39	5	30
5	40	2	56
5	40	3	38
5	40	4	74
5	40	5	40
5	41	2	42
5	41	3	46
5	41	4	60
5	41	5	28
5	42	2	40
5	42	3	53
5	42	4	64
5	42	5	38
5	43	2	39
5	43	3	65
5	43	4	47
5	43	5	57
5	44	2	35
5	44	3	54
5	44	4	106
5	44	5	34
5	45	2	53
5	45	3	46
5	45	4	81
5	45	5	55
5	46	2	7
5	46	3	47
5	46	4	77
5	46	5	49
5	47	2	45
5	47	3	42
5	47	4	108
5	47	5	35
5	48	2	69
5	48	3	41
5	48	4	78
5	48	5	9
5	49	2	61
5	49	3	18
5	49	4	33
5	49	5	61
5	50	2	40
5	50	3	76
5	50	4	112
5	50	5	17
6	1	2	71
6	1	3	45
6	1	4	37
6	1	5	37
6	2	2	77
6	2	3	52
6	2	4	3
6	2	5	46
6	3	2	101
6	3	3	56
6	3	4	49
6	3	5	41
6	4	2	90
6	4	3	42
6	4	4	50
6	4	5	14
6	5	2	78
6	5	3	38
6	5	4	27
6	5	5	35
6	6	2	98
6	6	3	52
6	6	4	39
6	6	5	60
6	7	2	75
6	7	3	61
6	7	4	54
6	7	5	33
6	8	2	54
6	8	3	46
6	8	4	50
6	8	5	4
6	9	2	82
6	9	3	45
6	9	4	42
6	9	5	22
6	10	2	57
6	10	3	18
6	10	4	26
6	10	5	37
6	11	2	110
6	11	3	49
6	11	4	44
6	11	5	55
6	12	2	77
6	12	3	32
6	12	4	59
6	12	5	21
6	13	2	63
6	13	3	48
6	13	4	30
6	13	5	30
6	14	2	78
6	14	3	29
6	14	4	54
6	14	5	37
6	15	2	124
6	15	3	54
6	15	4	14
6	15	5	27
6	16	2	79
6	16	3	67
6	16	4	32
6	16	5	16
6	17	2	104
6	17	3	18
6	17	4	48
6	17	5	40
6	18	2	106
6	18	3	58
6	18	4	15
6	18	5	49
6	19	2	83
6	19	3	59
6	19	4	28
6	19	5	29
6	20	2	70
6	20	3	46
6	20	4	38
6	20	5	43
6	21	2	71
6	21	3	48
6	21	4	49
6	21	5	14
6	22	2	55
6	22	3	35
6	22	4	34
6	22	5	48
6	23	2	102
6	23	3	40
6	23	4	20
6	23	5	44
6	24	2	90
6	24	3	35
6	24	4	48
6	24	5	32
6	25	2	113
6	25	3	38
6	25	4	41
6	25	5	22
6	26	2	84
6	26	3	33
6	26	4	38
6	26	5	50
6	27	2	99
6	27	3	12
6	27	4	57
6	27	5	58
6	28	2	78
6	28	3	35
6	28	4	41
6	28	5	18
6	29	2	54
6	29	3	45
6	29	4	37
6	29	5	64
6	30	2	65
6	30	3	46
6	30	4	35
6	30	5	37
6	31	2	64
6	31	3	39
6	31	4	27
6	31	5	29
6	32	2	85
6	32	3	25
6	32	4	44
6	32	5	27
6	33	2	89
6	33	3	39
6	33	4	37
6	33	5	52
6	34	2	97
6	34	3	43
6	34	4	45
6	34	5	41
6	35	2	61
6	35	3	28
6	35	4	60
6	35	5	49
6	36	2	68
6	36	3	36
6	36	4	51
6	36	5	64
6	37	2	105
6	37	3	32
6	37	4	17
6	37	5	24
6	38	2	94
6	38	3	63
6	38	4	35
6	38	5	4
6	39	2	97
6	39	3	54
6	39	4	51
6	39	5	12
6	40	2	92
6	40	3	17
6	40	4	53
6	40	5	30
6	41	2	89
6	41	3	55
6	41	4	15
6	41	5	50
6	42	2	60
6	42	3	37
6	42	4	31
6	42	5	43
6	43	2	72
6	43	3	28
6	43	4	33
6	43	5	67
6	44	2	85
6	44	3	34
6	44	4	14
6	44	5	57
6	45	2	114
6	45	3	45
6	45	4	66
6	45	5	66
6	46	2	84
6	46	3	43
6	46	4	48
6	46	5	27
6	47	2	62
6	47	3	31
6	47	4	1
6	47	5	20
6	48	2	94
6	48	3	55
6	48	4	55
6	48	5	57
6	49	2	95
6	49	3	56
6	49	4	56
6	49	5	36
6	50	2	37
6	50	3	37
6	50	4	52
6	50	5	56
7	1	2	28
7	1	3	33
7	1	4	48
7	1	5	135
7	2	2	43
7	2	3	44
7	2	4	44
7	2	5	65
7	3	2	50
7	3	3	9
7	3	4	32
7	3	5	84
7	4	2	28
7	4	3	26
7	4	4	22
7	4	5	59
7	5	2	30
7	5	3	39
7	5	4	34
7	5	5	42
7	6	2	31
7	6	3	48
7	6	4	44
7	6	5	58
7	7	2	44
7	7	3	61
7	7	4	77
7	7	5	86
7	8	2	24
7	8	3	45
7	8	4	74
7	8	5	98
7	9	2	22
7	9	3	56
7	9	4	26
7	9	5	83
7	10	2	44
7	10	3	23
7	10	4	38
7	10	5	48
7	11	2	32
7	11	3	41
7	11	4	49
7	11	5	81
7	12	2	42
7	12	3	19
7	12	4	71
7	12	5	84
7	13	2	47
7	13	3	34
7	13	4	27
7	13	5	100
7	14	2	40
7	14	3	13
7	14	4	47
7	14	5	99
7	15	2	31
7	15	3	29
7	15	4	26
7	15	5	40
7	16	2	36
7	16	3	3
7	16	5	88
7	17	2	51
7	17	3	52
7	17	4	25
7	17	5	100
7	18	2	52
7	18	3	25
7	18	4	32
7	18	5	57
7	19	2	43
7	19	3	61
7	19	4	31
7	19	5	99
7	20	2	37
7	20	3	29
7	20	4	67
7	20	5	72
7	21	2	32
7	21	3	19
7	21	4	18
7	21	5	81
7	22	2	63
7	22	3	56
7	22	4	46
7	22	5	82
7	23	2	70
7	23	3	58
7	23	4	46
7	23	5	77
7	24	2	30
7	24	3	36
7	24	4	68
7	24	5	34
7	25	2	40
7	25	3	7
7	25	4	26
7	25	5	89
7	26	2	49
7	26	3	53
7	26	4	59
7	26	5	83
7	27	2	41
7	27	3	33
7	27	4	42
7	27	5	77
7	28	2	68
7	28	3	23
7	28	4	52
7	28	5	82
7	29	2	66
7	29	3	44
7	29	4	67
7	29	5	70
7	30	2	60
7	30	3	52
7	30	4	56
7	30	5	70
7	31	2	27
7	31	3	30
7	31	4	47
7	31	5	87
7	32	2	72
7	32	3	1
7	32	4	45
7	32	5	40
7	33	2	54
7	33	3	60
7	33	4	47
7	33	5	111
7	34	2	64
7	34	3	15
7	34	4	47
7	34	5	66
7	35	2	24
7	35	3	38
7	35	4	41
7	35	5	57
7	36	2	40
7	36	3	46
7	36	4	31
7	36	5	71
7	37	2	11
7	37	3	22
7	37	4	46
7	37	5	74
7	38	2	36
7	38	3	54
7	38	4	27
7	38	5	50
7	39	2	36
7	39	3	47
7	39	4	51
7	39	5	91
7	40	2	44
7	40	3	50
7	40	4	38
7	40	5	71
7	41	2	40
7	41	3	10
7	41	4	32
7	41	5	103
7	42	2	25
7	42	3	42
7	42	4	27
7	42	5	67
7	43	2	35
7	43	3	39
7	43	4	32
7	43	5	70
7	44	2	46
7	44	3	31
7	44	4	37
7	44	5	84
7	45	2	68
7	45	3	26
7	45	4	38
7	45	5	54
7	46	2	46
7	46	3	61
7	46	4	36
7	46	5	53
7	47	2	40
7	47	3	54
7	47	4	40
7	47	5	87
7	48	2	33
7	48	3	7
7	48	4	35
7	48	5	120
7	49	2	39
7	49	3	71
7	49	4	58
7	49	5	64
7	50	2	28
7	50	3	52
7	50	4	40
7	50	5	52
8	1	2	20
8	1	3	90
8	1	4	29
8	1	5	48
8	2	2	30
8	2	3	49
8	2	4	43
8	2	5	28
8	3	2	28
8	3	3	121
8	3	4	36
8	3	5	64
8	4	2	37
8	4	3	90
8	4	4	49
8	4	5	37
8	5	2	34
8	5	3	42
8	5	4	81
8	5	5	44
8	6	2	32
8	6	3	55
8	6	4	34
8	6	5	40
8	7	2	79
8	7	3	103
8	7	4	58
8	7	5	40
8	8	2	36
8	8	3	56
8	8	4	54
8	8	5	22
8	9	2	14
8	9	3	97
8	9	4	31
8	9	5	34
8	10	2	47
8	10	3	78
8	10	4	24
8	10	5	33
8	11	2	30
8	11	3	74
8	11	4	28
8	11	5	15
8	12	2	28
8	12	3	80
8	12	4	33
8	12	5	54
8	13	2	22
8	13	3	93
8	13	4	28
8	13	5	36
8	14	2	42
8	14	3	45
8	14	4	44
8	14	5	35
8	15	2	32
8	15	3	111
8	15	4	14
8	15	5	38
8	16	2	26
8	16	3	108
8	16	4	20
8	16	5	62
8	17	2	63
8	17	3	73
8	17	4	47
8	17	5	74
8	18	2	37
8	18	3	49
8	18	4	49
8	18	5	58
8	19	2	46
8	19	3	66
8	19	4	49
8	19	5	38
8	20	2	35
8	20	3	79
8	20	4	31
8	20	5	29
8	21	2	16
8	21	3	117
8	21	4	53
8	21	5	41
8	22	2	26
8	22	3	43
8	22	4	56
8	22	5	34
8	23	2	38
8	23	3	97
8	23	4	40
8	23	5	59
8	24	2	30
8	24	3	79
8	24	4	46
8	24	5	62
8	25	2	56
8	25	3	65
8	25	4	62
8	25	5	19
8	26	2	28
8	26	3	112
8	26	4	67
8	26	5	38
8	27	2	28
8	27	3	64
8	27	4	45
8	27	5	53
8	28	2	25
8	28	3	58
8	28	4	14
8	28	5	20
8	29	2	57
8	29	3	50
8	29	4	44
8	29	5	56
8	30	2	51
8	30	3	102
8	30	4	46
8	30	5	34
8	31	2	35
8	31	3	41
8	31	4	45
8	31	5	22
8	32	2	56
8	32	3	41
8	32	4	50
8	32	5	51
8	33	2	60
8	33	3	47
8	33	5	46
8	34	2	56
8	34	3	61
8	34	4	30
8	34	5	34
8	35	2	26
8	35	3	60
8	35	4	47
8	35	5	46
8	36	2	29
8	36	3	89
8	36	4	37
8	36	5	46
8	37	2	84
8	37	3	84
8	37	4	63
8	37	5	76
8	38	2	61
8	38	3	67
8	38	4	48
8	38	5	31
8	39	2	63
8	39	3	108
8	39	4	41
8	39	5	35
8	40	2	40
8	40	3	55
8	40	4	40
8	40	5	48
8	41	2	39
8	41	3	58
8	41	4	46
8	41	5	34
8	42	2	31
8	42	3	73
8	42	4	78
8	42	5	49
8	43	2	29
8	43	3	42
8	43	4	20
8	43	5	58
8	44	2	31
8	44	3	106
8	44	4	28
8	44	5	41
8	45	2	21
8	45	3	79
8	45	4	41
8	45	5	36
8	46	2	51
8	46	3	76
8	46	4	39
8	46	5	61
8	47	2	52
8	47	3	66
8	47	4	41
8	47	5	63
8	48	2	37
8	48	3	77
8	48	4	19
8	48	5	42
8	49	2	17
8	49	3	90
8	49	4	35
8	49	5	34
8	50	2	51
8	50	3	32
8	50	4	10
8	50	5	50
9	1	2	35
9	1	3	42
9	1	4	55
9	1	5	38
9	2	2	69
9	2	3	32
9	2	4	72
9	2	5	22
9	3	2	23
9	3	3	59
9	3	4	83
9	3	5	39
9	4	2	70
9	4	3	39
9	4	4	33
9	4	5	60
9	5	2	61
9	5	3	58
9	5	4	52
9	5	5	33
9	6	2	20
9	6	3	50
9	6	4	50
9	6	5	32
9	7	2	36
9	7	3	46
9	7	4	64
9	7	5	23
9	8	2	53
9	8	3	41
9	8	4	52
9	8	5	52
9	9	2	44
9	9	3	49
9	9	4	105
9	9	5	49
9	10	2	55
9	10	3	52
9	10	4	29
9	10	5	53
9	11	2	24
9	11	3	45
9	11	4	88
9	11	5	53
9	12	2	42
9	12	3	58
9	12	4	89
9	12	5	32
9	13	2	58
9	13	3	73
9	13	4	77
9	13	5	37
9	14	2	36
9	14	3	43
9	14	4	114
9	14	5	44
9	15	2	11
9	15	3	23
9	15	4	72
9	15	5	54
9	16	2	59
9	16	3	37
9	16	4	107
9	16	5	43
9	17	2	28
9	17	3	27
9	17	4	64
9	17	5	28
9	18	2	43
9	18	3	56
9	18	4	99
9	18	5	46
9	19	2	30
9	19	3	65
9	19	4	57
9	19	5	53
9	20	3	62
9	20	4	108
9	20	5	51
9	21	2	24
9	21	3	59
9	21	4	62
9	21	5	34
9	22	2	74
9	22	3	28
9	22	4	94
9	22	5	17
9	23	2	22
9	23	3	12
9	23	4	62
9	23	5	31
9	24	2	35
9	24	3	78
9	24	4	88
9	24	5	37
9	25	2	71
9	25	3	78
9	25	4	79
9	25	5	69
9	26	2	40
9	26	3	36
9	26	4	73
9	27	2	34
9	27	3	16
9	27	4	85
9	27	5	9
9	28	2	59
9	28	3	23
9	28	4	50
9	28	5	39
9	29	2	31
9	29	3	28
9	29	4	58
9	29	5	48
9	30	2	24
9	30	3	42
9	30	4	44
9	30	5	41
9	31	2	61
9	31	3	58
9	31	4	47
9	31	5	46
9	32	2	66
9	32	3	28
9	32	4	92
9	32	5	45
9	33	2	21
9	33	3	35
9	33	4	60
9	33	5	33
9	34	2	38
9	34	3	32
9	34	4	52
9	34	5	24
9	35	2	48
9	35	3	25
9	35	4	92
9	35	5	39
9	36	2	56
9	36	3	45
9	36	4	88
9	36	5	32
9	37	2	49
9	37	3	41
9	37	4	47
9	37	5	53
9	38	2	62
9	38	3	32
9	38	4	67
9	38	5	39
9	39	2	33
9	39	3	29
9	39	4	101
9	39	5	38
9	40	2	20
9	40	3	49
9	40	4	76
9	40	5	53
9	41	2	32
9	41	3	17
9	41	4	63
9	41	5	33
9	42	2	36
9	42	3	32
9	42	4	106
9	42	5	52
9	43	2	29
9	43	3	25
9	43	4	67
9	43	5	49
9	44	2	25
9	44	3	32
9	44	4	94
9	44	5	37
9	45	2	35
9	45	3	49
9	45	4	95
9	45	5	50
9	46	2	48
9	46	3	59
9	46	4	105
9	46	5	65
9	47	2	38
9	47	3	22
9	47	4	82
9	47	5	63
9	48	2	56
9	48	3	40
9	48	4	79
9	48	5	42
9	49	2	53
9	49	3	39
9	49	4	103
9	49	5	33
9	50	2	44
9	50	3	45
9	50	4	75
9	50	5	53
10	1	2	72
10	1	3	34
10	1	4	45
10	1	5	56
10	2	2	105
10	2	3	53
10	2	4	41
10	2	5	26
10	3	2	113
10	3	3	17
10	3	4	61
10	3	5	53
10	4	2	64
10	4	3	28
10	4	4	31
10	4	5	38
10	5	2	110
10	5	3	20
10	5	4	27
10	5	5	47
10	6	2	90
10	6	3	44
10	6	4	31
10	6	5	35
10	7	2	44
10	7	3	30
10	7	4	44
10	7	5	33
10	8	2	71
10	8	3	38
10	8	4	71
10	8	5	32
10	9	2	87
10	9	3	45
10	9	4	50
10	9	5	43
10	10	2	129
10	10	3	48
10	10	4	37
10	10	5	36
10	11	2	42
10	11	3	55
10	11	4	50
10	11	5	27
10	12	2	93
10	12	3	27
10	12	4	45
10	12	5	37
10	13	2	71
10	13	3	24
10	13	4	85
10	13	5	72
10	14	2	80
10	14	3	38
10	14	4	18
10	14	5	51
10	15	2	61
10	15	3	66
10	15	4	14
10	15	5	16
10	16	2	101
10	16	3	41
10	16	4	22
10	16	5	35
10	17	2	50
10	17	3	41
10	17	4	40
10	17	5	32
10	18	2	94
10	18	3	48
10	18	4	28
10	18	5	27
10	19	2	107
10	19	3	9
10	19	4	45
10	19	5	21
10	20	2	76
10	20	3	37
10	20	4	64
10	20	5	61
10	21	2	125
10	21	3	3
10	21	4	29
10	21	5	61
10	22	2	101
10	22	3	25
10	22	4	50
10	22	5	43
10	23	2	43
10	23	3	10
10	23	4	35
10	23	5	29
10	24	2	103
10	24	3	31
10	24	4	53
10	24	5	38
10	25	2	70
10	25	3	31
10	25	4	16
10	25	5	49
10	26	2	75
10	26	3	7
10	26	4	36
10	26	5	20
10	27	2	123
10	27	3	57
10	27	4	52
10	27	5	4
10	28	2	132
10	28	3	35
10	28	4	27
10	28	5	61
10	29	2	91
10	29	3	8
10	29	4	51
10	29	5	65
10	30	2	90
10	30	3	65
10	30	4	67
10	30	5	37
10	31	2	106
10	31	3	30
10	31	4	41
10	31	5	50
10	32	2	106
10	32	3	76
10	32	4	51
10	32	5	68
10	33	2	72
10	33	3	27
10	33	4	32
10	33	5	15
10	34	2	81
10	34	3	25
10	34	4	28
10	34	5	9
10	35	2	66
10	35	3	41
10	35	4	36
10	35	5	58
10	36	2	65
10	36	3	16
10	36	4	45
10	36	5	17
10	37	2	83
10	37	3	33
10	37	4	24
10	37	5	43
10	38	2	93
10	38	3	14
10	38	4	35
10	38	5	35
10	39	2	81
10	39	3	11
10	39	4	27
10	39	5	51
10	40	2	74
10	40	3	18
10	40	4	74
10	40	5	34
10	41	2	45
10	41	3	24
10	41	4	60
10	41	5	35
10	42	2	63
10	42	3	53
10	42	4	31
10	42	5	32
10	43	2	108
10	43	3	28
10	43	4	34
10	43	5	54
10	44	2	92
10	44	3	60
10	44	4	37
10	44	5	53
10	45	2	96
10	45	3	30
10	45	4	48
10	45	5	22
10	46	2	70
10	46	3	50
10	46	4	7
10	46	5	51
10	47	2	95
10	47	3	33
10	47	4	56
10	47	5	23
10	48	2	80
10	48	3	50
10	48	4	33
10	48	5	40
10	49	2	58
10	49	3	26
10	49	4	2
10	49	5	73
10	50	2	72
10	50	3	35
10	50	4	35
10	50	5	24


Warehouse Inventory (W P T):
1	85		85		1060		565		0		85	
2	230		230		1020		546		0		230	
3	117		117		1007		558		0		117	
4	960		960		951		491		0		960	
5	1292		1292		878		476		0		1292	
6	0		0		1152		653		173		0	
7	0		0		1184		635		7		0	
8	433		433		1180		668		0		433	
9	1042		1042		950		507		0		1042	
10	137		137		896		437		0		137	
11	205		205		1110		587		0		205	
12	175		175		1031		571		0		175	
13	723		723		1107		626		0		723	
14	111		111		977		597		0		111	
15	731		731		966		483		0		731	
16	0		0		1050		592		80		0	
17	545		545		993		514		0		545	
18	178		178		985		500		0		178	
19	1640		1640		1052		508		0		1640	
20	202		202		1134		629		0		202	
21	324		324		962		533		0		324	
22	450		450		1110		618		0		450	
23	0		0		1119		609		101		0	
24	1412		1412		1080		630		0		1412	
25	589		589		1078		628		0		589	
26	558		558		1000		548		0		558	
27	6		6		961		598		0		6	
28	0		0		1326		922		450		0	
29	309		309		971		564		0		309	
30	1221		1221		1106		578		0		1221	
31	0		0		973		562		59		0	
32	160		160		1137		706		0		160	
33	0		0		1219		980		456		0	
34	0		0		953		931		451		0	
35	0		0		149		1054		465		0	
36	520		520		0		1570		1005		520	
37	0		0		603		966		434		0	
38	0		0		1077		982		354		0	
39	0		0		101		1039		448		0	
40	0		0		1310		940		416		0	
41	91		91		0		1031		520		91	
42	57		57		0		1143		507		57	
43	339		339		0		1269		865		339	
44	116		116		0		1079		523		116	
45	0		0		28		1026		430		0	
46	20		20		0		1120		500		20	
47	0		0		1285		1027		438		0	
48	0		0		489		1070		440		0	
49	0		0		1064		1030		494		0	
50	0		0		1092		1026		452		0	

Store Inventory (S P T):
Store1
1	53		0		0		53		53		53	
2	42		0		0		42		42		42	
3	37		0		0		37		37		37	
4	33		0		0		33		33		33	
5	27		0		0		27		27		27	
6	23		0		0		23		23		23	
7	49		0		0		49		49		49	
8	30		0		0		30		30		30	
9	50		0		0		50		50		50	
10	6		0		0		6		6		6	
11	46		0		0		46		46		46	
12	36		0		0		36		36		36	
13	54		0		0		54		54		54	
14	18		0		0		18		18		18	
15	40		0		0		40		40		40	
16	31		0		0		31		31		31	
17	31		0		0		31		31		31	
18	41		0		0		41		41		41	
19	49		0		0		49		49		49	
20	40		0		0		40		40		40	
21	26		0		0		26		26		26	
22	35		0		0		35		35		35	
23	60		0		0		60		60		60	
24	49		0		0		49		49		49	
25	7		0		0		7		7		7	
26	17		0		0		17		17		17	
27	58		0		0		58		58		58	
28	43		0		0		43		43		43	
29	46		0		0		46		46		46	
30	61		0		0		61		61		61	
31	22		0		0		22		22		22	
32	82		0		0		82		82		82	
33	43		0		0		43		43		43	
34	16		0		0		16		16		16	
35	59		0		0		59		59		59	
36	27		0		0		27		27		27	
37	12		0		0		12		12		12	
38	56		0		0		56		56		56	
39	27		0		0		27		27		27	
40	38		0		0		38		38		38	
41	25		0		0		25		25		25	
42	25		0		0		25		25		25	
43	18		0		0		18		18		18	
44	45		0		0		45		45		45	
45	30		0		0		30		30		30	
46	60		0		0		60		60		60	
47	39		0		0		39		39		39	
48	44		0		0		44		44		44	
49	25		0		0		25		25		25	
50	34		0		0		34		34		34	
Store2
1	52		0		52		52		52		52	
2	60		0		60		60		60		60	
3	39		0		39		39		39		39	
4	38		0		38		38		38		38	
5	58		0		58		58		58		58	
6	28		0		28		28		28		28	
7	46		0		46		46		46		46	
8	44		0		44		44		44		44	
9	33		0		33		33		33		33	
10	65		0		65		65		65		65	
11	57		0		57		57		57		57	
12	0		0		0		0		0		0	
13	47		0		47		47		47		47	
14	18		0		18		18		18		18	
15	27		0		27		27		27		27	
16	31		0		31		31		31		31	
17	55		0		55		55		55		55	
18	72		0		72		72		72		72	
19	49		0		49		49		49		49	
20	21		0		21		21		21		21	
21	31		0		31		31		31		31	
22	38		0		38		38		38		38	
23	33		0		33		33		33		33	
24	58		0		58		58		58		58	
25	41		0		41		41		41		41	
26	37		0		37		37		37		37	
27	29		0		29		29		29		29	
28	26		0		26		26		26		26	
29	12		0		12		12		12		12	
30	34		0		34		34		34		34	
31	42		0		42		42		42		42	
32	24		0		24		24		24		24	
33	67		0		67		67		67		67	
34	36		0		36		36		36		36	
35	41		0		41		41		41		41	
36	43		0		43		43		43		43	
37	49		0		49		49		49		49	
38	39		0		39		39		39		39	
39	9		0		9		9		9		9	
40	27		0		27		27		27		27	
41	30		0		30		30		30		30	
42	43		0		43		43		43		43	
43	61		0		61		61		61		61	
44	55		0		55		55		55		55	
45	53		0		53		53		53		53	
46	21		0		21		21		21		21	
47	24		0		24		24		24		24	
48	63		0		63		63		63		63	
49	47		0		47		47		47		47	
50	39		0		39		39		39		39	
Store3
1	36		0		0		0		36		36	
2	53		0		0		0		53		53	
3	9		0		0		0		9		9	
4	39		0		0		0		39		39	
5	26		0		0		0		26		26	
6	41		0		0		0		41		41	
7	10		0		0		0		10		10	
8	37		0		0		0		37		37	
9	16		0		0		0		16		16	
10	40		0		0		0		40		40	
11	47		0		0		0		47		47	
12	40		0		0		0		40		40	
13	51		0		0		0		51		51	
14	51		0		0		0		51		51	
15	54		0		0		0		54		54	
16	39		0		0		0		39		39	
17	43		0		0		0		43		43	
18	14		0		0		0		14		14	
19	54		0		0		0		54		54	
20	56		0		0		0		56		56	
21	29		0		0		0		29		29	
22	29		0		0		0		29		29	
23	57		0		0		0		57		57	
24	37		0		0		0		37		37	
25	41		0		0		0		41		41	
26	26		0		0		0		26		26	
27	19		0		0		0		19		19	
28	21		0		0		0		21		21	
29	37		0		0		0		37		37	
30	51		0		0		0		51		51	
31	6		0		0		0		6		6	
32	22		0		0		0		22		22	
33	44		0		0		0		44		44	
34	53		0		0		0		53		53	
35	56		0		0		0		56		56	
36	44		0		0		0		44		44	
37	47		0		0		0		47		47	
38	80		0		0		0		80		80	
39	24		0		0		0		24		24	
40	48		0		0		0		48		48	
41	34		0		0		0		34		34	
42	51		0		0		0		51		51	
43	17		0		0		0		17		17	
44	35		0		0		0		35		35	
45	19		0		0		0		19		19	
46	31		0		0		0		31		31	
47	44		0		0		0		44		44	
48	67		0		0		0		67		67	
49	37		0		0		0		37		37	
50	44		0		0		0		44		44	
Store4
1	53		0		0		0		53		53	
2	25		0		0		0		25		25	
3	53		0		0		0		53		53	
4	46		0		0		0		46		46	
5	40		0		0		0		40		40	
6	56		0		0		0		56		56	
7	49		0		0		0		49		49	
8	42		0		0		0		42		42	
9	25		0		0		0		25		25	
10	37		0		0		0		37		37	
11	29		0		0		0		29		29	
12	31		0		0		0		31		31	
13	58		0		0		0		58		58	
14	48		0		0		0		48		48	
15	51		0		0		0		51		51	
16	38		0		0		0		38		38	
17	53		0		0		0		53		53	
18	52		0		0		0		52		52	
19	41		0		0		0		41		41	
20	37		0		0		0		37		37	
21	51		0		0		0		51		51	
22	38		0		0		0		38		38	
23	30		0		0		0		30		30	
24	49		0		0		0		49		49	
25	50		0		0		0		50		50	
26	24		0		0		0		24		24	
27	52		0		0		0		52		52	
28	46		0		0		0		46		46	
29	40		0		0		0		40		40	
30	32		0		0		0		32		32	
31	55		0		0		0		55		55	
32	36		0		0		0		36		36	
33	27		0		0		0		27		27	
34	31		0		0		0		31		31	
35	21		0		0		0		21		21	
36	42		0		0		0		42		42	
37	51		0		0		0		51		51	
38	55		0		0		0		55		55	
39	25		0		0		0		25		25	
40	0		0		0		0		0		0	
41	14		0		0		0		14		14	
42	37		0		0		0		37		37	
43	43		0		0		0		43		43	
44	28		0		0		0		28		28	
45	29		0		0		0		29		29	
46	93		0		0		0		93		93	
47	51		0		0		0		51		51	
48	74		0		0		0		74		74	
49	64		0		0		0		64		64	
50	36		0		0		0		36		36	
Store5
1	59		0		0		0		59		59	
2	41		0		0		0		41		41	
3	60		0		0		0		60		60	
4	42		0		0		0		42		42	
5	47		0		0		0		47		47	
6	27		0		0		0		27		27	
7	75		0		0		0		75		75	
8	41		0		0		0		41		41	
9	11		0		0		0		11		11	
10	29		0		0		0		29		29	
11	49		0		0		0		49		49	
12	44		0		0		0		44		44	
13	42		0		0		0		42		42	
14	54		0		0		0		54		54	
15	50		0		0		0		50		50	
16	32		0		0		0		32		32	
17	37		0		0		0		37		37	
18	14		0		0		0		14		14	
19	37		0		0		0		37		37	
20	35		0		0		0		35		35	
21	25		0		0		0		25		25	
22	45		0		0		0		45		45	
23	44		0		0		0		44		44	
24	53		0		0		0		53		53	
25	52		0		0		0		52		52	
26	34		0		0		0		34		34	
27	53		0		0		0		53		53	
28	51		0		0		0		51		51	
29	36		0		0		0		36		36	
30	24		0		0		0		24		24	
31	45		0		0		0		45		45	
32	54		0		0		0		54		54	
33	39		0		0		0		39		39	
34	26		0		0		0		26		26	
35	36		0		0		0		36		36	
36	21		0		0		0		21		21	
37	60		0		0		0		60		60	
38	51		0		0		0		51		51	
39	45		0		0		0		45		45	
40	15		0		0		0		15		15	
41	37		0		0		0		37		37	
42	48		0		0		0		48		48	
43	32		0		0		0		32		32	
44	69		0		0		0		69		69	
45	34		0		0		0		34		34	
46	38		0		0		0		38		38	
47	76		0		0		0		76		76	
48	38		0		0		0		38		38	
49	26		0		0		0		26		26	
50	59		0		0		0		59		59	
Store6
1	32		0		32		32		32		32	
2	57		0		57		57		57		57	
3	39		0		39		39		39		39	
4	51		0		51		51		51		51	
5	44		0		44		44		44		44	
6	52		0		52		52		52		52	
7	40		0		40		40		40		40	
8	18		0		18		18		18		18	
9	42		0		42		42		42		42	
10	31		0		31		31		31		31	
11	46		0		46		46		46		46	
12	37		0		37		37		37		37	
13	37		0		37		37		37		37	
14	43		0		43		43		43		43	
15	66		0		66		66		66		66	
16	45		0		45		45		45		45	
17	71		0		71		71		71		71	
18	61		0		61		61		61		61	
19	49		0		49		49		49		49	
20	36		0		36		36		36		36	
21	33		0		33		33		33		33	
22	29		0		29		29		29		29	
23	30		0		30		30		30		30	
24	28		0		28		28		28		28	
25	58		0		58		58		58		58	
26	36		0		36		36		36		36	
27	47		0		47		47		47		47	
28	41		0		41		41		41		41	
29	7		0		7		7		7		7	
30	30		0		30		30		30		30	
31	29		0		29		29		29		29	
32	58		0		58		58		58		58	
33	46		0		46		46		46		46	
34	36		0		36		36		36		36	
35	51		0		51		51		51		51	
36	26		0		26		26		26		26	
37	51		0		51		51		51		51	
38	39		0		39		39		39		39	
39	48		0		48		48		48		48	
40	53		0		53		53		53		53	
41	32		0		32		32		32		32	
42	50		0		50		50		50		50	
43	31		0		31		31		31		31	
44	43		0		43		43		43		43	
45	63		0		63		63		63		63	
46	27		0		27		27		27		27	
47	31		0		31		31		31		31	
48	34		0		34		34		34		34	
49	50		0		50		50		50		50	
50	24		0		24		24		24		24	
Store7
1	76		0		0		0		0		76	
2	50		0		0		0		0		50	
3	64		0		0		0		0		64	
4	32		0		0		0		0		32	
5	34		0		0		0		0		34	
6	29		0		0		0		0		29	
7	42		0		0		0		0		42	
8	13		0		0		0		0		13	
9	32		0		0		0		0		32	
10	45		0		0		0		0		45	
11	39		0		0		0		0		39	
12	37		0		0		0		0		37	
13	46		0		0		0		0		46	
14	37		0		0		0		0		37	
15	10		0		0		0		0		10	
16	40		0		0		0		0		40	
17	60		0		0		0		0		60	
18	40		0		0		0		0		40	
19	54		0		0		0		0		54	
20	38		0		0		0		0		38	
21	43		0		0		0		0		43	
22	51		0		0		0		0		51	
23	42		0		0		0		0		42	
24	13		0		0		0		0		13	
25	62		0		0		0		0		62	
26	46		0		0		0		0		46	
27	21		0		0		0		0		21	
28	29		0		0		0		0		29	
29	28		0		0		0		0		28	
30	51		0		0		0		0		51	
31	39		0		0		0		0		39	
32	28		0		0		0		0		28	
33	67		0		0		0		0		67	
34	52		0		0		0		0		52	
35	37		0		0		0		0		37	
36	34		0		0		0		0		34	
37	38		0		0		0		0		38	
38	36		0		0		0		0		36	
39	26		0		0		0		0		26	
40	38		0		0		0		0		38	
41	50		0		0		0		0		50	
42	19		0		0		0		0		19	
43	30		0		0		0		0		30	
44	36		0		0		0		0		36	
45	38		0		0		0		0		38	
46	31		0		0		0		0		31	
47	68		0		0		0		0		68	
48	73		0		0		0		0		73	
49	38		0		0		0		0		38	
50	14		0		0		0		0		14	
Store8
1	63		0		0		63		63		63	
2	14		0		0		14		14		14	
3	64		0		0		64		64		64	
4	62		0		0		62		62		62	
5	4		0		0		4		4		4	
6	34		0		0		34		34		34	
7	48		0		0		48		48		48	
8	28		0		0		28		28		28	
9	38		0		0		38		38		38	
10	32		0		0		32		32		32	
11	32		0		0		32		32		32	
12	27		0		0		27		27		27	
13	43		0		0		43		43		43	
14	33		0		0		33		33		33	
15	56		0		0		56		56		56	
16	70		0		0		70		70		70	
17	18		0		0		18		18		18	
18	30		0		0		30		30		30	
19	21		0		0		21		21		21	
20	41		0		0		41		41		41	
21	60		0		0		60		60		60	
22	19		0		0		19		19		19	
23	54		0		0		54		54		54	
24	31		0		0		31		31		31	
25	35		0		0		35		35		35	
26	62		0		0		62		62		62	
27	22		0		0		22		22		22	
28	29		0		0		29		29		29	
29	28		0		0		28		28		28	
30	36		0		0		36		36		36	
31	0		0		0		0		0		0	
32	12		0		0		12		12		12	
33	26		0		0		26		26		26	
34	9		0		0		9		9		9	
35	21		0		0		21		21		21	
36	32		0		0		32		32		32	
37	49		0		0		49		49		49	
38	44		0		0		44		44		44	
39	52		0		0		52		52		52	
40	11		0		0		11		11		11	
41	18		0		0		18		18		18	
42	11		0		0		11		11		11	
43	22		0		0		22		22		22	
44	58		0		0		58		58		58	
45	29		0		0		29		29		29	
46	47		0		0		47		47		47	
47	36		0		0		36		36		36	
48	48		0		0		48		48		48	
49	38		0		0		38		38		38	
50	11		0		0		11		11		11	
Store9
1	34		0		0		0		34		34	
2	8		0		0		0		8		8	
3	45		0		0		0		45		45	
4	33		0		0		0		33		33	
5	27		0		0		0		27		27	
6	18		0		0		0		18		18	
7	30		0		0		0		30		30	
8	30		0		0		0		30		30	
9	49		0		0		0		49		49	
10	13		0		0		0		13		13	
11	43		0		0		0		43		43	
12	37		0		0		0		37		37	
13	33		0		0		0		33		33	
14	51		0		0		0		51		51	
15	43		0		0		0		43		43	
16	50		0		0		0		50		50	
17	29		0		0		0		29		29	
18	42		0		0		0		42		42	
19	18		0		0		0		18		18	
20	38		0		0		0		38		38	
21	32		0		0		0		32		32	
22	37		0		0		0		37		37	
23	42		0		0		0		42		42	
24	35		0		0		0		35		35	
25	36		0		0		0		36		36	
26	31		0		0		0		31		31	
27	33		0		0		0		33		33	
28	32		0		0		0		32		32	
29	27		0		0		0		27		27	
30	25		0		0		0		25		25	
31	17		0		0		0		17		17	
32	43		0		0		0		43		43	
33	30		0		0		0		30		30	
34	26		0		0		0		26		26	
35	34		0		0		0		34		34	
36	63		0		0		0		63		63	
37	35		0		0		0		35		35	
38	39		0		0		0		39		39	
39	42		0		0		0		42		42	
40	36		0		0		0		36		36	
41	46		0		0		0		46		46	
42	66		0		0		0		66		66	
43	16		0		0		0		16		16	
44	52		0		0		0		52		52	
45	33		0		0		0		33		33	
46	36		0		0		0		36		36	
47	43		0		0		0		43		43	
48	44		0		0		0		44		44	
49	43		0		0		0		43		43	
50	43		0		0		0		43		43	
Store10
1	51		0		51		51		51		51	
2	39		0		39		39		39		39	
3	50		0		50		50		50		50	
4	13		0		13		13		13		13	
5	56		0		56		56		56		56	
6	62		0		62		62		62		62	
7	38		0		38		38		38		38	
8	41		0		41		41		41		41	
9	44		0		44		44		44		44	
10	70		0		70		70		70		70	
11	18		0		18		18		18		18	
12	44		0		44		44		44		44	
13	28		0		28		28		28		28	
14	15		0		15		15		15		15	
15	20		0		20		20		20		20	
16	64		0		64		64		64		64	
17	9		0		9		9		9		9	
18	50		0		50		50		50		50	
19	43		0		43		43		43		43	
20	52		0		52		52		52		52	
21	75		0		75		75		75		75	
22	52		0		52		52		52		52	
23	35		0		35		35		35		35	
24	57		0		57		57		57		57	
25	21		0		21		21		21		21	
26	60		0		60		60		60		60	
27	62		0		62		62		62		62	
28	54		0		54		54		54		54	
29	54		0		54		54		54		54	
30	45		0		45		45		45		45	
31	40		0		40		40		40		40	
32	50		0		50		50		50		50	
33	40		0		40		40		40		40	
34	29		0		29		29		29		29	
35	26		0		26		26		26		26	
36	35		0		35		35		35		35	
37	54		0		54		54		54		54	
38	49		0		49		49		49		49	
39	35		0		35		35		35		35	
40	29		0		29		29		29		29	
41	24		0		24		24		24		24	
42	38		0		38		38		38		38	
43	45		0		45		45		45		45	
44	39		0		39		39		39		39	
45	46		0		46		46		46		46	
46	19		0		19		19		19		19	
47	45		0		45		45		45		45	
48	39		0		39		39		39		39	
49	42		0		42		42		42		42	
50	41		0		41		41		41		41	


Shipments from Vendor to Warehouse (V T):
0	0.7791734	0	0	0.5070387	
0	0.6722561	0	0	0.6490486	
0	0.5853753	0.6281587	0	0	

Shipments from Warehouse to Stores (S T):
1	2	0.1284453
1	3	0.2375433
1	4	0.1523733
1	5	0.2291433
2	2	0.2226494
2	3	0.1325547
2	4	0.1533426
2	5	0.2943253
3	2	0.113364
3	3	0.1566127
3	4	0.2263873
3	5	0.3041333
4	2	0.151042
4	3	0.1339293
4	4	0.2185053
4	5	0.2559374
5	2	0.1093353
5	3	0.1759527
5	4	0.23951
5	5	0.280022
6	2	0.2067926
6	3	0.163018
6	4	0.152378
6	5	0.2665206
7	2	0.09275134
7	3	0.192428
7	4	0.1747727
7	5	0.326462
8	2	0.128674
8	3	0.2262333
8	4	0.1559087
8	5	0.274598
9	2	0.1161833
9	3	0.1662
9	4	0.239206
9	5	0.26513
10	2	0.1752373
10	3	0.182192
10	4	0.160018
10	5	0.2696213


Required Putaway workers (Sol T):
3	3	2	2	2	

No of required pickers (T):
0	5	6	6	9	

No of part-time putaway workers (T):
1	1	0	0	0	

No of part-time pickers (T):
0	0	0	0	3	

Best Putaway Technology: 2400
Best Picking Technology: 1000

Required Fashion Putaway Hours:
20.92708	0	5.972917	15.92708	0	

Required Basic Putaway Hours:
0	22.57625	7.52875	0	11.19583	

Required Total Putaway Hours:
20.92708	22.57625	13.50167	15.92708	11.19583	

No of required fashion pick hours:
0	11.785	22.12	20.055	48.825	

No of required basic pick hours:
0	26.285	23.023	27.854	21.96	

No of required total pick hours:
0	38.07	45.143	47.909	70.785	

List of all the costs: 
MHECost		444
PutawayTechCost		3540
PickingTechCost		9130
WhBasicInvCost		1208.22
BasicInbCost		11758.32
WhFashionInvCost		1681.449
FashionInbCost		7563.613
PutawayCost		3680
StoreBasicInvCost		2650.55
StoreFashionInvCost		10121.75
OutboundCost		36559.16
PickingCost		10320
Total		98657.07

List of Top5 Technologies: 
Tech1		3	6	$ 98657.07
Tech2		3	2	$ 133467.7
Tech3		3	1	$ 182352.3
Tech4		1	1	$ 211648.2
Tech5		None	None	$ -
The start time is 12/30/2014 12:46:37 PM
The End time is 12/30/2014 12:47:31 PM
