Printing New Fashion Solution:

Inbound Fashion Solution (V F T):
1	1	1	2095
1	2	1	1870
1	3	4	2325
1	4	1	1805
1	5	2	2385
1	6	2	2300
1	7	1	1795
1	8	1	2130
1	9	2	1990
1	10	2	2210
1	11	2	2220
1	12	4	1575
1	13	2	1730
1	14	2	2190
1	15	1	2485
1	16	2	2275
1	17	1	2120
1	18	2	2430
1	19	2	2425
1	20	2	1215
1	21	2	2290
1	22	1	2225
1	23	4	2210
1	24	2	2255
1	25	2	2010
2	26	4	1780
2	27	4	2095
2	28	4	1745
2	29	4	2135
2	30	4	1875
2	31	4	2225
2	32	4	1945
2	33	4	1860
2	34	4	2095
2	35	4	1745
2	36	4	2350
2	37	4	1585
2	38	4	2140
2	39	4	2100
2	40	4	1970
2	41	4	1830
2	42	4	2095
2	43	4	2180
2	44	4	2300
2	45	4	1980
2	46	4	2115
2	47	4	2260
2	48	4	1865
2	49	4	1665
2	50	4	2290


Outbound Fashion Solution(S F T):
1	1	5	190
1	2	5	175
1	3	5	240
1	4	5	90
1	5	5	290
1	6	5	125
1	7	5	180
1	8	5	165
1	9	5	245
1	10	5	200
1	11	5	305
1	12	5	165
1	13	5	135
1	14	5	205
1	15	5	165
1	16	5	295
1	17	5	110
1	18	5	140
1	19	5	255
1	21	5	215
1	22	5	155
1	23	5	245
1	24	5	280
1	25	5	190
1	26	5	225
1	27	5	370
1	28	5	30
1	29	5	155
1	30	5	225
1	31	5	170
1	32	5	75
1	33	5	220
1	34	5	245
1	35	5	160
1	36	5	245
1	37	5	150
1	38	5	180
1	39	5	240
1	40	5	250
1	41	5	245
1	42	5	250
1	43	5	60
1	44	5	125
1	45	5	80
1	46	5	245
1	47	5	210
1	48	5	165
1	49	5	290
1	50	5	275
2	1	5	210
2	2	5	245
2	3	5	115
2	4	5	315
2	5	5	325
2	6	5	315
2	7	5	225
2	8	5	280
2	9	5	380
2	10	5	255
2	11	5	185
2	12	5	90
2	13	5	110
2	14	5	230
2	15	5	295
2	16	5	215
2	17	5	290
2	18	5	285
2	19	5	255
2	20	5	80
2	21	5	85
2	22	5	300
2	23	5	235
2	24	5	185
2	25	5	140
2	26	5	340
2	27	5	145
2	28	5	195
2	29	5	235
2	30	5	285
2	31	5	340
2	32	5	260
2	33	5	135
2	34	5	160
2	35	5	240
2	36	5	220
2	37	5	175
2	38	5	280
2	39	5	180
2	40	5	150
2	41	5	250
2	42	5	75
2	43	5	250
2	44	5	330
2	45	5	200
2	46	5	230
2	47	5	270
2	48	5	165
2	49	5	105
2	50	5	265
3	1	5	185
3	2	5	210
3	3	5	160
3	4	5	180
3	5	5	220
3	6	5	300
3	7	5	230
3	8	5	175
3	9	5	215
3	10	5	310
3	11	5	175
3	12	5	205
3	13	5	245
3	14	5	170
3	15	5	280
3	16	5	350
3	17	5	255
3	18	5	325
3	19	5	240
3	20	5	245
3	21	5	365
3	22	5	270
3	23	5	200
3	24	5	250
3	25	5	190
3	26	5	225
3	27	5	220
3	28	5	270
3	29	5	190
3	30	5	130
3	31	5	190
3	32	5	165
3	33	5	80
3	34	5	205
3	35	5	170
3	36	5	125
3	37	5	130
3	38	5	175
3	39	5	175
3	40	5	190
3	41	5	130
3	42	5	345
3	43	5	230
3	44	5	140
3	45	5	200
3	46	5	190
3	47	5	235
3	48	5	195
3	49	5	240
3	50	5	295
4	1	5	105
4	2	5	250
4	3	5	260
4	4	5	260
4	5	5	290
4	6	5	270
4	7	5	110
4	8	5	175
4	9	5	170
4	10	5	95
4	11	5	150
4	12	5	65
4	13	5	270
4	14	5	255
4	15	5	20
4	16	5	80
4	17	5	235
4	18	5	295
4	19	5	225
4	20	5	55
4	21	5	125
4	22	5	290
4	23	5	175
4	24	5	185
4	25	5	230
4	26	5	125
4	27	5	210
4	28	5	230
4	29	5	220
4	30	5	175
4	31	5	160
4	32	5	160
4	33	5	115
4	34	5	315
4	35	5	140
4	36	5	375
4	37	5	205
4	38	5	35
4	39	5	235
4	40	5	70
4	41	5	260
4	42	5	205
4	43	5	395
4	44	5	265
4	45	5	180
4	46	5	385
4	47	5	125
4	48	5	130
4	49	5	175
5	1	5	275
5	2	5	60
5	3	5	295
5	4	5	85
5	5	5	85
5	6	5	200
5	7	5	255
5	8	5	270
5	9	5	130
5	10	5	330
5	11	5	285
5	12	5	205
5	13	5	140
5	14	5	205
5	15	5	290
5	16	5	325
5	17	5	180
5	18	5	260
5	19	5	245
5	20	5	130
5	21	5	285
5	22	5	95
5	23	5	345
5	24	5	165
5	25	5	195
5	26	5	135
5	27	5	150
5	28	5	275
5	29	5	160
5	30	5	190
5	31	5	215
5	32	5	160
5	33	5	245
5	34	5	85
5	35	5	145
5	36	5	225
5	37	5	290
5	38	5	295
5	39	5	275
5	40	5	145
5	41	5	160
5	42	5	205
5	43	5	325
5	44	5	345
5	45	5	315
5	46	5	205
5	47	5	245
5	48	5	115
5	49	5	90
5	50	5	125
6	1	5	300
6	2	5	185
6	3	5	120
6	4	5	205
6	5	5	195
6	6	5	265
6	7	5	185
6	8	5	315
6	9	5	145
6	10	5	205
6	11	5	240
6	12	5	130
6	13	5	170
6	14	5	260
6	15	5	310
6	16	5	235
6	17	5	265
6	18	5	200
6	19	5	250
6	20	5	140
6	21	5	295
6	22	5	190
6	23	5	295
6	24	5	155
6	25	5	135
6	26	5	330
6	27	5	260
6	28	5	105
6	29	5	90
6	30	5	275
6	31	5	285
6	32	5	245
6	33	5	290
6	34	5	180
6	35	5	150
6	36	5	140
6	37	5	60
6	38	5	190
6	39	5	190
6	40	5	225
6	41	5	95
6	42	5	205
6	43	5	160
6	44	5	95
6	45	5	205
6	46	5	225
6	47	5	255
6	48	5	150
6	49	5	195
6	50	5	205
7	1	5	255
7	2	5	120
7	3	5	225
7	4	5	205
7	5	5	260
7	6	5	180
7	7	5	105
7	8	5	265
7	9	5	155
7	10	5	220
7	11	5	300
7	12	5	180
7	13	5	140
7	14	5	155
7	15	5	305
7	16	5	125
7	17	5	195
7	18	5	210
7	19	5	285
7	20	5	105
7	21	5	205
7	22	5	190
7	23	5	210
7	24	5	100
7	25	5	225
7	26	5	5
7	27	5	195
7	28	5	135
7	29	5	140
7	30	5	35
7	31	5	305
7	32	5	215
7	33	5	105
7	34	5	345
7	35	5	200
7	36	5	205
7	37	5	130
7	38	5	240
7	39	5	300
7	40	5	165
7	41	5	295
7	42	5	225
7	43	5	220
7	44	5	340
7	45	5	155
7	46	5	55
7	47	5	105
7	48	5	345
7	49	5	230
7	50	5	235
8	1	5	155
8	2	5	310
8	3	5	200
8	4	5	170
8	5	5	255
8	6	5	115
8	7	5	240
8	8	5	155
8	9	5	65
8	10	5	180
8	11	5	85
8	12	5	200
8	13	5	245
8	14	5	360
8	15	5	235
8	16	5	180
8	17	5	345
8	18	5	185
8	19	5	115
8	20	5	220
8	21	5	235
8	22	5	175
8	23	5	235
8	24	5	325
8	25	5	320
8	26	5	85
8	27	5	60
8	28	5	190
8	29	5	235
8	30	5	180
8	31	5	230
8	32	5	80
8	33	5	170
8	34	5	150
8	35	5	90
8	36	5	230
8	37	5	240
8	38	5	205
8	39	5	160
8	40	5	330
8	41	5	75
8	42	5	215
8	43	5	140
8	44	5	230
8	45	5	290
8	46	5	155
8	47	5	335
8	48	5	320
8	49	5	70
8	50	5	335
9	1	5	205
9	2	5	40
9	3	5	390
9	4	5	230
9	5	5	290
9	6	5	310
9	7	5	110
9	8	5	80
9	9	5	215
9	10	5	155
9	11	5	265
9	12	5	175
9	13	5	160
9	14	5	105
9	15	5	235
9	16	5	250
9	17	5	60
9	18	5	125
9	19	5	225
9	20	5	70
9	21	5	240
9	22	5	375
9	23	5	155
9	24	5	305
9	25	5	165
9	26	5	140
9	27	5	190
9	28	5	200
9	29	5	270
9	30	5	120
9	31	5	150
9	32	5	300
9	33	5	265
9	34	5	230
9	35	5	185
9	36	5	370
9	37	5	100
9	38	5	205
9	39	5	180
9	40	5	175
9	41	5	230
9	42	5	140
9	43	5	235
9	44	5	220
9	45	5	145
9	46	5	220
9	47	5	330
9	48	5	190
9	49	5	180
9	50	5	360
10	1	5	215
10	2	5	275
10	3	5	320
10	4	5	65
10	5	5	175
10	6	5	220
10	7	5	155
10	8	5	250
10	9	5	270
10	10	5	260
10	11	5	230
10	12	5	160
10	13	5	115
10	14	5	245
10	15	5	350
10	16	5	220
10	17	5	185
10	18	5	405
10	19	5	330
10	20	5	170
10	21	5	240
10	22	5	185
10	23	5	115
10	24	5	305
10	25	5	220
10	26	5	170
10	27	5	295
10	28	5	115
10	29	5	440
10	30	5	260
10	31	5	180
10	32	5	285
10	33	5	235
10	34	5	180
10	35	5	265
10	36	5	215
10	37	5	105
10	38	5	335
10	39	5	165
10	40	5	270
10	41	5	90
10	42	5	230
10	43	5	165
10	44	5	210
10	45	5	210
10	46	5	205
10	47	5	150
10	48	5	90
10	49	5	90
10	50	5	195


Warehouse Fashion Inventory (W F T):
1	2095		2095		2095		2095		0	
2	1870		1870		1870		1870		0	
3	0		0		0		2325		0	
4	1805		1805		1805		1805		0	
5	0		2385		2385		2385		0	
6	0		2300		2300		2300		0	
7	1795		1795		1795		1795		0	
8	2130		2130		2130		2130		0	
9	0		1990		1990		1990		0	
10	0		2210		2210		2210		0	
11	0		2220		2220		2220		0	
12	0		0		0		1575		0	
13	0		1730		1730		1730		0	
14	0		2190		2190		2190		0	
15	2485		2485		2485		2485		0	
16	0		2275		2275		2275		0	
17	2120		2120		2120		2120		0	
18	0		2430		2430		2430		0	
19	0		2425		2425		2425		0	
20	0		1215		1215		1215		0	
21	0		2290		2290		2290		0	
22	2225		2225		2225		2225		0	
23	0		0		0		2210		0	
24	0		2255		2255		2255		0	
25	0		2010		2010		2010		0	
26	0		0		0		1780		0	
27	0		0		0		2095		0	
28	0		0		0		1745		0	
29	0		0		0		2135		0	
30	0		0		0		1875		0	
31	0		0		0		2225		0	
32	0		0		0		1945		0	
33	0		0		0		1860		0	
34	0		0		0		2095		0	
35	0		0		0		1745		0	
36	0		0		0		2350		0	
37	0		0		0		1585		0	
38	0		0		0		2140		0	
39	0		0		0		2100		0	
40	0		0		0		1970		0	
41	0		0		0		1830		0	
42	0		0		0		2095		0	
43	0		0		0		2180		0	
44	0		0		0		2300		0	
45	0		0		0		1980		0	
46	0		0		0		2115		0	
47	0		0		0		2260		0	
48	0		0		0		1865		0	
49	0		0		0		1665		0	
50	0		0		0		2290		0	

Store Fashion Inventory (S F T):
Store1
1	0		0		0		190	
2	0		0		0		175	
3	0		0		0		240	
4	0		0		0		90	
5	0		0		0		290	
6	0		0		0		125	
7	0		0		0		180	
8	0		0		0		165	
9	0		0		0		245	
10	0		0		0		200	
11	0		0		0		305	
12	0		0		0		165	
13	0		0		0		135	
14	0		0		0		205	
15	0		0		0		165	
16	0		0		0		295	
17	0		0		0		110	
18	0		0		0		140	
19	0		0		0		255	
20	0		0		0		0	
21	0		0		0		215	
22	0		0		0		155	
23	0		0		0		245	
24	0		0		0		280	
25	0		0		0		190	
26	0		0		0		225	
27	0		0		0		370	
28	0		0		0		30	
29	0		0		0		155	
30	0		0		0		225	
31	0		0		0		170	
32	0		0		0		75	
33	0		0		0		220	
34	0		0		0		245	
35	0		0		0		160	
36	0		0		0		245	
37	0		0		0		150	
38	0		0		0		180	
39	0		0		0		240	
40	0		0		0		250	
41	0		0		0		245	
42	0		0		0		250	
43	0		0		0		60	
44	0		0		0		125	
45	0		0		0		80	
46	0		0		0		245	
47	0		0		0		210	
48	0		0		0		165	
49	0		0		0		290	
50	0		0		0		275	
Store2
1	0		0		0		210	
2	0		0		0		245	
3	0		0		0		115	
4	0		0		0		315	
5	0		0		0		325	
6	0		0		0		315	
7	0		0		0		225	
8	0		0		0		280	
9	0		0		0		380	
10	0		0		0		255	
11	0		0		0		185	
12	0		0		0		90	
13	0		0		0		110	
14	0		0		0		230	
15	0		0		0		295	
16	0		0		0		215	
17	0		0		0		290	
18	0		0		0		285	
19	0		0		0		255	
20	0		0		0		80	
21	0		0		0		85	
22	0		0		0		300	
23	0		0		0		235	
24	0		0		0		185	
25	0		0		0		140	
26	0		0		0		340	
27	0		0		0		145	
28	0		0		0		195	
29	0		0		0		235	
30	0		0		0		285	
31	0		0		0		340	
32	0		0		0		260	
33	0		0		0		135	
34	0		0		0		160	
35	0		0		0		240	
36	0		0		0		220	
37	0		0		0		175	
38	0		0		0		280	
39	0		0		0		180	
40	0		0		0		150	
41	0		0		0		250	
42	0		0		0		75	
43	0		0		0		250	
44	0		0		0		330	
45	0		0		0		200	
46	0		0		0		230	
47	0		0		0		270	
48	0		0		0		165	
49	0		0		0		105	
50	0		0		0		265	
Store3
1	0		0		0		185	
2	0		0		0		210	
3	0		0		0		160	
4	0		0		0		180	
5	0		0		0		220	
6	0		0		0		300	
7	0		0		0		230	
8	0		0		0		175	
9	0		0		0		215	
10	0		0		0		310	
11	0		0		0		175	
12	0		0		0		205	
13	0		0		0		245	
14	0		0		0		170	
15	0		0		0		280	
16	0		0		0		350	
17	0		0		0		255	
18	0		0		0		325	
19	0		0		0		240	
20	0		0		0		245	
21	0		0		0		365	
22	0		0		0		270	
23	0		0		0		200	
24	0		0		0		250	
25	0		0		0		190	
26	0		0		0		225	
27	0		0		0		220	
28	0		0		0		270	
29	0		0		0		190	
30	0		0		0		130	
31	0		0		0		190	
32	0		0		0		165	
33	0		0		0		80	
34	0		0		0		205	
35	0		0		0		170	
36	0		0		0		125	
37	0		0		0		130	
38	0		0		0		175	
39	0		0		0		175	
40	0		0		0		190	
41	0		0		0		130	
42	0		0		0		345	
43	0		0		0		230	
44	0		0		0		140	
45	0		0		0		200	
46	0		0		0		190	
47	0		0		0		235	
48	0		0		0		195	
49	0		0		0		240	
50	0		0		0		295	
Store4
1	0		0		0		105	
2	0		0		0		250	
3	0		0		0		260	
4	0		0		0		260	
5	0		0		0		290	
6	0		0		0		270	
7	0		0		0		110	
8	0		0		0		175	
9	0		0		0		170	
10	0		0		0		95	
11	0		0		0		150	
12	0		0		0		65	
13	0		0		0		270	
14	0		0		0		255	
15	0		0		0		20	
16	0		0		0		80	
17	0		0		0		235	
18	0		0		0		295	
19	0		0		0		225	
20	0		0		0		55	
21	0		0		0		125	
22	0		0		0		290	
23	0		0		0		175	
24	0		0		0		185	
25	0		0		0		230	
26	0		0		0		125	
27	0		0		0		210	
28	0		0		0		230	
29	0		0		0		220	
30	0		0		0		175	
31	0		0		0		160	
32	0		0		0		160	
33	0		0		0		115	
34	0		0		0		315	
35	0		0		0		140	
36	0		0		0		375	
37	0		0		0		205	
38	0		0		0		35	
39	0		0		0		235	
40	0		0		0		70	
41	0		0		0		260	
42	0		0		0		205	
43	0		0		0		395	
44	0		0		0		265	
45	0		0		0		180	
46	0		0		0		385	
47	0		0		0		125	
48	0		0		0		130	
49	0		0		0		175	
50	0		0		0		0	
Store5
1	0		0		0		275	
2	0		0		0		60	
3	0		0		0		295	
4	0		0		0		85	
5	0		0		0		85	
6	0		0		0		200	
7	0		0		0		255	
8	0		0		0		270	
9	0		0		0		130	
10	0		0		0		330	
11	0		0		0		285	
12	0		0		0		205	
13	0		0		0		140	
14	0		0		0		205	
15	0		0		0		290	
16	0		0		0		325	
17	0		0		0		180	
18	0		0		0		260	
19	0		0		0		245	
20	0		0		0		130	
21	0		0		0		285	
22	0		0		0		95	
23	0		0		0		345	
24	0		0		0		165	
25	0		0		0		195	
26	0		0		0		135	
27	0		0		0		150	
28	0		0		0		275	
29	0		0		0		160	
30	0		0		0		190	
31	0		0		0		215	
32	0		0		0		160	
33	0		0		0		245	
34	0		0		0		85	
35	0		0		0		145	
36	0		0		0		225	
37	0		0		0		290	
38	0		0		0		295	
39	0		0		0		275	
40	0		0		0		145	
41	0		0		0		160	
42	0		0		0		205	
43	0		0		0		325	
44	0		0		0		345	
45	0		0		0		315	
46	0		0		0		205	
47	0		0		0		245	
48	0		0		0		115	
49	0		0		0		90	
50	0		0		0		125	
Store6
1	0		0		0		300	
2	0		0		0		185	
3	0		0		0		120	
4	0		0		0		205	
5	0		0		0		195	
6	0		0		0		265	
7	0		0		0		185	
8	0		0		0		315	
9	0		0		0		145	
10	0		0		0		205	
11	0		0		0		240	
12	0		0		0		130	
13	0		0		0		170	
14	0		0		0		260	
15	0		0		0		310	
16	0		0		0		235	
17	0		0		0		265	
18	0		0		0		200	
19	0		0		0		250	
20	0		0		0		140	
21	0		0		0		295	
22	0		0		0		190	
23	0		0		0		295	
24	0		0		0		155	
25	0		0		0		135	
26	0		0		0		330	
27	0		0		0		260	
28	0		0		0		105	
29	0		0		0		90	
30	0		0		0		275	
31	0		0		0		285	
32	0		0		0		245	
33	0		0		0		290	
34	0		0		0		180	
35	0		0		0		150	
36	0		0		0		140	
37	0		0		0		60	
38	0		0		0		190	
39	0		0		0		190	
40	0		0		0		225	
41	0		0		0		95	
42	0		0		0		205	
43	0		0		0		160	
44	0		0		0		95	
45	0		0		0		205	
46	0		0		0		225	
47	0		0		0		255	
48	0		0		0		150	
49	0		0		0		195	
50	0		0		0		205	
Store7
1	0		0		0		255	
2	0		0		0		120	
3	0		0		0		225	
4	0		0		0		205	
5	0		0		0		260	
6	0		0		0		180	
7	0		0		0		105	
8	0		0		0		265	
9	0		0		0		155	
10	0		0		0		220	
11	0		0		0		300	
12	0		0		0		180	
13	0		0		0		140	
14	0		0		0		155	
15	0		0		0		305	
16	0		0		0		125	
17	0		0		0		195	
18	0		0		0		210	
19	0		0		0		285	
20	0		0		0		105	
21	0		0		0		205	
22	0		0		0		190	
23	0		0		0		210	
24	0		0		0		100	
25	0		0		0		225	
26	0		0		0		5	
27	0		0		0		195	
28	0		0		0		135	
29	0		0		0		140	
30	0		0		0		35	
31	0		0		0		305	
32	0		0		0		215	
33	0		0		0		105	
34	0		0		0		345	
35	0		0		0		200	
36	0		0		0		205	
37	0		0		0		130	
38	0		0		0		240	
39	0		0		0		300	
40	0		0		0		165	
41	0		0		0		295	
42	0		0		0		225	
43	0		0		0		220	
44	0		0		0		340	
45	0		0		0		155	
46	0		0		0		55	
47	0		0		0		105	
48	0		0		0		345	
49	0		0		0		230	
50	0		0		0		235	
Store8
1	0		0		0		155	
2	0		0		0		310	
3	0		0		0		200	
4	0		0		0		170	
5	0		0		0		255	
6	0		0		0		115	
7	0		0		0		240	
8	0		0		0		155	
9	0		0		0		65	
10	0		0		0		180	
11	0		0		0		85	
12	0		0		0		200	
13	0		0		0		245	
14	0		0		0		360	
15	0		0		0		235	
16	0		0		0		180	
17	0		0		0		345	
18	0		0		0		185	
19	0		0		0		115	
20	0		0		0		220	
21	0		0		0		235	
22	0		0		0		175	
23	0		0		0		235	
24	0		0		0		325	
25	0		0		0		320	
26	0		0		0		85	
27	0		0		0		60	
28	0		0		0		190	
29	0		0		0		235	
30	0		0		0		180	
31	0		0		0		230	
32	0		0		0		80	
33	0		0		0		170	
34	0		0		0		150	
35	0		0		0		90	
36	0		0		0		230	
37	0		0		0		240	
38	0		0		0		205	
39	0		0		0		160	
40	0		0		0		330	
41	0		0		0		75	
42	0		0		0		215	
43	0		0		0		140	
44	0		0		0		230	
45	0		0		0		290	
46	0		0		0		155	
47	0		0		0		335	
48	0		0		0		320	
49	0		0		0		70	
50	0		0		0		335	
Store9
1	0		0		0		205	
2	0		0		0		40	
3	0		0		0		390	
4	0		0		0		230	
5	0		0		0		290	
6	0		0		0		310	
7	0		0		0		110	
8	0		0		0		80	
9	0		0		0		215	
10	0		0		0		155	
11	0		0		0		265	
12	0		0		0		175	
13	0		0		0		160	
14	0		0		0		105	
15	0		0		0		235	
16	0		0		0		250	
17	0		0		0		60	
18	0		0		0		125	
19	0		0		0		225	
20	0		0		0		70	
21	0		0		0		240	
22	0		0		0		375	
23	0		0		0		155	
24	0		0		0		305	
25	0		0		0		165	
26	0		0		0		140	
27	0		0		0		190	
28	0		0		0		200	
29	0		0		0		270	
30	0		0		0		120	
31	0		0		0		150	
32	0		0		0		300	
33	0		0		0		265	
34	0		0		0		230	
35	0		0		0		185	
36	0		0		0		370	
37	0		0		0		100	
38	0		0		0		205	
39	0		0		0		180	
40	0		0		0		175	
41	0		0		0		230	
42	0		0		0		140	
43	0		0		0		235	
44	0		0		0		220	
45	0		0		0		145	
46	0		0		0		220	
47	0		0		0		330	
48	0		0		0		190	
49	0		0		0		180	
50	0		0		0		360	
Store10
1	0		0		0		215	
2	0		0		0		275	
3	0		0		0		320	
4	0		0		0		65	
5	0		0		0		175	
6	0		0		0		220	
7	0		0		0		155	
8	0		0		0		250	
9	0		0		0		270	
10	0		0		0		260	
11	0		0		0		230	
12	0		0		0		160	
13	0		0		0		115	
14	0		0		0		245	
15	0		0		0		350	
16	0		0		0		220	
17	0		0		0		185	
18	0		0		0		405	
19	0		0		0		330	
20	0		0		0		170	
21	0		0		0		240	
22	0		0		0		185	
23	0		0		0		115	
24	0		0		0		305	
25	0		0		0		220	
26	0		0		0		170	
27	0		0		0		295	
28	0		0		0		115	
29	0		0		0		440	
30	0		0		0		260	
31	0		0		0		180	
32	0		0		0		285	
33	0		0		0		235	
34	0		0		0		180	
35	0		0		0		265	
36	0		0		0		215	
37	0		0		0		105	
38	0		0		0		335	
39	0		0		0		165	
40	0		0		0		270	
41	0		0		0		90	
42	0		0		0		230	
43	0		0		0		165	
44	0		0		0		210	
45	0		0		0		210	
46	0		0		0		205	
47	0		0		0		150	
48	0		0		0		90	
49	0		0		0		90	
50	0		0		0		195	


Fashion Shipments from Vendor to Warehouse (V T):
0.7589667	0.9600534	0	0.3146667	
0	0	0	1.994697	

Printing New Basic Solution:

Inbound Solution (V P T):
1	1	1	1433
1	1	3	615
1	2	1	1163
1	2	3	776
1	3	1	1588
1	3	3	397
1	4	1	383
1	4	3	1533
1	5	1	948
1	5	3	948
1	6	1	912
1	6	3	912
1	7	1	216
1	7	3	1944
1	8	1	1437
1	8	3	616
1	9	1	1325
1	9	3	569
1	10	1	1144
1	10	3	764
1	11	1	1475
1	11	3	633
1	12	1	1563
1	12	3	391
1	13	1	415
1	13	3	1662
1	14	1	801
1	14	3	1203
1	15	1	1770
1	16	1	977
1	16	3	977
2	17	3	1015
2	17	5	1015
2	18	3	1833
2	18	5	204
2	19	3	210
2	19	5	1898
2	20	3	592
2	20	5	1383
2	21	3	1285
2	21	5	551
2	22	3	1248
2	22	5	833
2	23	3	1749
2	23	5	195
2	24	3	814
2	24	5	1222
2	25	3	1058
2	25	5	1058
2	26	3	948
2	26	5	948
2	27	3	772
2	27	5	1158
2	28	3	1523
2	28	5	381
2	29	3	1381
2	29	5	593
2	30	3	1439
2	30	5	617
2	31	3	562
2	31	5	1313
2	32	3	1098
2	32	5	1099
3	33	3	1375
3	33	5	590
3	34	3	1616
3	34	5	404
3	35	3	1569
3	35	5	393
3	36	3	1603
3	36	5	401
3	37	3	1355
3	37	5	582
3	38	3	204
3	38	5	1840
3	39	3	1585
3	39	5	397
3	40	3	1263
3	40	5	542
3	41	3	1037
3	41	5	692
3	42	3	798
3	42	5	1199
3	43	3	371
3	43	5	1487
3	44	3	819
3	44	5	1230
3	45	3	211
3	45	5	1900
3	46	3	1944
3	46	5	217
3	47	3	1818
3	47	5	203
3	48	3	628
3	48	5	1467
3	49	3	585
3	49	5	1368
3	50	3	1360
3	50	5	584


Outbound Solution(S P T):
1	1	1	186
1	2	1	201
1	3	1	171
1	4	1	229
1	5	1	191
1	6	1	116
1	7	1	229
1	8	1	208
1	9	1	168
1	10	1	201
1	11	1	201
1	12	1	214
1	13	1	147
1	14	1	146
1	15	1	185
1	16	1	218
1	17	1	173
1	18	1	221
1	19	1	204
1	20	1	250
1	21	1	178
1	22	1	162
1	23	1	235
1	24	1	174
1	25	1	202
1	26	1	200
1	27	1	179
1	28	1	157
1	29	1	175
1	30	1	223
1	31	1	169
1	32	1	268
1	33	1	155
1	34	1	243
1	35	1	251
1	36	1	207
1	37	1	120
1	38	1	218
1	39	1	183
1	40	1	142
1	41	1	151
1	42	1	174
1	43	1	163
1	44	1	191
1	45	1	245
1	46	1	203
1	47	1	207
1	48	1	196
1	49	1	214
1	50	1	195
2	1	3	172
2	2	3	262
2	3	3	157
2	4	3	183
2	5	3	220
2	6	3	181
2	7	3	201
2	8	3	172
2	9	3	195
2	10	3	245
2	11	3	192
2	12	3	154
2	13	3	227
2	14	3	253
2	15	3	165
2	16	3	210
2	17	3	195
2	18	3	234
2	19	3	216
2	20	3	141
2	21	3	163
2	22	3	251
2	23	3	192
2	24	3	253
2	25	3	167
2	26	3	132
2	27	3	200
2	28	3	209
2	29	3	132
2	30	3	167
2	31	3	192
2	32	3	232
2	33	3	244
2	34	3	176
2	35	3	194
2	36	3	178
2	37	3	190
2	38	3	151
2	39	3	138
2	40	3	163
2	41	3	167
2	42	3	148
2	43	3	212
2	44	3	179
2	45	3	225
2	46	3	184
2	47	3	162
2	48	3	175
2	49	3	156
2	50	3	204
3	1	3	243
3	2	3	134
3	3	3	161
3	4	3	189
3	5	3	168
3	6	3	215
3	7	3	148
3	8	3	235
3	9	3	173
3	10	3	190
3	11	3	277
3	12	3	140
3	13	3	198
3	14	3	245
3	15	3	192
3	16	3	179
3	17	3	254
3	18	3	176
3	19	3	231
3	20	3	180
3	21	3	149
3	22	3	200
3	23	3	195
3	24	3	211
3	25	3	194
3	26	3	120
3	27	3	172
3	28	3	125
3	29	3	213
3	30	3	191
3	31	3	183
3	32	3	203
3	33	3	198
3	34	3	263
3	35	3	234
3	36	3	238
3	37	3	140
3	38	3	263
3	39	3	211
3	40	3	221
3	41	3	168
3	42	3	278
3	43	3	134
3	44	3	195
3	45	3	176
3	46	3	215
3	47	3	193
3	48	3	276
3	49	3	173
3	50	3	232
4	1	1	206
4	2	1	213
4	3	1	192
4	4	1	202
4	5	1	166
4	6	1	202
4	7	1	197
4	8	1	233
4	9	1	163
4	10	1	205
4	11	1	203
4	12	1	238
4	13	1	206
4	14	1	154
4	15	1	211
4	16	1	212
4	17	1	204
4	18	1	196
4	19	1	206
4	20	1	232
4	21	1	250
4	22	1	228
4	23	1	179
4	24	1	158
4	25	1	232
4	26	1	224
4	27	1	181
4	28	1	197
4	29	1	202
4	30	1	229
4	31	1	193
4	32	1	176
4	33	1	186
4	34	1	238
4	35	1	175
4	36	1	212
4	37	1	269
4	38	1	279
4	39	1	238
4	40	1	95
4	41	1	187
4	42	1	234
4	43	1	222
4	44	1	231
4	45	1	151
4	46	1	299
4	47	1	260
4	48	1	200
4	49	1	199
4	50	1	188
5	1	3	243
5	2	3	185
5	3	3	185
5	4	3	206
5	5	3	219
5	6	3	167
5	7	3	294
5	8	3	232
5	9	3	169
5	10	3	155
5	11	3	243
5	12	3	185
5	13	3	244
5	14	3	219
5	15	3	160
5	16	3	153
5	17	3	199
5	18	3	182
5	19	3	232
5	20	3	137
5	21	3	140
5	22	3	230
5	23	3	208
5	24	3	187
5	25	3	280
5	26	3	239
5	27	3	209
5	28	3	276
5	29	3	218
5	30	3	182
5	31	3	206
5	32	3	249
5	33	3	245
5	34	3	212
5	35	3	166
5	36	3	197
5	37	3	207
5	38	3	186
5	39	3	155
5	40	3	208
5	41	3	176
5	42	3	195
5	43	3	208
5	44	3	229
5	45	3	235
5	46	3	180
5	47	3	230
5	48	3	197
5	49	3	173
5	50	3	245
6	1	1	190
6	2	1	178
6	3	1	247
6	4	1	196
6	5	1	178
6	6	1	249
6	7	1	223
6	8	1	154
6	9	1	191
6	10	1	138
6	11	1	258
6	12	1	189
6	13	1	171
6	14	1	198
6	15	1	219
6	16	1	194
6	17	1	210
6	18	1	228
6	19	1	199
6	20	1	197
6	21	1	182
6	22	1	172
6	23	1	206
6	24	1	205
6	25	1	214
6	26	1	205
6	27	1	226
6	28	1	172
6	29	1	200
6	30	1	183
6	31	1	159
6	32	1	181
6	33	1	217
6	34	1	226
6	35	1	198
6	36	1	219
6	37	1	178
6	38	1	196
6	39	1	214
6	40	1	192
6	41	1	209
6	42	1	171
6	43	1	200
6	44	1	190
6	45	1	291
6	46	1	202
6	47	1	114
6	48	1	261
6	49	1	243
6	50	1	182
7	1	1	244
7	2	1	196
7	3	1	175
7	4	1	135
7	5	1	145
7	6	1	181
7	7	1	268
7	8	1	241
7	9	1	187
7	10	1	153
7	11	1	203
7	12	1	216
7	13	1	208
7	14	1	199
7	15	1	126
7	16	1	127
7	17	1	228
7	18	1	166
7	19	1	234
7	20	1	205
7	21	1	150
7	22	1	247
7	23	1	251
7	24	1	168
7	25	1	162
7	26	1	244
7	27	1	193
7	28	1	225
7	29	1	247
7	30	1	238
7	31	1	191
7	32	1	158
7	33	1	272
7	34	1	192
7	35	1	160
7	36	1	188
7	37	1	153
7	38	1	167
7	39	1	225
7	40	1	203
7	41	1	185
7	42	1	161
7	43	1	176
7	44	1	198
7	45	1	186
7	46	1	196
7	47	1	221
7	48	1	195
7	49	1	232
7	50	1	172
8	1	3	187
8	2	3	150
8	3	3	249
8	4	3	213
8	5	3	201
8	6	3	161
8	7	3	280
8	8	3	168
8	9	3	176
8	10	3	182
8	11	3	147
8	12	3	195
8	13	3	179
8	14	3	166
8	15	3	195
8	16	3	216
8	17	3	257
8	18	3	193
8	19	3	199
8	20	3	174
8	21	3	227
8	22	3	159
8	23	3	234
8	24	3	217
8	25	3	202
8	26	3	245
8	27	3	190
8	28	3	117
8	29	3	207
8	30	3	233
8	31	3	143
8	32	3	198
8	33	3	153
8	34	3	181
8	35	3	179
8	36	3	201
8	37	3	307
8	38	3	207
8	39	3	247
8	40	3	183
8	41	3	177
8	42	3	231
8	43	3	149
8	44	3	206
8	45	3	177
8	46	3	227
8	47	3	222
8	48	3	175
8	49	3	176
8	50	3	143
9	1	3	170
9	2	3	195
9	3	3	204
9	4	3	202
9	5	3	204
9	6	3	152
9	7	3	169
9	8	3	198
9	9	3	247
9	10	3	189
9	11	3	210
9	12	3	221
9	13	3	245
9	14	3	237
9	15	3	160
9	16	3	246
9	17	3	147
9	18	3	244
9	19	3	205
9	20	3	221
9	21	3	179
9	22	3	213
9	23	3	127
9	24	3	238
9	25	3	297
9	26	3	149
9	27	3	144
9	28	3	171
9	29	3	165
9	30	3	151
9	31	3	212
9	32	3	231
9	33	3	149
9	34	3	146
9	35	3	204
9	36	3	221
9	37	3	190
9	38	3	200
9	39	3	201
9	40	3	198
9	41	3	145
9	42	3	226
9	43	3	170
9	44	3	188
9	45	3	229
9	46	3	277
9	47	3	205
9	48	3	217
9	49	3	228
9	50	3	217
10	1	1	207
10	2	1	225
10	3	1	244
10	4	1	161
10	5	1	204
10	6	1	200
10	7	1	151
10	8	1	212
10	9	1	225
10	10	1	250
10	11	1	174
10	12	1	202
10	13	1	252
10	14	1	187
10	15	1	157
10	16	1	199
10	17	1	163
10	18	1	197
10	19	1	182
10	20	1	238
10	21	1	218
10	22	1	219
10	23	1	117
10	24	1	225
10	25	1	166
10	26	1	138
10	27	1	236
10	28	1	255
10	29	1	215
10	30	1	259
10	31	1	227
10	32	1	301
10	33	1	146
10	34	1	143
10	35	1	201
10	36	1	143
10	37	1	183
10	38	1	177
10	39	1	170
10	40	1	200
10	41	1	164
10	42	1	179
10	43	1	224
10	44	1	242
10	45	1	196
10	46	1	178
10	47	1	207
10	48	1	203
10	49	1	159
10	50	1	166


Warehouse Inventory (W P T):
1	0		400		400		0		0		0	
2	0		150		150		0		0		0	
3	0		559		559		0		0		0	
4	540		0		0		540		540		540	
5	0		64		64		0		0		0	
6	36		0		0		36		36		36	
7	852		0		0		852		852		852	
8	0		389		389		0		0		0	
9	0		391		391		0		0		0	
10	0		197		197		0		0		0	
11	0		436		436		0		0		0	
12	0		504		504		0		0		0	
13	569		0		0		569		569		569	
14	83		0		0		83		83		83	
15	0		872		872		0		0		0	
16	0		27		27		0		0		0	
17	1015		37		37		0		0		1015	
18	1008		0		0		804		804		1008	
19	1898		873		873		0		0		1898	
20	1383		261		261		0		0		1383	
21	978		0		0		427		427		978	
22	1028		0		0		195		195		1028	
23	988		0		0		793		793		988	
24	1222		292		292		0		0		1222	
25	1058		82		82		0		0		1058	
26	1011		0		0		63		63		1011	
27	1158		143		143		0		0		1158	
28	1006		0		0		625		625		1006	
29	1039		0		0		446		446		1039	
30	1132		0		0		515		515		1132	
31	1313		374		374		0		0		1313	
32	1099		15		15		0		0		1099	
33	976		0		0		386		386		976	
34	1042		0		0		638		638		1042	
35	985		0		0		592		592		985	
36	969		0		0		568		568		969	
37	903		0		0		321		321		903	
38	1840		803		803		0		0		1840	
39	1030		0		0		633		633		1030	
40	832		0		0		290		290		832	
41	896		0		0		204		204		896	
42	1199		280		280		0		0		1199	
43	1487		502		502		0		0		1487	
44	1230		178		178		0		0		1230	
45	1900		831		831		0		0		1900	
46	1078		0		0		861		861		1078	
47	1009		0		0		806		806		1009	
48	1467		412		412		0		0		1467	
49	1368		321		321		0		0		1368	
50	903		0		0		319		319		903	

Store Inventory (S P T):
Store1
1	0		133		91		63		30		0	
2	0		159		99		55		27		0	
3	0		134		96		88		49		0	
4	0		196		130		81		38		0	
5	0		164		100		70		50		0	
6	0		93		77		44		6		0	
7	0		180		127		68		44		0	
8	0		178		139		96		39		0	
9	0		118		86		83		50		0	
10	0		195		151		88		50		0	
11	0		155		101		72		33		0	
12	0		178		122		67		35		0	
13	0		93		81		48		45		0	
14	0		128		89		63		46		0	
15	0		145		114		49		33		0	
16	0		187		137		134		55		0	
17	0		142		109		64		63		0	
18	0		180		130		61		26		0	
19	0		155		137		93		46		0	
20	0		210		143		86		32		0	
21	0		152		99		55		0		0	
22	0		127		88		42		20		0	
23	0		175		125		93		44		0	
24	0		125		79		54		15		0	
25	0		195		150		94		41		0	
26	0		183		155		103		35		0	
27	0		121		95		75		52		0	
28	0		114		101		67		44		0	
29	0		129		89		46		19		0	
30	0		162		122		101		39		0	
31	0		147		110		90		41		0	
32	0		186		179		121		61		0	
33	0		112		83		62		24		0	
34	0		227		171		112		59		0	
35	0		192		148		88		51		0	
36	0		180		120		94		43		0	
37	0		108		82		67		28		0	
38	0		162		116		73		12		0	
39	0		156		128		99		44		0	
40	0		104		76		61		30		0	
41	0		126		117		78		33		0	
42	0		149		126		84		46		0	
43	0		145		100		72		40		0	
44	0		146		109		41		0		0	
45	0		215		154		99		35		0	
46	0		143		123		70		23		0	
47	0		168		114		76		41		0	
48	0		152		108		58		26		0	
49	0		189		159		138		64		0	
50	0		161		132		95		45		0	
Store2
1	80		28		0		156		127		80	
2	121		61		0		208		168		121	
3	60		21		0		118		89		60	
4	84		46		0		142		113		84	
5	88		30		0		164		130		88	
6	68		40		0		147		103		68	
7	100		54		0		174		133		100	
8	64		20		0		105		73		64	
9	70		37		0		187		128		70	
10	95		30		0		204		153		95	
11	108		51		0		159		138		108	
12	51		51		0		111		83		51	
13	62		15		0		221		141		62	
14	61		43		0		187		121		61	
15	57		30		0		144		119		57	
16	59		28		0		165		117		59	
17	102		47		0		144		129		102	
18	103		31		0		198		146		103	
19	71		22		0		175		134		71	
20	54		33		0		126		98		54	
21	55		24		0		133		94		55	
22	99		61		0		197		140		99	
23	44		11		0		143		110		44	
24	115		57		0		205		161		115	
25	64		23		0		128		75		64	
26	66		29		0		119		85		66	
27	88		59		0		147		119		88	
28	67		41		0		170		118		67	
29	59		47		0		128		76		59	
30	74		40		0		138		122		74	
31	70		28		0		156		120		70	
32	71		47		0		187		124		71	
33	97		30		0		200		148		97	
34	98		62		0		140		125		98	
35	68		27		0		165		125		68	
36	73		30		0		151		127		73	
37	86		37		0		166		141		86	
38	83		44		0		139		115		83	
39	39		30		0		127		84		39	
40	49		22		0		125		94		49	
41	66		36		0		145		91		66	
42	70		27		0		129		91		70	
43	88		27		0		177		163		88	
44	94		39		0		155		132		94	
45	107		54		0		215		159		107	
46	43		22		0		140		112		43	
47	50		26		0		127		96		50	
48	69		6		0		145		82		69	
49	79		32		0		138		124		79	
50	65		26		0		154		106		65	
Store3
1	84		48		0		187		134		84	
2	68		15		0		126		85		68	
3	72		63		0		113		91		72	
4	91		52		0		153		125		91	
5	68		42		0		136		120		68	
6	78		37		0		146		124		78	
7	64		54		0		134		101		64	
8	84		47		0		184		123		84	
9	48		32		0		147		96		48	
10	71		31		0		136		89		71	
11	93		46		0		207		149		93	
12	61		21		0		108		102		61	
13	99		48		0		187		142		99	
14	119		68		0		207		172		119	
15	95		41		0		174		118		95	
16	76		37		0		163		116		76	
17	119		76		0		205		163		119	
18	65		51		0		135		97		65	
19	117		63		0		190		153		117	
20	83		27		0		142		112		83	
21	58		29		0		132		87		58	
22	79		50		0		128		109		79	
23	81		24		0		149		136		81	
24	75		38		0		188		145		75	
25	67		26		0		156		106		67	
26	64		38		0		99		99		64	
27	77		58		0		158		115		77	
28	75		54		0		118		111		75	
29	95		58		0		169		137		95	
30	80		29		0		151		94		80	
31	29		23		0		148		98		29	
32	56		34		0		181		114		56	
33	71		27		0		161		111		71	
34	131		78		0		202		193		131	
35	90		34		0		176		151		90	
36	81		37		0		195		137		81	
37	70		23		0		107		75		70	
38	116		36		0		219		156		116	
39	75		51		0		168		115		75	
40	100		52		0		170		136		100	
41	72		38		0		149		121		72	
42	112		61		0		230		169		112	
43	59		42		0		112		80		59	
44	57		22		0		132		89		57	
45	33		14		0		114		78		33	
46	78		47		0		157		103		78	
47	99		55		0		158		127		99	
48	110		43		0		223		168		110	
49	68		31		0		125		92		68	
50	84		40		0		206		159		84	
Store4
1	0		153		132		86		43		0	
2	0		188		154		98		41		0	
3	0		139		117		97		51		0	
4	0		156		103		75		30		0	
5	0		126		74		50		33		0	
6	0		146		104		70		38		0	
7	0		148		131		88		36		0	
8	0		191		130		77		48		0	
9	0		138		90		55		30		0	
10	0		168		129		90		58		0	
11	0		174		118		90		45		0	
12	0		207		165		115		60		0	
13	0		148		120		65		45		0	
14	0		106		86		52		30		0	
15	0		160		103		68		22		0	
16	0		174		132		78		63		0	
17	0		151		135		103		54		0	
18	0		144		91		61		32		0	
19	0		165		93		37		37		0	
20	0		195		130		66		13		0	
21	0		199		154		102		59		0	
22	0		190		162		101		38		0	
23	0		149		121		75		39		0	
24	0		109		94		91		47		0	
25	0		182		142		100		55		0	
26	0		200		132		88		57		0	
27	0		129		58		43		14		0	
28	0		151		131		72		30		0	
29	0		162		130		74		40		0	
30	0		197		148		102		61		0	
31	0		138		91		48		29		0	
32	0		140		114		102		44		0	
33	0		159		112		74		26		0	
34	0		207		152		118		70		0	
35	0		154		112		83		28		0	
36	0		170		116		72		46		0	
37	0		218		171		96		41		0	
38	0		224		195		129		78		0	
39	0		213		169		123		62		0	
40	0		95		55		54		29		0	
41	0		173		136		99		39		0	
42	0		197		149		119		45		0	
43	0		179		141		68		35		0	
44	0		203		144		101		31		0	
45	0		122		85		38		15		0	
46	0		206		169		112		57		0	
47	0		209		166		101		32		0	
48	0		126		92		73		33		0	
49	0		135		99		87		60		0	
50	0		152		94		64		39		0	
Store5
1	100		41		0		191		146		100	
2	54		13		0		145		87		54	
3	61		1		0		150		111		61	
4	81		39		0		158		124		81	
5	91		44		0		183		128		91	
6	82		55		0		110		88		82	
7	117		42		0		238		191		117	
8	76		35		0		190		122		76	
9	50		39		0		140		107		50	
10	64		35		0		118		109		64	
11	117		68		0		190		150		117	
12	103		59		0		157		119		103	
13	77		35		0		194		114		77	
14	126		72		0		189		162		126	
15	78		28		0		139		94		78	
16	56		24		0		100		67		56	
17	81		44		0		139		89		81	
18	43		29		0		150		107		43	
19	92		55		0		179		138		92	
20	54		19		0		99		71		54	
21	38		13		0		126		91		38	
22	98		53		0		193		128		98	
23	59		15		0		148		105		59	
24	86		33		0		144		126		86	
25	96		44		0		231		171		96	
26	64		30		0		175		117		64	
27	74		21		0		188		118		74	
28	113		62		0		228		182		113	
29	70		34		0		179		130		70	
30	68		44		0		158		111		68	
31	102		57		0		149		113		102	
32	91		37		0		208		144		91	
33	93		54		0		201		151		93	
34	66		40		0		168		125		66	
35	63		27		0		125		82		63	
36	59		38		0		162		115		59	
37	106		46		0		167		141		106	
38	70		19		0		134		103		70	
39	67		22		0		111		97		67	
40	71		56		0		170		111		71	
41	79		42		0		130		107		79	
42	88		40		0		142		126		88	
43	71		39		0		143		128		71	
44	104		35		0		175		138		104	
45	87		53		0		189		142		87	
46	45		7		0		133		94		45	
47	121		45		0		188		156		121	
48	107		69		0		156		116		107	
49	87		61		0		155		148		87	
50	99		40		0		169		116		99	
Store6
1	0		158		119		74		37		0	
2	0		121		101		49		46		0	
3	0		208		146		90		41		0	
4	0		145		106		64		14		0	
5	0		134		100		62		35		0	
6	0		197		151		99		60		0	
7	0		183		148		87		33		0	
8	0		136		100		54		4		0	
9	0		149		109		64		22		0	
10	0		107		81		63		37		0	
11	0		212		148		99		55		0	
12	0		152		112		80		21		0	
13	0		134		108		60		30		0	
14	0		155		120		91		37		0	
15	0		153		95		41		27		0	
16	0		149		115		48		16		0	
17	0		139		106		88		40		0	
18	0		167		122		64		49		0	
19	0		150		116		57		29		0	
20	0		161		127		81		43		0	
21	0		149		111		63		14		0	
22	0		143		117		82		48		0	
23	0		176		104		64		44		0	
24	0		177		115		80		32		0	
25	0		156		101		63		22		0	
26	0		169		121		88		50		0	
27	0		179		127		115		58		0	
28	0		131		94		59		18		0	
29	0		193		146		101		64		0	
30	0		153		118		72		37		0	
31	0		130		95		56		29		0	
32	0		123		96		71		27		0	
33	0		171		128		89		52		0	
34	0		190		129		86		41		0	
35	0		147		137		109		49		0	
36	0		193		151		115		64		0	
37	0		127		73		41		24		0	
38	0		157		102		39		4		0	
39	0		166		117		63		12		0	
40	0		139		100		83		30		0	
41	0		177		120		65		50		0	
42	0		121		111		74		43		0	
43	0		169		128		100		67		0	
44	0		147		105		71		57		0	
45	0		228		177		132		66		0	
46	0		175		118		75		27		0	
47	0		83		52		21		20		0	
48	0		227		167		112		57		0	
49	0		193		148		92		36		0	
50	0		158		145		108		56		0	
Store7
1	0		168		140		107		59		0	
2	0		146		103		59		15		0	
3	0		111		61		52		20		0	
4	0		103		75		49		27		0	
5	0		111		81		42		8		0	
6	0		152		121		73		29		0	
7	0		226		182		121		44		0	
8	0		228		204		159		85		0	
9	0		155		133		77		51		0	
10	0		108		64		41		3		0	
11	0		164		132		91		42		0	
12	0		179		137		118		47		0	
13	0		162		115		81		54		0	
14	0		162		122		109		62		0	
15	0		116		85		56		30		0	
16	0		87		51		48		48		0	
17	0		168		117		65		40		0	
18	0		126		74		49		17		0	
19	0		180		137		76		45		0	
20	0		167		130		101		34		0	
21	0		107		75		56		38		0	
22	0		196		133		77		31		0	
23	0		209		139		81		35		0	
24	0		155		125		89		21		0	
25	0		100		60		53		27		0	
26	0		198		149		96		37		0	
27	0		172		131		98		56		0	
28	0		196		128		105		53		0	
29	0		219		153		109		42		0	
30	0		187		127		75		19		0	
31	0		152		125		95		48		0	
32	0		130		58		57		12		0	
33	0		205		151		91		44		0	
34	0		140		76		61		14		0	
35	0		123		99		61		20		0	
36	0		154		114		68		37		0	
37	0		115		104		82		36		0	
38	0		131		95		41		14		0	
39	0		199		163		116		65		0	
40	0		165		121		71		33		0	
41	0		135		95		85		53		0	
42	0		142		117		75		48		0	
43	0		146		111		72		40		0	
44	0		162		116		85		48		0	
45	0		148		80		54		16		0	
46	0		165		119		58		22		0	
47	0		153		113		59		19		0	
48	0		122		89		82		47		0	
49	0		194		155		84		26		0	
50	0		158		130		78		38		0	
Store8
1	83		20		0		160		131		83	
2	44		30		0		115		72		44	
3	92		28		0		192		156		92	
4	99		37		0		185		136		99	
5	38		34		0		163		82		38	
6	66		32		0		140		106		66	
7	127		79		0		225		167		127	
8	64		36		0		140		86		64	
9	52		14		0		117		86		52	
10	79		47		0		136		112		79	
11	62		30		0		105		77		62	
12	55		28		0		142		109		55	
13	65		22		0		129		101		65	
14	75		42		0		154		110		75	
15	88		32		0		140		126		88	
16	96		26		0		178		158		96	
17	81		63		0		202		155		81	
18	67		37		0		174		125		67	
19	67		46		0		154		105		67	
20	76		35		0		136		105		76	
21	76		16		0		170		117		76	
22	45		26		0		135		79		45	
23	92		38		0		191		151		92	
24	61		30		0		169		123		61	
25	91		56		0		172		110		91	
26	90		28		0		195		128		90	
27	50		28		0		148		103		50	
28	54		25		0		88		74		54	
29	85		57		0		185		141		85	
30	87		51		0		167		121		87	
31	35		35		0		102		57		35	
32	68		56		0		169		119		68	
33	86		60		0		132		132		86	
34	65		56		0		129		99		65	
35	47		26		0		140		93		47	
36	61		29		0		144		107		61	
37	133		84		0		272		209		133	
38	105		61		0		184		136		105	
39	115		63		0		191		150		115	
40	51		40		0		139		99		51	
41	57		39		0		137		91		57	
42	42		31		0		169		91		42	
43	51		29		0		129		109		51	
44	89		31		0		158		130		89	
45	50		21		0		127		86		50	
46	98		51		0		198		159		98	
47	88		52		0		192		151		88	
48	85		37		0		146		127		85	
49	55		17		0		124		89		55	
50	62		51		0		122		112		62	
Store9
1	69		35		0		128		107		69	
2	77		69		0		163		99		77	
3	68		23		0		145		107		68	
4	103		70		0		163		163		103	
5	88		61		0		146		121		88	
6	38		20		0		102		70		38	
7	66		36		0		123		89		66	
8	83		53		0		157		135		83	
9	93		44		0		198		142		93	
10	68		55		0		137		121		68	
11	67		24		0		165		120		67	
12	79		42		0		163		111		79	
13	91		58		0		172		128		91	
14	87		36		0		194		131		87	
15	54		11		0		137		108		54	
16	109		59		0		209		152		109	
17	57		28		0		120		85		57	
18	85		43		0		188		131		85	
19	48		30		0		140		101		48	
20	38		0		0		159		89		38	
21	56		24		0		120		90		56	
22	111		74		0		185		128		111	
23	64		22		0		115		95		64	
24	70		35		0		160		107		70	
25	107		71		0		219		176		107	
26	71		40		0		113		71		71	
27	67		34		0		128		76		67	
28	91		59		0		148		130		91	
29	58		31		0		137		106		58	
30	49		24		0		109		90		49	
31	78		61		0		154		124		78	
32	109		66		0		203		154		109	
33	51		21		0		114		84		51	
34	64		38		0		114		88		64	
35	82		48		0		179		121		82	
36	119		56		0		176		151		119	
37	84		49		0		149		137		84	
38	101		62		0		168		140		101	
39	75		33		0		172		113		75	
40	56		20		0		149		109		56	
41	78		32		0		128		111		78	
42	102		36		0		194		154		102	
43	45		29		0		145		94		45	
44	77		25		0		156		114		77	
45	68		35		0		180		118		68	
46	84		48		0		218		149		84	
47	81		38		0		183		144		81	
48	100		56		0		177		142		100	
49	96		53		0		189		129		96	
50	87		44		0		172		140		87	
Store10
1	0		156		135		101		56		0	
2	0		186		120		67		26		0	
3	0		194		131		114		53		0	
4	0		148		97		69		38		0	
5	0		148		94		74		47		0	
6	0		138		110		66		35		0	
7	0		113		107		77		33		0	
8	0		171		141		103		32		0	
9	0		181		138		93		43		0	
10	0		180		121		73		36		0	
11	0		156		132		77		27		0	
12	0		158		109		82		37		0	
13	0		224		181		157		72		0	
14	0		172		107		69		51		0	
15	0		137		96		30		16		0	
16	0		135		98		57		35		0	
17	0		154		113		72		32		0	
18	0		147		103		55		27		0	
19	0		139		75		66		21		0	
20	0		186		162		125		61		0	
21	0		143		93		90		61		0	
22	0		167		118		93		43		0	
23	0		82		74		64		29		0	
24	0		168		122		91		38		0	
25	0		145		96		65		49		0	
26	0		78		63		56		20		0	
27	0		174		113		56		4		0	
28	0		201		123		88		61		0	
29	0		161		124		116		65		0	
30	0		214		169		104		37		0	
31	0		187		121		91		50		0	
32	0		251		195		119		68		0	
33	0		106		74		47		15		0	
34	0		114		62		37		9		0	
35	0		175		135		94		58		0	
36	0		108		78		62		17		0	
37	0		129		100		67		43		0	
38	0		128		84		70		35		0	
39	0		135		89		78		51		0	
40	0		171		126		108		34		0	
41	0		140		119		95		35		0	
42	0		141		116		63		32		0	
43	0		179		116		88		54		0	
44	0		203		150		90		53		0	
45	0		150		100		70		22		0	
46	0		159		108		58		51		0	
47	0		162		112		79		23		0	
48	0		164		123		73		40		0	
49	0		117		101		75		73		0	
50	0		125		94		59		24		0	


Shipments from Vendor to Warehouse (V T):
0.6559193	0	0.6302927	0	0	
0	0	0.673886	0	0.6474186	
0	0	0.6915573	0	0.5219766	

Shipments from Warehouse to Stores (S T):
1	1	0.3654786
1	5	0.3820266
2	3	0.3653054
2	5	0.4375666
3	3	0.387214
3	5	0.4132834
4	1	0.3916807
4	5	0.3677333
5	3	0.39654
5	5	0.40828
6	1	0.3875461
6	5	0.4011633
7	1	0.3863973
7	5	0.4000166
8	3	0.3762273
8	5	0.4091866
9	3	0.386796
9	5	0.3999234
10	1	0.3778653
10	5	0.4092033


Required Putaway workers (Sol T):
2	2	3	3	2	

No of required pickers (T):
7	0	7	0	13	

No of part-time putaway workers (T):
0	0	1	1	0	

No of part-time pickers (T):
0	0	0	0	4	

Best Putaway Technology: 2400
Best Picking Technology: 1000

Required Fashion Putaway Hours:
6.885417	12.46875	0	23.47292	0	

Required Basic Putaway Hours:
7.3125	0	21.50333	0	12.485	

Required Total Putaway Hours:
14.19792	12.46875	21.50333	23.47292	12.485	

No of required fashion pick hours:
0	0	0	0	102.785	

No of required basic pick hours:
49.687	0	49.435	0	0	

No of required total pick hours:
49.687	0	49.435	0	102.785	

List of all the costs: 
MHECost		444
PutawayTechCost		3540
PickingTechCost		9130
WhBasicInvCost		834.4799
BasicInbCost		11758.32
WhFashionInvCost		2122.1
FashionInbCost		7563.612
PutawayCost		3680
StoreBasicInvCost		9822.45
StoreFashionInvCost		5139.25
OutboundCost		21057.46
PickingCost		15360
Total		90451.67

List of Top5 Technologies: 
Tech1		4	6	$ 91727.9
Tech2		3	6	$ 91925.63
Tech3		2	6	$ 96195.13
Tech4		2	5	$ 104088.5
Tech5		2	4	$ 117761.3
The start time is 12/30/2014 12:46:37 PM
The End time is 12/30/2014 12:47:41 PM
