Printing New Fashion Solution:

Inbound Fashion Solution (V F T):
1	1	4	4790
1	2	3	4650
1	3	4	5885
1	4	3	6545
1	5	3	4165
1	6	4	5015
1	7	4	5285
1	8	4	4325
1	9	3	4505
1	10	4	6590


Outbound Fashion Solution(S F T):
1	1	5	690
1	2	4	1000
1	3	5	1245
1	4	4	1965
1	5	4	1500
1	6	5	575
1	7	5	995
1	8	5	610
1	9	4	580
1	10	5	1600
2	1	5	410
2	2	4	1350
2	3	5	1255
2	4	4	1560
2	5	5	1175
2	6	5	775
2	7	5	1140
2	8	5	915
2	9	4	830
2	10	5	1540
3	1	5	605
3	2	4	1070
3	3	5	1605
3	4	4	765
3	5	5	165
3	6	5	1190
3	7	5	690
3	8	5	835
3	9	5	955
3	10	5	910
4	1	5	1690
4	2	5	320
4	3	5	1200
4	4	4	1405
4	5	4	885
4	6	5	1065
4	7	5	1215
4	8	5	970
4	9	4	1035
4	10	5	720
5	1	5	1395
5	2	5	910
5	3	5	580
5	4	4	850
5	5	5	440
5	6	5	1410
5	7	5	1245
5	8	5	995
5	9	4	1105
5	10	5	1820


Warehouse Fashion Inventory (W F T):
1	0		0		0		4790		0	
2	0		0		4650		1230		0	
3	0		0		0		5885		0	
4	0		0		6545		0		0	
5	0		0		4165		1780		0	
6	0		0		0		5015		0	
7	0		0		0		5285		0	
8	0		0		0		4325		0	
9	0		0		4505		955		0	
10	0		0		0		6590		0	

Store Fashion Inventory (S F T):
Store1
1	0		0		0		690	
2	0		0		1000		1000	
3	0		0		0		1245	
4	0		0		1965		1965	
5	0		0		1500		1500	
6	0		0		0		575	
7	0		0		0		995	
8	0		0		0		610	
9	0		0		580		580	
10	0		0		0		1600	
Store2
1	0		0		0		410	
2	0		0		1350		1350	
3	0		0		0		1255	
4	0		0		1560		1560	
5	0		0		0		1175	
6	0		0		0		775	
7	0		0		0		1140	
8	0		0		0		915	
9	0		0		830		830	
10	0		0		0		1540	
Store3
1	0		0		0		605	
2	0		0		1070		1070	
3	0		0		0		1605	
4	0		0		765		765	
5	0		0		0		165	
6	0		0		0		1190	
7	0		0		0		690	
8	0		0		0		835	
9	0		0		0		955	
10	0		0		0		910	
Store4
1	0		0		0		1690	
2	0		0		0		320	
3	0		0		0		1200	
4	0		0		1405		1405	
5	0		0		885		885	
6	0		0		0		1065	
7	0		0		0		1215	
8	0		0		0		970	
9	0		0		1035		1035	
10	0		0		0		720	
Store5
1	0		0		0		1395	
2	0		0		0		910	
3	0		0		0		580	
4	0		0		850		850	
5	0		0		0		440	
6	0		0		0		1410	
7	0		0		0		1245	
8	0		0		0		995	
9	0		0		1105		1105	
10	0		0		0		1820	


Fashion Shipments from Vendor to Warehouse (V T):
0	0	0.7278267	0.8487233	

Printing New Basic Solution:

Inbound Solution (V P T):
1	1	1	3393
1	1	2	1225
1	2	1	2060
1	2	2	3196
1	3	1	1080
1	3	2	3612
1	4	1	3909
1	4	2	1845
1	5	1	1489
1	5	2	2893
1	6	1	2270
1	6	2	3036
1	7	1	3879
1	7	2	1881
1	8	1	4220
1	8	2	826
1	9	1	4481
1	9	2	398
1	10	1	1226
1	10	2	3562


Outbound Solution(S P T):
1	1	1	1074
1	2	1	1041
1	3	1	589
1	4	1	1152
1	5	1	1041
1	6	1	970
1	7	1	1159
1	8	1	1077
1	9	1	974
1	10	1	632
2	1	4	862
2	2	4	1255
2	3	4	933
2	4	4	821
2	5	4	690
2	6	4	1207
2	7	4	961
2	8	4	1098
2	9	4	1188
2	10	4	1012
3	1	2	1046
3	2	2	1282
3	3	2	850
3	4	2	1518
3	5	2	807
3	6	2	864
3	7	2	1401
3	8	2	834
3	9	2	792
3	10	2	938
4	1	1	835
4	2	1	1002
4	3	1	1256
4	4	1	1002
4	5	1	1115
4	6	1	1196
4	7	1	1296
4	8	1	1158
4	9	1	832
4	10	1	1095
5	1	4	801
5	2	4	676
5	3	4	1064
5	4	4	1261
5	5	4	729
5	6	4	1069
5	7	4	943
5	8	4	879
5	9	4	1093
5	10	4	1111


Warehouse Inventory (W P T):
1	0		1484		1663		1663		0		0	
2	0		17		1931		1931		0		0	
3	765		0		2762		2762		765		765	
4	0		1755		2082		2082		0		0	
5	667		0		2086		2086		667		667	
6	0		104		2276		2276		0		0	
7	0		1424		1904		1904		0		0	
8	0		1985		1977		1977		0		0	
9	0		2675		2281		2281		0		0	
10	501		0		2624		2624		501		501	

Store Inventory (S P T):
Store1
1	0		829		531		393		310		0	
2	0		797		648		542		318		0	
3	0		556		422		217		74		0	
4	0		709		523		261		153		0	
5	0		818		746		556		297		0	
6	0		782		637		331		161		0	
7	0		923		739		493		230		0	
8	0		969		754		587		207		0	
9	0		694		491		226		30		0	
10	0		529		289		221		173		0	
Store2
1	534		234		109		0		751		534	
2	750		501		257		0		917		750	
3	549		383		287		0		766		549	
4	482		362		120		0		668		482	
5	533		284		90		0		559		533	
6	662		463		119		0		1003		662	
7	538		433		296		0		801		538	
8	751		387		122		0		893		751	
9	696		433		144		0		930		696	
10	589		439		253		0		722		589	
Store3
1	180		0		801		739		461		180	
2	203		0		954		686		423		203	
3	142		0		661		501		385		142	
4	241		0		1209		954		624		241	
5	141		0		580		430		239		141	
6	84		0		651		404		216		84	
7	336		0		1153		959		674		336	
8	85		0		778		700		383		85	
9	331		0		617		553		423		331	
10	148		0		696		574		404		148	
Store4
1	0		654		546		413		221		0	
2	0		715		642		440		243		0	
3	0		838		624		422		257		0	
4	0		852		647		478		296		0	
5	0		1016		851		611		381		0	
6	0		905		758		532		266		0	
7	0		943		710		417		97		0	
8	0		939		833		563		243		0	
9	0		686		387		247		147		0	
10	0		984		715		475		163		0	
Store5
1	441		217		217		0		598		441	
2	520		359		151		0		619		520	
3	467		266		135		0		775		467	
4	741		461		174		0		1018		741	
5	410		297		220		0		568		410	
6	659		335		92		0		867		659	
7	550		360		288		0		617		550	
8	555		458		192		0		716		555	
9	687		411		186		0		814		687	
10	645		454		210		0		814		645	


Shipments from Vendor to Warehouse (V T):
1.235503	0.9981754	0	0	0	

Shipments from Warehouse to Stores (S T):
1	1	0.4249487
1	4	0.1942233
1	5	0.1516067
2	4	0.605628
2	5	0.21089
3	2	0.4622893
3	4	0.08868334
3	5	0.1909833
4	1	0.4606287
4	4	0.1003267
4	5	0.1973133
5	4	0.4734307
5	5	0.2492767


Required Putaway workers (Sol T):
3	3	3	4	0	

No of required pickers (T):
6	3	0	9	9	

No of part-time putaway workers (T):
0	0	0	1	0	

No of part-time pickers (T):
0	0	0	3	3	

Best Putaway Technology: 1200
Best Picking Technology: 500

Required Fashion Putaway Hours:
0	0	16.55417	26.575	0	

Required Basic Putaway Hours:
23.33917	18.72833	0	0	0	

Required Total Putaway Hours:
23.33917	18.72833	16.55417	26.575	0	

No of required fashion pick hours:
0	0	0	31.8	71.71	

No of required basic pick hours:
40.992	20.664	0	39.306	0	

No of required total pick hours:
40.992	20.664	0	71.106	71.71	

List of all the costs: 
MHECost		432
PutawayTechCost		1060
PickingTechCost		3195
WhBasicInvCost		564.82
BasicInbCost		5101.536
WhFashionInvCost		557.2
FashionInbCost		2789.752
PutawayCost		5040
StoreBasicInvCost		5021
StoreFashionInvCost		3382.75
OutboundCost		11911.37
PickingCost		11040
Total		50095.42

List of Top5 Technologies: 
Tech1		2	6	$ 51509.32
Tech2		2	5	$ 57920.72
Tech3		2	1	$ 110012.5
Tech4		1	1	$ 112196.9
Tech5		None	None	$ -
The start time is 12/17/2014 3:51:44 PM
The End time is 12/17/2014 3:51:48 PM
