WarehouseVolume:[
(1)	[100000000]
]
StoreVolume:[
(1)	[10000000]
(2)	[10000000]
(3)	[10000000]
(4)	[10000000]
(5)	[10000000]
]
StoreDemand:[
(1	1	1)	[245]
(1	1	2)	[298]
(1	1	3)	[138]
(1	1	4)	[83]
(1	1	5)	[310]
(1	2	1)	[244]
(1	2	2)	[149]
(1	2	3)	[106]
(1	2	4)	[224]
(1	2	5)	[318]
(1	3	1)	[33]
(1	3	2)	[134]
(1	3	3)	[205]
(1	3	4)	[143]
(1	3	5)	[74]
(1	4	1)	[443]
(1	4	2)	[186]
(1	4	3)	[262]
(1	4	4)	[108]
(1	4	5)	[153]
(1	5	1)	[223]
(1	5	2)	[72]
(1	5	3)	[190]
(1	5	4)	[259]
(1	5	5)	[297]
(1	6	1)	[188]
(1	6	2)	[145]
(1	6	3)	[306]
(1	6	4)	[170]
(1	6	5)	[161]
(1	7	1)	[236]
(1	7	2)	[184]
(1	7	3)	[246]
(1	7	4)	[263]
(1	7	5)	[230]
(1	8	1)	[108]
(1	8	2)	[215]
(1	8	3)	[167]
(1	8	4)	[380]
(1	8	5)	[207]
(1	9	1)	[280]
(1	9	2)	[203]
(1	9	3)	[265]
(1	9	4)	[196]
(1	9	5)	[30]
(1	10	1)	[103]
(1	10	2)	[240]
(1	10	3)	[68]
(1	10	4)	[48]
(1	10	5)	[173]
(2	1	1)	[300]
(2	1	2)	[125]
(2	1	3)	[109]
(2	1	4)	[111]
(2	1	5)	[217]
(2	2	1)	[249]
(2	2	2)	[244]
(2	2	3)	[257]
(2	2	4)	[338]
(2	2	5)	[167]
(2	3	1)	[166]
(2	3	2)	[96]
(2	3	3)	[287]
(2	3	4)	[167]
(2	3	5)	[217]
(2	4	1)	[120]
(2	4	2)	[242]
(2	4	3)	[120]
(2	4	4)	[153]
(2	4	5)	[186]
(2	5	1)	[249]
(2	5	2)	[194]
(2	5	3)	[90]
(2	5	4)	[131]
(2	5	5)	[26]
(2	6	1)	[199]
(2	6	2)	[344]
(2	6	3)	[119]
(2	6	4)	[204]
(2	6	5)	[341]
(2	7	1)	[105]
(2	7	2)	[137]
(2	7	3)	[296]
(2	7	4)	[160]
(2	7	5)	[263]
(2	8	1)	[364]
(2	8	2)	[265]
(2	8	3)	[122]
(2	8	4)	[205]
(2	8	5)	[142]
(2	9	1)	[263]
(2	9	2)	[289]
(2	9	3)	[144]
(2	9	4)	[258]
(2	9	5)	[234]
(2	10	1)	[150]
(2	10	2)	[186]
(2	10	3)	[253]
(2	10	4)	[290]
(2	10	5)	[133]
(3	1	1)	[180]
(3	1	2)	[245]
(3	1	3)	[62]
(3	1	4)	[278]
(3	1	5)	[281]
(3	2	1)	[203]
(3	2	2)	[328]
(3	2	3)	[268]
(3	2	4)	[263]
(3	2	5)	[220]
(3	3	1)	[142]
(3	3	2)	[189]
(3	3	3)	[160]
(3	3	4)	[116]
(3	3	5)	[243]
(3	4	1)	[241]
(3	4	2)	[309]
(3	4	3)	[255]
(3	4	4)	[330]
(3	4	5)	[383]
(3	5	1)	[141]
(3	5	2)	[227]
(3	5	3)	[150]
(3	5	4)	[191]
(3	5	5)	[98]
(3	6	1)	[84]
(3	6	2)	[213]
(3	6	3)	[247]
(3	6	4)	[188]
(3	6	5)	[132]
(3	7	1)	[336]
(3	7	2)	[248]
(3	7	3)	[194]
(3	7	4)	[285]
(3	7	5)	[338]
(3	8	1)	[85]
(3	8	2)	[56]
(3	8	3)	[78]
(3	8	4)	[317]
(3	8	5)	[298]
(3	9	1)	[331]
(3	9	2)	[175]
(3	9	3)	[64]
(3	9	4)	[130]
(3	9	5)	[92]
(3	10	1)	[148]
(3	10	2)	[242]
(3	10	3)	[122]
(3	10	4)	[170]
(3	10	5)	[256]
(4	1	1)	[181]
(4	1	2)	[108]
(4	1	3)	[133]
(4	1	4)	[192]
(4	1	5)	[221]
(4	2	1)	[287]
(4	2	2)	[73]
(4	2	3)	[202]
(4	2	4)	[197]
(4	2	5)	[243]
(4	3	1)	[418]
(4	3	2)	[214]
(4	3	3)	[202]
(4	3	4)	[165]
(4	3	5)	[257]
(4	4	1)	[150]
(4	4	2)	[205]
(4	4	3)	[169]
(4	4	4)	[182]
(4	4	5)	[296]
(4	5	1)	[99]
(4	5	2)	[165]
(4	5	3)	[240]
(4	5	4)	[230]
(4	5	5)	[381]
(4	6	1)	[291]
(4	6	2)	[147]
(4	6	3)	[226]
(4	6	4)	[266]
(4	6	5)	[266]
(4	7	1)	[353]
(4	7	2)	[233]
(4	7	3)	[293]
(4	7	4)	[320]
(4	7	5)	[97]
(4	8	1)	[219]
(4	8	2)	[106]
(4	8	3)	[270]
(4	8	4)	[320]
(4	8	5)	[243]
(4	9	1)	[146]
(4	9	2)	[299]
(4	9	3)	[140]
(4	9	4)	[100]
(4	9	5)	[147]
(4	10	1)	[111]
(4	10	2)	[269]
(4	10	3)	[240]
(4	10	4)	[312]
(4	10	5)	[163]
(5	1	1)	[224]
(5	1	2)	[0]
(5	1	3)	[217]
(5	1	4)	[203]
(5	1	5)	[157]
(5	2	1)	[161]
(5	2	2)	[208]
(5	2	3)	[151]
(5	2	4)	[57]
(5	2	5)	[99]
(5	3	1)	[201]
(5	3	2)	[131]
(5	3	3)	[135]
(5	3	4)	[289]
(5	3	5)	[308]
(5	4	1)	[280]
(5	4	2)	[287]
(5	4	3)	[174]
(5	4	4)	[243]
(5	4	5)	[277]
(5	5	1)	[113]
(5	5	2)	[77]
(5	5	3)	[220]
(5	5	4)	[161]
(5	5	5)	[158]
(5	6	1)	[324]
(5	6	2)	[243]
(5	6	3)	[92]
(5	6	4)	[202]
(5	6	5)	[208]
(5	7	1)	[190]
(5	7	2)	[72]
(5	7	3)	[288]
(5	7	4)	[326]
(5	7	5)	[67]
(5	8	1)	[97]
(5	8	2)	[266]
(5	8	3)	[192]
(5	8	4)	[163]
(5	8	5)	[161]
(5	9	1)	[276]
(5	9	2)	[225]
(5	9	3)	[186]
(5	9	4)	[279]
(5	9	5)	[127]
(5	10	1)	[191]
(5	10	2)	[244]
(5	10	3)	[210]
(5	10	4)	[297]
(5	10	5)	[169]
]
FixedCostVendorToWarehouse:[
(1	1)	[217.05]
]
FixedCostWarehouseToStore:[
(1	1)	[110.96]
(1	2)	[110.96]
(1	3)	[186.09]
(1	4)	[52.27]
(1	5)	[126.26]
]
Variable_FixedCostVendorToWarehouse:[
(1	1)	[802.19]
]
VariableCostVendorToWarehouse:[
(1	1)	[0.061]
]
Variable_FixedCostWarehouseToStore:[
(1	1)	[598.03]
(1	2)	[598.03]
(1	3)	[727.61]
(1	4)	[482.83]
(1	5)	[622.3]
]
VariableCostWarehouseToStore:[
(1	1)	[0.045]
(1	2)	[0.045]
(1	3)	[0.055]
(1	4)	[0.029]
(1	5)	[0.047]
]
ProductVolume:[
(1)	[0.77]
(2)	[0.82]
(3)	[0.2]
(4)	[0.74]
(5)	[0.42]
(6)	[0.94]
(7)	[0.63]
(8)	[0.3]
(9)	[0.7]
(10)	[0.9]
]
ProductWeight:[
(1)	[0.97]
(2)	[0.98]
(3)	[0.39]
(4)	[0.52]
(5)	[0.26]
(6)	[0.79]
(7)	[0.56]
(8)	[0.28]
(9)	[0.9]
(10)	[0.98]
]
MapVendorToProduct:[
(1	1)	[1]
(1	2)	[1]
(1	3)	[1]
(1	4)	[1]
(1	5)	[1]
(1	6)	[1]
(1	7)	[1]
(1	8)	[1]
(1	9)	[1]
(1	10)	[1]
]
LeadTimeWarehouseToStores:[
(1	1)	[0]
(1	2)	[0]
(1	3)	[0]
(1	4)	[0]
(1	5)	[0]
]
StoreDemandForFashionProducts:[
(1	1)	[690]
(1	2)	[1000]
(1	3)	[1245]
(1	4)	[1965]
(1	5)	[1500]
(1	6)	[575]
(1	7)	[995]
(1	8)	[610]
(1	9)	[580]
(1	10)	[1600]
(2	1)	[410]
(2	2)	[1350]
(2	3)	[1255]
(2	4)	[1560]
(2	5)	[1175]
(2	6)	[775]
(2	7)	[1140]
(2	8)	[915]
(2	9)	[830]
(2	10)	[1540]
(3	1)	[605]
(3	2)	[1070]
(3	3)	[1605]
(3	4)	[765]
(3	5)	[165]
(3	6)	[1190]
(3	7)	[690]
(3	8)	[835]
(3	9)	[955]
(3	10)	[910]
(4	1)	[1690]
(4	2)	[320]
(4	3)	[1200]
(4	4)	[1405]
(4	5)	[885]
(4	6)	[1065]
(4	7)	[1215]
(4	8)	[970]
(4	9)	[1035]
(4	10)	[720]
(5	1)	[1395]
(5	2)	[910]
(5	3)	[580]
(5	4)	[850]
(5	5)	[440]
(5	6)	[1410]
(5	7)	[1245]
(5	8)	[995]
(5	9)	[1105]
(5	10)	[1820]
]
FixedCostFashionVendorToWarehouse:[
(1	1)	[143.71]
]
Variable_FixedCostFashionVendorToWarehouse:[
(1	1)	[659.96]
]
VariableCostFashionVendorToWarehouse:[
(1	1)	[0.05]
]
FashionProductVolume:[
(1)	[0.59]
(2)	[0.26]
(3)	[0.44]
(4)	[0.89]
(5)	[0.69]
(6)	[0.53]
(7)	[0.59]
(8)	[0.72]
(9)	[0.78]
(10)	[0.25]
]
FashionProductWeight:[
(1)	[0.29]
(2)	[0.85]
(3)	[0.62]
(4)	[0.55]
(5)	[0.57]
(6)	[0.29]
(7)	[0.11]
(8)	[0.79]
(9)	[0.22]
(10)	[0.34]
]
MapFashionVendorToProduct:[
(1	1)	[1]
(1	2)	[1]
(1	3)	[1]
(1	4)	[1]
(1	5)	[1]
(1	6)	[1]
(1	7)	[1]
(1	8)	[1]
(1	9)	[1]
(1	10)	[1]
]
