Results from Tech10
Putaway Technology: 1200.0
Picking Technology: 500.0

Full-Time Putaway workers: 2.0
Full-Time Picking workers: 4.0

Cost Breakdown:
	MHECost              $351.00
	PutawayTechCost      $1,060.00
	PickingTechCost      $3,195.00
	WhBasicInvCost       $521.04
	BasicInbCost         $5,745.49
	WhFashionInvCost     $1,100.40
	FashionInbCost       $6,316.91
	PutawayCost          $3,920.00
	StoreBasicInvCost    $2,589.35
	StoreFashionInvCost  $4,357.75
	OutboundCost         $9,382.87
	PickingCost          $7,840.00
	Total                $46,379.81


Printing New Fashion Solution:

Inbound Fashion Solution
1 	1 	2 	3155
1 	10 	2 	4965
1 	2 	1 	3965
1 	3 	2 	5460
1 	4 	1 	4750
1 	5 	2 	3315
1 	6 	2 	5040
1 	7 	1 	4565
1 	8 	1 	3155
1 	9 	2 	6820

Outbound Solution
1 	1 	5 	1015
1 	10 	5 	1080
1 	2 	5 	1110
1 	3 	5 	1175
1 	4 	5 	505
1 	5 	5 	1230
1 	6 	5 	1185
1 	7 	5 	1180
1 	8 	5 	640
1 	9 	5 	1070
2 	1 	3 	780
2 	10 	3 	720
2 	2 	3 	915
2 	3 	3 	1210
2 	4 	3 	1380
2 	5 	3 	1045
2 	6 	3 	1290
2 	7 	3 	1230
2 	8 	3 	940
2 	9 	3 	1910
3 	1 	4 	815
3 	10 	4 	1150
3 	2 	4 	825
3 	3 	4 	915
3 	4 	4 	1205
3 	5 	4 	975
3 	6 	4 	695
3 	7 	4 	720
3 	8 	4 	335
3 	9 	4 	1610
4 	1 	5 	0
4 	10 	4 	930
4 	2 	4 	575
4 	3 	4 	970
4 	4 	4 	1120
4 	5 	4 	65
4 	6 	4 	715
4 	7 	4 	1110
4 	8 	4 	635
4 	9 	4 	1165
5 	1 	5 	545
5 	10 	5 	1085
5 	2 	2 	540
5 	3 	5 	1190
5 	4 	5 	540
5 	5 	5 	0
5 	6 	5 	1155
5 	7 	2 	325
5 	8 	5 	605
5 	9 	5 	1065

Store Inventory
Store1
1 0          0          0          0          1015      
1 0          0          0          0          1080      
1 0          0          0          0          1110      
1 0          0          0          0          1175      
1 0          0          0          0          505       
1 0          0          0          0          1230      
1 0          0          0          0          1185      
1 0          0          0          0          1180      
1 0          0          0          0          640       
1 0          0          0          0          1070      
Store2
1 0          0          780        780        780       
1 0          0          720        720        720       
1 0          0          915        915        915       
1 0          0          1210       1210       1210      
1 0          0          1380       1380       1380      
1 0          0          1045       1045       1045      
1 0          0          1290       1290       1290      
1 0          0          1230       1230       1230      
1 0          0          940        940        940       
1 0          0          1910       1910       1910      
Store3
1 0          0          0          815        815       
1 0          0          0          1150       1150      
1 0          0          0          825        825       
1 0          0          0          915        915       
1 0          0          0          1205       1205      
1 0          0          0          975        975       
1 0          0          0          695        695       
1 0          0          0          720        720       
1 0          0          0          335        335       
1 0          0          0          1610       1610      
Store4
1 0          0          0          0          0         
1 0          0          0          930        930       
1 0          0          0          575        575       
1 0          0          0          970        970       
1 0          0          0          1120       1120      
1 0          0          0          65         65        
1 0          0          0          715        715       
1 0          0          0          1110       1110      
1 0          0          0          635        635       
1 0          0          0          1165       1165      
Store5
1 0          0          0          0          545       
1 0          0          0          0          1085      
1 0          540        540        540        540       
1 0          0          0          0          1190      
1 0          0          0          0          540       
1 0          0          0          0          0         
1 0          0          0          0          1155      
1 0          325        325        325        325       
1 0          0          0          0          605       
1 0          0          0          0          1065      

Shipments from (Basic) Vendor to Warehouse
1          2          0          0          0         

Printing New Basic Solution:


Inbound Solution
1 	1 	1 	0
1 	1 	2 	0
1 	1 	3 	4835
1 	1 	4 	0
1 	1 	5 	0
1 	10 	1 	0
1 	10 	2 	0
1 	10 	3 	1297
1 	10 	4 	0
1 	10 	5 	2928
1 	2 	1 	0
1 	2 	2 	0
1 	2 	3 	1052
1 	2 	4 	0
1 	2 	5 	4033
1 	3 	1 	0
1 	3 	2 	0
1 	3 	3 	1563
1 	3 	4 	0
1 	3 	5 	2883
1 	4 	1 	0
1 	4 	2 	0
1 	4 	3 	1806
1 	4 	4 	0
1 	4 	5 	3116
1 	5 	1 	0
1 	5 	2 	0
1 	5 	3 	2171
1 	5 	4 	0
1 	5 	5 	3187
1 	6 	1 	0
1 	6 	2 	0
1 	6 	3 	1485
1 	6 	4 	0
1 	6 	5 	3314
1 	7 	1 	0
1 	7 	2 	0
1 	7 	3 	1840
1 	7 	4 	0
1 	7 	5 	3070
1 	8 	1 	0
1 	8 	2 	0
1 	8 	3 	2742
1 	8 	4 	0
1 	8 	5 	2370
1 	9 	1 	0
1 	9 	2 	0
1 	9 	3 	1552
1 	9 	4 	0
1 	9 	5 	3296

Outbound Solution
Store1
1 0          439        0          0          497       
10 0          483        0          0          369       
2 0          682        0          0          286       
3 0          471        0          0          292       
4 0          673        0          0          331       
5 0          720        0          0          502       
6 0          532        0          0          334       
7 0          621        0          0          542       
8 0          671        0          0          530       
9 0          493        0          0          347       
Store2
1 0          0          976        0          0         
10 0          0          527        0          0         
2 0          0          906        0          0         
3 0          0          649        0          0         
4 0          0          1031       0          0         
5 0          0          1067       0          0         
6 0          0          601        0          0         
7 0          0          1205       0          0         
8 0          0          1060       0          0         
9 0          0          930        0          0         
Store3
1 466        0          0          458        0         
10 651        0          0          396        0         
2 923        0          0          146        0         
3 504        0          0          442        0         
4 512        0          0          414        0         
5 408        0          0          572        0         
6 655        0          0          492        0         
7 513        0          0          193        0         
8 707        0          0          194        0         
9 676        0          0          359        0         
Store4
1 513        0          0          494        0         
10 776        0          0          374        0         
2 1020       0          0          0          0         
3 450        0          0          472        0         
4 679        0          0          361        0         
5 445        0          0          532        0         
6 729        0          0          392        0         
7 483        0          0          442        0         
8 476        0          0          474        0         
9 662        0          0          263        0         
Store5
1 0          712        0          0          280       
10 0          465        0          0          184       
2 0          671        0          0          451       
3 0          718        0          0          448       
4 0          655        0          0          266       
5 0          668        0          0          444       
6 0          547        0          0          517       
7 0          571        0          0          340       
8 0          684        0          0          316       
9 0          796        0          0          322       

Warehouse Inventory
1 1151       0          3859       2907       2130      
10 948        0          770        0          2375      
2 1353       0          146        0          3296      
3 1189       0          914        0          2143      
4 1328       0          775        0          2519      
5 1388       0          1104       0          2241      
6 1079       0          884        0          2463      
7 1192       0          635        0          2188      
8 1355       0          1682       1014       2538      
9 1289       0          622        0          2627      

Store Inventory
Store1
1 0          265        134        0          264       
10 0          309        80         0          218       
2 0          422        177        0          179       
3 0          202        63         0          93        
4 0          473        172        0          142       
5 0          529        318        0          243       
6 0          419        146        0          123       
7 0          431        170        0          341       
8 0          469        225        0          170       
9 0          349        205        0          98        
Store2
1 324        0          731        524        438       
10 203        0          527        397        344       
2 164        0          681        578        379       
3 152        0          456        326        215       
4 198        0          932        665        415       
5 221        0          784        634        388       
6 193        0          435        402        295       
7 194        0          1039       779        536       
8 255        0          956        676        454       
9 268        0          789        613        430       
Store3
1 311        150        0          268        0         
10 400        265        0          245        0         
2 719        563        330        274        0         
3 236        34         0          179        0         
4 264        188        0          366        0         
5 175        0          0          230        0         
6 473        273        0          280        0         
7 275        162        0          158        0         
8 481        332        0          122        0         
9 447        223        0          109        0         
Store4
1 250        9          0          256        0         
10 466        283        0          143        0         
2 772        589        322        128        0         
3 323        299        0          312        0         
4 434        257        0          180        0         
5 305        117        0          283        0         
6 476        286        0          196        0         
7 211        122        0          302        0         
8 295        208        0          180        0         
9 437        112        0          50         0         
Store5
1 0          424        245        0          104       
10 0          370        178        0          94        
2 0          431        200        0          199       
3 0          499        259        0          258       
4 0          472        220        0          124       
5 0          489        159        0          275       
6 0          424        188        0          244       
7 0          292        228        0          179       
8 0          436        289        0          151       
9 0          519        175        0          108       

Shipments from (Basic) Vendor to Warehouse
0          0          1          0          1         

Shipments from (Fashion) Vendor to Warehouse
1          2          0          0          0         

Shipments from Warehouse to Stores
1 0          1          0          0          1         
2 0          0          1          0          0         
3 1          0          0          1          0         
4 1          0          0          1          0         
5 0          1          0          0          1         

No of part-time putaway workers:
0          1          1          0          1         

No of part-time picking workers:
0          0          2          2          2         
