Results from Tech10
Putaway Technology: 1200.0
Picking Technology: 500.0

Full-Time Putaway workers: 2.0
Full-Time Picking workers: 4.0

Cost Breakdown:
	MHECost              $378.00
	PutawayTechCost      $1,060.00
	PickingTechCost      $3,195.00
	WhBasicInvCost       $468.64
	BasicInbCost         $4,396.81
	WhFashionInvCost     $1,182.85
	FashionInbCost       $2,989.20
	PutawayCost          $4,160.00
	StoreBasicInvCost    $2,739.40
	StoreFashionInvCost  $5,193.00
	OutboundCost         $8,215.13
	PickingCost          $7,840.00
	Total                $41,818.03


Printing New Fashion Solution:

Inbound Fashion Solution
1 	1 	2 	4505
1 	10 	1 	5745
1 	2 	2 	4305
1 	3 	1 	5865
1 	4 	2 	5345
1 	5 	1 	5025
1 	6 	2 	4670
1 	7 	2 	4680
1 	8 	1 	4930
1 	9 	2 	5075

Outbound Solution
1 	1 	4 	105
1 	10 	4 	1035
1 	2 	4 	465
1 	3 	4 	1220
1 	4 	4 	880
1 	5 	4 	1300
1 	6 	4 	1005
1 	7 	4 	390
1 	8 	4 	555
1 	9 	4 	995
2 	1 	4 	585
2 	10 	2 	1120
2 	2 	4 	940
2 	3 	2 	1235
2 	4 	4 	870
2 	5 	4 	585
2 	6 	4 	1235
2 	7 	4 	995
2 	8 	2 	1340
2 	9 	4 	850
3 	1 	5 	855
3 	10 	5 	885
3 	2 	5 	190
3 	3 	5 	1855
3 	4 	5 	1085
3 	5 	5 	1075
3 	6 	5 	900
3 	7 	5 	490
3 	8 	5 	1495
3 	9 	5 	990
4 	1 	3 	1840
4 	10 	3 	1325
4 	2 	3 	1465
4 	3 	3 	900
4 	4 	3 	1860
4 	5 	3 	1045
4 	6 	3 	1050
4 	7 	3 	1715
4 	8 	3 	1020
4 	9 	3 	1310
5 	1 	5 	1120
5 	10 	5 	1380
5 	2 	5 	1245
5 	3 	5 	655
5 	4 	5 	650
5 	5 	5 	1020
5 	6 	5 	480
5 	7 	5 	1090
5 	8 	2 	520
5 	9 	5 	930

Store Inventory
Store1
1 0          0          0          105        105       
1 0          0          0          1035       1035      
1 0          0          0          465        465       
1 0          0          0          1220       1220      
1 0          0          0          880        880       
1 0          0          0          1300       1300      
1 0          0          0          1005       1005      
1 0          0          0          390        390       
1 0          0          0          555        555       
1 0          0          0          995        995       
Store2
1 0          0          0          585        585       
1 0          1120       1120       1120       1120      
1 0          0          0          940        940       
1 0          1235       1235       1235       1235      
1 0          0          0          870        870       
1 0          0          0          585        585       
1 0          0          0          1235       1235      
1 0          0          0          995        995       
1 0          1340       1340       1340       1340      
1 0          0          0          850        850       
Store3
1 0          0          0          0          855       
1 0          0          0          0          885       
1 0          0          0          0          190       
1 0          0          0          0          1855      
1 0          0          0          0          1085      
1 0          0          0          0          1075      
1 0          0          0          0          900       
1 0          0          0          0          490       
1 0          0          0          0          1495      
1 0          0          0          0          990       
Store4
1 0          0          1840       1840       1840      
1 0          0          1325       1325       1325      
1 0          0          1465       1465       1465      
1 0          0          900        900        900       
1 0          0          1860       1860       1860      
1 0          0          1045       1045       1045      
1 0          0          1050       1050       1050      
1 0          0          1715       1715       1715      
1 0          0          1020       1020       1020      
1 0          0          1310       1310       1310      
Store5
1 0          0          0          0          1120      
1 0          0          0          0          1380      
1 0          0          0          0          1245      
1 0          0          0          0          655       
1 0          0          0          0          650       
1 0          0          0          0          1020      
1 0          0          0          0          480       
1 0          0          0          0          1090      
1 0          520        520        520        520       
1 0          0          0          0          930       

Shipments from (Basic) Vendor to Warehouse
1          1          0          0          0         

Printing New Basic Solution:


Inbound Solution
1 	1 	1 	0
1 	1 	2 	0
1 	1 	3 	2905
1 	1 	4 	0
1 	1 	5 	2169
1 	10 	1 	0
1 	10 	2 	0
1 	10 	3 	1768
1 	10 	4 	0
1 	10 	5 	2726
1 	2 	1 	0
1 	2 	2 	0
1 	2 	3 	2278
1 	2 	4 	0
1 	2 	5 	3221
1 	3 	1 	0
1 	3 	2 	0
1 	3 	3 	1945
1 	3 	4 	0
1 	3 	5 	3036
1 	4 	1 	0
1 	4 	2 	0
1 	4 	3 	2261
1 	4 	4 	0
1 	4 	5 	3235
1 	5 	1 	0
1 	5 	2 	0
1 	5 	3 	1673
1 	5 	4 	0
1 	5 	5 	2778
1 	6 	1 	0
1 	6 	2 	0
1 	6 	3 	2116
1 	6 	4 	0
1 	6 	5 	3441
1 	7 	1 	0
1 	7 	2 	0
1 	7 	3 	1993
1 	7 	4 	0
1 	7 	5 	3047
1 	8 	1 	0
1 	8 	2 	0
1 	8 	3 	2140
1 	8 	4 	0
1 	8 	5 	2532
1 	9 	1 	0
1 	9 	2 	0
1 	9 	3 	2170
1 	9 	4 	0
1 	9 	5 	2615

Outbound Solution
Store1
1 499        0          0          446        0         
10 403        0          0          313        0         
2 747        0          0          400        0         
3 625        0          0          439        0         
4 591        0          0          592        0         
5 595        0          0          287        0         
6 599        0          0          533        0         
7 604        0          0          458        0         
8 684        0          0          271        0         
9 766        0          0          313        0         
Store2
1 0          651        0          462        0         
10 0          316        0          459        0         
2 0          504        0          567        0         
3 0          484        0          522        0         
4 0          421        0          797        0         
5 0          374        0          631        0         
6 0          393        0          773        0         
7 0          382        0          631        0         
8 0          344        0          385        0         
9 0          434        0          711        0         
Store3
1 1089       0          0          0          234       
10 736        0          0          0          258       
2 710        0          0          0          152       
3 755        0          0          0          144       
4 702        0          0          0          321       
5 790        0          0          0          273       
6 876        0          0          0          247       
7 953        0          0          0          60        
8 724        0          0          0          118       
9 622        0          0          0          81        
Store4
1 0          0          856        0          0         
10 0          0          996        0          0         
2 0          0          1311       0          0         
3 0          0          984        0          0         
4 0          0          872        0          0         
5 0          0          755        0          0         
6 0          0          810        0          0         
7 0          0          904        0          0         
8 0          0          1484       0          0         
9 0          0          1146       0          0         
Store5
1 0          583        0          0          254       
10 0          723        0          0          290       
2 0          675        0          0          433       
3 0          692        0          0          336       
4 0          825        0          0          375       
5 0          333        0          0          413       
6 0          650        0          0          676       
7 0          626        0          0          422       
8 0          416        0          0          246       
9 0          435        0          0          277       

Warehouse Inventory
1 1234       0          2049       1141       2822      
10 1039       0          772        0          2178      
2 1179       0          967        0          2636      
3 1176       0          961        0          2556      
4 1246       0          1389       0          2539      
5 707        0          918        0          2092      
6 1043       0          1306       0          2518      
7 1008       0          1089       0          2565      
8 760        0          656        0          2168      
9 869        0          1024       0          2257      

Store Inventory
Store1
1 462        206        0          311        0         
10 234        44         0          138        0         
2 460        217        0          164        0         
3 332        171        0          184        0         
4 387        272        0          280        0         
5 413        154        0          139        0         
6 492        257        0          227        0         
7 492        203        0          269        0         
8 421        162        0          121        0         
9 535        284        0          102        0         
Store2
1 0          384        0          314        187       
10 0          122        0          200        35        
2 0          217        0          373        302       
3 0          281        0          186        49        
4 0          250        0          514        124       
5 0          186        0          427        196       
6 0          167        0          536        146       
7 0          249        112        531        361       
8 0          67         0          303        172       
9 0          291        0          483        130       
Store3
1 833        442        153        0          0         
10 621        511        217        0          0         
2 470        330        190        0          0         
3 634        285        78         0          0         
4 557        384        138        0          0         
5 639        327        98         0          0         
6 715        496        182        0          0         
7 768        556        305        0          0         
8 456        287        287        0          0         
9 506        446        310        0          0         
Store4
1 82         0          591        404        233       
10 122        0          826        533        331       
2 279        0          979        730        512       
3 164        0          879        668        470       
4 94         0          615        535        340       
5 212        0          594        499        324       
6 57         0          574        418        231       
7 141        0          783        579        368       
8 190        0          1156       831        458       
9 250        0          862        549        483       
Store5
1 0          433        181        0          180       
10 0          512        290        0          226       
2 0          360        137        0          200       
3 0          550        255        0          211       
4 0          605        312        80         234       
5 0          121        62         0          223       
6 0          405        151        0          310       
7 0          236        15         0          320       
8 0          272        118        0          83        
9 0          280        184        0          47        

Shipments from (Basic) Vendor to Warehouse
0          0          1          0          1         

Shipments from (Fashion) Vendor to Warehouse
1          1          0          0          0         

Shipments from Warehouse to Stores
1 1          0          0          1          0         
2 0          1          0          1          0         
3 1          0          0          0          1         
4 0          0          1          0          0         
5 0          1          0          0          1         

No of part-time putaway workers:
1          1          1          0          1         

No of part-time picking workers:
0          0          2          2          2         
