Results from Tech10
Putaway Technology: 1200.0
Picking Technology: 500.0

Full-Time Putaway workers: 2.0
Full-Time Picking workers: 4.0

Cost Breakdown:
	MHECost              $378.00
	PutawayTechCost      $1,060.00
	PickingTechCost      $3,195.00
	WhBasicInvCost       $466.01
	BasicInbCost         $2,814.77
	WhFashionInvCost     $1,196.90
	FashionInbCost       $3,930.81
	PutawayCost          $4,160.00
	StoreBasicInvCost    $2,709.40
	StoreFashionInvCost  $5,873.25
	OutboundCost         $8,369.03
	PickingCost          $8,080.00
	Total                $42,233.17


Printing New Fashion Solution:

Inbound Fashion Solution
1 	1 	1 	6330
1 	10 	1 	4960
1 	2 	1 	4790
1 	3 	2 	5115
1 	4 	2 	5705
1 	5 	1 	4835
1 	6 	1 	4660
1 	7 	2 	5710
1 	8 	2 	4710
1 	9 	2 	6080

Outbound Solution
1 	1 	5 	885
1 	10 	2 	1050
1 	2 	2 	1010
1 	3 	5 	1710
1 	4 	5 	730
1 	5 	2 	1260
1 	6 	2 	1085
1 	7 	5 	1165
1 	8 	5 	1190
1 	9 	5 	565
2 	1 	3 	1805
2 	10 	3 	1140
2 	2 	3 	1500
2 	3 	3 	950
2 	4 	3 	920
2 	5 	3 	1230
2 	6 	3 	385
2 	7 	3 	1210
2 	8 	3 	1130
2 	9 	3 	1165
3 	1 	4 	1390
3 	10 	4 	680
3 	2 	4 	765
3 	3 	4 	1145
3 	4 	4 	405
3 	5 	4 	440
3 	6 	4 	1340
3 	7 	4 	1130
3 	8 	4 	770
3 	9 	4 	1555
4 	1 	2 	1345
4 	10 	2 	1175
4 	2 	2 	1190
4 	3 	4 	380
4 	4 	4 	2445
4 	5 	4 	1105
4 	6 	2 	730
4 	7 	4 	375
4 	8 	4 	420
4 	9 	4 	820
5 	1 	5 	905
5 	10 	5 	915
5 	2 	5 	325
5 	3 	5 	930
5 	4 	5 	1205
5 	5 	5 	800
5 	6 	5 	1120
5 	7 	5 	1830
5 	8 	5 	1200
5 	9 	5 	1975

Store Inventory
Store1
1 0          0          0          0          885       
1 0          1050       1050       1050       1050      
1 0          1010       1010       1010       1010      
1 0          0          0          0          1710      
1 0          0          0          0          730       
1 0          1260       1260       1260       1260      
1 0          1085       1085       1085       1085      
1 0          0          0          0          1165      
1 0          0          0          0          1190      
1 0          0          0          0          565       
Store2
1 0          0          1805       1805       1805      
1 0          0          1140       1140       1140      
1 0          0          1500       1500       1500      
1 0          0          950        950        950       
1 0          0          920        920        920       
1 0          0          1230       1230       1230      
1 0          0          385        385        385       
1 0          0          1210       1210       1210      
1 0          0          1130       1130       1130      
1 0          0          1165       1165       1165      
Store3
1 0          0          0          1390       1390      
1 0          0          0          680        680       
1 0          0          0          765        765       
1 0          0          0          1145       1145      
1 0          0          0          405        405       
1 0          0          0          440        440       
1 0          0          0          1340       1340      
1 0          0          0          1130       1130      
1 0          0          0          770        770       
1 0          0          0          1555       1555      
Store4
1 0          1345       1345       1345       1345      
1 0          1175       1175       1175       1175      
1 0          1190       1190       1190       1190      
1 0          0          0          380        380       
1 0          0          0          2445       2445      
1 0          0          0          1105       1105      
1 0          730        730        730        730       
1 0          0          0          375        375       
1 0          0          0          420        420       
1 0          0          0          820        820       
Store5
1 0          0          0          0          905       
1 0          0          0          0          915       
1 0          0          0          0          325       
1 0          0          0          0          930       
1 0          0          0          0          1205      
1 0          0          0          0          800       
1 0          0          0          0          1120      
1 0          0          0          0          1830      
1 0          0          0          0          1200      
1 0          0          0          0          1975      

Shipments from (Basic) Vendor to Warehouse
1          2          0          0          0         

Printing New Basic Solution:


Inbound Solution
1 	1 	1 	0
1 	1 	2 	0
1 	1 	3 	2463
1 	1 	4 	0
1 	1 	5 	2927
1 	10 	1 	0
1 	10 	2 	0
1 	10 	3 	1531
1 	10 	4 	0
1 	10 	5 	2564
1 	2 	1 	0
1 	2 	2 	0
1 	2 	3 	3698
1 	2 	4 	0
1 	2 	5 	1450
1 	3 	1 	0
1 	3 	2 	0
1 	3 	3 	1683
1 	3 	4 	0
1 	3 	5 	3037
1 	4 	1 	0
1 	4 	2 	0
1 	4 	3 	1438
1 	4 	4 	0
1 	4 	5 	2742
1 	5 	1 	0
1 	5 	2 	0
1 	5 	3 	1926
1 	5 	4 	0
1 	5 	5 	3264
1 	6 	1 	0
1 	6 	2 	0
1 	6 	3 	1659
1 	6 	4 	0
1 	6 	5 	3026
1 	7 	1 	0
1 	7 	2 	0
1 	7 	3 	1721
1 	7 	4 	0
1 	7 	5 	3331
1 	8 	1 	0
1 	8 	2 	0
1 	8 	3 	1744
1 	8 	4 	0
1 	8 	5 	2937
1 	9 	1 	0
1 	9 	2 	0
1 	9 	3 	2343
1 	9 	4 	0
1 	9 	5 	3522

Outbound Solution
Store1
1 0          814        0          0          490       
10 0          715        0          0          410       
2 0          820        0          0          509       
3 0          709        0          0          466       
4 0          327        0          0          342       
5 0          541        0          0          260       
6 0          610        0          0          479       
7 0          618        0          0          455       
8 0          805        0          0          420       
9 0          709        0          0          422       
Store2
1 0          0          1201       0          0         
10 0          0          631        0          0         
2 0          0          997        0          0         
3 0          0          647        0          0         
4 0          0          772        0          0         
5 0          0          971        0          0         
6 0          0          1071       0          0         
7 0          0          981        0          0         
8 0          0          955        0          0         
9 0          0          1440       0          0         
Store3
1 547        0          0          561        0         
10 421        0          0          494        0         
2 461        0          0          638        0         
3 540        0          0          472        0         
4 760        0          0          232        0         
5 801        0          0          214        0         
6 567        0          0          288        0         
7 665        0          0          267        0         
8 559        0          0          420        1         
9 782        0          0          310        0         
Store4
1 0          269        0          701        0         
10 0          357        0          406        0         
2 0          481        0          358        0         
3 0          259        0          564        0         
4 0          545        0          434        0         
5 0          421        0          741        0         
6 0          457        0          300        0         
7 0          445        0          473        0         
8 0          229        0          369        0         
9 0          270        0          593        0         
Store5
1 573        0          0          0          234       
10 578        0          0          0          83        
2 617        0          0          0          267       
3 778        0          0          0          285       
4 472        0          0          0          296       
5 933        0          0          0          308       
6 715        0          0          0          198       
7 824        0          0          0          324       
8 891        0          0          0          32        
9 1070       0          0          0          269       

Warehouse Inventory
1 1083       0          1262       0          2203      
10 1072       0          900        0          2071      
2 1301       0          2701       1705       2379      
3 968        0          1036       0          2286      
4 872        0          666        0          2104      
5 962        0          955        0          2696      
6 1067       0          588        0          2349      
7 1063       0          740        0          2552      
8 1034       0          789        0          2484      
9 979        0          903        0          2831      

Store Inventory
Store1
1 0          555        302        0          256       
10 0          447        280        0          119       
2 0          608        294        0          295       
3 0          568        443        0          279       
4 0          227        211        0          151       
5 0          391        293        0          117       
6 0          440        187        0          249       
7 0          478        247        0          248       
8 0          543        314        0          135       
9 0          443        224        0          166       
Store2
1 257        0          987        865        590       
10 150        0          551        461        242       
2 196        0          684        457        262       
3 124        0          444        212        201       
4 216        0          598        341        279       
5 177        0          772        642        395       
6 212        0          1038       783        485       
7 128        0          821        538        258       
8 297        0          801        630        412       
9 304        0          1065       911        597       
Store3
1 412        252        0          247        0         
10 240        91         0          244        0         
2 281        77         0          249        0         
3 348        113        0          267        0         
4 471        323        0          120        0         
5 643        288        0          6          0         
6 338        120        0          138        0         
7 394        260        0          99         0         
8 388        194        0          136        0         
9 501        263        0          56         0         
Store4
1 0          149        0          312        200       
10 0          111        0          323        209       
2 0          265        0          246        69        
3 0          186        0          272        211       
4 0          297        0          375        186       
5 0          293        0          489        232       
6 0          188        132        392        186       
7 0          167        0          359        173       
8 0          114        0          243        75        
9 0          166        0          500        271       
Store5
1 450        196        24         0          0         
10 523        347        202        0          0         
2 281        256        177        0          0         
3 571        474        240        0          0         
4 300        195        93         0          0         
5 652        382        247        0          0         
6 407        222        69         0          0         
7 610        319        64         0          0         
8 647        380        217        0          0         
9 864        548        388        0          0         

Shipments from (Basic) Vendor to Warehouse
0          0          1          0          1         

Shipments from (Fashion) Vendor to Warehouse
1          2          0          0          0         

Shipments from Warehouse to Stores
1 0          1          0          0          1         
2 0          0          1          0          0         
3 1          0          0          1          0         
4 0          1          0          1          0         
5 1          0          0          0          1         

No of part-time putaway workers:
1          1          1          0          1         

No of part-time picking workers:
0          1          2          2          2         
