Printing New Fashion Solution:

Inbound Fashion Solution (V F T):
1	1	2	1830
1	2	3	2280
1	3	2	1955
1	4	2	2230
1	5	3	1745
1	6	3	2180
1	7	2	2185
1	8	2	1995
1	9	3	1780
1	10	3	2025
1	11	3	2190
1	12	2	2170
1	13	3	1785
1	14	3	1850
1	15	3	1750
1	16	2	2200
1	17	3	1670
1	18	3	2245
1	19	3	2335
1	20	3	2185
1	21	3	1890
1	22	3	1805
1	23	3	1720
1	24	3	1940
1	25	3	2505
2	26	4	1870
2	27	4	2045
2	28	4	1900
2	29	4	2655
2	30	4	1800
2	31	4	2265
2	32	4	1890
2	33	4	1495
2	34	4	1720
2	35	4	1930
2	36	4	1670
2	37	4	2595
2	38	4	2155
2	39	4	1755
2	40	4	2330
2	41	4	1855
2	42	4	2425
2	43	4	1995
2	44	4	2030
2	45	4	2170
2	46	4	2125
2	47	4	1670
2	48	4	2150
2	49	4	1890
2	50	4	1525


Outbound Fashion Solution(S F T):
1	1	5	145
1	2	5	170
1	3	5	245
1	4	5	290
1	5	5	200
1	6	5	145
1	7	5	105
1	8	5	235
1	9	5	170
1	10	5	215
1	11	5	230
1	12	5	190
1	13	5	260
1	14	5	185
1	15	5	310
1	16	5	220
1	17	5	230
1	18	5	415
1	19	5	370
1	20	5	175
1	21	5	160
1	22	5	100
1	23	5	255
1	24	5	95
1	25	5	185
1	26	5	175
1	27	5	235
1	28	5	165
1	29	5	260
1	30	5	140
1	31	5	295
1	32	5	240
1	33	5	150
1	34	5	270
1	35	5	110
1	36	5	150
1	37	5	420
1	38	5	245
1	39	5	155
1	40	5	160
1	41	5	210
1	42	5	460
1	43	5	275
1	44	5	290
1	45	5	130
1	46	5	50
1	47	5	125
1	48	5	100
1	49	5	85
1	50	5	45
2	1	5	135
2	2	5	155
2	3	5	275
2	4	5	205
2	5	5	140
2	6	5	265
2	7	5	165
2	8	5	260
2	9	5	80
2	10	5	225
2	11	5	260
2	12	5	180
2	13	5	200
2	14	5	165
2	15	5	110
2	16	5	355
2	17	5	255
2	18	5	90
2	19	5	230
2	20	5	220
2	21	5	150
2	22	5	35
2	23	5	105
2	24	5	150
2	25	5	255
2	26	5	125
2	27	5	245
2	28	5	110
2	29	5	345
2	30	5	195
2	31	5	140
2	32	5	140
2	33	5	235
2	34	5	60
2	35	5	295
2	36	5	200
2	37	5	235
2	38	5	70
2	39	5	180
2	40	5	65
2	41	5	150
2	42	5	275
2	43	5	255
2	44	5	265
2	45	5	150
2	46	5	280
2	47	5	200
2	48	5	220
2	49	5	380
2	50	5	200
3	1	5	255
3	2	5	115
3	3	5	75
3	4	5	165
3	5	5	120
3	6	5	275
3	7	5	130
3	8	5	175
3	9	5	140
3	10	5	145
3	11	5	290
3	12	5	130
3	13	5	35
3	14	5	85
3	15	5	255
3	16	5	260
3	17	5	260
3	18	5	135
3	19	5	285
3	20	5	235
3	21	5	120
3	22	5	230
3	23	5	115
3	24	5	150
3	25	5	315
3	26	5	245
3	27	5	225
3	28	5	220
3	29	5	330
3	31	5	330
3	32	5	90
3	33	5	60
3	34	5	165
3	35	5	225
3	36	5	120
3	37	5	355
3	38	5	260
3	39	5	235
3	40	5	470
3	41	5	275
3	42	5	405
3	43	5	115
3	44	5	245
3	45	5	335
3	46	5	295
3	47	5	90
3	48	5	325
3	49	5	65
3	50	5	200
4	1	5	145
4	2	5	265
4	3	5	180
4	4	5	180
4	5	5	395
4	6	5	225
4	7	5	255
4	8	5	205
4	9	5	270
4	10	5	245
4	11	5	95
4	12	5	245
4	13	5	215
4	14	5	205
4	15	5	305
4	16	5	180
4	17	5	265
4	18	5	195
4	19	5	280
4	20	5	285
4	21	5	140
4	22	5	160
4	23	5	170
4	24	5	240
4	25	5	105
4	26	5	215
4	27	5	205
4	28	5	270
4	29	5	205
4	30	5	215
4	31	5	270
4	32	5	215
4	33	5	75
4	34	5	215
4	35	5	160
4	36	5	130
4	37	5	260
4	38	5	145
4	39	5	120
4	40	5	210
4	41	5	100
4	42	5	210
4	43	5	75
4	44	5	245
4	45	5	270
4	46	5	210
4	47	5	145
4	48	5	355
4	49	5	75
4	50	5	180
5	1	5	225
5	2	5	180
5	3	5	135
5	4	5	185
5	5	5	65
5	6	5	155
5	7	5	285
5	8	5	270
5	9	5	200
5	10	5	190
5	11	5	275
5	12	5	170
5	13	5	120
5	14	5	260
5	15	5	140
5	16	5	100
5	17	5	245
5	18	5	195
5	19	5	250
5	20	5	75
5	21	5	215
5	22	5	200
5	23	5	225
5	24	5	150
5	25	5	320
5	26	5	210
5	27	5	235
5	28	5	225
5	29	5	205
5	30	5	185
5	31	5	245
5	32	5	365
5	33	5	190
5	34	5	275
5	35	5	290
5	36	5	165
5	37	5	250
5	38	5	195
5	39	5	170
5	40	5	330
5	41	5	225
5	42	5	170
5	43	5	210
5	44	5	280
5	45	5	120
5	46	5	330
5	48	5	140
5	49	5	225
5	50	5	205
6	1	5	240
6	2	5	300
6	3	5	200
6	4	5	150
6	5	5	225
6	6	5	325
6	7	5	270
6	8	5	135
6	9	5	270
6	10	5	170
6	11	5	255
6	12	5	340
6	13	5	100
6	14	5	160
6	15	5	175
6	16	5	330
6	17	5	205
6	18	5	310
6	19	5	175
6	20	5	185
6	21	5	265
6	22	5	235
6	23	5	225
6	24	5	240
6	25	5	195
6	26	5	215
6	27	5	230
6	28	5	110
6	29	5	190
6	30	5	260
6	31	5	210
6	32	5	200
6	33	5	285
6	34	5	140
6	35	5	80
6	36	5	145
6	37	5	265
6	38	5	340
6	39	5	175
6	40	5	155
6	41	5	145
6	42	5	220
6	43	5	225
6	44	5	100
6	45	5	225
6	46	5	125
6	47	5	265
6	48	5	135
6	49	5	200
6	50	5	135
7	1	5	300
7	2	5	325
7	3	5	265
7	4	5	225
7	5	5	200
7	6	5	115
7	7	5	275
7	8	5	35
7	9	5	125
7	10	5	205
7	11	5	140
7	12	5	170
7	13	5	195
7	14	5	220
7	15	5	10
7	16	5	200
7	18	5	160
7	19	5	110
7	20	5	280
7	21	5	290
7	22	5	225
7	23	5	60
7	24	5	195
7	25	5	235
7	26	5	115
7	27	5	175
7	28	5	310
7	29	5	255
7	30	5	90
7	31	5	120
7	32	5	70
7	33	5	275
7	34	5	135
7	35	5	150
7	36	5	215
7	37	5	180
7	38	5	280
7	39	5	215
7	40	5	165
7	41	5	225
7	42	5	325
7	43	5	300
7	44	5	265
7	45	5	85
7	46	5	180
7	47	5	260
7	48	5	380
7	49	5	250
7	50	5	125
8	1	5	125
8	2	5	330
8	3	5	295
8	4	5	240
8	5	5	80
8	6	5	180
8	7	5	205
8	8	5	255
8	9	5	80
8	10	5	240
8	11	5	305
8	12	5	205
8	13	5	185
8	14	5	210
8	15	5	155
8	16	5	130
8	17	5	115
8	18	5	340
8	19	5	200
8	20	5	175
8	21	5	70
8	22	5	225
8	23	5	235
8	24	5	325
8	25	5	415
8	26	5	170
8	27	5	200
8	28	5	120
8	29	5	220
8	30	5	350
8	31	5	300
8	32	5	160
8	33	5	65
8	34	5	105
8	35	5	220
8	36	5	110
8	37	5	195
8	38	5	135
8	39	5	195
8	40	5	180
8	41	5	55
8	42	5	20
8	43	5	230
8	44	5	70
8	45	5	290
8	46	5	235
8	47	5	175
8	48	5	105
8	49	5	150
8	50	5	170
9	1	5	90
9	2	5	245
9	3	5	180
9	4	5	255
9	5	5	140
9	6	5	315
9	7	5	265
9	8	5	90
9	9	5	260
9	10	5	210
9	11	5	130
9	12	5	225
9	13	5	205
9	14	5	220
9	15	5	140
9	16	5	215
9	17	5	95
9	18	5	205
9	19	5	95
9	20	5	340
9	21	5	145
9	22	5	120
9	23	5	130
9	24	5	180
9	25	5	295
9	26	5	130
9	27	5	55
9	28	5	160
9	29	5	250
9	30	5	205
9	31	5	125
9	32	5	155
9	33	5	120
9	34	5	160
9	35	5	145
9	36	5	255
9	37	5	135
9	38	5	225
9	39	5	85
9	40	5	330
9	41	5	320
9	42	5	205
9	43	5	175
9	44	5	60
9	45	5	275
9	46	5	215
9	47	5	180
9	48	5	265
9	49	5	275
9	50	5	190
10	1	5	170
10	2	5	195
10	3	5	105
10	4	5	335
10	5	5	180
10	6	5	180
10	7	5	230
10	8	5	335
10	9	5	185
10	10	5	180
10	11	5	210
10	12	5	315
10	13	5	270
10	14	5	140
10	15	5	150
10	16	5	210
10	18	5	200
10	19	5	340
10	20	5	215
10	21	5	335
10	22	5	275
10	23	5	200
10	24	5	215
10	25	5	185
10	26	5	270
10	27	5	240
10	28	5	210
10	29	5	395
10	30	5	160
10	31	5	230
10	32	5	255
10	33	5	40
10	34	5	195
10	35	5	255
10	36	5	180
10	37	5	300
10	38	5	260
10	39	5	225
10	40	5	265
10	41	5	150
10	42	5	135
10	43	5	135
10	44	5	210
10	45	5	290
10	46	5	205
10	47	5	230
10	48	5	125
10	49	5	185
10	50	5	75


Warehouse Fashion Inventory (W F T):
1	0		1830		1830		1830		0	
2	0		0		2280		2280		0	
3	0		1955		1955		1955		0	
4	0		2230		2230		2230		0	
5	0		0		1745		1745		0	
6	0		0		2180		2180		0	
7	0		2185		2185		2185		0	
8	0		1995		1995		1995		0	
9	0		0		1780		1780		0	
10	0		0		2025		2025		0	
11	0		0		2190		2190		0	
12	0		2170		2170		2170		0	
13	0		0		1785		1785		0	
14	0		0		1850		1850		0	
15	0		0		1750		1750		0	
16	0		2200		2200		2200		0	
17	0		0		1670		1670		0	
18	0		0		2245		2245		0	
19	0		0		2335		2335		0	
20	0		0		2185		2185		0	
21	0		0		1890		1890		0	
22	0		0		1805		1805		0	
23	0		0		1720		1720		0	
24	0		0		1940		1940		0	
25	0		0		2505		2505		0	
26	0		0		0		1870		0	
27	0		0		0		2045		0	
28	0		0		0		1900		0	
29	0		0		0		2655		0	
30	0		0		0		1800		0	
31	0		0		0		2265		0	
32	0		0		0		1890		0	
33	0		0		0		1495		0	
34	0		0		0		1720		0	
35	0		0		0		1930		0	
36	0		0		0		1670		0	
37	0		0		0		2595		0	
38	0		0		0		2155		0	
39	0		0		0		1755		0	
40	0		0		0		2330		0	
41	0		0		0		1855		0	
42	0		0		0		2425		0	
43	0		0		0		1995		0	
44	0		0		0		2030		0	
45	0		0		0		2170		0	
46	0		0		0		2125		0	
47	0		0		0		1670		0	
48	0		0		0		2150		0	
49	0		0		0		1890		0	
50	0		0		0		1525		0	

Store Fashion Inventory (S F T):
Store1
1	0		0		0		145	
2	0		0		0		170	
3	0		0		0		245	
4	0		0		0		290	
5	0		0		0		200	
6	0		0		0		145	
7	0		0		0		105	
8	0		0		0		235	
9	0		0		0		170	
10	0		0		0		215	
11	0		0		0		230	
12	0		0		0		190	
13	0		0		0		260	
14	0		0		0		185	
15	0		0		0		310	
16	0		0		0		220	
17	0		0		0		230	
18	0		0		0		415	
19	0		0		0		370	
20	0		0		0		175	
21	0		0		0		160	
22	0		0		0		100	
23	0		0		0		255	
24	0		0		0		95	
25	0		0		0		185	
26	0		0		0		175	
27	0		0		0		235	
28	0		0		0		165	
29	0		0		0		260	
30	0		0		0		140	
31	0		0		0		295	
32	0		0		0		240	
33	0		0		0		150	
34	0		0		0		270	
35	0		0		0		110	
36	0		0		0		150	
37	0		0		0		420	
38	0		0		0		245	
39	0		0		0		155	
40	0		0		0		160	
41	0		0		0		210	
42	0		0		0		460	
43	0		0		0		275	
44	0		0		0		290	
45	0		0		0		130	
46	0		0		0		50	
47	0		0		0		125	
48	0		0		0		100	
49	0		0		0		85	
50	0		0		0		45	
Store2
1	0		0		0		135	
2	0		0		0		155	
3	0		0		0		275	
4	0		0		0		205	
5	0		0		0		140	
6	0		0		0		265	
7	0		0		0		165	
8	0		0		0		260	
9	0		0		0		80	
10	0		0		0		225	
11	0		0		0		260	
12	0		0		0		180	
13	0		0		0		200	
14	0		0		0		165	
15	0		0		0		110	
16	0		0		0		355	
17	0		0		0		255	
18	0		0		0		90	
19	0		0		0		230	
20	0		0		0		220	
21	0		0		0		150	
22	0		0		0		35	
23	0		0		0		105	
24	0		0		0		150	
25	0		0		0		255	
26	0		0		0		125	
27	0		0		0		245	
28	0		0		0		110	
29	0		0		0		345	
30	0		0		0		195	
31	0		0		0		140	
32	0		0		0		140	
33	0		0		0		235	
34	0		0		0		60	
35	0		0		0		295	
36	0		0		0		200	
37	0		0		0		235	
38	0		0		0		70	
39	0		0		0		180	
40	0		0		0		65	
41	0		0		0		150	
42	0		0		0		275	
43	0		0		0		255	
44	0		0		0		265	
45	0		0		0		150	
46	0		0		0		280	
47	0		0		0		200	
48	0		0		0		220	
49	0		0		0		380	
50	0		0		0		200	
Store3
1	0		0		0		255	
2	0		0		0		115	
3	0		0		0		75	
4	0		0		0		165	
5	0		0		0		120	
6	0		0		0		275	
7	0		0		0		130	
8	0		0		0		175	
9	0		0		0		140	
10	0		0		0		145	
11	0		0		0		290	
12	0		0		0		130	
13	0		0		0		35	
14	0		0		0		85	
15	0		0		0		255	
16	0		0		0		260	
17	0		0		0		260	
18	0		0		0		135	
19	0		0		0		285	
20	0		0		0		235	
21	0		0		0		120	
22	0		0		0		230	
23	0		0		0		115	
24	0		0		0		150	
25	0		0		0		315	
26	0		0		0		245	
27	0		0		0		225	
28	0		0		0		220	
29	0		0		0		330	
30	0		0		0		0	
31	0		0		0		330	
32	0		0		0		90	
33	0		0		0		60	
34	0		0		0		165	
35	0		0		0		225	
36	0		0		0		120	
37	0		0		0		355	
38	0		0		0		260	
39	0		0		0		235	
40	0		0		0		470	
41	0		0		0		275	
42	0		0		0		405	
43	0		0		0		115	
44	0		0		0		245	
45	0		0		0		335	
46	0		0		0		295	
47	0		0		0		90	
48	0		0		0		325	
49	0		0		0		65	
50	0		0		0		200	
Store4
1	0		0		0		145	
2	0		0		0		265	
3	0		0		0		180	
4	0		0		0		180	
5	0		0		0		395	
6	0		0		0		225	
7	0		0		0		255	
8	0		0		0		205	
9	0		0		0		270	
10	0		0		0		245	
11	0		0		0		95	
12	0		0		0		245	
13	0		0		0		215	
14	0		0		0		205	
15	0		0		0		305	
16	0		0		0		180	
17	0		0		0		265	
18	0		0		0		195	
19	0		0		0		280	
20	0		0		0		285	
21	0		0		0		140	
22	0		0		0		160	
23	0		0		0		170	
24	0		0		0		240	
25	0		0		0		105	
26	0		0		0		215	
27	0		0		0		205	
28	0		0		0		270	
29	0		0		0		205	
30	0		0		0		215	
31	0		0		0		270	
32	0		0		0		215	
33	0		0		0		75	
34	0		0		0		215	
35	0		0		0		160	
36	0		0		0		130	
37	0		0		0		260	
38	0		0		0		145	
39	0		0		0		120	
40	0		0		0		210	
41	0		0		0		100	
42	0		0		0		210	
43	0		0		0		75	
44	0		0		0		245	
45	0		0		0		270	
46	0		0		0		210	
47	0		0		0		145	
48	0		0		0		355	
49	0		0		0		75	
50	0		0		0		180	
Store5
1	0		0		0		225	
2	0		0		0		180	
3	0		0		0		135	
4	0		0		0		185	
5	0		0		0		65	
6	0		0		0		155	
7	0		0		0		285	
8	0		0		0		270	
9	0		0		0		200	
10	0		0		0		190	
11	0		0		0		275	
12	0		0		0		170	
13	0		0		0		120	
14	0		0		0		260	
15	0		0		0		140	
16	0		0		0		100	
17	0		0		0		245	
18	0		0		0		195	
19	0		0		0		250	
20	0		0		0		75	
21	0		0		0		215	
22	0		0		0		200	
23	0		0		0		225	
24	0		0		0		150	
25	0		0		0		320	
26	0		0		0		210	
27	0		0		0		235	
28	0		0		0		225	
29	0		0		0		205	
30	0		0		0		185	
31	0		0		0		245	
32	0		0		0		365	
33	0		0		0		190	
34	0		0		0		275	
35	0		0		0		290	
36	0		0		0		165	
37	0		0		0		250	
38	0		0		0		195	
39	0		0		0		170	
40	0		0		0		330	
41	0		0		0		225	
42	0		0		0		170	
43	0		0		0		210	
44	0		0		0		280	
45	0		0		0		120	
46	0		0		0		330	
47	0		0		0		0	
48	0		0		0		140	
49	0		0		0		225	
50	0		0		0		205	
Store6
1	0		0		0		240	
2	0		0		0		300	
3	0		0		0		200	
4	0		0		0		150	
5	0		0		0		225	
6	0		0		0		325	
7	0		0		0		270	
8	0		0		0		135	
9	0		0		0		270	
10	0		0		0		170	
11	0		0		0		255	
12	0		0		0		340	
13	0		0		0		100	
14	0		0		0		160	
15	0		0		0		175	
16	0		0		0		330	
17	0		0		0		205	
18	0		0		0		310	
19	0		0		0		175	
20	0		0		0		185	
21	0		0		0		265	
22	0		0		0		235	
23	0		0		0		225	
24	0		0		0		240	
25	0		0		0		195	
26	0		0		0		215	
27	0		0		0		230	
28	0		0		0		110	
29	0		0		0		190	
30	0		0		0		260	
31	0		0		0		210	
32	0		0		0		200	
33	0		0		0		285	
34	0		0		0		140	
35	0		0		0		80	
36	0		0		0		145	
37	0		0		0		265	
38	0		0		0		340	
39	0		0		0		175	
40	0		0		0		155	
41	0		0		0		145	
42	0		0		0		220	
43	0		0		0		225	
44	0		0		0		100	
45	0		0		0		225	
46	0		0		0		125	
47	0		0		0		265	
48	0		0		0		135	
49	0		0		0		200	
50	0		0		0		135	
Store7
1	0		0		0		300	
2	0		0		0		325	
3	0		0		0		265	
4	0		0		0		225	
5	0		0		0		200	
6	0		0		0		115	
7	0		0		0		275	
8	0		0		0		35	
9	0		0		0		125	
10	0		0		0		205	
11	0		0		0		140	
12	0		0		0		170	
13	0		0		0		195	
14	0		0		0		220	
15	0		0		0		10	
16	0		0		0		200	
17	0		0		0		0	
18	0		0		0		160	
19	0		0		0		110	
20	0		0		0		280	
21	0		0		0		290	
22	0		0		0		225	
23	0		0		0		60	
24	0		0		0		195	
25	0		0		0		235	
26	0		0		0		115	
27	0		0		0		175	
28	0		0		0		310	
29	0		0		0		255	
30	0		0		0		90	
31	0		0		0		120	
32	0		0		0		70	
33	0		0		0		275	
34	0		0		0		135	
35	0		0		0		150	
36	0		0		0		215	
37	0		0		0		180	
38	0		0		0		280	
39	0		0		0		215	
40	0		0		0		165	
41	0		0		0		225	
42	0		0		0		325	
43	0		0		0		300	
44	0		0		0		265	
45	0		0		0		85	
46	0		0		0		180	
47	0		0		0		260	
48	0		0		0		380	
49	0		0		0		250	
50	0		0		0		125	
Store8
1	0		0		0		125	
2	0		0		0		330	
3	0		0		0		295	
4	0		0		0		240	
5	0		0		0		80	
6	0		0		0		180	
7	0		0		0		205	
8	0		0		0		255	
9	0		0		0		80	
10	0		0		0		240	
11	0		0		0		305	
12	0		0		0		205	
13	0		0		0		185	
14	0		0		0		210	
15	0		0		0		155	
16	0		0		0		130	
17	0		0		0		115	
18	0		0		0		340	
19	0		0		0		200	
20	0		0		0		175	
21	0		0		0		70	
22	0		0		0		225	
23	0		0		0		235	
24	0		0		0		325	
25	0		0		0		415	
26	0		0		0		170	
27	0		0		0		200	
28	0		0		0		120	
29	0		0		0		220	
30	0		0		0		350	
31	0		0		0		300	
32	0		0		0		160	
33	0		0		0		65	
34	0		0		0		105	
35	0		0		0		220	
36	0		0		0		110	
37	0		0		0		195	
38	0		0		0		135	
39	0		0		0		195	
40	0		0		0		180	
41	0		0		0		55	
42	0		0		0		20	
43	0		0		0		230	
44	0		0		0		70	
45	0		0		0		290	
46	0		0		0		235	
47	0		0		0		175	
48	0		0		0		105	
49	0		0		0		150	
50	0		0		0		170	
Store9
1	0		0		0		90	
2	0		0		0		245	
3	0		0		0		180	
4	0		0		0		255	
5	0		0		0		140	
6	0		0		0		315	
7	0		0		0		265	
8	0		0		0		90	
9	0		0		0		260	
10	0		0		0		210	
11	0		0		0		130	
12	0		0		0		225	
13	0		0		0		205	
14	0		0		0		220	
15	0		0		0		140	
16	0		0		0		215	
17	0		0		0		95	
18	0		0		0		205	
19	0		0		0		95	
20	0		0		0		340	
21	0		0		0		145	
22	0		0		0		120	
23	0		0		0		130	
24	0		0		0		180	
25	0		0		0		295	
26	0		0		0		130	
27	0		0		0		55	
28	0		0		0		160	
29	0		0		0		250	
30	0		0		0		205	
31	0		0		0		125	
32	0		0		0		155	
33	0		0		0		120	
34	0		0		0		160	
35	0		0		0		145	
36	0		0		0		255	
37	0		0		0		135	
38	0		0		0		225	
39	0		0		0		85	
40	0		0		0		330	
41	0		0		0		320	
42	0		0		0		205	
43	0		0		0		175	
44	0		0		0		60	
45	0		0		0		275	
46	0		0		0		215	
47	0		0		0		180	
48	0		0		0		265	
49	0		0		0		275	
50	0		0		0		190	
Store10
1	0		0		0		170	
2	0		0		0		195	
3	0		0		0		105	
4	0		0		0		335	
5	0		0		0		180	
6	0		0		0		180	
7	0		0		0		230	
8	0		0		0		335	
9	0		0		0		185	
10	0		0		0		180	
11	0		0		0		210	
12	0		0		0		315	
13	0		0		0		270	
14	0		0		0		140	
15	0		0		0		150	
16	0		0		0		210	
17	0		0		0		0	
18	0		0		0		200	
19	0		0		0		340	
20	0		0		0		215	
21	0		0		0		335	
22	0		0		0		275	
23	0		0		0		200	
24	0		0		0		215	
25	0		0		0		185	
26	0		0		0		270	
27	0		0		0		240	
28	0		0		0		210	
29	0		0		0		395	
30	0		0		0		160	
31	0		0		0		230	
32	0		0		0		255	
33	0		0		0		40	
34	0		0		0		195	
35	0		0		0		255	
36	0		0		0		180	
37	0		0		0		300	
38	0		0		0		260	
39	0		0		0		225	
40	0		0		0		265	
41	0		0		0		150	
42	0		0		0		135	
43	0		0		0		135	
44	0		0		0		210	
45	0		0		0		290	
46	0		0		0		205	
47	0		0		0		230	
48	0		0		0		125	
49	0		0		0		185	
50	0		0		0		75	


Fashion Shipments from Vendor to Warehouse (V T):
0	0.6260133	0.9040833	0	
0	0	0	2.07728	

Printing New Basic Solution:

Inbound Solution (V P T):
1	1	1	1626
1	1	2	407
1	2	1	196
1	2	2	1770
1	3	1	592
1	3	2	1383
1	4	1	825
1	4	2	826
1	5	1	1708
1	5	2	428
1	6	1	1640
1	6	2	410
1	7	1	2051
1	8	1	1703
1	8	2	190
1	9	1	1628
1	9	2	408
1	10	1	713
1	10	2	1070
1	11	1	1822
1	11	2	203
1	12	1	2059
1	12	2	229
1	13	1	210
1	13	2	1892
1	14	1	589
1	14	2	1377
1	15	1	1036
1	15	2	1037
1	16	1	1452
1	16	2	623
2	17	2	194
2	17	5	1751
2	18	2	791
2	18	5	1187
2	19	2	820
2	19	5	1232
2	20	2	1318
2	20	5	879
2	21	2	1899
2	21	5	212
2	22	2	184
2	22	5	1660
2	23	5	2124
2	24	2	196
2	24	5	1764
2	25	2	204
2	25	5	1844
2	26	5	1985
2	27	2	630
2	27	5	1472
2	28	2	630
2	28	5	1472
2	29	2	961
2	29	5	961
2	30	2	1847
2	30	5	206
2	31	2	420
2	31	5	1682
2	32	2	573
2	32	5	1338
3	33	1	1235
3	33	2	822
3	34	1	637
3	34	2	1486
3	35	1	2154
3	36	1	382
3	36	2	1526
3	37	1	1672
3	37	2	417
3	38	1	1011
3	38	2	1010
3	39	1	776
3	39	2	1162
3	40	1	411
3	40	2	1640
3	41	1	1330
3	41	2	570
3	42	1	1130
3	42	2	1129
3	43	1	390
3	43	2	1557
3	44	2	1969
3	45	1	740
3	45	2	1110
3	46	1	368
3	46	2	1470
3	47	1	786
3	47	2	1179
3	48	1	1199
3	48	2	798
3	49	1	1481
3	49	2	634
3	50	1	2117
3	50	2	235


Outbound Solution(S P T):
1	1	2	211
1	2	2	169
1	3	2	131
1	4	2	179
1	5	2	191
1	6	2	207
1	7	2	102
1	8	2	215
1	9	2	161
1	10	2	208
1	11	2	208
1	12	2	246
1	13	2	205
1	14	2	215
1	15	2	214
1	16	2	171
1	17	2	198
1	18	2	167
1	19	2	191
1	20	2	207
1	21	2	201
1	22	2	201
1	23	2	202
1	24	2	182
1	25	2	273
1	26	2	139
1	27	2	174
1	28	2	173
1	29	2	159
1	30	2	211
1	31	2	213
1	32	2	261
1	33	2	226
1	34	2	209
1	35	2	213
1	36	2	173
1	37	2	245
1	38	2	168
1	39	2	177
1	40	2	217
1	41	2	221
1	42	2	231
1	43	2	193
1	44	2	179
1	45	2	183
1	46	2	243
1	47	2	188
1	48	2	230
1	49	2	180
1	50	2	148
2	1	2	229
2	2	2	223
2	3	2	198
2	4	2	177
2	5	2	124
2	6	2	193
2	7	2	254
2	8	2	151
2	9	2	171
2	10	2	231
2	11	2	153
2	12	2	223
2	13	2	232
2	14	2	168
2	15	2	214
2	16	2	215
2	17	2	164
2	18	2	172
2	19	2	196
2	20	2	203
2	21	2	210
2	22	2	146
2	23	2	230
2	24	2	159
2	25	2	189
2	26	2	217
2	27	2	205
2	28	2	193
2	29	2	169
2	30	2	249
2	31	2	245
2	32	2	170
2	33	2	231
2	34	2	279
2	35	2	185
2	36	2	177
2	37	2	176
2	38	2	209
2	39	2	181
2	40	2	205
2	41	2	179
2	42	2	265
2	43	2	198
2	44	2	182
2	45	2	178
2	46	2	161
2	47	2	203
2	48	2	163
2	49	2	183
2	50	2	224
3	1	2	192
3	2	2	156
3	3	2	228
3	4	2	221
3	5	2	259
3	6	2	235
3	7	2	178
3	8	2	219
3	9	2	220
3	10	2	212
3	11	2	247
3	12	2	203
3	13	2	150
3	14	2	254
3	15	2	182
3	16	2	221
3	17	2	205
3	18	2	163
3	19	2	226
3	20	2	218
3	21	2	209
3	22	2	203
3	23	2	186
3	24	2	224
3	25	2	154
3	26	2	253
3	27	2	234
3	28	2	208
3	29	2	258
3	30	2	173
3	31	2	192
3	32	2	215
3	33	2	205
3	34	2	251
3	35	2	239
3	36	2	188
3	37	2	227
3	38	2	163
3	39	2	251
3	40	2	182
3	41	2	145
3	42	2	128
3	43	2	190
3	44	2	125
3	45	2	174
3	46	2	199
3	47	2	185
3	48	2	225
3	49	2	161
3	50	2	282
4	1	2	184
4	2	2	212
4	3	2	201
4	4	2	126
4	5	2	223
4	6	2	260
4	7	2	200
4	8	2	210
4	9	2	272
4	10	2	149
4	11	2	237
4	12	2	197
4	13	2	271
4	14	2	129
4	15	2	177
4	16	2	261
4	17	2	130
4	18	2	220
4	19	2	205
4	20	2	241
4	21	2	232
4	22	2	212
4	23	2	227
4	24	2	215
4	25	2	193
4	26	2	290
4	27	2	264
4	28	2	194
4	29	2	181
4	30	2	212
4	31	2	242
4	32	2	220
4	33	2	239
4	34	2	187
4	35	2	215
4	36	2	181
4	37	2	247
4	38	2	255
4	39	2	224
4	40	2	181
4	41	2	188
4	42	2	237
4	43	2	115
4	44	2	230
4	45	2	193
4	46	2	153
4	47	2	177
4	48	2	272
4	49	2	224
4	50	2	292
5	1	1	209
5	2	1	210
5	3	1	232
5	4	1	91
5	5	1	217
5	6	1	156
5	7	1	187
5	8	1	204
5	9	1	200
5	10	1	198
5	11	1	161
5	12	1	260
5	13	1	208
5	14	1	198
5	15	1	191
5	16	1	199
5	17	1	220
5	18	1	256
5	19	1	211
5	20	1	247
5	21	1	187
5	22	1	187
5	23	1	205
5	24	1	160
5	25	1	218
5	26	1	173
5	27	1	172
5	28	1	202
5	29	1	134
5	30	1	238
5	31	1	204
5	32	1	108
5	33	1	195
5	34	1	184
5	35	1	185
5	36	1	187
5	37	1	200
5	38	1	259
5	39	1	138
5	40	1	219
5	41	1	204
5	42	1	244
5	43	1	183
5	44	1	224
5	45	1	150
5	46	1	157
5	47	1	160
5	48	1	161
5	49	1	210
5	50	1	201
6	1	2	233
6	2	2	218
6	3	2	196
6	4	2	182
6	5	2	237
6	6	2	224
6	7	2	251
6	8	2	186
6	9	2	133
6	10	2	185
6	11	2	202
6	12	2	238
6	13	2	208
6	14	2	176
6	15	2	248
6	16	2	177
6	17	2	224
6	18	2	213
6	19	2	253
6	20	2	201
6	21	2	217
6	22	2	204
6	23	2	172
6	24	2	134
6	25	2	216
6	26	2	148
6	27	2	211
6	28	2	162
6	29	2	186
6	30	2	220
6	31	2	196
6	32	2	173
6	33	2	145
6	34	2	214
6	35	2	275
6	36	2	216
6	37	2	192
6	38	2	188
6	39	2	189
6	40	2	194
6	41	2	227
6	42	2	209
6	43	2	241
6	44	2	199
6	45	2	196
6	46	2	165
6	47	2	208
6	48	2	190
6	49	2	202
6	50	2	275
7	1	2	230
7	2	2	183
7	3	2	149
7	4	2	154
7	5	2	226
7	6	2	249
7	7	2	181
7	8	2	220
7	9	2	221
7	10	2	160
7	11	2	137
7	12	2	211
7	13	2	218
7	14	2	177
7	15	2	204
7	16	2	180
7	17	2	200
7	18	2	157
7	19	2	167
7	20	2	205
7	21	2	209
7	22	2	231
7	23	2	188
7	24	2	167
7	25	2	224
7	26	2	143
7	27	2	210
7	28	2	222
7	29	2	220
7	30	2	210
7	31	2	167
7	32	2	155
7	33	2	242
7	34	2	168
7	35	2	262
7	36	2	178
7	37	2	203
7	38	2	230
7	39	2	220
7	40	2	270
7	41	2	237
7	42	2	313
7	43	2	208
7	44	2	247
7	45	2	145
7	46	2	188
7	47	2	191
7	48	2	189
7	49	2	219
7	50	2	211
8	1	1	213
8	2	1	201
8	3	1	238
8	4	1	140
8	5	1	215
8	6	1	215
8	7	1	193
8	8	1	175
8	9	1	254
8	10	1	140
8	11	1	233
8	12	1	260
8	13	1	210
8	14	1	229
8	15	1	140
8	16	1	153
8	17	1	213
8	18	1	197
8	19	1	197
8	20	1	185
8	21	1	218
8	22	1	144
8	23	1	264
8	24	1	230
8	25	1	235
8	26	1	196
8	27	1	210
8	28	1	221
8	29	1	223
8	30	1	200
8	31	1	202
8	32	1	253
8	33	1	176
8	34	1	179
8	35	1	153
8	36	1	200
8	37	1	220
8	38	1	219
8	39	1	209
8	40	1	245
8	41	1	161
8	42	1	188
8	43	1	144
8	44	1	200
8	45	1	234
8	46	1	241
8	47	1	241
8	48	1	173
8	49	1	290
8	50	1	277
9	1	1	178
9	2	1	169
9	3	1	184
9	4	1	226
9	5	1	219
9	6	1	118
9	7	1	289
9	8	1	134
9	9	1	170
9	10	1	177
9	11	1	210
9	12	1	199
9	13	1	223
9	14	1	202
9	15	1	301
9	16	1	265
9	17	1	204
9	18	1	254
9	19	1	194
9	20	1	236
9	21	1	196
9	22	1	131
9	23	1	238
9	24	1	246
9	25	1	159
9	26	1	163
9	27	1	225
9	28	1	214
9	29	1	153
9	30	1	185
9	31	1	256
9	32	1	178
9	33	1	192
9	34	1	208
9	35	1	226
9	36	1	197
9	37	1	212
9	38	1	125
9	39	1	149
9	40	1	124
9	41	1	178
9	42	1	223
9	43	1	257
9	44	1	206
9	45	1	191
9	46	1	116
9	47	1	205
9	48	1	251
9	49	1	194
9	50	1	219
10	1	2	154
10	2	2	225
10	3	2	218
10	4	2	155
10	5	2	225
10	6	2	193
10	7	2	216
10	8	2	179
10	9	2	234
10	10	2	123
10	11	2	237
10	12	2	251
10	13	2	177
10	14	2	218
10	15	2	202
10	16	2	233
10	17	2	187
10	18	2	179
10	19	2	212
10	20	2	254
10	21	2	232
10	22	2	185
10	23	2	212
10	24	2	243
10	25	2	187
10	26	2	263
10	27	2	197
10	28	2	313
10	29	2	239
10	30	2	155
10	31	2	185
10	32	2	178
10	33	2	206
10	34	2	244
10	35	2	201
10	36	2	211
10	37	2	167
10	38	2	205
10	39	2	200
10	40	2	214
10	41	2	160
10	42	2	221
10	43	2	218
10	44	2	177
10	45	2	206
10	46	2	215
10	47	2	207
10	48	2	143
10	49	2	252
10	50	2	223


Warehouse Inventory (W P T):
1	0		1026		0		0		0		0	
2	384		0		384		384		384		384	
3	62		0		62		62		62		62	
4	0		368		0		0		0		0	
5	0		1057		0		0		0		0	
6	0		1151		0		0		0		0	
7	0		1382		0		0		0		0	
8	0		1190		0		0		0		0	
9	0		1004		0		0		0		0	
10	0		198		0		0		0		0	
11	0		1218		0		0		0		0	
12	0		1340		0		0		0		0	
13	431		0		431		431		431		431	
14	40		0		40		40		40		40	
15	0		404		0		0		0		0	
16	0		835		0		0		0		0	
17	1751		1114		0		0		0		1751	
18	1187		480		0		0		0		1187	
19	1232		630		0		0		0		1232	
20	879		211		0		0		0		879	
21	601		0		389		389		389		601	
22	1660		1198		0		0		0		1660	
23	2124		1417		0		0		0		2124	
24	1764		1128		0		0		0		1764	
25	1844		1232		0		0		0		1844	
26	1985		1453		0		0		0		1985	
27	1472		865		0		0		0		1472	
28	1472		835		0		0		0		1472	
29	961		451		0		0		0		961	
30	623		0		417		417		417		623	
31	1682		1020		0		0		0		1682	
32	1338		799		0		0		0		1338	
33	0		672		0		0		0		0	
34	0		66		0		0		0		0	
35	0		1590		0		0		0		0	
36	202		0		202		202		202		202	
37	0		1040		0		0		0		0	
38	0		408		0		0		0		0	
39	0		280		0		0		0		0	
40	177		0		177		177		177		177	
41	0		787		0		0		0		0	
42	0		475		0		0		0		0	
43	194		0		194		194		194		194	
44	630		0		630		630		630		630	
45	0		165		0		0		0		0	
46	146		0		146		146		146		146	
47	0		180		0		0		0		0	
48	0		614		0		0		0		0	
49	0		787		0		0		0		0	
50	0		1420		0		0		0		0	

Store Inventory (S P T):
Store1
1	13		0		142		114		59		13	
2	32		0		118		77		69		32	
3	27		0		98		67		52		27	
4	37		0		134		88		72		37	
5	50		0		157		134		87		50	
6	73		0		153		126		119		73	
7	19		0		82		71		55		19	
8	42		0		196		152		96		42	
9	34		0		101		89		72		34	
10	62		0		181		142		109		62	
11	63		0		154		127		98		63	
12	50		0		174		127		98		50	
13	46		0		167		118		66		46	
14	27		0		181		123		83		27	
15	52		0		187		142		95		52	
16	28		0		125		80		55		28	
17	19		0		137		85		54		19	
18	43		0		134		116		58		43	
19	31		0		138		133		62		31	
20	42		0		163		112		60		42	
21	33		0		162		153		108		33	
22	34		0		173		126		73		34	
23	31		0		143		129		77		31	
24	28		0		140		85		43		28	
25	47		0		222		182		94		47	
26	16		0		120		95		60		16	
27	25		0		152		99		60		25	
28	26		0		119		68		50		26	
29	12		0		127		73		45		12	
30	20		0		169		122		88		20	
31	56		0		150		115		94		56	
32	77		0		215		177		137		77	
33	55		0		168		168		116		55	
34	51		0		164		116		84		51	
35	39		0		182		134		77		39	
36	13		0		133		76		32		13	
37	74		0		199		151		120		74	
38	40		0		155		121		79		40	
39	52		0		130		83		52		52	
40	29		0		154		121		76		29	
41	29		0		158		106		67		29	
42	45		0		180		111		77		45	
43	49		0		166		129		79		49	
44	50		0		141		102		66		50	
45	24		0		150		93		51		24	
46	37		0		186		135		72		37	
47	47		0		131		117		80		47	
48	56		0		181		160		103		56	
49	44		0		169		126		94		44	
50	12		0		111		56		40		12	
Store2
1	27		0		206		143		79		27	
2	28		0		158		132		92		28	
3	53		0		155		112		86		53	
4	54		0		153		125		95		54	
5	17		0		124		92		83		17	
6	33		0		165		143		96		33	
7	47		0		186		123		72		47	
8	29		0		114		64		52		29	
9	40		0		149		105		80		40	
10	47		0		184		138		113		47	
11	16		0		126		94		82		16	
12	32		0		165		122		80		32	
13	45		0		200		133		84		45	
14	32		0		125		99		72		32	
15	43		0		177		154		107		43	
16	22		0		175		88		71		22	
17	17		0		121		90		49		17	
18	26		0		132		97		95		26	
19	73		0		159		121		86		73	
20	20		0		163		122		75		20	
21	42		0		171		131		66		42	
22	46		0		116		105		75		46	
23	66		0		186		131		85		66	
24	24		0		147		99		67		24	
25	18		0		152		101		74		18	
26	37		0		169		109		79		37	
27	36		0		175		116		87		36	
28	50		0		126		101		50		50	
29	22		0		108		84		64		22	
30	64		0		200		130		85		64	
31	82		0		210		140		106		82	
32	41		0		152		118		71		41	
33	35		0		167		110		76		35	
34	59		0		209		146		111		59	
35	37		0		130		102		64		37	
36	49		0		153		121		97		49	
37	25		0		136		134		74		25	
38	38		0		185		144		90		38	
39	27		0		127		101		67		27	
40	45		0		164		106		51		45	
41	43		0		169		117		64		43	
42	74		0		201		135		107		74	
43	46		0		150		136		79		46	
44	28		0		153		98		93		28	
45	24		0		131		106		64		24	
46	45		0		132		108		84		45	
47	45		0		160		114		97		45	
48	41		0		132		91		57		41	
49	49		0		134		90		80		49	
50	41		0		158		106		94		41	
Store3
1	28		0		134		81		56		28	
2	43		0		121		93		55		43	
3	33		0		208		126		94		33	
4	60		0		155		133		114		60	
5	54		0		192		154		90		54	
6	61		0		203		169		90		61	
7	51		0		162		125		83		51	
8	79		0		161		153		126		79	
9	43		0		178		156		84		43	
10	49		0		176		128		70		49	
11	51		0		191		135		86		51	
12	7		0		176		123		63		7	
13	35		0		118		84		84		35	
14	27		0		177		114		65		27	
15	37		0		153		131		97		37	
16	53		0		181		139		77		53	
17	40		0		161		89		68		40	
18	18		0		134		83		56		18	
19	47		0		178		117		82		47	
20	33		0		202		157		97		33	
21	16		0		141		106		78		16	
22	30		0		171		116		84		30	
23	47		0		160		102		98		47	
24	74		0		207		167		136		74	
25	60		0		118		101		80		60	
26	60		0		190		149		101		60	
27	33		0		165		118		75		33	
28	33		0		168		114		79		33	
29	37		0		202		155		95		37	
30	17		0		123		105		57		17	
31	20		0		151		102		47		20	
32	42		0		167		145		94		42	
33	34		0		159		115		72		34	
34	46		0		198		143		94		46	
35	40		0		186		124		96		40	
36	37		0		121		93		75		37	
37	28		0		187		144		84		28	
38	44		0		146		100		64		44	
39	38		0		198		156		98		38	
40	42		0		133		117		97		42	
41	37		0		125		84		43		37	
42	21		0		85		51		27		21	
43	45		0		144		114		58		45	
44	25		0		99		60		37		25	
45	56		0		145		107		64		56	
46	52		0		162		123		107		52	
47	36		0		156		134		101		36	
48	61		0		169		144		112		61	
49	39		0		147		96		54		39	
50	31		0		201		130		72		31	
Store4
1	30		0		118		74		57		30	
2	12		0		151		103		72		12	
3	32		0		155		108		79		32	
4	6		0		90		77		30		6	
5	41		0		181		136		68		41	
6	42		0		192		161		88		42	
7	26		0		174		144		98		26	
8	38		0		152		106		68		38	
9	64		0		239		185		116		64	
10	45		0		138		76		67		45	
11	56		0		192		151		96		56	
12	37		0		141		87		58		37	
13	42		0		211		148		99		42	
14	13		0		80		51		47		13	
15	42		0		146		116		85		42	
16	52		0		204		170		112		52	
17	32		0		101		73		50		32	
18	35		0		188		145		98		35	
19	41		0		156		122		79		41	
20	47		0		188		126		101		47	
21	27		0		169		105		73		27	
22	31		0		196		143		89		31	
23	45		0		172		158		99		45	
24	38		0		141		102		57		38	
25	27		0		170		135		106		27	
26	73		0		231		164		119		73	
27	47		0		200		139		96		47	
28	33		0		179		114		60		33	
29	20		0		154		115		52		20	
30	31		0		147		83		52		31	
31	52		0		174		141		117		52	
32	34		0		173		121		80		34	
33	24		0		191		159		118		24	
34	36		0		156		98		60		36	
35	72		0		159		114		82		72	
36	33		0		143		103		57		33	
37	27		0		204		147		105		27	
38	85		0		217		175		138		85	
39	32		0		207		135		83		32	
40	51		0		153		96		71		51	
41	18		0		171		97		59		18	
42	33		0		181		120		80		33	
43	14		0		64		46		34		14	
44	47		0		201		160		107		47	
45	45		0		165		126		78		45	
46	27		0		131		114		62		27	
47	33		0		139		121		63		33	
48	51		0		236		170		108		51	
49	51		0		161		109		78		51	
50	55		0		250		186		132		55	
Store5
1	0		183		134		86		35		0	
2	0		179		136		103		69		0	
3	0		165		125		55		43		0	
4	0		84		84		70		29		0	
5	0		174		122		69		33		0	
6	0		143		125		79		43		0	
7	0		146		132		74		32		0	
8	0		141		117		63		28		0	
9	0		147		132		78		35		0	
10	0		181		155		98		31		0	
11	0		124		74		70		42		0	
12	0		214		171		166		78		0	
13	0		161		128		88		53		0	
14	0		160		133		66		25		0	
15	0		159		135		84		22		0	
16	0		150		144		90		33		0	
17	0		175		129		99		47		0	
18	0		206		152		93		46		0	
19	0		158		93		77		62		0	
20	0		184		162		93		49		0	
21	0		146		91		47		30		0	
22	0		144		90		48		29		0	
23	0		164		113		90		32		0	
24	0		143		113		70		43		0	
25	0		168		136		96		60		0	
26	0		142		112		73		45		0	
27	0		129		89		78		44		0	
28	0		158		123		85		38		0	
29	0		111		97		62		31		0	
30	0		210		146		106		43		0	
31	0		173		121		95		53		0	
32	0		105		63		21		11		0	
33	0		138		81		64		34		0	
34	0		141		109		81		41		0	
35	0		129		105		65		27		0	
36	0		140		117		92		45		0	
37	0		179		138		92		38		0	
38	0		184		135		77		43		0	
39	0		120		65		30		28		0	
40	0		153		115		94		45		0	
41	0		152		119		83		45		0	
42	0		208		159		112		43		0	
43	0		122		95		63		24		0	
44	0		188		145		92		42		0	
45	0		116		79		49		29		0	
46	0		124		108		64		39		0	
47	0		130		103		68		9		0	
48	0		107		96		51		3		0	
49	0		167		123		83		40		0	
50	0		150		111		75		26		0	
Store6
1	47		0		198		133		107		47	
2	67		0		171		144		99		67	
3	31		0		151		109		86		31	
4	37		0		142		99		78		37	
5	29		0		185		119		91		29	
6	71		0		180		141		80		71	
7	57		0		199		164		98		57	
8	18		0		134		84		45		18	
9	16		0		131		117		79		16	
10	49		0		156		118		85		49	
11	25		0		118		114		80		25	
12	48		0		162		147		114		48	
13	35		0		208		129		82		35	
14	27		0		130		100		77		27	
15	43		0		187		139		96		43	
16	48		0		153		118		84		48	
17	50		0		181		144		85		50	
18	58		0		167		118		105		58	
19	57		0		157		127		81		57	
20	49		0		158		131		104		49	
21	38		0		176		148		107		38	
22	47		0		166		107		79		47	
23	60		0		154		144		104		60	
24	6		0		109		66		44		6	
25	33		0		183		143		84		33	
26	20		0		108		84		40		20	
27	46		0		173		134		105		46	
28	30		0		129		92		52		30	
29	13		0		159		121		57		13	
30	45		0		158		124		69		45	
31	49		0		158		130		118		49	
32	25		0		138		102		56		25	
33	28		0		108		103		52		28	
34	42		0		186		150		106		42	
35	61		0		230		190		118		61	
36	28		0		136		114		63		28	
37	35		0		156		125		82		35	
38	50		0		153		124		102		50	
39	11		0		156		137		91		11	
40	24		0		155		99		84		24	
41	49		0		206		151		90		49	
42	16		0		192		111		55		16	
43	39		0		189		143		101		39	
44	42		0		163		116		77		42	
45	47		0		148		100		62		47	
46	27		0		145		88		55		27	
47	59		0		192		142		112		59	
48	60		0		163		136		132		60	
49	67		0		170		134		111		67	
50	69		0		194		141		101		69	
Store7
1	39		0		160		104		88		39	
2	33		0		149		92		63		33	
3	34		0		134		99		62		34	
4	41		0		116		86		55		41	
5	50		0		183		133		64		50	
6	57		0		198		160		117		57	
7	27		0		127		82		64		27	
8	34		0		152		108		70		34	
9	45		0		202		171		116		45	
10	0		0		105		73		31		0	
11	57		0		121		92		71		57	
12	34		0		152		100		80		34	
13	20		0		155		123		35		20	
14	24		0		150		105		54		24	
15	41		0		168		127		77		41	
16	44		0		136		97		46		44	
17	63		0		149		107		98		63	
18	30		0		117		81		61		30	
19	27		0		129		79		69		27	
20	47		0		160		117		69		47	
21	30		0		186		164		112		30	
22	43		0		192		142		98		43	
23	48		0		157		134		103		48	
24	42		0		136		98		87		42	
25	79		0		173		133		113		79	
26	36		0		116		100		68		36	
27	43		0		207		165		102		43	
28	28		0		174		136		82		28	
29	36		0		171		136		89		36	
30	84		0		174		141		90		84	
31	28		0		157		121		70		28	
32	42		0		111		90		90		42	
33	30		0		173		126		68		30	
34	21		0		122		90		47		21	
35	60		0		192		130		88		60	
36	36		0		121		100		56		36	
37	35		0		160		113		71		35	
38	51		0		196		144		89		51	
39	39		0		153		104		78		39	
40	40		0		208		147		111		40	
41	42		0		180		130		120		42	
42	48		0		254		188		140		48	
43	22		0		147		108		35		22	
44	44		0		206		129		96		44	
45	26		0		81		67		48		26	
46	26		0		120		82		54		26	
47	36		0		134		103		58		36	
48	17		0		146		113		57		17	
49	55		0		191		125		102		55	
50	61		0		142		132		61		61	
Store8
1	0		187		144		121		68		0	
2	0		179		157		98		41		0	
3	0		201		134		71		16		0	
4	0		120		83		83		34		0	
5	0		183		119		90		67		0	
6	0		169		132		109		58		0	
7	0		171		122		93		27		0	
8	0		138		93		42		14		0	
9	0		210		132		77		35		0	
10	0		109		80		61		29		0	
11	0		189		123		78		34		0	
12	0		183		140		80		70		0	
13	0		172		112		82		39		0	
14	0		169		136		101		59		0	
15	0		130		121		75		40		0	
16	0		123		122		76		35		0	
17	0		178		143		74		38		0	
18	0		169		131		94		55		0	
19	0		151		106		62		31		0	
20	0		164		124		64		25		0	
21	0		178		133		88		49		0	
22	0		115		93		57		37		0	
23	0		216		181		136		77		0	
24	0		154		97		74		45		0	
25	0		214		163		111		63		0	
26	0		167		122		80		49		0	
27	0		192		128		97		34		0	
28	0		195		148		87		35		0	
29	0		173		130		73		47		0	
30	0		168		148		110		44		0	
31	0		153		140		129		72		0	
32	0		205		174		90		34		0	
33	0		129		113		62		42		0	
34	0		163		127		74		16		0	
35	0		123		97		72		59		0	
36	0		160		113		77		31		0	
37	0		170		141		89		54		0	
38	0		172		134		86		31		0	
39	0		157		119		90		39		0	
40	0		196		146		94		66		0	
41	0		148		121		87		52		0	
42	0		122		90		63		43		0	
43	0		136		99		64		47		0	
44	0		154		108		91		33		0	
45	0		194		147		86		39		0	
46	0		177		107		73		41		0	
47	0		194		134		97		47		0	
48	0		140		120		95		39		0	
49	0		258		218		136		65		0	
50	0		226		171		124		43		0	
Store9
1	0		140		122		83		42		0	
2	0		119		95		70		42		0	
3	0		152		110		96		10		0	
4	0		167		134		89		35		0	
5	0		169		142		84		40		0	
6	0		103		70		52		26		0	
7	0		226		156		109		54		0	
8	0		101		72		63		49		0	
9	0		160		105		83		70		0	
10	0		141		124		85		46		0	
11	0		195		152		105		56		0	
12	0		139		85		76		14		0	
13	0		162		120		84		70		0	
14	0		161		123		63		23		0	
15	0		242		184		107		59		0	
16	0		204		154		113		65		0	
17	0		169		148		98		60		0	
18	0		212		150		103		37		0	
19	0		135		83		73		28		0	
20	0		179		149		108		54		0	
21	0		131		97		61		34		0	
22	0		103		74		55		29		0	
23	0		169		123		91		55		0	
24	0		189		120		69		29		0	
25	0		119		112		69		44		0	
26	0		139		126		82		31		0	
27	0		147		135		99		68		0	
28	0		154		129		97		44		0	
29	0		105		81		59		18		0	
30	0		155		115		79		48		0	
31	0		209		153		121		48		0	
32	0		167		122		61		36		0	
33	0		160		149		81		42		0	
34	0		165		127		91		64		0	
35	0		186		129		108		52		0	
36	0		166		112		75		35		0	
37	0		163		108		83		32		0	
38	0		106		73		73		37		0	
39	0		129		113		79		39		0	
40	0		107		76		37		11		0	
41	0		136		112		85		60		0	
42	0		190		138		89		42		0	
43	0		191		166		96		49		0	
44	0		155		119		79		36		0	
45	0		159		139		68		51		0	
46	0		97		76		37		37		0	
47	0		167		126		77		14		0	
48	0		201		142		88		39		0	
49	0		163		130		71		32		0	
50	0		183		143		103		57		0	
Store10
1	30		0		121		73		67		30	
2	38		0		207		155		108		38	
3	36		0		184		142		93		36	
4	25		0		123		101		67		25	
5	53		0		172		135		105		53	
6	40		0		139		117		95		40	
7	38		0		196		134		83		38	
8	23		0		136		88		72		23	
9	39		0		191		123		89		39	
10	4		0		103		63		45		4	
11	57		0		208		145		95		57	
12	35		0		181		131		71		35	
13	36		0		134		104		72		36	
14	57		0		185		139		109		57	
15	28		0		166		99		70		28	
16	42		0		171		151		105		42	
17	15		0		161		133		69		15	
18	39		0		130		122		73		39	
19	65		0		201		153		109		65	
20	43		0		185		157		103		43	
21	31		0		192		118		58		31	
22	44		0		159		123		78		44	
23	6		0		168		114		61		6	
24	42		0		189		119		57		42	
25	40		0		165		119		89		40	
26	53		0		200		160		105		53	
27	64		0		149		133		103		64	
28	64		0		249		171		135		64	
29	39		0		184		159		87		39	
30	48		0		130		101		64		48	
31	40		0		132		91		70		40	
32	15		0		132		84		68		15	
33	50		0		173		127		110		50	
34	55		0		179		156		106		55	
35	77		0		163		129		92		77	
36	36		0		165		126		88		36	
37	29		0		112		68		56		29	
38	35		0		159		102		65		35	
39	1		0		151		102		53		1	
40	48		0		149		117		96		48	
41	40		0		150		139		87		40	
42	54		0		190		139		93		54	
43	27		0		158		115		78		27	
44	41		0		149		106		69		41	
45	37		0		162		123		64		37	
46	18		0		182		125		75		18	
47	24		0		183		122		62		24	
48	30		0		103		81		69		30	
49	44		0		208		160		87		44	
50	36		0		179		130		78		36	


Shipments from Vendor to Warehouse (V T):
0.8031467	0.4825114	0	0	0	
0	0.29654	0	0	0.7084227	
0.7016687	0.6270146	0	0	0	

Shipments from Warehouse to Stores (S T):
1	2	0.3495547
1	5	0.35621
2	2	0.3483014
2	5	0.3463899
3	2	0.365738
3	5	0.3653266
4	2	0.388078
4	5	0.3619134
5	1	0.348952
5	5	0.36162
6	2	0.361178
6	5	0.3807466
7	2	0.3563807
7	5	0.3621867
8	1	0.37734
8	5	0.33814
9	1	0.3572973
9	5	0.3528634
10	2	0.366484
10	5	0.3819801


Required Putaway workers (Sol T):
2	3	2	3	2	

No of required pickers (T):
4	9	0	0	13	

No of part-time putaway workers (T):
0	1	0	1	0	

No of part-time pickers (T):
0	0	0	0	4	

Best Putaway Technology: 2400
Best Picking Technology: 1000

Required Fashion Putaway Hours:
0	6.06875	14.95	20.79583	0	

Required Basic Putaway Hours:
15.69542	17.3475	0	0	9.070416	

Required Total Putaway Hours:
15.69542	23.41625	14.95	20.79583	9.070416	

No of required fashion pick hours:
0	0	0	0	100.355	

No of required basic pick hours:
30.02	71.052	0	0	0	

No of required total pick hours:
30.02	71.052	0	0	100.355	

List of all the costs: 
MHECost		444
PutawayTechCost		3540
PickingTechCost		9130
WhBasicInvCost		665.4698
BasicInbCost		8111.717
WhFashionInvCost		1653.65
FashionInbCost		6749.765
PutawayCost		3680
StoreBasicInvCost		10042.15
StoreFashionInvCost		5017.75
OutboundCost		21507.51
PickingCost		15360
Total		85902.01

List of Top5 Technologies: 
Tech1		4	6	$ 89559.72
Tech2		3	6	$ 90125.2
Tech3		3	5	$ 95830.76
Tech4		2	5	$ 97099.76
Tech5		5	5	$ 98363.87
The start time is 12/30/2014 9:02:50 PM
The End time is 12/30/2014 9:03:48 PM
