Printing New Fashion Solution:

Inbound Fashion Solution (V F T):
1	1	2	4370
1	2	2	4225
1	3	2	4890
1	4	3	4275
1	5	3	5015
1	6	3	5825
1	7	3	4055
1	8	3	4150
1	9	2	6020
1	10	2	3660


Outbound Fashion Solution(S F T):
1	1	4	1185
1	2	4	450
1	3	4	985
1	4	5	690
1	5	5	395
1	6	5	735
1	7	5	275
1	8	4	635
1	9	4	1690
1	10	3	910
2	1	4	540
2	2	4	180
2	3	4	925
2	4	5	1070
2	5	5	990
2	6	5	1665
2	7	5	2005
2	8	5	565
2	9	3	1220
2	10	4	830
3	1	3	965
3	2	3	1425
3	3	3	855
3	4	5	740
3	5	5	1070
3	6	5	1215
3	7	5	1005
3	8	4	1490
3	9	3	800
3	10	4	515
4	1	3	1115
4	2	4	1005
4	3	4	1250
4	4	4	965
4	5	4	1300
4	6	4	505
4	7	4	715
4	8	4	735
4	9	4	815
4	10	4	750
5	1	4	565
5	2	4	1165
5	3	4	875
5	4	4	810
5	5	5	1260
5	6	5	1705
5	7	4	55
5	8	5	725
5	9	4	1495
5	10	4	655


Warehouse Fashion Inventory (W F T):
1	0		4370		2290		0		0	
2	0		4225		2800		0		0	
3	0		4890		4035		0		0	
4	0		0		4275		2500		0	
5	0		0		5015		3715		0	
6	0		0		5825		5320		0	
7	0		0		4055		3285		0	
8	0		0		4150		1290		0	
9	0		6020		4000		0		0	
10	0		3660		2750		0		0	

Store Fashion Inventory (S F T):
Store1
1	0		0		1185		1185	
2	0		0		450		450	
3	0		0		985		985	
4	0		0		0		690	
5	0		0		0		395	
6	0		0		0		735	
7	0		0		0		275	
8	0		0		635		635	
9	0		0		1690		1690	
10	0		910		910		910	
Store2
1	0		0		540		540	
2	0		0		180		180	
3	0		0		925		925	
4	0		0		0		1070	
5	0		0		0		990	
6	0		0		0		1665	
7	0		0		0		2005	
8	0		0		0		565	
9	0		1220		1220		1220	
10	0		0		830		830	
Store3
1	0		965		965		965	
2	0		1425		1425		1425	
3	0		855		855		855	
4	0		0		0		740	
5	0		0		0		1070	
6	0		0		0		1215	
7	0		0		0		1005	
8	0		0		1490		1490	
9	0		800		800		800	
10	0		0		515		515	
Store4
1	0		1115		1115		1115	
2	0		0		1005		1005	
3	0		0		1250		1250	
4	0		0		965		965	
5	0		0		1300		1300	
6	0		0		505		505	
7	0		0		715		715	
8	0		0		735		735	
9	0		0		815		815	
10	0		0		750		750	
Store5
1	0		0		565		565	
2	0		0		1165		1165	
3	0		0		875		875	
4	0		0		810		810	
5	0		0		0		1260	
6	0		0		0		1705	
7	0		0		55		55	
8	0		0		0		725	
9	0		0		1495		1495	
10	0		0		655		655	


Fashion Shipments from Vendor to Warehouse (V T):
0	0.8956501	0.9010032	0	

Printing New Basic Solution:

Inbound Solution (V P T):
1	1	1	1959
1	1	4	1727
1	1	5	1727
1	2	1	1216
1	2	4	431
1	2	5	3879
1	3	4	3416
1	3	5	1463
1	4	1	1818
1	4	4	1551
1	4	5	1550
1	5	4	4120
1	5	5	1029
1	6	1	1542
1	6	4	1161
1	6	5	2707
1	7	1	3410
1	7	4	898
1	7	5	897
1	8	1	1485
1	8	4	1836
1	8	5	1835
1	9	1	2694
1	9	4	1148
1	9	5	1147
1	10	1	3533
1	10	4	1513


Outbound Solution(S P T):
1	1	1	888
1	2	1	1282
1	3	1	853
1	4	1	964
1	5	1	914
1	6	1	1159
1	7	1	994
1	8	1	916
1	9	1	987
1	10	1	1011
2	1	3	701
2	1	5	530
2	2	3	486
2	2	5	617
2	3	3	689
2	3	5	369
2	4	3	572
2	4	5	477
2	5	3	522
2	5	5	552
2	6	3	257
2	6	5	563
2	7	3	413
2	7	5	517
2	8	3	540
2	8	5	405
2	9	3	691
2	9	5	283
2	10	3	705
2	10	5	319
3	1	3	486
3	1	5	741
3	2	3	417
3	2	5	509
3	3	3	306
3	3	5	430
3	4	3	421
3	4	5	633
3	5	3	478
3	5	5	564
3	6	3	329
3	6	5	754
3	7	3	455
3	7	5	683
3	8	3	408
3	8	5	664
3	9	3	224
3	9	5	453
3	10	3	342
3	10	5	778
4	1	3	886
4	2	3	880
4	3	3	1068
4	4	3	863
4	5	3	1283
4	6	3	1216
4	7	3	1071
4	8	3	1079
4	9	3	1320
4	10	3	848
5	1	1	799
5	1	4	382
5	2	1	807
5	2	4	528
5	3	1	830
5	3	4	334
5	4	1	510
5	4	4	479
5	5	1	446
5	5	4	390
5	6	1	631
5	6	4	501
5	7	1	649
5	7	4	423
5	8	1	838
5	8	4	306
5	9	1	626
5	9	4	405
5	10	1	632
5	10	4	411


Warehouse Inventory (W P T):
1	1801		2073		2073		0		1345		1801	
2	2753		1880		1880		97		0		2753	
3	3746		2063		2063		0		3082		3746	
4	1512		1856		1856		0		1072		1512	
5	3643		2283		2283		0		3730		3643	
6	2050		1802		1802		0		660		2050	
7	172		1939		1939		0		475		172	
8	2296		2027		2027		0		1530		2296	
9	1154		2235		2235		0		743		1154	
10	5		1895		1895		0		1102		5	

Store Inventory (S P T):
Store1
1	0		862		550		386		204		0	
2	0		1097		837		527		258		0	
3	0		762		569		451		300		0	
4	0		874		682		448		183		0	
5	0		747		595		353		207		0	
6	0		956		737		556		303		0	
7	0		855		646		573		158		0	
8	0		770		530		273		167		0	
9	0		727		594		492		206		0	
10	0		722		638		373		130		0	
Store2
1	542		302		0		421		262		542	
2	299		251		59		246		0		299	
3	391		250		0		569		271		391	
4	287		197		0		294		9		287	
5	400		156		0		247		125		400	
6	328		284		196		125		0		328	
7	413		236		0		84		84		413	
8	333		204		0		417		210		333	
9	331		236		0		575		215		331	
10	495		259		0		629		419		495	
Store3
1	440		346		0		255		0		440	
2	433		165		0		209		0		433	
3	312		172		0		240		0		312	
4	517		269		0		334		0		517	
5	508		273		0		188		0		508	
6	481		199		0		224		0		481	
7	447		232		0		298		0		447	
8	476		305		0		227		0		476	
9	353		215		0		112		0		353	
10	602		304		0		146		0		602	
Store4
1	160		54		0		757		471		160	
2	362		280		0		707		465		362	
3	371		144		0		940		674		371	
4	370		146		0		718		511		370	
5	476		287		0		1104		801		476	
6	437		219		0		875		646		437	
7	294		226		0		825		619		294	
8	455		242		0		715		503		455	
9	589		355		0		1033		875		589	
10	463		286		0		659		554		463	
Store5
1	0		484		276		20		174		0	
2	0		456		301		76		373		0	
3	0		579		427		191		182		0	
4	105		567		283		0		300		105	
5	0		354		109		13		145		0	
6	0		413		107		41		195		0	
7	66		507		268		0		250		66	
8	0		538		403		132		171		0	
9	109		482		236		0		268		109	
10	16		427		271		0		271		16	


Shipments from Vendor to Warehouse (V T):
0.8312774	0	0	0.8803447	0.8076481	

Shipments from Warehouse to Stores (S T):
1	1	0.4804827
1	3	0.03579333
1	4	0.18227
1	5	0.09104
2	3	0.3316687
2	4	0.08672334
2	5	0.4444426
3	3	0.3426027
3	4	0.06098333
3	5	0.4603233
4	3	0.5397853
4	4	0.3168533
5	1	0.338224
5	4	0.423914
5	5	0.1808167


Required Putaway workers (Sol T):
2	3	3	2	2	

No of required pickers (T):
5	0	7	7	7	

No of part-time putaway workers (T):
0	1	1	0	0	

No of part-time pickers (T):
0	0	2	2	2	

Best Putaway Technology: 1200
Best Picking Technology: 500

Required Fashion Putaway Hours:
0	19.30417	19.43333	0	0	

Required Basic Putaway Hours:
14.71417	0	0	14.83417	13.52833	

Required Total Putaway Hours:
14.71417	19.30417	19.43333	14.83417	13.52833	

No of required fashion pick hours:
0	0	14.58	46.17	32.22	

No of required basic pick hours:
33.472	0	39.912	8.318	21.682	

No of required total pick hours:
33.472	0	54.492	54.488	53.902	

List of all the costs: 
MHECost		324
PutawayTechCost		1060
PickingTechCost		3195
WhBasicInvCost		730.7401
BasicInbCost		4300.463
WhFashionInvCost		784.7
FashionInbCost		3682.418
PutawayCost		3680
StoreBasicInvCost		3674.25
StoreFashionInvCost		4207.5
OutboundCost		19675.01
PickingCost		9440
Total		54754.09

List of Top5 Technologies: 
Tech1		2	5	$ 54754.09
Tech2		2	4	$ 57583.48
Tech3		2	3	$ 68416.16
Tech4		2	1	$ 96276.77
Tech5		3	1	$ 107232.3
The start time is 12/17/2014 3:22:54 PM
The End time is 12/17/2014 3:23:02 PM
