Printing New Fashion Solution:

Inbound Fashion Solution (V F T):
1	1	3	4370
1	2	2	4225
1	3	2	4890
1	4	2	4275
1	5	3	5015
1	6	3	5825
1	7	2	4055
1	8	3	4150
1	9	2	6020
1	10	2	3660


Outbound Fashion Solution(S F T):
1	1	5	1185
1	2	3	450
1	3	3	985
1	4	4	690
1	5	5	395
1	6	5	735
1	7	4	275
1	8	4	635
1	9	3	1690
1	10	4	910
2	1	5	540
2	2	4	180
2	3	4	925
2	4	4	1070
2	5	5	990
2	6	4	1665
2	7	4	2005
2	8	5	565
2	9	4	1220
2	10	4	830
3	1	4	965
3	2	4	1425
3	3	4	855
3	4	4	740
3	5	4	1070
3	6	4	1215
3	7	4	1005
3	8	4	1490
3	9	4	800
3	10	4	515
4	1	4	1115
4	2	3	1005
4	3	3	1250
4	4	4	965
4	5	5	1300
4	6	5	505
4	7	4	715
4	8	5	735
4	9	4	815
4	10	4	750
5	1	5	565
5	2	4	1165
5	3	4	875
5	4	3	810
5	5	4	1260
5	6	5	1705
5	7	4	55
5	8	5	725
5	9	4	1495
5	10	3	655


Warehouse Fashion Inventory (W F T):
1	0		0		4370		2290		0	
2	0		4225		2770		0		0	
3	0		4890		2655		0		0	
4	0		4275		3465		0		0	
5	0		0		5015		2685		0	
6	0		0		5825		2945		0	
7	0		4055		4055		0		0	
8	0		0		4150		2025		0	
9	0		6020		4330		0		0	
10	0		3660		3005		0		0	

Store Fashion Inventory (S F T):
Store1
1	0		0		0		1185	
2	0		450		450		450	
3	0		985		985		985	
4	0		0		690		690	
5	0		0		0		395	
6	0		0		0		735	
7	0		0		275		275	
8	0		0		635		635	
9	0		1690		1690		1690	
10	0		0		910		910	
Store2
1	0		0		0		540	
2	0		0		180		180	
3	0		0		925		925	
4	0		0		1070		1070	
5	0		0		0		990	
6	0		0		1665		1665	
7	0		0		2005		2005	
8	0		0		0		565	
9	0		0		1220		1220	
10	0		0		830		830	
Store3
1	0		0		965		965	
2	0		0		1425		1425	
3	0		0		855		855	
4	0		0		740		740	
5	0		0		1070		1070	
6	0		0		1215		1215	
7	0		0		1005		1005	
8	0		0		1490		1490	
9	0		0		800		800	
10	0		0		515		515	
Store4
1	0		0		1115		1115	
2	0		1005		1005		1005	
3	0		1250		1250		1250	
4	0		0		965		965	
5	0		0		0		1300	
6	0		0		0		505	
7	0		0		715		715	
8	0		0		0		735	
9	0		0		815		815	
10	0		0		750		750	
Store5
1	0		0		0		565	
2	0		0		1165		1165	
3	0		0		875		875	
4	0		810		810		810	
5	0		0		1260		1260	
6	0		0		0		1705	
7	0		0		55		55	
8	0		0		0		725	
9	0		0		1495		1495	
10	0		655		655		655	


Fashion Shipments from Vendor to Warehouse (V T):
0	0.9942734	0.80238	0	

Printing New Basic Solution:

Inbound Solution (V P T):
1	1	1	557
1	1	4	776
1	1	5	4080
1	2	1	1539
1	2	4	2448
1	2	5	1539
1	3	1	2647
1	3	4	2001
1	3	5	231
1	4	1	1250
1	4	4	2792
1	4	5	877
1	5	1	2428
1	5	4	1505
1	5	5	1216
1	6	1	1409
1	6	4	1775
1	6	5	2226
1	7	4	2447
1	7	5	2758
1	8	1	2069
1	8	4	1018
1	8	5	2069
1	9	1	1302
1	9	4	651
1	9	5	3036
1	10	1	2711
1	10	4	1363
1	10	5	972


Outbound Solution(S P T):
1	1	3	888
1	2	3	1282
1	3	3	853
1	4	3	964
1	5	3	914
1	6	3	1159
1	7	3	994
1	8	3	916
1	9	3	987
1	10	3	1011
2	1	5	1231
2	2	5	1103
2	3	5	1058
2	4	5	1049
2	5	5	1074
2	6	5	820
2	7	5	930
2	8	5	945
2	9	5	974
2	10	5	1024
3	1	4	1227
3	2	4	926
3	3	4	736
3	4	4	1054
3	5	4	1042
3	6	4	1083
3	7	4	1138
3	8	4	1072
3	9	4	677
3	10	4	1120
4	1	3	886
4	2	3	880
4	3	3	1068
4	4	3	863
4	5	3	1283
4	6	3	1216
4	7	3	1071
4	8	3	1079
4	9	3	1320
4	10	3	848
5	1	5	1181
5	2	5	1335
5	3	5	1164
5	4	5	989
5	5	5	836
5	6	5	1132
5	7	5	1072
5	8	5	1144
5	9	5	1031
5	10	5	1043


Warehouse Inventory (W P T):
1	1668		2225		2225		451		0		1668	
2	623		2162		2162		0		1522		623	
3	0		2647		2647		726		1991		0	
4	577		1827		1827		0		1738		577	
5	0		2428		2428		231		694		0	
6	966		2375		2375		0		692		966	
7	2065		2065		2065		0		1309		2065	
8	0		2069		2069		74		20		0	
9	1031		2333		2333		26		0		1031	
10	0		2711		2711		852		1095		0	

Store Inventory (S P T):
Store1
1	338		312		0		724		542		338	
2	445		260		0		972		703		445	
3	284		193		0		735		584		284	
4	282		192		0		730		465		282	
5	319		152		0		672		526		319	
6	422		219		0		978		725		422	
7	348		209		0		921		506		348	
8	386		240		0		659		553		386	
9	393		133		0		885		599		393	
10	373		84		0		746		503		373	
Store2
1	981		741		439		159		0		981	
2	785		737		545		246		0		785	
3	809		668		418		298		0		809	
4	850		760		563		285		0		850	
5	797		553		397		122		0		797	
6	585		541		453		125		0		585	
7	742		565		329		0		0		742	
8	663		534		330		207		0		663	
9	807		712		476		360		0		807	
10	781		545		286		210		0		781	
Store3
1	671		577		231		0		972		671	
2	641		373		208		0		717		641	
3	378		238		66		0		496		378	
4	604		356		87		0		720		604	
5	798		563		290		0		854		798	
6	586		304		105		0		859		586	
7	604		389		157		0		840		604	
8	657		486		181		0		845		657	
9	465		327		112		0		565		465	
10	798		500		196		0		974		798	
Store4
1	160		54		0		757		471		160	
2	362		280		0		707		465		362	
3	371		144		0		940		674		371	
4	370		146		0		718		511		370	
5	476		287		0		1104		801		476	
6	437		219		0		875		646		437	
7	294		226		0		825		619		294	
8	455		242		0		715		503		455	
9	589		355		0		1033		875		589	
10	463		286		0		659		554		463	
Store5
1	1007		692		484		228		0		1007	
2	962		611		456		231		0		962	
3	982		731		579		343		0		982	
4	794		746		462		179		0		794	
5	691		599		354		258		0		691	
6	937		719		413		347		0		937	
7	888		680		441		173		0		888	
8	973		673		538		267		0		973	
9	872		619		373		137		0		872	
10	788		567		411		140		0		788	


Shipments from Vendor to Warehouse (V T):
0.7491341	0	0	0.8131993	0.9569367	

Shipments from Warehouse to Stores (S T):
1	3	0.6177461
1	4	0.08249
1	5	0.08935
2	4	0.2848634
2	5	0.5779713
3	4	0.8639094
4	3	0.601812
4	4	0.1388567
4	5	0.11597
5	3	0.05762333
5	4	0.21973
5	5	0.6656013


Required Putaway workers (Sol T):
2	3	3	2	2	

No of required pickers (T):
0	0	7	10	8	

No of part-time putaway workers (T):
0	1	1	0	0	

No of part-time pickers (T):
0	0	0	3	1	

Best Putaway Technology: 1200
Best Picking Technology: 500

Required Fashion Putaway Hours:
0	22.60417	16.13333	0	0	

Required Basic Putaway Hours:
13.26	0	0	13.98	15.83667	

Required Total Putaway Hours:
13.26	22.60417	16.13333	13.98	15.83667	

No of required fashion pick hours:
0	0	13.69	59.39	19.89	

No of required basic pick hours:
0	0	40.964	20.15	42.27	

No of required total pick hours:
0	0	54.654	79.54	62.16	

List of all the costs: 
MHECost		324
PutawayTechCost		1060
PickingTechCost		3195
WhBasicInvCost		640.35
BasicInbCost		4300.463
WhFashionInvCost		767.1
FashionInbCost		3682.418
PutawayCost		3680
StoreBasicInvCost		5125.95
StoreFashionInvCost		4493.5
OutboundCost		15965.88
PickingCost		12160
Total		55394.66

List of Top5 Technologies: 
Tech1		2	5	$ 55394.66
Tech2		1	5	$ 56797.12
Tech3		1	3	$ 72361.18
Tech4		1	1	$ 102621
Tech5		None	None	$ -
The start time is 12/17/2014 3:23:02 PM
The End time is 12/17/2014 3:23:07 PM
