WarehouseVolume:[
(1)	[100000000]
]
StoreVolume:[
(1)	[10000000]
(2)	[10000000]
(3)	[10000000]
(4)	[10000000]
(5)	[10000000]
]
StoreDemand:[
(1	1	1)	[26]
(1	1	2)	[312]
(1	1	3)	[164]
(1	1	4)	[182]
(1	1	5)	[204]
(1	2	1)	[185]
(1	2	2)	[260]
(1	2	3)	[310]
(1	2	4)	[269]
(1	2	5)	[258]
(1	3	1)	[91]
(1	3	2)	[193]
(1	3	3)	[118]
(1	3	4)	[151]
(1	3	5)	[300]
(1	4	1)	[90]
(1	4	2)	[192]
(1	4	3)	[234]
(1	4	4)	[265]
(1	4	5)	[183]
(1	5	1)	[167]
(1	5	2)	[152]
(1	5	3)	[242]
(1	5	4)	[146]
(1	5	5)	[207]
(1	6	1)	[203]
(1	6	2)	[219]
(1	6	3)	[181]
(1	6	4)	[253]
(1	6	5)	[303]
(1	7	1)	[139]
(1	7	2)	[209]
(1	7	3)	[73]
(1	7	4)	[415]
(1	7	5)	[158]
(1	8	1)	[146]
(1	8	2)	[240]
(1	8	3)	[257]
(1	8	4)	[106]
(1	8	5)	[167]
(1	9	1)	[260]
(1	9	2)	[133]
(1	9	3)	[102]
(1	9	4)	[286]
(1	9	5)	[206]
(1	10	1)	[289]
(1	10	2)	[84]
(1	10	3)	[265]
(1	10	4)	[243]
(1	10	5)	[130]
(2	1	1)	[240]
(2	1	2)	[302]
(2	1	3)	[280]
(2	1	4)	[159]
(2	1	5)	[250]
(2	2	1)	[48]
(2	2	2)	[192]
(2	2	3)	[299]
(2	2	4)	[246]
(2	2	5)	[318]
(2	3	1)	[141]
(2	3	2)	[250]
(2	3	3)	[120]
(2	3	4)	[298]
(2	3	5)	[249]
(2	4	1)	[90]
(2	4	2)	[197]
(2	4	3)	[278]
(2	4	4)	[285]
(2	4	5)	[199]
(2	5	1)	[244]
(2	5	2)	[156]
(2	5	3)	[275]
(2	5	4)	[122]
(2	5	5)	[277]
(2	6	1)	[44]
(2	6	2)	[88]
(2	6	3)	[328]
(2	6	4)	[125]
(2	6	5)	[235]
(2	7	1)	[177]
(2	7	2)	[236]
(2	7	3)	[329]
(2	7	4)	[0]
(2	7	5)	[188]
(2	8	1)	[129]
(2	8	2)	[204]
(2	8	3)	[123]
(2	8	4)	[207]
(2	8	5)	[282]
(2	9	1)	[95]
(2	9	2)	[236]
(2	9	3)	[116]
(2	9	4)	[360]
(2	9	5)	[167]
(2	10	1)	[236]
(2	10	2)	[259]
(2	10	3)	[76]
(2	10	4)	[210]
(2	10	5)	[243]
(3	1	1)	[94]
(3	1	2)	[346]
(3	1	3)	[231]
(3	1	4)	[255]
(3	1	5)	[301]
(3	2	1)	[268]
(3	2	2)	[165]
(3	2	3)	[208]
(3	2	4)	[209]
(3	2	5)	[76]
(3	3	1)	[140]
(3	3	2)	[172]
(3	3	3)	[66]
(3	3	4)	[240]
(3	3	5)	[118]
(3	4	1)	[248]
(3	4	2)	[269]
(3	4	3)	[87]
(3	4	4)	[334]
(3	4	5)	[116]
(3	5	1)	[235]
(3	5	2)	[273]
(3	5	3)	[290]
(3	5	4)	[188]
(3	5	5)	[56]
(3	6	1)	[282]
(3	6	2)	[199]
(3	6	3)	[105]
(3	6	4)	[224]
(3	6	5)	[273]
(3	7	1)	[215]
(3	7	2)	[232]
(3	7	3)	[157]
(3	7	4)	[298]
(3	7	5)	[236]
(3	8	1)	[171]
(3	8	2)	[305]
(3	8	3)	[181]
(3	8	4)	[227]
(3	8	5)	[188]
(3	9	1)	[138]
(3	9	2)	[215]
(3	9	3)	[112]
(3	9	4)	[112]
(3	9	5)	[100]
(3	10	1)	[298]
(3	10	2)	[304]
(3	10	3)	[196]
(3	10	4)	[146]
(3	10	5)	[176]
(4	1	1)	[106]
(4	1	2)	[54]
(4	1	3)	[129]
(4	1	4)	[286]
(4	1	5)	[311]
(4	2	1)	[82]
(4	2	2)	[280]
(4	2	3)	[173]
(4	2	4)	[242]
(4	2	5)	[103]
(4	3	1)	[227]
(4	3	2)	[144]
(4	3	3)	[128]
(4	3	4)	[266]
(4	3	5)	[303]
(4	4	1)	[224]
(4	4	2)	[146]
(4	4	3)	[145]
(4	4	4)	[207]
(4	4	5)	[141]
(4	5	1)	[189]
(4	5	2)	[287]
(4	5	3)	[179]
(4	5	4)	[303]
(4	5	5)	[325]
(4	6	1)	[218]
(4	6	2)	[219]
(4	6	3)	[341]
(4	6	4)	[229]
(4	6	5)	[209]
(4	7	1)	[68]
(4	7	2)	[226]
(4	7	3)	[246]
(4	7	4)	[206]
(4	7	5)	[325]
(4	8	1)	[213]
(4	8	2)	[242]
(4	8	3)	[364]
(4	8	4)	[212]
(4	8	5)	[48]
(4	9	1)	[234]
(4	9	2)	[355]
(4	9	3)	[287]
(4	9	4)	[158]
(4	9	5)	[286]
(4	10	1)	[177]
(4	10	2)	[286]
(4	10	3)	[189]
(4	10	4)	[105]
(4	10	5)	[91]
(5	1	1)	[315]
(5	1	2)	[208]
(5	1	3)	[256]
(5	1	4)	[228]
(5	1	5)	[174]
(5	2	1)	[351]
(5	2	2)	[155]
(5	2	3)	[225]
(5	2	4)	[231]
(5	2	5)	[373]
(5	3	1)	[251]
(5	3	2)	[152]
(5	3	3)	[236]
(5	3	4)	[343]
(5	3	5)	[182]
(5	4	1)	[48]
(5	4	2)	[284]
(5	4	3)	[283]
(5	4	4)	[179]
(5	4	5)	[195]
(5	5	1)	[92]
(5	5	2)	[245]
(5	5	3)	[96]
(5	5	4)	[258]
(5	5	5)	[145]
(5	6	1)	[218]
(5	6	2)	[306]
(5	6	3)	[66]
(5	6	4)	[347]
(5	6	5)	[195]
(5	7	1)	[208]
(5	7	2)	[239]
(5	7	3)	[268]
(5	7	4)	[173]
(5	7	5)	[184]
(5	8	1)	[300]
(5	8	2)	[135]
(5	8	3)	[271]
(5	8	4)	[267]
(5	8	5)	[171]
(5	9	1)	[253]
(5	9	2)	[246]
(5	9	3)	[236]
(5	9	4)	[137]
(5	9	5)	[159]
(5	10	1)	[221]
(5	10	2)	[156]
(5	10	3)	[271]
(5	10	4)	[140]
(5	10	5)	[255]
]
FixedCostVendorToWarehouse:[
(1	1)	[143.71]
]
FixedCostWarehouseToStore:[
(1	1)	[85.67]
(1	2)	[143.71]
(1	3)	[468.61]
(1	4)	[297.11]
(1	5)	[186.09]
]
Variable_FixedCostVendorToWarehouse:[
(1	1)	[659.96]
]
VariableCostVendorToWarehouse:[
(1	1)	[0.05]
]
Variable_FixedCostWarehouseToStore:[
(1	1)	[541.39]
(1	2)	[659.96]
(1	3)	[1306.68]
(1	4)	[975.07]
(1	5)	[727.61]
]
VariableCostWarehouseToStore:[
(1	1)	[0.041]
(1	2)	[0.05]
(1	3)	[0.099]
(1	4)	[0.074]
(1	5)	[0.055]
]
ProductVolume:[
(1)	[0.04]
(2)	[0.07]
(3)	[0.35]
(4)	[0.79]
(5)	[0.74]
(6)	[0.38]
(7)	[0.56]
(8)	[0.51]
(9)	[0.53]
(10)	[0.85]
]
ProductWeight:[
(1)	[0.85]
(2)	[0.69]
(3)	[0.92]
(4)	[0.64]
(5)	[0.63]
(6)	[0.62]
(7)	[0.88]
(8)	[0.94]
(9)	[0.69]
(10)	[0.45]
]
MapVendorToProduct:[
(1	1)	[1]
(1	2)	[1]
(1	3)	[1]
(1	4)	[1]
(1	5)	[1]
(1	6)	[1]
(1	7)	[1]
(1	8)	[1]
(1	9)	[1]
(1	10)	[1]
]
LeadTimeWarehouseToStores:[
(1	1)	[0]
(1	2)	[0]
(1	3)	[0]
(1	4)	[0]
(1	5)	[0]
]
StoreDemandForFashionProducts:[
(1	1)	[1185]
(1	2)	[450]
(1	3)	[985]
(1	4)	[690]
(1	5)	[395]
(1	6)	[735]
(1	7)	[275]
(1	8)	[635]
(1	9)	[1690]
(1	10)	[910]
(2	1)	[540]
(2	2)	[180]
(2	3)	[925]
(2	4)	[1070]
(2	5)	[990]
(2	6)	[1665]
(2	7)	[2005]
(2	8)	[565]
(2	9)	[1220]
(2	10)	[830]
(3	1)	[965]
(3	2)	[1425]
(3	3)	[855]
(3	4)	[740]
(3	5)	[1070]
(3	6)	[1215]
(3	7)	[1005]
(3	8)	[1490]
(3	9)	[800]
(3	10)	[515]
(4	1)	[1115]
(4	2)	[1005]
(4	3)	[1250]
(4	4)	[965]
(4	5)	[1300]
(4	6)	[505]
(4	7)	[715]
(4	8)	[735]
(4	9)	[815]
(4	10)	[750]
(5	1)	[565]
(5	2)	[1165]
(5	3)	[875]
(5	4)	[810]
(5	5)	[1260]
(5	6)	[1705]
(5	7)	[55]
(5	8)	[725]
(5	9)	[1495]
(5	10)	[655]
]
FixedCostFashionVendorToWarehouse:[
(1	1)	[217.05]
]
Variable_FixedCostFashionVendorToWarehouse:[
(1	1)	[802.19]
]
VariableCostFashionVendorToWarehouse:[
(1	1)	[0.061]
]
FashionProductVolume:[
(1)	[0.06]
(2)	[0.74]
(3)	[0.49]
(4)	[0.7]
(5)	[0.48]
(6)	[0.66]
(7)	[0.85]
(8)	[0.6]
(9)	[0.52]
(10)	[0.54]
]
FashionProductWeight:[
(1)	[0.35]
(2)	[0.63]
(3)	[0.55]
(4)	[0.59]
(5)	[0.78]
(6)	[0.84]
(7)	[0.12]
(8)	[0.41]
(9)	[0.73]
(10)	[0.59]
]
MapFashionVendorToProduct:[
(1	1)	[1]
(1	2)	[1]
(1	3)	[1]
(1	4)	[1]
(1	5)	[1]
(1	6)	[1]
(1	7)	[1]
(1	8)	[1]
(1	9)	[1]
(1	10)	[1]
]
