Printing New Fashion Solution:

Inbound Fashion Solution (V F T):
1	1	2	4660
1	2	3	5885
1	3	3	6800
1	4	3	4730
1	5	2	4315
1	6	2	4755
1	7	2	5130
1	8	3	7255
1	9	3	5470
1	10	3	4755


Outbound Fashion Solution(S F T):
1	1	4	1055
1	2	5	1140
1	3	5	1485
1	4	5	1025
1	5	4	415
1	6	4	510
1	7	4	1035
1	8	5	1160
1	9	5	1145
1	10	4	1050
2	1	4	1495
2	2	5	1435
2	3	5	1425
2	4	5	505
2	5	4	995
2	6	4	780
2	7	4	610
2	8	4	1630
2	9	5	1050
2	10	5	995
3	1	4	225
3	2	5	1035
3	3	5	1325
3	4	4	1050
3	5	4	1045
3	6	4	1400
3	7	4	1555
3	8	5	1760
3	9	4	460
3	10	5	540
4	1	3	875
4	2	5	1240
4	3	5	1340
4	4	5	595
4	5	3	870
4	6	3	865
4	7	3	1205
4	8	5	985
4	9	5	1105
4	10	5	500
5	1	4	1010
5	2	4	1035
5	3	4	1225
5	4	4	1555
5	5	3	990
5	6	4	1200
5	7	4	725
5	8	5	1720
5	9	4	1710
5	10	5	1670


Warehouse Fashion Inventory (W F T):
1	0		4660		3785		0		0	
2	0		0		5885		4850		0	
3	0		0		6800		5575		0	
4	0		0		4730		2125		0	
5	0		4315		2455		0		0	
6	0		4755		3890		0		0	
7	0		5130		3925		0		0	
8	0		0		7255		5625		0	
9	0		0		5470		3300		0	
10	0		0		4755		3705		0	

Store Fashion Inventory (S F T):
Store1
1	0		0		1055		1055	
2	0		0		0		1140	
3	0		0		0		1485	
4	0		0		0		1025	
5	0		0		415		415	
6	0		0		510		510	
7	0		0		1035		1035	
8	0		0		0		1160	
9	0		0		0		1145	
10	0		0		1050		1050	
Store2
1	0		0		1495		1495	
2	0		0		0		1435	
3	0		0		0		1425	
4	0		0		0		505	
5	0		0		995		995	
6	0		0		780		780	
7	0		0		610		610	
8	0		0		1630		1630	
9	0		0		0		1050	
10	0		0		0		995	
Store3
1	0		0		225		225	
2	0		0		0		1035	
3	0		0		0		1325	
4	0		0		1050		1050	
5	0		0		1045		1045	
6	0		0		1400		1400	
7	0		0		1555		1555	
8	0		0		0		1760	
9	0		0		460		460	
10	0		0		0		540	
Store4
1	0		875		875		875	
2	0		0		0		1240	
3	0		0		0		1340	
4	0		0		0		595	
5	0		870		870		870	
6	0		865		865		865	
7	0		1205		1205		1205	
8	0		0		0		985	
9	0		0		0		1105	
10	0		0		0		500	
Store5
1	0		0		1010		1010	
2	0		0		1035		1035	
3	0		0		1225		1225	
4	0		0		1555		1555	
5	0		990		990		990	
6	0		0		1200		1200	
7	0		0		725		725	
8	0		0		0		1720	
9	0		0		1710		1710	
10	0		0		0		1670	


Fashion Shipments from Vendor to Warehouse (V T):
0	0.5936434	1.472193	0	

Printing New Basic Solution:

Inbound Solution (V P T):
1	1	1	1797
1	1	5	2941
1	2	1	2450
1	2	5	2205
1	3	1	426
1	3	5	4092
1	4	1	2529
1	4	5	3144
1	5	1	2543
1	5	5	2476
1	6	1	3533
1	6	5	1134
1	7	1	3431
1	7	5	1388
1	8	1	2477
1	8	5	2181
1	9	1	1705
1	9	5	3809
1	10	1	3153
1	10	5	2009


Outbound Solution(S P T):
1	1	1	1007
1	2	1	825
1	3	1	1013
1	4	1	970
1	5	1	960
1	6	1	893
1	7	1	1103
1	8	1	698
1	9	1	1209
1	10	1	939
2	1	1	1225
2	2	1	1147
2	3	1	721
2	4	1	1106
2	5	1	1064
2	6	1	819
2	7	1	757
2	8	1	1072
2	9	1	865
2	10	1	1185
3	1	2	1030
3	2	2	961
3	3	2	855
3	4	2	1083
3	5	2	927
3	6	2	1098
3	7	2	999
3	8	2	1048
3	9	2	1063
3	10	2	1126
4	1	3	610
4	2	3	937
4	3	3	888
4	4	3	1230
4	5	3	1034
4	6	3	933
4	7	3	1256
4	8	3	815
4	9	3	1155
4	10	3	1041
5	1	3	866
5	2	3	785
5	3	3	1041
5	4	3	1284
5	5	3	1034
5	6	3	924
5	7	3	704
5	8	3	1025
5	9	3	1222
5	10	3	871


Warehouse Inventory (W P T):
1	2941		2506		1476		0		0		2941	
2	2205		2683		1722		0		0		2205	
3	4092		2784		1929		0		0		4092	
4	3144		3597		2514		0		0		3144	
5	2476		2995		2068		0		0		2476	
6	1134		2955		1857		0		0		1134	
7	1388		2959		1960		0		0		1388	
8	2181		2888		1840		0		0		2181	
9	3809		3440		2377		0		0		3809	
10	2009		3038		1912		0		0		2009	

Store Inventory (S P T):
Store1
1	0		777		572		401		185		0	
2	0		656		476		276		116		0	
3	0		783		578		284		169		0	
4	0		900		790		542		331		0	
5	0		791		599		502		223		0	
6	0		655		444		278		131		0	
7	0		897		568		452		291		0	
8	0		663		554		282		113		0	
9	0		833		672		478		186		0	
10	0		750		488		488		243		0	
Store2
1	0		1015		822		575		356		0	
2	0		967		649		529		243		0	
3	0		499		462		407		231		0	
4	0		914		698		407		224		0	
5	0		919		767		571		338		0	
6	0		676		502		342		82		0	
7	0		614		407		262		161		0	
8	0		757		555		371		177		0	
9	0		606		577		516		313		0	
10	0		1016		745		549		241		0	
Store3
1	259		0		793		634		383		259	
2	141		0		762		501		352		141	
3	225		0		705		531		374		225	
4	253		0		855		598		436		253	
5	92		0		672		487		257		92	
6	99		0		916		567		279		99	
7	179		0		748		527		294		179	
8	236		0		830		623		339		236	
9	215		0		823		613		417		215	
10	202		0		895		625		317		202	
Store4
1	348		113		0		569		524		348	
2	283		204		0		791		625		283	
3	455		317		0		759		624		455	
4	499		239		0		1066		729		499	
5	458		348		0		821		663		458	
6	398		148		0		690		616		398	
7	519		187		0		1010		716		519	
8	352		154		0		627		388		352	
9	420		160		0		849		605		420	
10	408		304		0		822		614		408	
Store5
1	342		126		0		736		460		342	
2	299		85		0		685		497		299	
3	374		235		0		886		567		374	
4	526		292		0		948		717		526	
5	488		236		0		888		626		488	
6	389		120		0		637		552		389	
7	333		136		0		505		333		333	
8	538		210		0		884		699		538	
9	473		151		0		884		650		473	
10	379		209		0		731		557		379	


Shipments from Vendor to Warehouse (V T):
0.971702	0	0	0	1.170173	

Shipments from Warehouse to Stores (S T):
1	1	0.4128647
1	4	0.15583
1	5	0.2297133
2	1	0.4248353
2	4	0.2084067
2	5	0.2375433
3	2	0.4322887
3	4	0.1618633
3	5	0.1894367
4	3	0.5518333
4	5	0.2430333
5	3	0.4817326
5	4	0.3003233
5	5	0.1780067


Required Putaway workers (Sol T):
3	2	4	0	3	

No of required pickers (T):
5	3	7	6	7	

No of part-time putaway workers (T):
0	0	1	0	0	

No of part-time pickers (T):
0	0	2	1	2	

Best Putaway Technology: 1200
Best Picking Technology: 500

Required Fashion Putaway Hours:
0	15.71667	29.07917	0	0	

Required Basic Putaway Hours:
20.03667	0	0	0	21.14917	

Required Total Putaway Hours:
20.03667	15.71667	29.07917	0	21.14917	

No of required fashion pick hours:
0	0	9.61	47.54	50.36	

No of required basic pick hours:
39.156	20.38	39.31	0	0	

No of required total pick hours:
39.156	20.38	48.92	47.54	50.36	

List of all the costs: 
MHECost		432
PutawayTechCost		1060
PickingTechCost		3195
WhBasicInvCost		748.7901
BasicInbCost		5565.324
WhFashionInvCost		929.9
FashionInbCost		6109.619
PutawayCost		5040
StoreBasicInvCost		4966.9
StoreFashionInvCost		4356.75
OutboundCost		12527.55
PickingCost		9200
Total		54131.84

List of Top5 Technologies: 
Tech1		2	5	$ 54131.84
Tech2		2	6	$ 56470.96
Tech3		2	2	$ 70874.73
Tech4		2	1	$ 95442.13
Tech5		1	1	$ 109246.9
The start time is 1/1/2015 8:20:29 AM
The End time is 1/1/2015 8:20:36 AM
