Printing New Fashion Solution:

Inbound Fashion Solution (V F T):
1	1	4	4660
1	2	2	5885
1	3	2	6800
1	4	2	4730
1	5	4	4315
1	6	4	4755
1	7	4	5130
1	8	4	7255
1	9	4	5470
1	10	4	4755


Outbound Fashion Solution(S F T):
1	1	5	1055
1	2	5	1140
1	3	5	1485
1	4	5	1025
1	5	5	415
1	6	5	510
1	7	5	1035
1	8	5	1160
1	9	5	1145
1	10	5	1050
2	1	5	1495
2	2	4	1435
2	3	4	1425
2	4	4	505
2	5	5	995
2	6	5	780
2	7	5	610
2	8	5	1630
2	9	5	1050
2	10	5	995
3	1	5	225
3	2	5	1035
3	3	5	1325
3	4	5	1050
3	5	5	1045
3	6	5	1400
3	7	5	1555
3	8	5	1760
3	9	5	460
3	10	5	540
4	1	5	875
4	2	5	1240
4	3	5	1340
4	4	5	595
4	5	5	870
4	6	5	865
4	7	5	1205
4	8	5	985
4	9	5	1105
4	10	5	500
5	1	5	1010
5	2	4	1035
5	3	5	1225
5	4	4	1555
5	5	5	990
5	6	5	1200
5	7	5	725
5	8	5	1720
5	9	5	1710
5	10	5	1670


Warehouse Fashion Inventory (W F T):
1	0		0		0		4660		0	
2	0		5885		5885		3415		0	
3	0		6800		6800		5375		0	
4	0		4730		4730		2670		0	
5	0		0		0		4315		0	
6	0		0		0		4755		0	
7	0		0		0		5130		0	
8	0		0		0		7255		0	
9	0		0		0		5470		0	
10	0		0		0		4755		0	

Store Fashion Inventory (S F T):
Store1
1	0		0		0		1055	
2	0		0		0		1140	
3	0		0		0		1485	
4	0		0		0		1025	
5	0		0		0		415	
6	0		0		0		510	
7	0		0		0		1035	
8	0		0		0		1160	
9	0		0		0		1145	
10	0		0		0		1050	
Store2
1	0		0		0		1495	
2	0		0		1435		1435	
3	0		0		1425		1425	
4	0		0		505		505	
5	0		0		0		995	
6	0		0		0		780	
7	0		0		0		610	
8	0		0		0		1630	
9	0		0		0		1050	
10	0		0		0		995	
Store3
1	0		0		0		225	
2	0		0		0		1035	
3	0		0		0		1325	
4	0		0		0		1050	
5	0		0		0		1045	
6	0		0		0		1400	
7	0		0		0		1555	
8	0		0		0		1760	
9	0		0		0		460	
10	0		0		0		540	
Store4
1	0		0		0		875	
2	0		0		0		1240	
3	0		0		0		1340	
4	0		0		0		595	
5	0		0		0		870	
6	0		0		0		865	
7	0		0		0		1205	
8	0		0		0		985	
9	0		0		0		1105	
10	0		0		0		500	
Store5
1	0		0		0		1010	
2	0		0		1035		1035	
3	0		0		0		1225	
4	0		0		1555		1555	
5	0		0		0		990	
6	0		0		0		1200	
7	0		0		0		725	
8	0		0		0		1720	
9	0		0		0		1710	
10	0		0		0		1670	


Fashion Shipments from Vendor to Warehouse (V T):
0	0.50896	0	1.556877	

Printing New Basic Solution:

Inbound Solution (V P T):
1	1	1	3148
1	1	3	1590
1	2	1	4218
1	2	3	437
1	3	1	277
1	3	3	4241
1	4	1	3085
1	4	3	2588
1	5	1	2809
1	5	3	2210
1	6	1	2831
1	6	3	1836
1	7	1	3522
1	7	3	1297
1	8	1	1387
1	8	3	3271
1	9	1	4188
1	9	3	1326
1	10	1	2994
1	10	3	2168


Outbound Solution(S P T):
1	1	1	1007
1	2	1	825
1	3	1	1013
1	4	1	970
1	5	1	960
1	6	1	893
1	7	1	1103
1	8	1	698
1	9	1	1209
1	10	1	939
2	1	4	1225
2	2	4	1147
2	3	4	721
2	4	4	1106
2	5	4	1064
2	6	4	819
2	7	4	757
2	8	4	1072
2	9	4	865
2	10	4	1185
3	1	1	1030
3	2	1	961
3	3	1	855
3	4	1	1083
3	5	1	927
3	6	1	1098
3	7	1	999
3	8	1	1048
3	9	1	1063
3	10	1	1126
4	1	1	610
4	2	1	937
4	3	1	888
4	4	1	1230
4	5	1	1034
4	6	1	933
4	7	1	1256
4	8	1	815
4	9	1	1155
4	10	1	1041
5	1	4	866
5	2	4	785
5	3	4	1041
5	4	4	1284
5	5	4	1034
5	6	4	924
5	7	4	704
5	8	4	1025
5	9	4	1222
5	10	4	871


Warehouse Inventory (W P T):
1	0		501		501		2091		0		0	
2	0		1495		1495		1932		0		0	
3	2479		0		0		4241		2479		2479	
4	198		0		0		2588		198		198	
5	112		0		0		2210		112		112	
6	93		0		0		1836		93		93	
7	0		164		164		1461		0		0	
8	1174		0		0		3271		1174		1174	
9	0		761		761		2087		0		0	
10	112		0		0		2168		112		112	

Store Inventory (S P T):
Store1
1	0		777		572		401		185		0	
2	0		656		476		276		116		0	
3	0		783		578		284		169		0	
4	0		900		790		542		331		0	
5	0		791		599		502		223		0	
6	0		655		444		278		131		0	
7	0		897		568		452		291		0	
8	0		663		554		282		113		0	
9	0		833		672		478		186		0	
10	0		750		488		488		243		0	
Store2
1	650		440		247		0		1006		650	
2	618		438		120		0		861		618	
3	314		92		55		0		545		314	
4	699		507		291		0		923		699	
5	493		348		196		0		831		493	
6	477		334		160		0		559		477	
7	495		352		145		0		656		495	
8	701		386		184		0		878		701	
9	349		90		61		0		662		349	
10	636		467		196		0		877		636	
Store3
1	0		771		534		375		124		0	
2	0		820		621		360		211		0	
3	0		630		480		306		149		0	
4	0		830		602		345		183		0	
5	0		835		580		395		165		0	
6	0		999		817		468		180		0	
7	0		820		569		348		115		0	
8	0		812		594		387		103		0	
9	0		848		608		398		202		0	
10	0		924		693		423		115		0	
Store4
1	0		375		262		221		176		0	
2	0		858		654		508		342		0	
3	0		750		433		304		169		0	
4	0		970		731		567		230		0	
5	0		924		576		363		205		0	
6	0		683		535		292		218		0	
7	0		924		737		491		197		0	
8	0		617		463		275		36		0	
9	0		895		735		429		185		0	
10	0		937		633		414		206		0	
Store5
1	472		256		130		0		590		472	
2	399		185		100		0		597		399	
3	529		390		155		0		722		529	
4	862		628		336		0		1053		862	
5	634		382		146		0		772		634	
6	676		407		287		0		839		676	
7	532		335		199		0		532		532	
8	679		351		141		0		840		679	
9	811		489		338		0		988		811	
10	519		349		140		0		697		519	


Shipments from Vendor to Warehouse (V T):
1.16698	0	0.9748947	0	0	

Shipments from Warehouse to Stores (S T):
1	1	0.4128647
1	5	0.3855433
2	4	0.530762
2	5	0.3400233
3	1	0.4322887
3	5	0.3513
4	1	0.4363533
4	5	0.3585133
5	4	0.493876
5	5	0.4661866


Required Putaway workers (Sol T):
3	2	3	4	0	

No of required pickers (T):
4	0	0	4	6	

No of part-time putaway workers (T):
0	0	0	1	0	

No of part-time pickers (T):
0	0	0	0	2	

Best Putaway Technology: 1200
Best Picking Technology: 1000

Required Fashion Putaway Hours:
0	14.5125	0	30.28333	0	

Required Basic Putaway Hours:
23.71583	0	17.47	0	0	

Required Total Putaway Hours:
23.71583	14.5125	17.47	30.28333	0	

No of required fashion pick hours:
0	0	0	5.955	47.8	

No of required basic pick hours:
29.706	0	0	19.717	0	

No of required total pick hours:
29.706	0	0	25.672	47.8	

List of all the costs: 
MHECost		432
PutawayTechCost		1060
PickingTechCost		9130
WhBasicInvCost		380.63
BasicInbCost		5565.324
WhFashionInvCost		826.3
FashionInbCost		6109.619
PutawayCost		5040
StoreBasicInvCost		4825.1
StoreFashionInvCost		2985.5
OutboundCost		9772.723
PickingCost		6880
Total		53007.2

List of Top5 Technologies: 
Tech1		2	6	$ 53007.2
Tech2		3	6	$ 53277.86
Tech3		3	4	$ 56344.71
Tech4		3	3	$ 63915.01
Tech5		3	1	$ 98001.61
The start time is 1/1/2015 8:20:29 AM
The End time is 1/1/2015 8:20:38 AM
