Printing New Fashion Solution:

Inbound Fashion Solution (V F T):
1	1	4	4660
1	2	2	5885
1	3	4	6800
1	4	2	4730
1	5	2	4315
1	6	2	4755
1	7	1	5130
1	8	4	7255
1	9	2	5470
1	10	4	4755


Outbound Fashion Solution(S F T):
1	1	5	1055
1	2	3	1140
1	3	5	1485
1	4	4	1025
1	5	4	415
1	6	3	510
1	7	4	1035
1	8	5	1160
1	9	3	1145
1	10	5	1050
2	1	5	1495
2	2	4	1435
2	3	5	1425
2	4	4	505
2	5	4	995
2	6	4	780
2	7	4	610
2	8	5	1630
2	9	4	1050
2	10	5	995
3	1	5	225
3	2	3	1035
3	3	5	1325
3	4	3	1050
3	5	4	1045
3	6	4	1400
3	7	3	1555
3	8	5	1760
3	9	3	460
3	10	5	540
4	1	5	875
4	2	3	1240
4	3	5	1340
4	4	4	595
4	5	4	870
4	6	4	865
4	7	4	1205
4	8	5	985
4	9	4	1105
4	10	5	500
5	1	5	1010
5	2	4	1035
5	3	5	1225
5	4	3	1555
5	5	4	990
5	6	4	1200
5	7	3	725
5	8	5	1720
5	9	3	1710
5	10	5	1670


Warehouse Fashion Inventory (W F T):
1	0		0		0		4660		0	
2	0		5885		2470		0		0	
3	0		0		0		6800		0	
4	0		4730		2125		0		0	
5	0		4315		4315		0		0	
6	0		4755		4245		0		0	
7	5130		5130		2850		0		0	
8	0		0		0		7255		0	
9	0		5470		2155		0		0	
10	0		0		0		4755		0	

Store Fashion Inventory (S F T):
Store1
1	0		0		0		1055	
2	0		1140		1140		1140	
3	0		0		0		1485	
4	0		0		1025		1025	
5	0		0		415		415	
6	0		510		510		510	
7	0		0		1035		1035	
8	0		0		0		1160	
9	0		1145		1145		1145	
10	0		0		0		1050	
Store2
1	0		0		0		1495	
2	0		0		1435		1435	
3	0		0		0		1425	
4	0		0		505		505	
5	0		0		995		995	
6	0		0		780		780	
7	0		0		610		610	
8	0		0		0		1630	
9	0		0		1050		1050	
10	0		0		0		995	
Store3
1	0		0		0		225	
2	0		1035		1035		1035	
3	0		0		0		1325	
4	0		1050		1050		1050	
5	0		0		1045		1045	
6	0		0		1400		1400	
7	0		1555		1555		1555	
8	0		0		0		1760	
9	0		460		460		460	
10	0		0		0		540	
Store4
1	0		0		0		875	
2	0		1240		1240		1240	
3	0		0		0		1340	
4	0		0		595		595	
5	0		0		870		870	
6	0		0		865		865	
7	0		0		1205		1205	
8	0		0		0		985	
9	0		0		1105		1105	
10	0		0		0		500	
Store5
1	0		0		0		1010	
2	0		0		1035		1035	
3	0		0		0		1225	
4	0		1555		1555		1555	
5	0		0		990		990	
6	0		0		1200		1200	
7	0		725		725		725	
8	0		0		0		1720	
9	0		1710		1710		1710	
10	0		0		0		1670	


Fashion Shipments from Vendor to Warehouse (V T):
0.04446	0.9764234	0	1.044953	

Printing New Basic Solution:

Inbound Solution (V P T):
1	1	1	1457
1	1	3	2184
1	1	5	1097
1	2	1	666
1	2	3	285
1	2	5	3704
1	3	1	543
1	3	3	2168
1	3	5	1807
1	4	1	622
1	4	3	1449
1	4	5	3602
1	5	1	217
1	5	3	867
1	5	5	3935
1	6	1	2784
1	6	3	696
1	6	5	1187
1	7	1	1598
1	7	3	2396
1	7	5	825
1	8	1	334
1	8	3	3002
1	8	5	1322
1	9	1	1952
1	9	3	2928
1	9	5	634
1	10	1	2973
1	10	3	1981
1	10	5	208


Outbound Solution(S P T):
1	1	1	822
1	1	5	185
1	2	1	709
1	2	5	116
1	3	1	844
1	3	5	169
1	4	1	639
1	4	5	331
1	5	1	737
1	5	5	223
1	6	1	762
1	6	5	131
1	7	1	812
1	7	5	291
1	8	1	585
1	8	5	113
1	9	1	1023
1	9	5	186
1	10	1	696
1	10	5	243
2	1	1	650
2	1	4	219
2	1	5	356
2	2	1	618
2	2	4	286
2	2	5	243
2	3	1	314
2	3	4	176
2	3	5	231
2	4	1	699
2	4	4	183
2	4	5	224
2	5	1	493
2	5	4	233
2	5	5	338
2	6	1	477
2	6	4	260
2	6	5	82
2	7	1	495
2	7	4	101
2	7	5	161
2	8	1	701
2	8	4	194
2	8	5	177
2	9	1	349
2	9	4	203
2	9	5	313
2	10	1	636
2	10	4	308
2	10	5	241
3	1	3	655
3	1	5	375
3	2	3	601
3	2	5	360
3	3	3	549
3	3	5	306
3	4	3	738
3	4	5	345
3	5	3	532
3	5	5	395
3	6	3	630
3	6	5	468
3	7	3	651
3	7	5	348
3	8	3	661
3	8	5	387
3	9	3	665
3	9	5	398
3	10	3	703
3	10	5	423
4	1	3	41
4	1	4	280
4	1	5	289
4	2	3	146
4	2	4	245
4	2	5	546
4	3	3	129
4	3	4	273
4	3	5	486
4	4	3	164
4	4	4	597
4	4	5	469
4	5	3	213
4	5	4	268
4	5	5	553
4	6	3	243
4	6	4	324
4	6	5	366
4	7	3	246
4	7	4	626
4	7	5	384
4	8	3	188
4	8	4	437
4	8	5	190
4	9	3	306
4	9	4	504
4	9	5	345
4	10	3	219
4	10	4	312
4	10	5	510
5	1	3	130
5	1	4	736
5	2	3	100
5	2	4	685
5	3	3	155
5	3	4	886
5	4	3	336
5	4	4	948
5	5	3	146
5	5	4	888
5	6	3	287
5	6	4	637
5	7	3	199
5	7	4	505
5	8	3	141
5	8	4	884
5	9	3	338
5	9	4	884
5	10	3	140
5	10	4	731


Warehouse Inventory (W P T):
1	15		0		0		1358		123		15	
2	2439		1778		1778		1216		0		2439	
3	615		0		0		1335		0		615	
4	2233		1517		1517		1728		0		2233	
5	2426		1413		1413		1389		0		2426	
6	140		1685		1685		1221		0		140	
7	0		291		291		1591		359		0	
8	952		0		0		2012		497		952	
9	0		580		580		2199		608		0	
10	0		1641		1641		2560		1209		0	

Store Inventory (S P T):
Store1
1	0		592		387		216		0		0	
2	0		540		360		160		0		0	
3	0		614		409		115		0		0	
4	0		569		459		211		0		0	
5	0		568		376		279		0		0	
6	0		524		313		147		0		0	
7	0		606		277		161		0		0	
8	0		550		441		169		0		0	
9	0		647		486		292		0		0	
10	0		507		245		245		0		0	
Store2
1	0		440		247		0		0		0	
2	0		438		120		0		0		0	
3	0		92		55		0		0		0	
4	0		507		291		0		0		0	
5	0		348		196		0		0		0	
6	0		334		160		0		0		0	
7	0		352		145		0		0		0	
8	0		386		184		0		0		0	
9	0		90		61		0		0		0	
10	0		467		196		0		0		0	
Store3
1	496		237		0		496		245		496	
2	340		199		0		340		191		340	
3	375		150		0		375		218		375	
4	481		228		0		481		319		481	
5	347		255		0		347		117		347	
6	288		189		7		288		0		288	
7	430		251		0		430		197		430	
8	454		218		0		454		170		454	
9	455		240		0		455		259		455	
10	433		231		0		433		125		433	
Store4
1	348		113		0		0		235		348	
2	283		204		0		0		79		283	
3	455		317		0		0		138		455	
4	499		239		0		0		260		499	
5	458		348		0		0		110		458	
6	398		148		0		0		250		398	
7	519		187		0		0		332		519	
8	352		154		0		0		198		352	
9	420		160		0		0		260		420	
10	408		304		0		0		104		408	
Store5
1	342		126		0		0		460		342	
2	299		85		0		0		497		299	
3	374		235		0		0		567		374	
4	526		292		0		0		717		526	
5	488		236		0		0		626		488	
6	389		120		0		0		552		389	
7	333		136		0		0		333		333	
8	538		210		0		0		699		538	
9	473		151		0		0		650		473	
10	379		209		0		0		557		379	


Shipments from Vendor to Warehouse (V T):
0.4835213	0	0.8403954	0	0.817958	

Shipments from Warehouse to Stores (S T):
1	1	0.3250047
1	3	0.1287867
1	4	0.04405333
1	5	0.3005633
2	1	0.228808
2	4	0.2905053
2	5	0.351472
3	3	0.3665587
3	4	0.09263334
3	5	0.3243967
4	3	0.1267093
4	4	0.3315353
4	5	0.336622
5	3	0.2274507
5	4	0.4682286
5	5	0.2643833


Required Putaway workers (Sol T):
2	3	2	3	2	

No of required pickers (T):
4	0	6	8	9	

No of part-time putaway workers (T):
0	1	0	1	0	

No of part-time pickers (T):
0	0	0	2	3	

Best Putaway Technology: 1200
Best Picking Technology: 500

Required Fashion Putaway Hours:
4.275	20.9625	0	19.55833	0	

Required Basic Putaway Hours:
10.955	0	14.96333	0	15.2675	

Required Total Putaway Hours:
15.23	20.9625	14.96333	19.55833	15.2675	

No of required fashion pick hours:
0	0	24.25	36.32	46.94	

No of required basic pick hours:
26.122	0	20.504	27.626	24.594	

No of required total pick hours:
26.122	0	44.754	63.946	71.534	

List of all the costs: 
MHECost		324
PutawayTechCost		1060
PickingTechCost		3195
WhBasicInvCost		460.35
BasicInbCost		5565.324
WhFashionInvCost		770.45
FashionInbCost		7381.799
PutawayCost		3680
StoreBasicInvCost		2434.85
StoreFashionInvCost		4808.25
OutboundCost		13889.8
PickingCost		10800
Total		54369.82

List of Top5 Technologies: 
Tech1		2	5	$ 54369.82
Tech2		2	3	$ 63526.5
Tech3		2	1	$ 94248.7
Tech4		1	1	$ 109076.9
Tech5		None	None	$ -
The start time is 1/1/2015 8:20:29 AM
The End time is 1/1/2015 8:20:37 AM
