WarehouseVolume:[
(1)	[100000000]
]
StoreVolume:[
(1)	[10000000]
(2)	[10000000]
(3)	[10000000]
(4)	[10000000]
(5)	[10000000]
]
StoreDemand:[
(1	1	1)	[230]
(1	1	2)	[205]
(1	1	3)	[171]
(1	1	4)	[216]
(1	1	5)	[185]
(1	2	1)	[169]
(1	2	2)	[180]
(1	2	3)	[200]
(1	2	4)	[160]
(1	2	5)	[116]
(1	3	1)	[230]
(1	3	2)	[205]
(1	3	3)	[294]
(1	3	4)	[115]
(1	3	5)	[169]
(1	4	1)	[70]
(1	4	2)	[110]
(1	4	3)	[248]
(1	4	4)	[211]
(1	4	5)	[331]
(1	5	1)	[169]
(1	5	2)	[192]
(1	5	3)	[97]
(1	5	4)	[279]
(1	5	5)	[223]
(1	6	1)	[238]
(1	6	2)	[211]
(1	6	3)	[166]
(1	6	4)	[147]
(1	6	5)	[131]
(1	7	1)	[206]
(1	7	2)	[329]
(1	7	3)	[116]
(1	7	4)	[161]
(1	7	5)	[291]
(1	8	1)	[35]
(1	8	2)	[109]
(1	8	3)	[272]
(1	8	4)	[169]
(1	8	5)	[113]
(1	9	1)	[376]
(1	9	2)	[161]
(1	9	3)	[194]
(1	9	4)	[292]
(1	9	5)	[186]
(1	10	1)	[189]
(1	10	2)	[262]
(1	10	3)	[0]
(1	10	4)	[245]
(1	10	5)	[243]
(2	1	1)	[210]
(2	1	2)	[193]
(2	1	3)	[247]
(2	1	4)	[219]
(2	1	5)	[356]
(2	2	1)	[180]
(2	2	2)	[318]
(2	2	3)	[120]
(2	2	4)	[286]
(2	2	5)	[243]
(2	3	1)	[222]
(2	3	2)	[37]
(2	3	3)	[55]
(2	3	4)	[176]
(2	3	5)	[231]
(2	4	1)	[192]
(2	4	2)	[216]
(2	4	3)	[291]
(2	4	4)	[183]
(2	4	5)	[224]
(2	5	1)	[145]
(2	5	2)	[152]
(2	5	3)	[196]
(2	5	4)	[233]
(2	5	5)	[338]
(2	6	1)	[143]
(2	6	2)	[174]
(2	6	3)	[160]
(2	6	4)	[260]
(2	6	5)	[82]
(2	7	1)	[143]
(2	7	2)	[207]
(2	7	3)	[145]
(2	7	4)	[101]
(2	7	5)	[161]
(2	8	1)	[315]
(2	8	2)	[202]
(2	8	3)	[184]
(2	8	4)	[194]
(2	8	5)	[177]
(2	9	1)	[259]
(2	9	2)	[29]
(2	9	3)	[61]
(2	9	4)	[203]
(2	9	5)	[313]
(2	10	1)	[169]
(2	10	2)	[271]
(2	10	3)	[196]
(2	10	4)	[308]
(2	10	5)	[241]
(3	1	1)	[259]
(3	1	2)	[237]
(3	1	3)	[159]
(3	1	4)	[251]
(3	1	5)	[124]
(3	2	1)	[141]
(3	2	2)	[199]
(3	2	3)	[261]
(3	2	4)	[149]
(3	2	5)	[211]
(3	3	1)	[225]
(3	3	2)	[150]
(3	3	3)	[174]
(3	3	4)	[157]
(3	3	5)	[149]
(3	4	1)	[253]
(3	4	2)	[228]
(3	4	3)	[257]
(3	4	4)	[162]
(3	4	5)	[183]
(3	5	1)	[92]
(3	5	2)	[255]
(3	5	3)	[185]
(3	5	4)	[230]
(3	5	5)	[165]
(3	6	1)	[99]
(3	6	2)	[182]
(3	6	3)	[349]
(3	6	4)	[288]
(3	6	5)	[180]
(3	7	1)	[179]
(3	7	2)	[251]
(3	7	3)	[221]
(3	7	4)	[233]
(3	7	5)	[115]
(3	8	1)	[236]
(3	8	2)	[218]
(3	8	3)	[207]
(3	8	4)	[284]
(3	8	5)	[103]
(3	9	1)	[215]
(3	9	2)	[240]
(3	9	3)	[210]
(3	9	4)	[196]
(3	9	5)	[202]
(3	10	1)	[202]
(3	10	2)	[231]
(3	10	3)	[270]
(3	10	4)	[308]
(3	10	5)	[115]
(4	1	1)	[235]
(4	1	2)	[113]
(4	1	3)	[41]
(4	1	4)	[45]
(4	1	5)	[176]
(4	2	1)	[79]
(4	2	2)	[204]
(4	2	3)	[146]
(4	2	4)	[166]
(4	2	5)	[342]
(4	3	1)	[138]
(4	3	2)	[317]
(4	3	3)	[129]
(4	3	4)	[135]
(4	3	5)	[169]
(4	4	1)	[260]
(4	4	2)	[239]
(4	4	3)	[164]
(4	4	4)	[337]
(4	4	5)	[230]
(4	5	1)	[110]
(4	5	2)	[348]
(4	5	3)	[213]
(4	5	4)	[158]
(4	5	5)	[205]
(4	6	1)	[250]
(4	6	2)	[148]
(4	6	3)	[243]
(4	6	4)	[74]
(4	6	5)	[218]
(4	7	1)	[332]
(4	7	2)	[187]
(4	7	3)	[246]
(4	7	4)	[294]
(4	7	5)	[197]
(4	8	1)	[198]
(4	8	2)	[154]
(4	8	3)	[188]
(4	8	4)	[239]
(4	8	5)	[36]
(4	9	1)	[260]
(4	9	2)	[160]
(4	9	3)	[306]
(4	9	4)	[244]
(4	9	5)	[185]
(4	10	1)	[104]
(4	10	2)	[304]
(4	10	3)	[219]
(4	10	4)	[208]
(4	10	5)	[206]
(5	1	1)	[216]
(5	1	2)	[126]
(5	1	3)	[130]
(5	1	4)	[276]
(5	1	5)	[118]
(5	2	1)	[214]
(5	2	2)	[85]
(5	2	3)	[100]
(5	2	4)	[188]
(5	2	5)	[198]
(5	3	1)	[139]
(5	3	2)	[235]
(5	3	3)	[155]
(5	3	4)	[319]
(5	3	5)	[193]
(5	4	1)	[234]
(5	4	2)	[292]
(5	4	3)	[336]
(5	4	4)	[231]
(5	4	5)	[191]
(5	5	1)	[252]
(5	5	2)	[236]
(5	5	3)	[146]
(5	5	4)	[262]
(5	5	5)	[138]
(5	6	1)	[269]
(5	6	2)	[120]
(5	6	3)	[287]
(5	6	4)	[85]
(5	6	5)	[163]
(5	7	1)	[197]
(5	7	2)	[136]
(5	7	3)	[199]
(5	7	4)	[172]
(5	7	5)	[0]
(5	8	1)	[328]
(5	8	2)	[210]
(5	8	3)	[141]
(5	8	4)	[185]
(5	8	5)	[161]
(5	9	1)	[322]
(5	9	2)	[151]
(5	9	3)	[338]
(5	9	4)	[234]
(5	9	5)	[177]
(5	10	1)	[170]
(5	10	2)	[209]
(5	10	3)	[140]
(5	10	4)	[174]
(5	10	5)	[178]
]
FixedCostVendorToWarehouse:[
(1	1)	[253.17]
]
FixedCostWarehouseToStore:[
(1	1)	[66.13]
(1	2)	[40.42]
(1	3)	[217.05]
(1	4)	[143.71]
(1	5)	[110.96]
]
Variable_FixedCostVendorToWarehouse:[
(1	1)	[884.41]
]
VariableCostVendorToWarehouse:[
(1	1)	[0.067]
]
Variable_FixedCostWarehouseToStore:[
(1	1)	[492.45]
(1	2)	[427.6]
(1	3)	[802.19]
(1	4)	[659.96]
(1	5)	[598.03]
]
VariableCostWarehouseToStore:[
(1	1)	[0.034]
(1	2)	[0.022]
(1	3)	[0.061]
(1	4)	[0.05]
(1	5)	[0.045]
]
ProductVolume:[
(1)	[0.62]
(2)	[0.19]
(3)	[0.89]
(4)	[0.46]
(5)	[0.01]
(6)	[0.95]
(7)	[0.57]
(8)	[0.06]
(9)	[0.18]
(10)	[0.52]
]
ProductWeight:[
(1)	[0.23]
(2)	[0.46]
(3)	[0.77]
(4)	[0.79]
(5)	[0.9]
(6)	[0.1]
(7)	[0.53]
(8)	[0.92]
(9)	[0.96]
(10)	[0.74]
]
MapVendorToProduct:[
(1	1)	[1]
(1	2)	[1]
(1	3)	[1]
(1	4)	[1]
(1	5)	[1]
(1	6)	[1]
(1	7)	[1]
(1	8)	[1]
(1	9)	[1]
(1	10)	[1]
]
LeadTimeWarehouseToStores:[
(1	1)	[0]
(1	2)	[0]
(1	3)	[0]
(1	4)	[0]
(1	5)	[0]
]
StoreDemandForFashionProducts:[
(1	1)	[1055]
(1	2)	[1140]
(1	3)	[1485]
(1	4)	[1025]
(1	5)	[415]
(1	6)	[510]
(1	7)	[1035]
(1	8)	[1160]
(1	9)	[1145]
(1	10)	[1050]
(2	1)	[1495]
(2	2)	[1435]
(2	3)	[1425]
(2	4)	[505]
(2	5)	[995]
(2	6)	[780]
(2	7)	[610]
(2	8)	[1630]
(2	9)	[1050]
(2	10)	[995]
(3	1)	[225]
(3	2)	[1035]
(3	3)	[1325]
(3	4)	[1050]
(3	5)	[1045]
(3	6)	[1400]
(3	7)	[1555]
(3	8)	[1760]
(3	9)	[460]
(3	10)	[540]
(4	1)	[875]
(4	2)	[1240]
(4	3)	[1340]
(4	4)	[595]
(4	5)	[870]
(4	6)	[865]
(4	7)	[1205]
(4	8)	[985]
(4	9)	[1105]
(4	10)	[500]
(5	1)	[1010]
(5	2)	[1035]
(5	3)	[1225]
(5	4)	[1555]
(5	5)	[990]
(5	6)	[1200]
(5	7)	[725]
(5	8)	[1720]
(5	9)	[1710]
(5	10)	[1670]
]
FixedCostFashionVendorToWarehouse:[
(1	1)	[297.11]
]
Variable_FixedCostFashionVendorToWarehouse:[
(1	1)	[975.07]
]
VariableCostFashionVendorToWarehouse:[
(1	1)	[0.074]
]
FashionProductVolume:[
(1)	[0.77]
(2)	[0.11]
(3)	[0.19]
(4)	[0.7]
(5)	[0.47]
(6)	[0.6]
(7)	[0.96]
(8)	[0.98]
(9)	[0.15]
(10)	[0.94]
]
FashionProductWeight:[
(1)	[0.64]
(2)	[0.5]
(3)	[0.53]
(4)	[0.23]
(5)	[0.7]
(6)	[0.47]
(7)	[0.13]
(8)	[0.63]
(9)	[0.98]
(10)	[0.95]
]
MapFashionVendorToProduct:[
(1	1)	[1]
(1	2)	[1]
(1	3)	[1]
(1	4)	[1]
(1	5)	[1]
(1	6)	[1]
(1	7)	[1]
(1	8)	[1]
(1	9)	[1]
(1	10)	[1]
]
