Printing New Fashion Solution:

Inbound Fashion Solution (V F T):
1	1	3	1365
1	2	3	1385
1	3	3	1745
1	4	3	2345
1	5	3	2265
1	6	3	1855
1	7	3	2095
1	8	3	1680
1	9	3	1560
1	10	3	2355
1	11	3	2160
1	12	3	1975
1	13	3	1750
1	14	3	1920
1	15	3	2305
1	16	3	2500
1	17	3	2735
1	18	3	1875
1	19	3	1870
1	20	3	2310
1	21	3	2400
1	22	3	2235
1	23	3	1855
1	24	3	1960
1	25	3	1805
2	26	4	1960
2	27	4	2205
2	28	4	1945
2	29	4	2185
2	30	4	1740
2	31	4	2435
2	32	4	1995
2	33	4	2280
2	34	4	2120
2	35	4	2155
2	36	4	2580
2	37	4	1835
2	38	4	2190
2	39	4	2010
2	40	4	1855
2	41	4	2075
2	42	4	2075
2	43	4	2035
2	44	4	2165
2	45	4	2070
2	46	4	2130
2	47	4	2135
2	48	4	1795
2	49	4	2065
2	50	4	2045


Outbound Fashion Solution(S F T):
1	1	5	10
1	2	5	145
1	3	5	210
1	4	5	330
1	5	5	170
1	6	5	255
1	7	5	260
1	8	5	180
1	9	5	80
1	10	5	320
1	11	5	105
1	12	5	180
1	13	5	265
1	14	5	170
1	15	5	270
1	16	5	280
1	17	5	215
1	18	5	75
1	19	5	150
1	20	5	120
1	21	5	240
1	22	5	310
1	23	5	195
1	24	5	295
1	25	5	145
1	26	5	135
1	27	5	340
1	28	5	60
1	29	5	240
1	30	5	130
1	31	5	240
1	32	5	260
1	33	5	215
1	34	5	330
1	35	5	275
1	36	5	195
1	37	5	285
1	38	5	190
1	39	5	110
1	40	5	190
1	41	5	35
1	42	5	280
1	43	5	265
1	44	5	195
1	45	5	80
1	46	5	230
1	47	5	235
1	48	5	65
1	49	5	345
1	50	5	135
2	1	5	155
2	2	5	145
2	3	5	190
2	4	5	440
2	5	5	275
2	6	5	220
2	7	5	360
2	8	5	120
2	10	5	140
2	11	5	275
2	12	5	90
2	13	5	245
2	14	5	330
2	15	5	280
2	16	5	190
2	17	5	295
2	18	5	250
2	19	5	95
2	20	5	285
2	21	5	205
2	22	5	220
2	23	5	235
2	24	5	105
2	25	5	145
2	26	5	160
2	27	5	285
2	28	5	165
2	29	5	205
2	30	5	115
2	31	5	165
2	32	5	185
2	33	5	230
2	34	5	175
2	35	5	135
2	36	5	265
2	37	5	220
2	38	5	215
2	39	5	200
2	40	5	255
2	41	5	320
2	42	5	200
2	43	5	50
2	44	5	235
2	45	5	190
2	46	5	260
2	47	5	315
2	48	5	180
2	49	5	240
2	50	5	260
3	1	5	180
3	2	5	190
3	3	5	110
3	4	5	270
3	5	5	170
3	6	5	305
3	7	5	145
3	8	5	155
3	9	5	210
3	10	5	315
3	11	5	235
3	12	5	280
3	13	5	155
3	14	5	95
3	15	5	290
3	16	5	275
3	17	5	235
3	18	5	55
3	19	5	195
3	20	5	185
3	21	5	255
3	22	5	210
3	23	5	225
3	24	5	345
3	25	5	105
3	26	5	175
3	27	5	85
3	28	5	305
3	29	5	235
3	30	5	125
3	31	5	350
3	32	5	235
3	33	5	160
3	34	5	160
3	35	5	235
3	36	5	185
3	37	5	125
3	38	5	155
3	39	5	135
3	40	5	280
3	41	5	195
3	42	5	175
3	43	5	165
3	44	5	200
3	45	5	240
3	46	5	160
3	47	5	110
3	48	5	235
3	49	5	200
3	50	5	240
4	1	5	235
4	2	5	150
4	3	5	150
4	4	5	95
4	5	5	270
4	6	5	130
4	7	5	240
4	8	5	75
4	9	5	240
4	10	5	260
4	11	5	170
4	12	5	50
4	13	5	145
4	14	5	175
4	15	5	210
4	16	5	210
4	17	5	310
4	18	5	130
4	19	5	290
4	20	5	200
4	21	5	140
4	22	5	50
4	23	5	250
4	24	5	120
4	25	5	170
4	26	5	190
4	27	5	195
4	28	5	55
4	29	5	225
4	30	5	125
4	31	5	250
4	32	5	70
4	33	5	235
4	34	5	260
4	35	5	230
4	36	5	220
4	37	5	185
4	38	5	200
4	39	5	165
4	40	5	150
4	41	5	185
4	42	5	230
4	43	5	220
4	44	5	220
4	45	5	220
4	46	5	205
4	47	5	165
4	48	5	170
4	49	5	130
4	50	5	200
5	1	5	240
5	2	5	100
5	3	5	195
5	4	5	160
5	5	5	210
5	6	5	135
5	7	5	415
5	8	5	260
5	9	5	145
5	10	5	105
5	11	5	285
5	12	5	235
5	13	5	110
5	14	5	125
5	15	5	130
5	16	5	260
5	17	5	340
5	18	5	195
5	19	5	170
5	20	5	135
5	21	5	400
5	22	5	335
5	23	5	265
5	24	5	215
5	25	5	175
5	26	5	165
5	27	5	290
5	28	5	310
5	29	5	295
5	30	5	65
5	31	5	165
5	32	5	225
5	33	5	255
5	34	5	265
5	35	5	165
5	36	5	265
5	37	5	245
5	38	5	165
5	39	5	145
5	40	5	235
5	41	5	300
5	42	5	205
5	43	5	255
5	44	5	310
5	45	5	245
5	46	5	235
5	47	5	105
5	48	5	190
5	49	5	235
5	50	5	330
6	1	5	130
6	2	5	145
6	3	5	200
6	4	5	295
6	5	5	135
6	6	5	225
6	7	5	225
6	8	5	115
6	9	5	185
6	10	5	110
6	11	5	175
6	12	5	275
6	13	5	215
6	14	5	360
6	15	5	430
6	16	5	260
6	17	5	245
6	18	5	300
6	19	5	260
6	20	5	330
6	21	5	245
6	22	5	230
6	23	5	195
6	24	5	175
6	25	5	195
6	26	5	135
6	27	5	100
6	28	5	230
6	29	5	260
6	30	5	140
6	31	5	220
6	32	5	130
6	33	5	240
6	34	5	160
6	35	5	120
6	36	5	75
6	37	5	10
6	38	5	280
6	39	5	200
6	40	5	270
6	41	5	255
6	42	5	210
6	43	5	255
6	44	5	130
6	45	5	275
6	46	5	270
6	47	5	150
6	48	5	150
6	49	5	280
6	50	5	50
7	1	5	220
7	2	5	135
7	3	5	255
7	4	5	135
7	5	5	395
7	6	5	280
7	7	5	110
7	8	5	165
7	9	5	185
7	10	5	280
7	11	5	275
7	12	5	265
7	13	5	95
7	14	5	295
7	15	5	120
7	16	5	270
7	17	5	185
7	18	5	290
7	19	5	195
7	20	5	365
7	21	5	195
7	22	5	215
7	23	5	120
7	24	5	50
7	25	5	345
7	26	5	210
7	27	5	250
7	28	5	45
7	29	5	210
7	30	5	170
7	31	5	190
7	32	5	270
7	33	5	290
7	34	5	120
7	35	5	365
7	36	5	395
7	37	5	115
7	38	5	375
7	39	5	290
7	40	5	120
7	41	5	275
7	42	5	230
7	43	5	120
7	44	5	265
7	45	5	160
7	46	5	160
7	47	5	290
7	48	5	90
7	49	5	175
7	50	5	140
8	1	5	45
8	2	5	190
8	4	5	200
8	5	5	195
8	6	5	50
8	7	5	160
8	8	5	345
8	9	5	185
8	10	5	250
8	11	5	145
8	12	5	165
8	13	5	210
8	14	5	150
8	15	5	145
8	16	5	140
8	17	5	135
8	18	5	150
8	19	5	145
8	20	5	180
8	21	5	180
8	22	5	310
8	23	5	265
8	24	5	295
8	25	5	235
8	26	5	290
8	27	5	145
8	28	5	250
8	29	5	175
8	30	5	270
8	31	5	305
8	32	5	60
8	33	5	205
8	34	5	195
8	35	5	385
8	36	5	320
8	37	5	260
8	38	5	205
8	39	5	215
8	40	5	80
8	41	5	250
8	42	5	235
8	43	5	190
8	44	5	150
8	45	5	170
8	46	5	195
8	47	5	235
8	48	5	280
8	49	5	60
8	50	5	200
9	1	5	95
9	2	5	115
9	3	5	195
9	4	5	150
9	5	5	210
9	6	5	50
9	7	5	155
9	8	5	210
9	9	5	110
9	10	5	335
9	11	5	325
9	12	5	270
9	13	5	150
9	14	5	5
9	15	5	275
9	16	5	300
9	17	5	275
9	18	5	280
9	19	5	165
9	20	5	220
9	21	5	205
9	22	5	160
9	24	5	275
9	25	5	140
9	26	5	100
9	27	5	330
9	28	5	220
9	29	5	195
9	30	5	345
9	31	5	270
9	32	5	185
9	33	5	220
9	34	5	245
9	35	5	100
9	36	5	420
9	37	5	230
9	38	5	155
9	39	5	250
9	40	5	130
9	41	5	85
9	42	5	130
9	43	5	275
9	44	5	280
9	45	5	270
9	46	5	185
9	47	5	195
9	48	5	310
9	49	5	140
9	50	5	200
10	1	5	55
10	2	5	70
10	3	5	240
10	4	5	270
10	5	5	235
10	6	5	205
10	7	5	25
10	8	5	55
10	9	5	220
10	10	5	240
10	11	5	170
10	12	5	165
10	13	5	160
10	14	5	215
10	15	5	155
10	16	5	315
10	17	5	500
10	18	5	150
10	19	5	205
10	20	5	290
10	21	5	335
10	22	5	195
10	23	5	105
10	24	5	85
10	25	5	150
10	26	5	400
10	27	5	185
10	28	5	305
10	29	5	145
10	30	5	255
10	31	5	280
10	32	5	375
10	33	5	230
10	34	5	210
10	35	5	145
10	36	5	240
10	37	5	160
10	38	5	250
10	39	5	300
10	40	5	145
10	41	5	175
10	42	5	180
10	43	5	240
10	44	5	180
10	45	5	220
10	46	5	230
10	47	5	335
10	48	5	125
10	49	5	260
10	50	5	290


Warehouse Fashion Inventory (W F T):
1	0		0		1365		1365		0	
2	0		0		1385		1385		0	
3	0		0		1745		1745		0	
4	0		0		2345		2345		0	
5	0		0		2265		2265		0	
6	0		0		1855		1855		0	
7	0		0		2095		2095		0	
8	0		0		1680		1680		0	
9	0		0		1560		1560		0	
10	0		0		2355		2355		0	
11	0		0		2160		2160		0	
12	0		0		1975		1975		0	
13	0		0		1750		1750		0	
14	0		0		1920		1920		0	
15	0		0		2305		2305		0	
16	0		0		2500		2500		0	
17	0		0		2735		2735		0	
18	0		0		1875		1875		0	
19	0		0		1870		1870		0	
20	0		0		2310		2310		0	
21	0		0		2400		2400		0	
22	0		0		2235		2235		0	
23	0		0		1855		1855		0	
24	0		0		1960		1960		0	
25	0		0		1805		1805		0	
26	0		0		0		1960		0	
27	0		0		0		2205		0	
28	0		0		0		1945		0	
29	0		0		0		2185		0	
30	0		0		0		1740		0	
31	0		0		0		2435		0	
32	0		0		0		1995		0	
33	0		0		0		2280		0	
34	0		0		0		2120		0	
35	0		0		0		2155		0	
36	0		0		0		2580		0	
37	0		0		0		1835		0	
38	0		0		0		2190		0	
39	0		0		0		2010		0	
40	0		0		0		1855		0	
41	0		0		0		2075		0	
42	0		0		0		2075		0	
43	0		0		0		2035		0	
44	0		0		0		2165		0	
45	0		0		0		2070		0	
46	0		0		0		2130		0	
47	0		0		0		2135		0	
48	0		0		0		1795		0	
49	0		0		0		2065		0	
50	0		0		0		2045		0	

Store Fashion Inventory (S F T):
Store1
1	0		0		0		10	
2	0		0		0		145	
3	0		0		0		210	
4	0		0		0		330	
5	0		0		0		170	
6	0		0		0		255	
7	0		0		0		260	
8	0		0		0		180	
9	0		0		0		80	
10	0		0		0		320	
11	0		0		0		105	
12	0		0		0		180	
13	0		0		0		265	
14	0		0		0		170	
15	0		0		0		270	
16	0		0		0		280	
17	0		0		0		215	
18	0		0		0		75	
19	0		0		0		150	
20	0		0		0		120	
21	0		0		0		240	
22	0		0		0		310	
23	0		0		0		195	
24	0		0		0		295	
25	0		0		0		145	
26	0		0		0		135	
27	0		0		0		340	
28	0		0		0		60	
29	0		0		0		240	
30	0		0		0		130	
31	0		0		0		240	
32	0		0		0		260	
33	0		0		0		215	
34	0		0		0		330	
35	0		0		0		275	
36	0		0		0		195	
37	0		0		0		285	
38	0		0		0		190	
39	0		0		0		110	
40	0		0		0		190	
41	0		0		0		35	
42	0		0		0		280	
43	0		0		0		265	
44	0		0		0		195	
45	0		0		0		80	
46	0		0		0		230	
47	0		0		0		235	
48	0		0		0		65	
49	0		0		0		345	
50	0		0		0		135	
Store2
1	0		0		0		155	
2	0		0		0		145	
3	0		0		0		190	
4	0		0		0		440	
5	0		0		0		275	
6	0		0		0		220	
7	0		0		0		360	
8	0		0		0		120	
9	0		0		0		0	
10	0		0		0		140	
11	0		0		0		275	
12	0		0		0		90	
13	0		0		0		245	
14	0		0		0		330	
15	0		0		0		280	
16	0		0		0		190	
17	0		0		0		295	
18	0		0		0		250	
19	0		0		0		95	
20	0		0		0		285	
21	0		0		0		205	
22	0		0		0		220	
23	0		0		0		235	
24	0		0		0		105	
25	0		0		0		145	
26	0		0		0		160	
27	0		0		0		285	
28	0		0		0		165	
29	0		0		0		205	
30	0		0		0		115	
31	0		0		0		165	
32	0		0		0		185	
33	0		0		0		230	
34	0		0		0		175	
35	0		0		0		135	
36	0		0		0		265	
37	0		0		0		220	
38	0		0		0		215	
39	0		0		0		200	
40	0		0		0		255	
41	0		0		0		320	
42	0		0		0		200	
43	0		0		0		50	
44	0		0		0		235	
45	0		0		0		190	
46	0		0		0		260	
47	0		0		0		315	
48	0		0		0		180	
49	0		0		0		240	
50	0		0		0		260	
Store3
1	0		0		0		180	
2	0		0		0		190	
3	0		0		0		110	
4	0		0		0		270	
5	0		0		0		170	
6	0		0		0		305	
7	0		0		0		145	
8	0		0		0		155	
9	0		0		0		210	
10	0		0		0		315	
11	0		0		0		235	
12	0		0		0		280	
13	0		0		0		155	
14	0		0		0		95	
15	0		0		0		290	
16	0		0		0		275	
17	0		0		0		235	
18	0		0		0		55	
19	0		0		0		195	
20	0		0		0		185	
21	0		0		0		255	
22	0		0		0		210	
23	0		0		0		225	
24	0		0		0		345	
25	0		0		0		105	
26	0		0		0		175	
27	0		0		0		85	
28	0		0		0		305	
29	0		0		0		235	
30	0		0		0		125	
31	0		0		0		350	
32	0		0		0		235	
33	0		0		0		160	
34	0		0		0		160	
35	0		0		0		235	
36	0		0		0		185	
37	0		0		0		125	
38	0		0		0		155	
39	0		0		0		135	
40	0		0		0		280	
41	0		0		0		195	
42	0		0		0		175	
43	0		0		0		165	
44	0		0		0		200	
45	0		0		0		240	
46	0		0		0		160	
47	0		0		0		110	
48	0		0		0		235	
49	0		0		0		200	
50	0		0		0		240	
Store4
1	0		0		0		235	
2	0		0		0		150	
3	0		0		0		150	
4	0		0		0		95	
5	0		0		0		270	
6	0		0		0		130	
7	0		0		0		240	
8	0		0		0		75	
9	0		0		0		240	
10	0		0		0		260	
11	0		0		0		170	
12	0		0		0		50	
13	0		0		0		145	
14	0		0		0		175	
15	0		0		0		210	
16	0		0		0		210	
17	0		0		0		310	
18	0		0		0		130	
19	0		0		0		290	
20	0		0		0		200	
21	0		0		0		140	
22	0		0		0		50	
23	0		0		0		250	
24	0		0		0		120	
25	0		0		0		170	
26	0		0		0		190	
27	0		0		0		195	
28	0		0		0		55	
29	0		0		0		225	
30	0		0		0		125	
31	0		0		0		250	
32	0		0		0		70	
33	0		0		0		235	
34	0		0		0		260	
35	0		0		0		230	
36	0		0		0		220	
37	0		0		0		185	
38	0		0		0		200	
39	0		0		0		165	
40	0		0		0		150	
41	0		0		0		185	
42	0		0		0		230	
43	0		0		0		220	
44	0		0		0		220	
45	0		0		0		220	
46	0		0		0		205	
47	0		0		0		165	
48	0		0		0		170	
49	0		0		0		130	
50	0		0		0		200	
Store5
1	0		0		0		240	
2	0		0		0		100	
3	0		0		0		195	
4	0		0		0		160	
5	0		0		0		210	
6	0		0		0		135	
7	0		0		0		415	
8	0		0		0		260	
9	0		0		0		145	
10	0		0		0		105	
11	0		0		0		285	
12	0		0		0		235	
13	0		0		0		110	
14	0		0		0		125	
15	0		0		0		130	
16	0		0		0		260	
17	0		0		0		340	
18	0		0		0		195	
19	0		0		0		170	
20	0		0		0		135	
21	0		0		0		400	
22	0		0		0		335	
23	0		0		0		265	
24	0		0		0		215	
25	0		0		0		175	
26	0		0		0		165	
27	0		0		0		290	
28	0		0		0		310	
29	0		0		0		295	
30	0		0		0		65	
31	0		0		0		165	
32	0		0		0		225	
33	0		0		0		255	
34	0		0		0		265	
35	0		0		0		165	
36	0		0		0		265	
37	0		0		0		245	
38	0		0		0		165	
39	0		0		0		145	
40	0		0		0		235	
41	0		0		0		300	
42	0		0		0		205	
43	0		0		0		255	
44	0		0		0		310	
45	0		0		0		245	
46	0		0		0		235	
47	0		0		0		105	
48	0		0		0		190	
49	0		0		0		235	
50	0		0		0		330	
Store6
1	0		0		0		130	
2	0		0		0		145	
3	0		0		0		200	
4	0		0		0		295	
5	0		0		0		135	
6	0		0		0		225	
7	0		0		0		225	
8	0		0		0		115	
9	0		0		0		185	
10	0		0		0		110	
11	0		0		0		175	
12	0		0		0		275	
13	0		0		0		215	
14	0		0		0		360	
15	0		0		0		430	
16	0		0		0		260	
17	0		0		0		245	
18	0		0		0		300	
19	0		0		0		260	
20	0		0		0		330	
21	0		0		0		245	
22	0		0		0		230	
23	0		0		0		195	
24	0		0		0		175	
25	0		0		0		195	
26	0		0		0		135	
27	0		0		0		100	
28	0		0		0		230	
29	0		0		0		260	
30	0		0		0		140	
31	0		0		0		220	
32	0		0		0		130	
33	0		0		0		240	
34	0		0		0		160	
35	0		0		0		120	
36	0		0		0		75	
37	0		0		0		10	
38	0		0		0		280	
39	0		0		0		200	
40	0		0		0		270	
41	0		0		0		255	
42	0		0		0		210	
43	0		0		0		255	
44	0		0		0		130	
45	0		0		0		275	
46	0		0		0		270	
47	0		0		0		150	
48	0		0		0		150	
49	0		0		0		280	
50	0		0		0		50	
Store7
1	0		0		0		220	
2	0		0		0		135	
3	0		0		0		255	
4	0		0		0		135	
5	0		0		0		395	
6	0		0		0		280	
7	0		0		0		110	
8	0		0		0		165	
9	0		0		0		185	
10	0		0		0		280	
11	0		0		0		275	
12	0		0		0		265	
13	0		0		0		95	
14	0		0		0		295	
15	0		0		0		120	
16	0		0		0		270	
17	0		0		0		185	
18	0		0		0		290	
19	0		0		0		195	
20	0		0		0		365	
21	0		0		0		195	
22	0		0		0		215	
23	0		0		0		120	
24	0		0		0		50	
25	0		0		0		345	
26	0		0		0		210	
27	0		0		0		250	
28	0		0		0		45	
29	0		0		0		210	
30	0		0		0		170	
31	0		0		0		190	
32	0		0		0		270	
33	0		0		0		290	
34	0		0		0		120	
35	0		0		0		365	
36	0		0		0		395	
37	0		0		0		115	
38	0		0		0		375	
39	0		0		0		290	
40	0		0		0		120	
41	0		0		0		275	
42	0		0		0		230	
43	0		0		0		120	
44	0		0		0		265	
45	0		0		0		160	
46	0		0		0		160	
47	0		0		0		290	
48	0		0		0		90	
49	0		0		0		175	
50	0		0		0		140	
Store8
1	0		0		0		45	
2	0		0		0		190	
3	0		0		0		0	
4	0		0		0		200	
5	0		0		0		195	
6	0		0		0		50	
7	0		0		0		160	
8	0		0		0		345	
9	0		0		0		185	
10	0		0		0		250	
11	0		0		0		145	
12	0		0		0		165	
13	0		0		0		210	
14	0		0		0		150	
15	0		0		0		145	
16	0		0		0		140	
17	0		0		0		135	
18	0		0		0		150	
19	0		0		0		145	
20	0		0		0		180	
21	0		0		0		180	
22	0		0		0		310	
23	0		0		0		265	
24	0		0		0		295	
25	0		0		0		235	
26	0		0		0		290	
27	0		0		0		145	
28	0		0		0		250	
29	0		0		0		175	
30	0		0		0		270	
31	0		0		0		305	
32	0		0		0		60	
33	0		0		0		205	
34	0		0		0		195	
35	0		0		0		385	
36	0		0		0		320	
37	0		0		0		260	
38	0		0		0		205	
39	0		0		0		215	
40	0		0		0		80	
41	0		0		0		250	
42	0		0		0		235	
43	0		0		0		190	
44	0		0		0		150	
45	0		0		0		170	
46	0		0		0		195	
47	0		0		0		235	
48	0		0		0		280	
49	0		0		0		60	
50	0		0		0		200	
Store9
1	0		0		0		95	
2	0		0		0		115	
3	0		0		0		195	
4	0		0		0		150	
5	0		0		0		210	
6	0		0		0		50	
7	0		0		0		155	
8	0		0		0		210	
9	0		0		0		110	
10	0		0		0		335	
11	0		0		0		325	
12	0		0		0		270	
13	0		0		0		150	
14	0		0		0		5	
15	0		0		0		275	
16	0		0		0		300	
17	0		0		0		275	
18	0		0		0		280	
19	0		0		0		165	
20	0		0		0		220	
21	0		0		0		205	
22	0		0		0		160	
23	0		0		0		0	
24	0		0		0		275	
25	0		0		0		140	
26	0		0		0		100	
27	0		0		0		330	
28	0		0		0		220	
29	0		0		0		195	
30	0		0		0		345	
31	0		0		0		270	
32	0		0		0		185	
33	0		0		0		220	
34	0		0		0		245	
35	0		0		0		100	
36	0		0		0		420	
37	0		0		0		230	
38	0		0		0		155	
39	0		0		0		250	
40	0		0		0		130	
41	0		0		0		85	
42	0		0		0		130	
43	0		0		0		275	
44	0		0		0		280	
45	0		0		0		270	
46	0		0		0		185	
47	0		0		0		195	
48	0		0		0		310	
49	0		0		0		140	
50	0		0		0		200	
Store10
1	0		0		0		55	
2	0		0		0		70	
3	0		0		0		240	
4	0		0		0		270	
5	0		0		0		235	
6	0		0		0		205	
7	0		0		0		25	
8	0		0		0		55	
9	0		0		0		220	
10	0		0		0		240	
11	0		0		0		170	
12	0		0		0		165	
13	0		0		0		160	
14	0		0		0		215	
15	0		0		0		155	
16	0		0		0		315	
17	0		0		0		500	
18	0		0		0		150	
19	0		0		0		205	
20	0		0		0		290	
21	0		0		0		335	
22	0		0		0		195	
23	0		0		0		105	
24	0		0		0		85	
25	0		0		0		150	
26	0		0		0		400	
27	0		0		0		185	
28	0		0		0		305	
29	0		0		0		145	
30	0		0		0		255	
31	0		0		0		280	
32	0		0		0		375	
33	0		0		0		230	
34	0		0		0		210	
35	0		0		0		145	
36	0		0		0		240	
37	0		0		0		160	
38	0		0		0		250	
39	0		0		0		300	
40	0		0		0		145	
41	0		0		0		175	
42	0		0		0		180	
43	0		0		0		240	
44	0		0		0		180	
45	0		0		0		220	
46	0		0		0		230	
47	0		0		0		335	
48	0		0		0		125	
49	0		0		0		260	
50	0		0		0		290	


Fashion Shipments from Vendor to Warehouse (V T):
0	0	1.944747	0	
0	0	0	1.823233	

Printing New Basic Solution:

Inbound Solution (V P T):
1	1	2	1214
1	1	5	809
1	2	2	890
1	2	5	1333
1	3	2	430
1	3	5	1718
1	4	2	1013
1	4	5	1013
1	5	2	1503
1	5	5	375
1	6	2	206
1	6	5	1854
1	7	2	1740
1	7	5	435
1	8	2	1102
1	8	5	1101
1	9	2	824
1	9	5	1236
1	10	2	182
1	10	5	1631
1	11	2	1054
1	11	5	1054
1	12	2	1872
1	12	5	208
1	13	2	1874
1	13	5	208
1	14	2	1379
1	14	5	590
1	15	2	580
1	15	5	1353
1	16	2	1445
1	16	5	618
2	17	1	1972
2	18	1	2026
2	19	1	1937
2	20	1	2069
2	21	1	1939
2	22	1	1957
2	23	1	2053
2	24	1	2106
2	25	1	1881
2	26	1	1931
2	27	1	1961
2	28	1	2102
2	29	1	1914
2	30	1	1916
2	31	1	2041
2	32	1	1974
3	33	2	1791
3	33	5	198
3	34	2	580
3	34	5	1352
3	35	2	1954
3	35	5	217
3	36	2	416
3	36	5	1660
3	37	2	1043
3	37	5	1043
3	38	2	1420
3	38	5	355
3	39	2	1442
3	39	5	617
3	40	2	418
3	40	5	1669
3	41	2	1226
3	41	5	817
3	42	2	218
3	42	5	1954
3	43	2	985
3	43	5	984
3	44	2	418
3	44	5	1672
3	45	2	223
3	45	5	2007
3	46	2	1051
3	46	5	1051
3	47	2	576
3	47	5	1341
3	48	2	1883
3	48	5	209
3	49	2	842
3	49	5	841
3	50	2	2219


Outbound Solution(S P T):
1	1	2	251
1	2	2	224
1	3	2	245
1	4	2	218
1	5	2	133
1	6	2	216
1	7	2	200
1	8	2	269
1	9	2	242
1	10	2	187
1	11	2	192
1	12	2	241
1	13	2	136
1	14	2	182
1	15	2	212
1	16	2	193
1	17	2	208
1	18	2	179
1	19	2	168
1	20	2	231
1	21	2	197
1	22	2	193
1	23	2	224
1	24	2	201
1	25	2	148
1	26	2	197
1	27	2	190
1	28	2	147
1	29	2	235
1	30	2	204
1	31	2	211
1	32	2	145
1	33	2	137
1	34	2	145
1	35	2	196
1	36	2	215
1	37	2	225
1	38	2	148
1	39	2	216
1	40	2	251
1	41	2	211
1	42	2	203
1	43	2	211
1	44	2	230
1	45	2	312
1	46	2	237
1	47	2	148
1	48	2	200
1	49	2	144
1	50	2	207
2	1	2	269
2	2	2	216
2	3	2	257
2	4	2	187
2	5	2	214
2	6	2	204
2	7	2	184
2	8	2	188
2	9	2	219
2	10	2	155
2	11	2	218
2	12	2	151
2	13	2	208
2	14	2	204
2	15	2	176
2	16	2	219
2	17	2	244
2	18	2	272
2	19	2	173
2	20	2	222
2	21	2	169
2	22	2	196
2	23	2	162
2	24	2	190
2	25	2	220
2	26	2	211
2	27	2	129
2	28	2	224
2	29	2	200
2	30	2	144
2	31	2	198
2	32	2	165
2	33	2	203
2	34	2	183
2	35	2	182
2	36	2	210
2	37	2	204
2	38	2	225
2	39	2	194
2	40	2	216
2	41	2	115
2	42	2	206
2	43	2	165
2	44	2	234
2	45	2	279
2	46	2	202
2	47	2	178
2	48	2	212
2	49	2	190
2	50	2	218
3	1	1	196
3	2	1	251
3	3	1	228
3	4	1	223
3	5	1	126
3	6	1	245
3	7	1	211
3	8	1	161
3	9	1	181
3	10	1	111
3	11	1	206
3	12	1	212
3	13	1	224
3	14	1	197
3	15	1	242
3	16	1	181
3	17	1	192
3	18	1	159
3	19	1	185
3	20	1	218
3	21	1	216
3	22	1	194
3	23	1	195
3	24	1	181
3	25	1	173
3	26	1	180
3	27	1	229
3	28	1	194
3	29	1	199
3	30	1	212
3	31	1	173
3	32	1	201
3	33	1	180
3	34	1	176
3	35	1	167
3	36	1	256
3	37	1	189
3	38	1	181
3	39	1	220
3	40	1	186
3	41	1	212
3	42	1	152
3	43	1	181
3	44	1	206
3	45	1	232
3	46	1	239
3	47	1	235
3	48	1	229
3	49	1	172
3	50	1	218
4	1	2	213
4	2	2	188
4	3	2	275
4	4	2	217
4	5	2	177
4	6	2	191
4	7	2	288
4	8	2	187
4	9	2	181
4	10	2	208
4	11	2	211
4	12	2	227
4	13	2	236
4	14	2	225
4	15	2	137
4	16	2	226
4	17	2	214
4	18	2	194
4	19	2	139
4	20	2	165
4	21	2	180
4	22	2	225
4	23	2	181
4	24	2	280
4	25	2	178
4	26	2	198
4	27	2	179
4	28	2	212
4	29	2	209
4	30	2	193
4	31	2	249
4	32	2	174
4	33	2	192
4	34	2	249
4	35	2	190
4	36	2	205
4	37	2	246
4	38	2	197
4	39	2	138
4	40	2	226
4	41	2	192
4	42	2	163
4	43	2	168
4	44	2	176
4	45	2	198
4	46	2	201
4	47	2	175
4	48	2	214
4	49	2	173
4	50	2	235
5	1	1	141
5	2	1	263
5	3	1	230
5	4	1	195
5	5	1	148
5	6	1	185
5	7	1	265
5	8	1	177
5	9	1	168
5	10	1	201
5	11	1	247
5	12	1	176
5	13	1	225
5	14	1	158
5	15	1	156
5	16	1	204
5	17	1	225
5	18	1	180
5	19	1	231
5	20	1	205
5	21	1	110
5	22	1	196
5	23	1	193
5	24	1	202
5	25	1	167
5	26	1	136
5	27	1	178
5	28	1	204
5	29	1	183
5	30	1	189
5	31	1	241
5	32	1	247
5	33	1	182
5	34	1	203
5	35	1	203
5	36	1	213
5	37	1	185
5	38	1	159
5	39	1	259
5	40	1	154
5	41	1	257
5	42	1	276
5	43	1	227
5	44	1	224
5	45	1	166
5	46	1	188
5	47	1	215
5	48	1	250
5	49	1	108
5	50	1	257
6	1	1	220
6	2	1	239
6	3	1	196
6	4	1	184
6	5	1	268
6	6	1	221
6	7	1	212
6	8	1	226
6	9	1	225
6	10	1	207
6	11	1	212
6	12	1	184
6	13	1	219
6	14	1	169
6	15	1	215
6	16	1	215
6	17	1	195
6	18	1	181
6	19	1	216
6	20	1	206
6	21	1	170
6	22	1	191
6	23	1	230
6	24	1	227
6	25	1	188
6	26	1	184
6	27	1	216
6	28	1	181
6	29	1	236
6	30	1	99
6	31	1	236
6	32	1	204
6	33	1	152
6	34	1	228
6	35	1	270
6	36	1	237
6	37	1	225
6	38	1	169
6	39	1	241
6	40	1	204
6	41	1	193
6	42	1	227
6	43	1	114
6	44	1	257
6	45	1	186
6	46	1	203
6	47	1	153
6	48	1	165
6	49	1	194
6	50	1	197
7	1	2	178
7	2	2	216
7	3	2	236
7	4	2	215
7	5	2	213
7	6	2	193
7	7	2	224
7	8	2	261
7	9	2	241
7	10	2	176
7	11	2	192
7	12	2	223
7	13	2	162
7	14	2	209
7	15	2	247
7	16	2	236
7	17	2	141
7	18	2	199
7	19	2	192
7	20	2	169
7	21	2	189
7	22	2	198
7	23	2	197
7	24	2	177
7	25	2	181
7	26	2	185
7	27	2	220
7	28	2	238
7	29	2	130
7	30	2	148
7	31	2	163
7	32	2	196
7	33	2	170
7	34	2	280
7	35	2	172
7	36	2	155
7	37	2	217
7	38	2	164
7	39	2	199
7	40	2	187
7	41	2	170
7	42	2	270
7	43	2	235
7	44	2	213
7	45	2	211
7	46	2	221
7	47	2	254
7	48	2	181
7	49	2	122
7	50	2	195
8	1	2	160
8	2	2	172
8	3	2	121
8	4	2	178
8	5	2	203
8	6	2	223
8	7	2	176
8	8	2	244
8	9	2	207
8	10	2	186
8	11	2	245
8	12	2	250
8	13	2	225
8	14	2	275
8	15	2	203
8	16	2	189
8	17	2	175
8	18	2	229
8	19	2	176
8	20	2	266
8	21	2	224
8	22	2	230
8	23	2	201
8	24	2	141
8	25	2	198
8	26	2	165
8	27	2	243
8	28	2	218
8	29	2	208
8	30	2	262
8	31	2	194
8	32	2	240
8	33	2	287
8	34	2	142
8	35	2	234
8	36	2	173
8	37	2	168
8	38	2	184
8	39	2	134
8	40	2	179
8	41	2	272
8	42	2	204
8	43	2	230
8	44	2	222
8	45	2	255
8	46	2	201
8	47	2	220
8	48	2	184
8	49	2	255
8	50	2	224
9	1	2	222
9	2	2	205
9	3	2	195
9	4	2	170
9	5	2	185
9	6	2	215
9	7	2	225
9	8	2	215
9	9	2	190
9	10	2	239
9	11	2	166
9	12	2	220
9	13	2	244
9	14	2	188
9	15	2	159
9	16	2	216
9	17	2	196
9	18	2	184
9	19	2	257
9	20	2	209
9	21	2	228
9	22	2	187
9	23	2	222
9	24	2	272
9	25	2	243
9	26	2	255
9	27	2	172
9	28	2	219
9	29	2	161
9	30	2	207
9	31	2	183
9	32	2	201
9	33	2	222
9	34	2	147
9	35	2	256
9	36	2	149
9	37	2	234
9	38	2	178
9	39	2	244
9	40	2	230
9	41	2	214
9	42	2	209
9	43	2	233
9	44	2	149
9	45	2	220
9	46	2	212
9	47	2	167
9	48	2	252
9	49	2	174
9	50	2	214
10	1	2	173
10	2	2	249
10	3	2	165
10	4	2	239
10	5	2	211
10	6	2	167
10	7	2	190
10	8	2	275
10	9	2	206
10	10	2	143
10	11	2	219
10	12	2	196
10	13	2	203
10	14	2	162
10	15	2	186
10	16	2	184
10	17	2	182
10	18	2	249
10	19	2	200
10	20	2	178
10	21	2	256
10	22	2	147
10	23	2	248
10	24	2	235
10	25	2	185
10	26	2	220
10	27	2	205
10	28	2	265
10	29	2	153
10	30	2	258
10	31	2	193
10	32	2	201
10	33	2	264
10	34	2	179
10	35	2	301
10	36	2	263
10	37	2	193
10	38	2	170
10	39	2	214
10	40	2	254
10	41	2	207
10	42	2	262
10	43	2	205
10	44	2	179
10	45	2	171
10	46	2	198
10	47	2	172
10	48	2	205
10	49	2	151
10	50	2	254


Warehouse Inventory (W P T):
1	809		252		0		0		0		809	
2	1333		580		0		0		0		1333	
3	1718		1064		0		0		0		1718	
4	1013		411		0		0		0		1013	
5	542		0		167		167		167		542	
6	1854		1203		0		0		0		1854	
7	688		0		253		253		253		688	
8	1101		537		0		0		0		1101	
9	1236		662		0		0		0		1236	
10	1631		1112		0		0		0		1631	
11	1054		389		0		0		0		1054	
12	572		0		364		364		364		572	
13	668		0		460		460		460		668	
14	590		66		0		0		0		590	
15	1353		740		0		0		0		1353	
16	618		18		0		0		0		618	
17	0		1360		0		0		0		0	
18	0		1506		0		0		0		0	
19	0		1305		0		0		0		0	
20	0		1440		0		0		0		0	
21	0		1443		0		0		0		0	
22	0		1376		0		0		0		0	
23	0		1435		0		0		0		0	
24	0		1496		0		0		0		0	
25	0		1353		0		0		0		0	
26	0		1431		0		0		0		0	
27	0		1338		0		0		0		0	
28	0		1523		0		0		0		0	
29	0		1296		0		0		0		0	
30	0		1416		0		0		0		0	
31	0		1391		0		0		0		0	
32	0		1322		0		0		0		0	
33	514		0		316		316		316		514	
34	1352		745		0		0		0		1352	
35	640		0		423		423		423		640	
36	1660		954		0		0		0		1660	
37	1043		444		0		0		0		1043	
38	509		0		154		154		154		509	
39	720		0		103		103		103		720	
40	1669		1125		0		0		0		1669	
41	817		155		0		0		0		817	
42	1954		1299		0		0		0		1954	
43	984		462		0		0		0		984	
44	1672		985		0		0		0		1672	
45	2007		1423		0		0		0		2007	
46	1051		421		0		0		0		1051	
47	1341		738		0		0		0		1341	
48	644		0		435		435		435		644	
49	841		367		0		0		0		841	
50	672		0		672		672		672		672	

Store Inventory (S P T):
Store1
1	49		0		223		187		95		49	
2	55		0		191		126		93		55	
3	59		0		214		173		137		59	
4	47		0		174		143		85		47	
5	28		0		113		83		44		28	
6	35		0		161		146		76		35	
7	30		0		162		114		80		30	
8	73		0		208		178		112		73	
9	39		0		202		144		104		39	
10	17		0		135		102		69		17	
11	39		0		152		111		81		39	
12	62		0		194		161		96		62	
13	12		0		81		50		37		12	
14	40		0		146		87		69		40	
15	42		0		170		156		85		42	
16	26		0		135		92		57		26	
17	34		0		146		109		83		34	
18	12		0		167		98		61		12	
19	58		0		135		135		99		58	
20	41		0		186		136		73		41	
21	43		0		149		113		71		43	
22	53		0		166		99		71		53	
23	36		0		171		135		84		36	
24	56		0		169		131		89		56	
25	21		0		120		77		45		21	
26	31		0		174		128		102		31	
27	39		0		138		87		60		39	
28	46		0		115		88		55		46	
29	37		0		201		152		105		37	
30	26		0		174		116		66		26	
31	40		0		174		117		72		40	
32	18		0		125		67		45		18	
33	49		0		128		101		73		49	
34	10		0		117		75		21		10	
35	44		0		147		117		89		44	
36	29		0		180		131		68		29	
37	45		0		179		127		103		45	
38	43		0		124		120		92		43	
39	45		0		162		92		68		45	
40	45		0		201		152		122		45	
41	31		0		168		110		70		31	
42	52		0		165		136		83		52	
43	62		0		188		144		98		62	
44	37		0		168		108		83		37	
45	81		0		248		190		140		81	
46	25		0		192		149		99		25	
47	49		0		148		108		80		49	
48	50		0		147		116		98		50	
49	38		0		128		94		71		38	
50	51		0		177		123		92		51	
Store2
1	36		0		217		177		104		36	
2	23		0		170		126		55		23	
3	47		0		205		151		96		47	
4	39		0		154		124		100		39	
5	0		0		160		115		83		0	
6	38		0		163		125		92		38	
7	17		0		121		88		45		17	
8	20		0		138		124		70		20	
9	31		0		176		107		68		31	
10	20		0		118		90		44		20	
11	13		0		145		120		45		13	
12	16		0		118		99		49		16	
13	46		0		189		149		95		46	
14	18		0		157		84		34		18	
15	38		0		156		127		100		38	
16	67		0		215		153		100		67	
17	69		0		189		165		137		69	
18	44		0		210		154		90		44	
19	18		0		155		110		82		18	
20	40		0		190		124		89		40	
21	37		0		141		109		73		37	
22	43		0		153		90		64		43	
23	39		0		142		115		73		39	
24	18		0		139		88		58		18	
25	31		0		160		100		46		31	
26	50		0		183		129		97		50	
27	0		0		88		56		25		0	
28	61		0		190		129		64		61	
29	52		0		157		150		109		52	
30	20		0		129		92		62		20	
31	55		0		139		89		63		55	
32	0		0		129		79		38		0	
33	60		0		172		109		101		60	
34	22		0		128		79		38		22	
35	5		0		142		96		50		5	
36	39		0		170		122		91		39	
37	32		0		149		109		62		32	
38	72		0		205		152		134		72	
39	51		0		192		139		102		51	
40	51		0		204		135		88		51	
41	21		0		90		90		51		21	
42	31		0		154		108		80		31	
43	47		0		143		117		96		47	
44	38		0		185		132		80		38	
45	51		0		229		173		100		51	
46	25		0		131		112		72		25	
47	70		0		160		152		130		70	
48	38		0		169		118		66		38	
49	50		0		162		127		97		50	
50	51		0		192		157		106		51	
Store3
1	0		164		134		84		41		0	
2	0		195		135		115		56		0	
3	0		190		158		125		58		0	
4	0		196		140		88		31		0	
5	0		85		43		6		1		0	
6	0		208		168		124		62		0	
7	0		142		105		66		18		0	
8	0		121		80		55		32		0	
9	0		136		131		97		37		0	
10	0		89		84		65		24		0	
11	0		181		122		67		36		0	
12	0		163		131		73		17		0	
13	0		169		142		86		58		0	
14	0		145		102		69		20		0	
15	0		210		185		119		83		0	
16	0		132		130		91		52		0	
17	0		167		117		96		35		0	
18	0		108		53		9		0		0	
19	0		132		121		87		39		0	
20	0		199		159		113		48		0	
21	0		171		117		89		32		0	
22	0		153		138		101		57		0	
23	0		141		130		71		34		0	
24	0		150		112		80		26		0	
25	0		129		96		79		42		0	
26	0		137		103		67		42		0	
27	0		199		156		104		42		0	
28	0		140		113		66		14		0	
29	0		140		83		57		42		0	
30	0		165		126		85		21		0	
31	0		153		106		99		21		0	
32	0		137		93		55		20		0	
33	0		152		99		56		28		0	
34	0		143		101		86		52		0	
35	0		117		109		72		43		0	
36	0		180		134		80		29		0	
37	0		150		98		67		53		0	
38	0		161		141		94		51		0	
39	0		158		98		71		38		0	
40	0		143		102		73		48		0	
41	0		171		109		70		2		0	
42	0		151		114		72		30		0	
43	0		144		115		57		45		0	
44	0		157		145		105		50		0	
45	0		167		110		67		35		0	
46	0		176		148		89		55		0	
47	0		221		169		118		74		0	
48	0		178		133		84		56		0	
49	0		148		92		63		20		0	
50	0		192		145		93		29		0	
Store4
1	50		0		161		125		92		50	
2	37		0		145		92		59		37	
3	56		0		215		153		143		56	
4	70		0		197		153		125		70	
5	39		0		129		102		64		39	
6	54		0		155		122		78		54	
7	52		0		243		203		118		52	
8	46		0		178		138		102		46	
9	44		0		138		135		90		44	
10	49		0		175		135		83		49	
11	56		0		146		115		86		56	
12	42		0		175		130		76		42	
13	57		0		195		147		103		57	
14	41		0		178		144		87		41	
15	14		0		116		71		27		14	
16	43		0		172		127		89		43	
17	52		0		172		161		72		52	
18	51		0		169		139		104		51	
19	24		0		106		83		49		24	
20	16		0		111		92		64		16	
21	51		0		156		128		88		51	
22	73		0		191		138		91		73	
23	27		0		147		91		68		27	
24	24		0		215		141		79		24	
25	68		0		152		127		99		68	
26	46		0		169		142		89		46	
27	31		0		149		117		56		31	
28	43		0		176		125		85		43	
29	39		0		161		110		85		39	
30	49		0		160		100		55		49	
31	46		0		210		142		86		46	
32	5		0		129		78		57		5	
33	32		0		138		111		79		32	
34	63		0		187		133		105		63	
35	41		0		151		121		89		41	
36	36		0		146		118		56		36	
37	47		0		197		162		90		47	
38	51		0		181		155		115		51	
39	20		0		120		106		72		20	
40	36		0		169		115		64		36	
41	60		0		141		128		103		60	
42	37		0		145		101		74		37	
43	32		0		136		103		66		32	
44	9		0		142		101		57		9	
45	38		0		158		132		82		38	
46	52		0		164		118		91		52	
47	39		0		144		116		78		39	
48	62		0		173		148		122		62	
49	27		0		140		115		73		27	
50	28		0		194		137		81		28	
Store5
1	0		113		79		50		26		0	
2	0		205		156		102		63		0	
3	0		182		122		89		38		0	
4	0		154		108		51		36		0	
5	0		110		85		70		45		0	
6	0		139		82		49		35		0	
7	0		232		166		108		48		0	
8	0		136		90		41		20		0	
9	0		136		94		88		45		0	
10	0		132		94		82		53		0	
11	0		210		168		110		50		0	
12	0		131		106		62		42		0	
13	0		159		114		83		36		0	
14	0		142		113		93		40		0	
15	0		91		78		65		30		0	
16	0		159		138		105		40		0	
17	0		179		150		89		38		0	
18	0		141		124		89		36		0	
19	0		201		147		81		52		0	
20	0		154		104		75		40		0	
21	0		105		77		58		18		0	
22	0		147		112		83		50		0	
23	0		151		125		97		48		0	
24	0		180		145		112		51		0	
25	0		137		81		43		15		0	
26	0		107		74		48		15		0	
27	0		144		120		79		28		0	
28	0		148		96		79		61		0	
29	0		144		132		104		55		0	
30	0		157		113		94		59		0	
31	0		193		152		116		72		0	
32	0		186		142		94		75		0	
33	0		153		107		59		41		0	
34	0		165		115		57		27		0	
35	0		157		118		79		64		0	
36	0		200		138		100		55		0	
37	0		166		133		83		28		0	
38	0		124		89		83		56		0	
39	0		212		155		86		25		0	
40	0		110		106		92		23		0	
41	0		177		118		77		29		0	
42	0		185		149		86		38		0	
43	0		159		112		101		52		0	
44	0		178		133		93		39		0	
45	0		134		88		58		30		0	
46	0		123		106		80		19		0	
47	0		184		147		66		26		0	
48	0		170		105		66		35		0	
49	0		97		66		55		26		0	
50	0		205		145		112		53		0	
Store6
1	0		165		128		95		36		0	
2	0		194		142		112		35		0	
3	0		162		128		84		49		0	
4	0		150		139		93		26		0	
5	0		230		168		119		76		0	
6	0		179		136		51		35		0	
7	0		166		133		87		39		0	
8	0		196		126		93		43		0	
9	0		170		138		100		58		0	
10	0		132		97		77		30		0	
11	0		176		136		69		29		0	
12	0		145		103		69		42		0	
13	0		171		120		85		45		0	
14	0		113		79		41		30		0	
15	0		154		84		56		21		0	
16	0		202		143		87		35		0	
17	0		170		111		85		22		0	
18	0		136		106		80		18		0	
19	0		166		137		88		46		0	
20	0		145		104		78		31		0	
21	0		126		92		36		11		0	
22	0		139		101		70		28		0	
23	0		199		141		90		42		0	
24	0		155		105		66		37		0	
25	0		137		132		84		46		0	
26	0		146		92		82		45		0	
27	0		181		130		115		64		0	
28	0		134		88		43		17		0	
29	0		177		145		91		37		0	
30	0		93		71		56		41		0	
31	0		180		146		86		31		0	
32	0		122		97		60		34		0	
33	0		125		94		64		45		0	
34	0		191		156		105		38		0	
35	0		204		141		89		36		0	
36	0		196		138		72		32		0	
37	0		163		116		88		17		0	
38	0		125		107		82		45		0	
39	0		178		131		82		44		0	
40	0		173		104		84		52		0	
41	0		151		97		96		59		0	
42	0		197		150		119		52		0	
43	0		91		91		43		26		0	
44	0		209		160		85		50		0	
45	0		144		107		75		31		0	
46	0		154		114		69		23		0	
47	0		114		113		48		35		0	
48	0		134		79		59		27		0	
49	0		149		119		77		35		0	
50	0		197		146		97		39		0	
Store7
1	19		0		137		107		68		19	
2	65		0		182		152		108		65	
3	22		0		180		148		77		22	
4	36		0		182		132		81		36	
5	31		0		151		108		52		31	
6	31		0		161		109		51		31	
7	18		0		171		121		58		18	
8	57		0		190		143		82		57	
9	39		0		178		136		95		39	
10	28		0		169		150		61		28	
11	13		0		147		88		54		13	
12	58		0		169		115		99		58	
13	7		0		101		63		38		7	
14	54		0		180		138		95		54	
15	52		0		192		144		97		52	
16	54		0		195		150		99		54	
17	35		0		130		85		49		35	
18	63		0		167		129		83		63	
19	22		0		154		120		84		22	
20	38		0		149		117		71		38	
21	39		0		152		141		109		39	
22	31		0		171		142		78		31	
23	49		0		147		129		82		49	
24	34		0		128		87		63		34	
25	44		0		154		115		77		44	
26	31		0		137		92		50		31	
27	48		0		169		126		94		48	
28	43		0		198		142		100		43	
29	30		0		106		70		58		30	
30	39		0		97		74		64		39	
31	63		0		115		76		63		63	
32	17		0		144		92		61		17	
33	57		0		144		96		73		57	
34	47		0		220		163		96		47	
35	32		0		135		97		68		32	
36	39		0		143		83		59		39	
37	34		0		155		95		67		34	
38	43		0		126		89		60		43	
39	33		0		153		87		70		33	
40	32		0		150		123		70		32	
41	49		0		111		95		71		49	
42	78		0		223		183		134		78	
43	41		0		189		132		79		41	
44	52		0		181		142		108		52	
45	34		0		164		109		63		34	
46	22		0		158		112		66		22	
47	59		0		232		185		109		59	
48	26		0		150		109		78		26	
49	20		0		91		70		44		20	
50	38		0		142		111		68		38	
Store8
1	33		0		118		80		40		33	
2	45		0		137		105		67		45	
3	34		0		100		55		52		34	
4	46		0		178		146		104		46	
5	34		0		156		116		83		34	
6	53		0		178		129		108		53	
7	54		0		156		122		77		54	
8	45		0		197		145		85		45	
9	40		0		155		119		88		40	
10	19		0		156		107		87		19	
11	55		0		188		139		99		55	
12	68		0		203		141		88		68	
13	16		0		170		122		68		16	
14	48		0		218		170		110		48	
15	30		0		148		114		53		30	
16	57		0		150		121		66		57	
17	16		0		135		115		52		16	
18	28		0		164		144		87		28	
19	39		0		142		130		93		39	
20	92		0		219		180		138		92	
21	44		0		180		118		74		44	
22	21		0		174		126		61		21	
23	40		0		157		141		97		40	
24	31		0		90		68		49		31	
25	46		0		172		120		67		46	
26	39		0		145		90		59		39	
27	57		0		187		154		117		57	
28	44		0		163		108		74		44	
29	46		0		155		121		103		46	
30	73		0		202		157		115		73	
31	57		0		178		140		87		57	
32	36		0		196		132		78		36	
33	47		0		251		197		108		47	
34	14		0		119		84		56		14	
35	25		0		179		117		64		25	
36	24		0		131		98		73		24	
37	27		0		124		101		56		27	
38	19		0		162		108		59		19	
39	0		0		106		54		16		0	
40	45		0		146		89		63		45	
41	66		0		215		173		96		66	
42	34		0		162		135		89		34	
43	52		0		202		137		83		52	
44	24		0		172		136		73		24	
45	54		0		177		135		76		54	
46	18		0		171		92		70		18	
47	19		0		168		135		75		19	
48	46		0		148		138		83		46	
49	43		0		175		129		90		43	
50	56		0		197		160		127		56	
Store9
1	60		0		184		144		109		60	
2	23		0		176		117		88		23	
3	39		0		146		115		92		39	
4	64		0		170		147		116		64	
5	20		0		142		111		50		20	
6	59		0		196		158		113		59	
7	10		0		154		128		65		10	
8	33		0		153		122		86		33	
9	30		0		152		101		81		30	
10	50		0		166		112		92		50	
11	45		0		109		90		77		45	
12	52		0		184		145		76		52	
13	54		0		196		135		119		54	
14	23		0		149		118		74		23	
15	30		0		138		114		79		30	
16	33		0		183		129		77		33	
17	46		0		141		105		75		46	
18	32		0		180		127		72		32	
19	39		0		196		159		104		39	
20	59		0		172		142		91		59	
21	43		0		174		115		62		43	
22	58		0		157		113		74		58	
23	54		0		184		144		104		54	
24	66		0		207		166		114		66	
25	29		0		196		140		74		29	
26	67		0		208		172		120		67	
27	34		0		149		95		51		34	
28	51		0		198		141		82		51	
29	43		0		124		109		69		43	
30	45		0		165		113		49		45	
31	62		0		173		112		98		62	
32	33		0		171		108		83		33	
33	46		0		187		141		106		46	
34	43		0		113		75		67		43	
35	54		0		216		168		109		54	
36	38		0		124		83		59		38	
37	65		0		189		137		114		65	
38	50		0		150		111		82		50	
39	29		0		192		157		97		29	
40	52		0		185		146		91		52	
41	29		0		155		121		62		29	
42	47		0		149		89		66		47	
43	48		0		184		143		92		48	
44	27		0		114		91		52		27	
45	30		0		179		124		87		30	
46	78		0		154		154		110		78	
47	40		0		129		104		80		40	
48	61		0		202		157		128		61	
49	34		0		145		98		48		34	
50	57		0		176		126		106		57	
Store10
1	38		0		133		104		66		38	
2	75		0		202		147		110		75	
3	34		0		139		113		59		34	
4	24		0		175		131		77		24	
5	31		0		170		106		84		31	
6	40		0		120		103		64		40	
7	0		0		153		92		45		0	
8	62		0		185		132		109		62	
9	15		0		159		109		75		15	
10	43		0		114		77		43		43	
11	41		0		174		113		55		41	
12	48		0		163		139		83		48	
13	40		0		139		106		66		40	
14	0		0		141		82		40		0	
15	23		0		142		95		46		23	
16	43		0		169		118		76		43	
17	35		0		150		114		88		35	
18	33		0		182		122		73		33	
19	19		0		172		105		47		19	
20	33		0		146		113		84		33	
21	43		0		203		145		95		43	
22	27		0		119		100		52		27	
23	77		0		218		185		140		77	
24	40		0		205		154		107		40	
25	61		0		140		109		82		61	
26	58		0		186		122		102		58	
27	34		0		155		136		90		34	
28	66		0		214		173		112		66	
29	17		0		147		122		57		17	
30	70		0		215		171		136		70	
31	40		0		161		109		53		40	
32	29		0		154		88		62		29	
33	64		0		224		183		108		64	
34	11		0		134		123		63		11	
35	60		0		228		175		116		60	
36	63		0		231		180		100		63	
37	53		0		184		162		102		53	
38	39		0		141		107		48		39	
39	46		0		161		109		95		46	
40	45		0		208		149		95		45	
41	50		0		197		163		115		50	
42	59		0		200		155		120		59	
43	55		0		164		138		95		55	
44	34		0		142		101		73		34	
45	47		0		127		115		76		47	
46	35		0		173		139		71		35	
47	33		0		127		76		38		33	
48	42		0		144		131		93		42	
49	19		0		121		80		23		19	
50	50		0		205		171		98		50	


Shipments from Vendor to Warehouse (V T):
0	0.747878	0	0	0.6660039	
0.9795901	0	0	0	0	
0	0.713022	0	0	0.7795007	

Shipments from Warehouse to Stores (S T):
1	2	0.3883
1	5	0.36838
2	2	0.3733566
2	5	0.3806167
3	1	0.385066
3	5	0.3757867
4	2	0.3895167
4	5	0.3330666
5	1	0.3842961
5	5	0.4226966
6	1	0.3853741
6	5	0.3874067
7	2	0.3889813
7	5	0.3892667
8	2	0.4042587
8	5	0.3520401
9	2	0.3939187
9	5	0.3663033
10	2	0.3929266
10	5	0.3924166


Required Putaway workers (Sol T):
2	2	3	3	2	

No of required pickers (T):
4	9	0	0	13	

No of part-time putaway workers (T):
0	0	1	1	0	

No of part-time pickers (T):
0	0	0	0	4	

Best Putaway Technology: 2400
Best Picking Technology: 1000

Required Fashion Putaway Hours:
0	0	20.96042	21.7	0	

Required Basic Putaway Hours:
13.24125	15.00542	0	0	13.96792	

Required Total Putaway Hours:
13.24125	15.00542	20.96042	21.7	13.96792	

No of required fashion pick hours:
0	0	0	0	102.385	

No of required basic pick hours:
30.066	71.249	0	0	0	

No of required total pick hours:
30.066	71.249	0	0	102.385	

List of all the costs: 
MHECost		444
PutawayTechCost		3540
PickingTechCost		9130
WhBasicInvCost		854.9401
BasicInbCost		7132.665
WhFashionInvCost		1526.9
FashionInbCost		6713.308
PutawayCost		3680
StoreBasicInvCost		10070.95
StoreFashionInvCost		5119.25
OutboundCost		23129.62
PickingCost		15360
Total		86701.63

List of Top5 Technologies: 
Tech1		4	6	$ 88150.84
Tech2		5	6	$ 102345.4
Tech3		3	6	$ 102440.5
Tech4		3	5	$ 114800.5
Tech5		3	1	$ 178918.7
The start time is 12/21/2014 9:06:29 PM
The End time is 12/21/2014 9:07:32 PM
