Printing New Fashion Solution:

Inbound Fashion Solution (V F T):
1	1	3	1365
1	2	1	1385
1	3	3	1745
1	4	3	2345
1	5	1	2265
1	6	3	1855
1	7	3	2095
1	8	3	1680
1	9	1	1560
1	10	3	2355
1	11	3	2160
1	12	1	1975
1	13	1	1750
1	14	1	1920
1	15	1	2305
1	16	1	2500
1	17	1	2735
1	18	3	1875
1	19	1	1870
1	20	1	2310
1	21	3	2400
1	22	1	2235
1	23	3	1855
1	24	3	1960
1	25	3	1805
2	26	4	1960
2	27	4	2205
2	28	1	1945
2	29	4	2185
2	30	1	1740
2	31	1	2435
2	32	4	1995
2	33	4	2280
2	34	1	2120
2	35	1	2155
2	36	1	2580
2	37	1	1835
2	38	1	2190
2	39	1	2010
2	40	4	1855
2	41	1	2075
2	42	1	2075
2	43	1	2035
2	44	4	2165
2	45	1	2070
2	46	1	2130
2	47	1	2135
2	48	4	1795
2	49	4	2065
2	50	4	2045


Outbound Fashion Solution(S F T):
1	1	4	10
1	2	5	145
1	3	4	210
1	4	4	330
1	5	2	170
1	6	5	255
1	7	4	260
1	8	5	180
1	9	2	80
1	10	4	320
1	11	4	105
1	12	4	180
1	13	5	265
1	14	5	170
1	15	5	270
1	16	3	280
1	17	3	215
1	18	4	75
1	19	5	150
1	20	3	120
1	21	5	240
1	22	5	310
1	23	5	195
1	24	5	295
1	25	4	145
1	26	5	135
1	27	5	340
1	28	3	60
1	29	5	240
1	30	2	130
1	31	4	240
1	32	5	260
1	33	5	215
1	34	4	330
1	35	2	275
1	36	4	195
1	37	4	285
1	38	3	190
1	39	4	110
1	40	5	190
1	41	4	35
1	42	3	280
1	43	2	265
1	44	5	195
1	45	3	80
1	46	4	230
1	47	5	235
1	48	5	65
1	49	5	345
1	50	5	135
2	1	5	155
2	2	3	145
2	3	4	190
2	4	4	440
2	5	2	275
2	6	5	220
2	7	5	360
2	8	5	120
2	10	5	140
2	11	4	275
2	12	3	90
2	13	5	245
2	14	4	330
2	15	5	280
2	16	3	190
2	17	4	295
2	18	4	250
2	19	5	95
2	20	3	285
2	21	4	205
2	22	2	220
2	23	4	235
2	24	4	105
2	25	5	145
2	26	5	160
2	27	5	285
2	28	4	165
2	29	5	205
2	30	3	115
2	31	3	165
2	32	5	185
2	33	5	230
2	34	3	175
2	35	4	135
2	36	4	265
2	37	3	220
2	38	2	215
2	39	4	200
2	40	5	255
2	41	4	320
2	42	3	200
2	43	4	50
2	44	5	235
2	45	4	190
2	46	2	260
2	47	5	315
2	48	5	180
2	49	5	240
2	50	5	260
3	1	4	180
3	2	3	190
3	3	5	110
3	4	4	270
3	5	5	170
3	6	4	305
3	7	5	145
3	8	4	155
3	9	2	210
3	10	5	315
3	11	4	235
3	12	2	280
3	13	5	155
3	14	5	95
3	15	5	290
3	16	3	275
3	17	2	235
3	18	5	55
3	19	5	195
3	20	4	185
3	21	5	255
3	22	5	210
3	23	5	225
3	24	5	345
3	25	4	105
3	26	5	175
3	27	5	85
3	28	3	305
3	29	5	235
3	30	3	125
3	31	3	350
3	32	5	235
3	33	5	160
3	34	4	160
3	35	3	235
3	36	3	185
3	37	4	125
3	38	3	155
3	39	5	135
3	40	5	280
3	41	4	195
3	42	3	175
3	43	3	165
3	44	5	200
3	45	4	240
3	46	2	160
3	47	3	110
3	48	5	235
3	49	5	200
3	50	5	240
4	1	4	235
4	2	5	150
4	3	5	150
4	4	5	95
4	5	5	270
4	6	5	130
4	7	5	240
4	8	5	75
4	9	3	240
4	10	5	260
4	11	5	170
4	12	3	50
4	13	4	145
4	14	4	175
4	15	5	210
4	16	4	210
4	17	2	310
4	18	4	130
4	19	2	290
4	20	4	200
4	21	5	140
4	22	4	50
4	23	5	250
4	24	5	120
4	25	4	170
4	26	5	190
4	27	5	195
4	28	3	55
4	29	5	225
4	30	3	125
4	31	3	250
4	32	5	70
4	33	5	235
4	34	5	260
4	35	4	230
4	36	2	220
4	37	4	185
4	38	3	200
4	39	4	165
4	40	5	150
4	41	4	185
4	42	3	230
4	43	5	220
4	44	5	220
4	45	4	220
4	46	4	205
4	47	3	165
4	48	5	170
4	49	5	130
4	50	5	200
5	1	4	240
5	2	3	100
5	3	5	195
5	4	5	160
5	5	3	210
5	6	4	135
5	7	4	415
5	8	5	260
5	9	2	145
5	10	5	105
5	11	5	285
5	12	3	235
5	13	4	110
5	14	4	125
5	15	2	130
5	16	2	260
5	17	3	340
5	18	4	195
5	19	5	170
5	20	2	135
5	21	4	400
5	22	4	335
5	23	4	265
5	24	5	215
5	25	5	175
5	26	5	165
5	27	5	290
5	28	3	310
5	29	5	295
5	30	3	65
5	31	2	165
5	32	5	225
5	33	5	255
5	34	5	265
5	35	4	165
5	36	3	265
5	37	4	245
5	38	3	165
5	39	2	145
5	40	5	235
5	41	3	300
5	42	3	205
5	43	5	255
5	44	5	310
5	45	3	245
5	46	3	235
5	47	4	105
5	48	5	190
5	49	5	235
5	50	5	330
6	1	5	130
6	2	3	145
6	3	5	200
6	4	5	295
6	5	3	135
6	6	5	225
6	7	4	225
6	8	4	115
6	9	2	185
6	10	5	110
6	11	5	175
6	12	2	275
6	13	5	215
6	14	3	360
6	15	5	430
6	16	5	260
6	17	3	245
6	18	4	300
6	19	4	260
6	20	5	330
6	21	5	245
6	22	5	230
6	23	5	195
6	24	5	175
6	25	5	195
6	26	5	135
6	27	5	100
6	28	2	230
6	29	5	260
6	30	2	140
6	31	3	220
6	32	5	130
6	33	5	240
6	34	3	160
6	35	2	120
6	36	3	75
6	37	4	10
6	38	3	280
6	39	3	200
6	40	5	270
6	41	4	255
6	42	4	210
6	43	2	255
6	44	5	130
6	45	2	275
6	46	2	270
6	47	4	150
6	48	5	150
6	49	5	280
6	50	5	50
7	1	5	220
7	2	2	135
7	3	4	255
7	4	5	135
7	5	5	395
7	6	5	280
7	7	5	110
7	8	5	165
7	9	2	185
7	10	5	280
7	11	4	275
7	12	5	265
7	13	2	95
7	14	4	295
7	15	3	120
7	16	5	270
7	17	3	185
7	18	5	290
7	19	4	195
7	20	3	365
7	21	4	195
7	22	5	215
7	23	4	120
7	24	5	50
7	25	4	345
7	26	5	210
7	27	5	250
7	28	3	45
7	29	5	210
7	30	3	170
7	31	3	190
7	32	5	270
7	33	5	290
7	34	4	120
7	35	3	365
7	36	4	395
7	37	2	115
7	38	3	375
7	39	3	290
7	40	5	120
7	41	4	275
7	42	2	230
7	43	3	120
7	44	5	265
7	45	3	160
7	46	4	160
7	47	3	290
7	48	5	90
7	49	5	175
7	50	5	140
8	1	5	45
8	2	4	190
8	4	5	200
8	5	4	195
8	6	5	50
8	7	5	160
8	8	5	345
8	9	5	185
8	10	5	250
8	11	5	145
8	12	2	165
8	13	2	210
8	14	3	150
8	15	3	145
8	16	5	140
8	17	3	135
8	18	5	150
8	19	5	145
8	20	2	180
8	21	5	180
8	22	5	310
8	23	5	265
8	24	5	295
8	25	4	235
8	26	5	290
8	27	5	145
8	28	4	250
8	29	5	175
8	30	3	270
8	31	4	305
8	32	5	60
8	33	5	205
8	34	5	195
8	35	2	385
8	36	2	320
8	37	2	260
8	38	3	205
8	39	4	215
8	40	5	80
8	41	2	250
8	42	3	235
8	43	4	190
8	44	5	150
8	45	2	170
8	46	4	195
8	47	4	235
8	48	5	280
8	49	5	60
8	50	5	200
9	1	4	95
9	2	4	115
9	3	5	195
9	4	4	150
9	5	5	210
9	6	5	50
9	7	5	155
9	8	5	210
9	9	5	110
9	10	5	335
9	11	5	325
9	12	3	270
9	13	5	150
9	14	5	5
9	15	3	275
9	16	3	300
9	17	4	275
9	18	5	280
9	19	2	165
9	20	3	220
9	21	4	205
9	22	4	160
9	24	5	275
9	25	4	140
9	26	5	100
9	27	5	330
9	28	3	220
9	29	5	195
9	30	4	345
9	31	4	270
9	32	5	185
9	33	5	220
9	34	4	245
9	35	4	100
9	36	4	420
9	37	5	230
9	38	2	155
9	39	4	250
9	40	5	130
9	41	5	85
9	42	4	130
9	43	2	275
9	44	5	280
9	45	2	270
9	46	2	185
9	47	3	195
9	48	5	310
9	49	5	140
9	50	5	200
10	1	5	55
10	2	4	70
10	3	5	240
10	4	4	270
10	5	5	235
10	6	4	205
10	7	5	25
10	8	5	55
10	9	5	220
10	10	5	240
10	11	4	170
10	12	4	165
10	13	3	160
10	14	2	215
10	15	3	155
10	16	5	315
10	17	2	500
10	18	5	150
10	19	5	205
10	20	4	290
10	21	4	335
10	22	2	195
10	23	4	105
10	24	4	85
10	25	4	150
10	26	5	400
10	27	5	185
10	28	2	305
10	29	5	145
10	30	2	255
10	31	4	280
10	32	5	375
10	33	5	230
10	34	3	210
10	35	4	145
10	36	3	240
10	37	2	160
10	38	3	250
10	39	5	300
10	40	5	145
10	41	3	175
10	42	4	180
10	43	3	240
10	44	5	180
10	45	5	220
10	46	4	230
10	47	2	335
10	48	5	125
10	49	5	260
10	50	5	290


Warehouse Fashion Inventory (W F T):
1	0		0		1365		605		0	
2	1385		1250		670		295		0	
3	0		0		1745		1090		0	
4	0		0		2345		885		0	
5	2265		1820		1475		1280		0	
6	0		0		1855		1210		0	
7	0		0		2095		1195		0	
8	0		0		1680		1410		0	
9	1560		755		515		515		0	
10	0		0		2355		2035		0	
11	0		0		2160		1100		0	
12	1975		1255		610		265		0	
13	1750		1445		1285		1030		0	
14	1920		1705		1195		270		0	
15	2305		2175		1480		1480		0	
16	2500		2240		1195		985		0	
17	2735		1690		570		0		0	
18	0		0		1875		925		0	
19	1870		1415		1415		960		0	
20	2310		1995		1005		330		0	
21	0		0		2400		1060		0	
22	2235		1820		1820		1275		0	
23	0		0		1855		1130		0	
24	0		0		1960		1770		0	
25	0		0		1805		515		0	
26	0		0		0		1960		0	
27	0		0		0		2205		0	
28	1945		1410		415		0		0	
29	0		0		0		2185		0	
30	1740		1215		345		0		0	
31	2435		2270		1095		0		0	
32	0		0		0		1995		0	
33	0		0		0		2280		0	
34	2120		2120		1575		720		0	
35	2155		1375		775		0		0	
36	2580		2040		1275		0		0	
37	1835		1300		1080		230		0	
38	2190		1820		0		0		0	
39	2010		1865		1375		435		0	
40	0		0		0		1855		0	
41	2075		1825		1350		85		0	
42	2075		1845		520		0		0	
43	2035		1240		715		475		0	
44	0		0		0		2165		0	
45	2070		1355		870		220		0	
46	2130		1255		1020		0		0	
47	2135		1800		1040		550		0	
48	0		0		0		1795		0	
49	0		0		0		2065		0	
50	0		0		0		2045		0	

Store Fashion Inventory (S F T):
Store1
1	0		0		10		10	
2	0		0		0		145	
3	0		0		210		210	
4	0		0		330		330	
5	170		170		170		170	
6	0		0		0		255	
7	0		0		260		260	
8	0		0		0		180	
9	80		80		80		80	
10	0		0		320		320	
11	0		0		105		105	
12	0		0		180		180	
13	0		0		0		265	
14	0		0		0		170	
15	0		0		0		270	
16	0		280		280		280	
17	0		215		215		215	
18	0		0		75		75	
19	0		0		0		150	
20	0		120		120		120	
21	0		0		0		240	
22	0		0		0		310	
23	0		0		0		195	
24	0		0		0		295	
25	0		0		145		145	
26	0		0		0		135	
27	0		0		0		340	
28	0		60		60		60	
29	0		0		0		240	
30	130		130		130		130	
31	0		0		240		240	
32	0		0		0		260	
33	0		0		0		215	
34	0		0		330		330	
35	275		275		275		275	
36	0		0		195		195	
37	0		0		285		285	
38	0		190		190		190	
39	0		0		110		110	
40	0		0		0		190	
41	0		0		35		35	
42	0		280		280		280	
43	265		265		265		265	
44	0		0		0		195	
45	0		80		80		80	
46	0		0		230		230	
47	0		0		0		235	
48	0		0		0		65	
49	0		0		0		345	
50	0		0		0		135	
Store2
1	0		0		0		155	
2	0		145		145		145	
3	0		0		190		190	
4	0		0		440		440	
5	275		275		275		275	
6	0		0		0		220	
7	0		0		0		360	
8	0		0		0		120	
9	0		0		0		0	
10	0		0		0		140	
11	0		0		275		275	
12	0		90		90		90	
13	0		0		0		245	
14	0		0		330		330	
15	0		0		0		280	
16	0		190		190		190	
17	0		0		295		295	
18	0		0		250		250	
19	0		0		0		95	
20	0		285		285		285	
21	0		0		205		205	
22	220		220		220		220	
23	0		0		235		235	
24	0		0		105		105	
25	0		0		0		145	
26	0		0		0		160	
27	0		0		0		285	
28	0		0		165		165	
29	0		0		0		205	
30	0		115		115		115	
31	0		165		165		165	
32	0		0		0		185	
33	0		0		0		230	
34	0		175		175		175	
35	0		0		135		135	
36	0		0		265		265	
37	0		220		220		220	
38	215		215		215		215	
39	0		0		200		200	
40	0		0		0		255	
41	0		0		320		320	
42	0		200		200		200	
43	0		0		50		50	
44	0		0		0		235	
45	0		0		190		190	
46	260		260		260		260	
47	0		0		0		315	
48	0		0		0		180	
49	0		0		0		240	
50	0		0		0		260	
Store3
1	0		0		180		180	
2	0		190		190		190	
3	0		0		0		110	
4	0		0		270		270	
5	0		0		0		170	
6	0		0		305		305	
7	0		0		0		145	
8	0		0		155		155	
9	210		210		210		210	
10	0		0		0		315	
11	0		0		235		235	
12	280		280		280		280	
13	0		0		0		155	
14	0		0		0		95	
15	0		0		0		290	
16	0		275		275		275	
17	235		235		235		235	
18	0		0		0		55	
19	0		0		0		195	
20	0		0		185		185	
21	0		0		0		255	
22	0		0		0		210	
23	0		0		0		225	
24	0		0		0		345	
25	0		0		105		105	
26	0		0		0		175	
27	0		0		0		85	
28	0		305		305		305	
29	0		0		0		235	
30	0		125		125		125	
31	0		350		350		350	
32	0		0		0		235	
33	0		0		0		160	
34	0		0		160		160	
35	0		235		235		235	
36	0		185		185		185	
37	0		0		125		125	
38	0		155		155		155	
39	0		0		0		135	
40	0		0		0		280	
41	0		0		195		195	
42	0		175		175		175	
43	0		165		165		165	
44	0		0		0		200	
45	0		0		240		240	
46	160		160		160		160	
47	0		110		110		110	
48	0		0		0		235	
49	0		0		0		200	
50	0		0		0		240	
Store4
1	0		0		235		235	
2	0		0		0		150	
3	0		0		0		150	
4	0		0		0		95	
5	0		0		0		270	
6	0		0		0		130	
7	0		0		0		240	
8	0		0		0		75	
9	0		240		240		240	
10	0		0		0		260	
11	0		0		0		170	
12	0		50		50		50	
13	0		0		145		145	
14	0		0		175		175	
15	0		0		0		210	
16	0		0		210		210	
17	310		310		310		310	
18	0		0		130		130	
19	290		290		290		290	
20	0		0		200		200	
21	0		0		0		140	
22	0		0		50		50	
23	0		0		0		250	
24	0		0		0		120	
25	0		0		170		170	
26	0		0		0		190	
27	0		0		0		195	
28	0		55		55		55	
29	0		0		0		225	
30	0		125		125		125	
31	0		250		250		250	
32	0		0		0		70	
33	0		0		0		235	
34	0		0		0		260	
35	0		0		230		230	
36	220		220		220		220	
37	0		0		185		185	
38	0		200		200		200	
39	0		0		165		165	
40	0		0		0		150	
41	0		0		185		185	
42	0		230		230		230	
43	0		0		0		220	
44	0		0		0		220	
45	0		0		220		220	
46	0		0		205		205	
47	0		165		165		165	
48	0		0		0		170	
49	0		0		0		130	
50	0		0		0		200	
Store5
1	0		0		240		240	
2	0		100		100		100	
3	0		0		0		195	
4	0		0		0		160	
5	0		210		210		210	
6	0		0		135		135	
7	0		0		415		415	
8	0		0		0		260	
9	145		145		145		145	
10	0		0		0		105	
11	0		0		0		285	
12	0		235		235		235	
13	0		0		110		110	
14	0		0		125		125	
15	130		130		130		130	
16	260		260		260		260	
17	0		340		340		340	
18	0		0		195		195	
19	0		0		0		170	
20	135		135		135		135	
21	0		0		400		400	
22	0		0		335		335	
23	0		0		265		265	
24	0		0		0		215	
25	0		0		0		175	
26	0		0		0		165	
27	0		0		0		290	
28	0		310		310		310	
29	0		0		0		295	
30	0		65		65		65	
31	165		165		165		165	
32	0		0		0		225	
33	0		0		0		255	
34	0		0		0		265	
35	0		0		165		165	
36	0		265		265		265	
37	0		0		245		245	
38	0		165		165		165	
39	145		145		145		145	
40	0		0		0		235	
41	0		300		300		300	
42	0		205		205		205	
43	0		0		0		255	
44	0		0		0		310	
45	0		245		245		245	
46	0		235		235		235	
47	0		0		105		105	
48	0		0		0		190	
49	0		0		0		235	
50	0		0		0		330	
Store6
1	0		0		0		130	
2	0		145		145		145	
3	0		0		0		200	
4	0		0		0		295	
5	0		135		135		135	
6	0		0		0		225	
7	0		0		225		225	
8	0		0		115		115	
9	185		185		185		185	
10	0		0		0		110	
11	0		0		0		175	
12	275		275		275		275	
13	0		0		0		215	
14	0		360		360		360	
15	0		0		0		430	
16	0		0		0		260	
17	0		245		245		245	
18	0		0		300		300	
19	0		0		260		260	
20	0		0		0		330	
21	0		0		0		245	
22	0		0		0		230	
23	0		0		0		195	
24	0		0		0		175	
25	0		0		0		195	
26	0		0		0		135	
27	0		0		0		100	
28	230		230		230		230	
29	0		0		0		260	
30	140		140		140		140	
31	0		220		220		220	
32	0		0		0		130	
33	0		0		0		240	
34	0		160		160		160	
35	120		120		120		120	
36	0		75		75		75	
37	0		0		10		10	
38	0		280		280		280	
39	0		200		200		200	
40	0		0		0		270	
41	0		0		255		255	
42	0		0		210		210	
43	255		255		255		255	
44	0		0		0		130	
45	275		275		275		275	
46	270		270		270		270	
47	0		0		150		150	
48	0		0		0		150	
49	0		0		0		280	
50	0		0		0		50	
Store7
1	0		0		0		220	
2	135		135		135		135	
3	0		0		255		255	
4	0		0		0		135	
5	0		0		0		395	
6	0		0		0		280	
7	0		0		0		110	
8	0		0		0		165	
9	185		185		185		185	
10	0		0		0		280	
11	0		0		275		275	
12	0		0		0		265	
13	95		95		95		95	
14	0		0		295		295	
15	0		120		120		120	
16	0		0		0		270	
17	0		185		185		185	
18	0		0		0		290	
19	0		0		195		195	
20	0		365		365		365	
21	0		0		195		195	
22	0		0		0		215	
23	0		0		120		120	
24	0		0		0		50	
25	0		0		345		345	
26	0		0		0		210	
27	0		0		0		250	
28	0		45		45		45	
29	0		0		0		210	
30	0		170		170		170	
31	0		190		190		190	
32	0		0		0		270	
33	0		0		0		290	
34	0		0		120		120	
35	0		365		365		365	
36	0		0		395		395	
37	115		115		115		115	
38	0		375		375		375	
39	0		290		290		290	
40	0		0		0		120	
41	0		0		275		275	
42	230		230		230		230	
43	0		120		120		120	
44	0		0		0		265	
45	0		160		160		160	
46	0		0		160		160	
47	0		290		290		290	
48	0		0		0		90	
49	0		0		0		175	
50	0		0		0		140	
Store8
1	0		0		0		45	
2	0		0		190		190	
3	0		0		0		0	
4	0		0		0		200	
5	0		0		195		195	
6	0		0		0		50	
7	0		0		0		160	
8	0		0		0		345	
9	0		0		0		185	
10	0		0		0		250	
11	0		0		0		145	
12	165		165		165		165	
13	210		210		210		210	
14	0		150		150		150	
15	0		145		145		145	
16	0		0		0		140	
17	0		135		135		135	
18	0		0		0		150	
19	0		0		0		145	
20	180		180		180		180	
21	0		0		0		180	
22	0		0		0		310	
23	0		0		0		265	
24	0		0		0		295	
25	0		0		235		235	
26	0		0		0		290	
27	0		0		0		145	
28	0		0		250		250	
29	0		0		0		175	
30	0		270		270		270	
31	0		0		305		305	
32	0		0		0		60	
33	0		0		0		205	
34	0		0		0		195	
35	385		385		385		385	
36	320		320		320		320	
37	260		260		260		260	
38	0		205		205		205	
39	0		0		215		215	
40	0		0		0		80	
41	250		250		250		250	
42	0		235		235		235	
43	0		0		190		190	
44	0		0		0		150	
45	170		170		170		170	
46	0		0		195		195	
47	0		0		235		235	
48	0		0		0		280	
49	0		0		0		60	
50	0		0		0		200	
Store9
1	0		0		95		95	
2	0		0		115		115	
3	0		0		0		195	
4	0		0		150		150	
5	0		0		0		210	
6	0		0		0		50	
7	0		0		0		155	
8	0		0		0		210	
9	0		0		0		110	
10	0		0		0		335	
11	0		0		0		325	
12	0		270		270		270	
13	0		0		0		150	
14	0		0		0		5	
15	0		275		275		275	
16	0		300		300		300	
17	0		0		275		275	
18	0		0		0		280	
19	165		165		165		165	
20	0		220		220		220	
21	0		0		205		205	
22	0		0		160		160	
23	0		0		0		0	
24	0		0		0		275	
25	0		0		140		140	
26	0		0		0		100	
27	0		0		0		330	
28	0		220		220		220	
29	0		0		0		195	
30	0		0		345		345	
31	0		0		270		270	
32	0		0		0		185	
33	0		0		0		220	
34	0		0		245		245	
35	0		0		100		100	
36	0		0		420		420	
37	0		0		0		230	
38	155		155		155		155	
39	0		0		250		250	
40	0		0		0		130	
41	0		0		0		85	
42	0		0		130		130	
43	275		275		275		275	
44	0		0		0		280	
45	270		270		270		270	
46	185		185		185		185	
47	0		195		195		195	
48	0		0		0		310	
49	0		0		0		140	
50	0		0		0		200	
Store10
1	0		0		0		55	
2	0		0		70		70	
3	0		0		0		240	
4	0		0		270		270	
5	0		0		0		235	
6	0		0		205		205	
7	0		0		0		25	
8	0		0		0		55	
9	0		0		0		220	
10	0		0		0		240	
11	0		0		170		170	
12	0		0		165		165	
13	0		160		160		160	
14	215		215		215		215	
15	0		155		155		155	
16	0		0		0		315	
17	500		500		500		500	
18	0		0		0		150	
19	0		0		0		205	
20	0		0		290		290	
21	0		0		335		335	
22	195		195		195		195	
23	0		0		105		105	
24	0		0		85		85	
25	0		0		150		150	
26	0		0		0		400	
27	0		0		0		185	
28	305		305		305		305	
29	0		0		0		145	
30	255		255		255		255	
31	0		0		280		280	
32	0		0		0		375	
33	0		0		0		230	
34	0		210		210		210	
35	0		0		145		145	
36	0		240		240		240	
37	160		160		160		160	
38	0		250		250		250	
39	0		0		0		300	
40	0		0		0		145	
41	0		175		175		175	
42	0		0		180		180	
43	0		240		240		240	
44	0		0		0		180	
45	0		0		0		220	
46	0		0		230		230	
47	335		335		335		335	
48	0		0		0		125	
49	0		0		0		260	
50	0		0		0		290	


Fashion Shipments from Vendor to Warehouse (V T):
0.9977767	0	0.94697	0	
0.9941401	0	0	0.8290933	

Printing New Basic Solution:

Inbound Solution (V P T):
1	1	3	1214
1	1	4	809
1	2	3	667
1	2	4	1556
1	3	3	1074
1	3	4	1074
1	4	3	406
1	4	4	1620
1	5	3	1127
1	5	4	751
1	6	3	412
1	6	4	1648
1	7	3	1523
1	7	4	652
1	8	3	882
1	8	4	1321
1	9	3	1236
1	9	4	824
1	10	3	1088
1	10	4	725
1	11	3	422
1	11	4	1686
1	12	3	832
1	12	4	1248
1	13	3	1874
1	13	4	208
1	14	3	985
1	14	4	984
1	15	3	194
1	15	4	1739
1	16	3	1445
1	16	4	618
2	17	2	1972
2	18	2	2026
2	19	2	1937
2	20	2	2069
2	21	2	1939
2	22	2	1957
2	23	2	2053
2	24	2	2106
2	25	2	1881
2	26	2	1931
2	27	2	1961
2	28	2	2102
2	29	2	1914
2	30	2	1916
2	31	2	2041
2	32	2	1974
3	33	2	1393
3	33	3	596
3	34	2	1932
3	35	2	869
3	35	3	1302
3	36	2	1661
3	36	3	415
3	37	2	1669
3	37	3	417
3	38	3	1775
3	39	2	412
3	39	3	1647
3	40	2	209
3	40	3	1878
3	41	2	1635
3	41	3	408
3	42	2	2172
3	43	3	1969
3	44	2	1672
3	44	3	418
3	45	2	2230
3	46	2	1262
3	46	3	840
3	47	2	576
3	47	3	1341
3	48	2	1465
3	48	3	627
3	49	2	1347
3	49	3	336
3	50	2	1776
3	50	3	443


Outbound Solution(S P T):
1	1	2	28
1	1	3	36
1	1	4	141
1	1	5	46
1	2	2	33
1	2	3	65
1	2	4	88
1	2	5	38
1	3	2	31
1	3	3	41
1	3	4	95
1	3	5	78
1	4	2	44
1	4	3	31
1	4	4	105
1	4	5	38
1	5	2	20
1	5	3	30
1	5	4	67
1	5	5	16
1	6	2	55
1	6	3	15
1	6	4	105
1	6	5	41
1	7	2	38
1	7	3	48
1	7	4	64
1	7	5	50
1	8	2	61
1	8	3	30
1	8	4	139
1	8	5	39
1	9	2	40
1	9	3	58
1	9	4	79
1	9	5	65
1	10	2	52
1	10	3	33
1	10	4	50
1	10	5	52
1	11	2	40
1	11	3	41
1	11	4	69
1	11	5	42
1	12	2	47
1	12	3	33
1	12	4	127
1	12	5	34
1	13	2	55
1	13	3	31
1	13	4	25
1	13	5	25
1	14	2	36
1	14	3	59
1	14	4	58
1	14	5	29
1	15	2	42
1	15	3	14
1	15	4	113
1	15	5	43
1	16	2	58
1	16	3	43
1	16	4	61
1	16	5	31
1	17	2	62
1	17	3	37
1	17	4	60
1	17	5	49
1	18	2	12
1	18	3	69
1	18	4	49
1	18	5	49
1	19	2	33
1	19	4	94
1	19	5	41
1	20	2	45
1	20	3	50
1	20	4	104
1	20	5	32
1	21	2	48
1	21	3	36
1	21	4	85
1	21	5	28
1	22	2	27
1	22	3	67
1	22	4	81
1	22	5	18
1	23	2	53
1	23	3	36
1	23	4	87
1	23	5	48
1	24	2	32
1	24	3	38
1	24	4	98
1	24	5	33
1	25	2	28
1	25	3	43
1	25	4	53
1	25	5	24
1	26	2	23
1	26	3	46
1	26	4	57
1	26	5	71
1	27	2	52
1	27	3	51
1	27	4	66
1	27	5	21
1	28	2	32
1	28	3	27
1	28	4	79
1	28	5	9
1	29	2	34
1	29	3	49
1	29	4	84
1	29	5	68
1	30	2	30
1	30	3	58
1	30	4	76
1	30	5	40
1	31	2	37
1	31	3	57
1	31	4	85
1	31	5	32
1	32	2	20
1	32	3	58
1	32	4	40
1	32	5	27
1	33	2	9
1	33	3	27
1	33	4	77
1	33	5	24
1	34	2	28
1	34	3	42
1	34	4	64
1	34	5	11
1	35	2	49
1	35	3	30
1	35	4	72
1	35	5	45
1	36	2	35
1	36	3	49
1	36	4	92
1	36	5	39
1	37	2	46
1	37	3	52
1	37	4	69
1	37	5	58
1	38	2	24
1	38	3	4
1	38	4	71
1	38	5	49
1	39	2	54
1	39	3	70
1	39	4	69
1	39	5	23
1	40	2	50
1	40	3	49
1	40	4	75
1	40	5	77
1	41	2	43
1	41	3	58
1	41	4	71
1	41	5	39
1	42	2	38
1	42	3	29
1	42	4	105
1	42	5	31
1	43	2	23
1	43	3	44
1	43	4	108
1	43	5	36
1	44	2	62
1	44	3	60
1	44	4	62
1	44	5	46
1	45	2	64
1	45	3	58
1	45	4	131
1	45	5	59
1	46	2	45
1	46	3	43
1	46	4	75
1	46	5	74
1	47	3	40
1	47	4	77
1	47	5	31
1	48	2	53
1	48	3	31
1	48	4	68
1	48	5	48
1	49	2	16
1	49	3	34
1	49	4	61
1	49	5	33
1	50	2	30
1	50	3	54
1	50	4	82
1	50	5	41
2	1	2	52
2	1	3	76
2	1	4	73
2	1	5	68
2	2	2	46
2	2	3	67
2	2	4	71
2	2	5	32
2	3	2	52
2	3	3	101
2	3	4	55
2	3	5	49
2	4	2	33
2	4	3	69
2	4	4	24
2	4	5	61
2	5	2	54
2	5	3	45
2	5	4	32
2	5	5	83
2	6	2	41
2	6	3	76
2	6	4	33
2	6	5	54
2	7	2	63
2	7	3	50
2	7	4	43
2	7	5	28
2	8	2	50
2	8	3	34
2	8	4	54
2	8	5	50
2	9	2	43
2	9	3	100
2	9	4	39
2	9	5	37
2	10	2	37
2	10	3	48
2	10	4	46
2	10	5	24
2	11	2	73
2	11	3	38
2	11	4	75
2	11	5	32
2	12	2	33
2	12	3	35
2	12	4	50
2	12	5	33
2	13	2	19
2	13	3	86
2	13	4	54
2	13	5	49
2	14	2	47
2	14	3	91
2	14	4	50
2	14	5	16
2	15	2	20
2	15	3	67
2	15	4	27
2	15	5	62
2	16	2	4
2	16	3	129
2	16	4	53
2	16	5	33
2	17	2	55
2	17	3	93
2	17	4	28
2	17	5	68
2	18	2	62
2	18	3	100
2	18	4	64
2	18	5	46
2	19	2	18
2	19	3	63
2	19	4	28
2	19	5	64
2	20	2	32
2	20	3	106
2	20	4	35
2	20	5	49
2	21	2	28
2	21	3	69
2	21	4	36
2	21	5	36
2	22	2	43
2	22	3	106
2	22	4	26
2	22	5	21
2	23	2	20
2	23	3	66
2	23	4	42
2	23	5	34
2	24	2	51
2	24	3	69
2	24	4	30
2	24	5	40
2	25	2	60
2	25	3	91
2	25	4	54
2	25	5	15
2	26	2	28
2	26	3	104
2	26	4	32
2	26	5	47
2	27	2	41
2	27	3	32
2	27	4	31
2	27	5	25
2	28	2	34
2	28	3	122
2	28	4	65
2	28	5	3
2	29	2	43
2	29	3	59
2	29	4	41
2	29	5	57
2	30	2	15
2	30	3	57
2	30	4	30
2	30	5	42
2	31	2	59
2	31	3	105
2	31	4	26
2	31	5	8
2	32	2	36
2	32	3	50
2	32	4	41
2	32	5	38
2	33	2	31
2	33	3	123
2	33	4	8
2	33	5	41
2	34	2	55
2	34	3	71
2	34	4	41
2	34	5	16
2	35	2	40
2	35	3	51
2	35	4	46
2	35	5	45
2	36	2	40
2	36	3	87
2	36	4	31
2	36	5	52
2	37	2	55
2	37	3	72
2	37	4	47
2	37	5	30
2	38	2	20
2	38	3	125
2	38	4	18
2	38	5	62
2	39	2	2
2	39	3	104
2	39	4	37
2	39	5	51
2	40	2	12
2	40	3	120
2	40	4	47
2	40	5	37
2	41	2	25
2	41	3	21
2	41	4	39
2	41	5	30
2	42	2	52
2	42	3	77
2	42	4	28
2	42	5	49
2	43	2	22
2	43	3	73
2	43	4	21
2	43	5	49
2	44	2	49
2	44	3	91
2	44	4	52
2	44	5	42
2	45	2	50
2	45	3	107
2	45	4	73
2	45	5	49
2	46	2	71
2	46	3	44
2	46	4	40
2	46	5	47
2	47	2	18
2	47	3	78
2	47	4	22
2	47	5	60
2	48	2	43
2	48	3	89
2	48	4	52
2	48	5	28
2	49	2	28
2	49	3	85
2	49	4	30
2	49	5	47
2	50	2	26
2	50	3	86
2	50	4	51
2	50	5	55
3	1	2	62
3	1	3	50
3	1	4	43
3	1	5	41
3	2	2	116
3	2	3	20
3	2	4	59
3	2	5	56
3	3	2	70
3	3	3	33
3	3	4	67
3	3	5	58
3	4	2	83
3	4	3	52
3	4	4	57
3	4	5	31
3	5	2	83
3	5	3	37
3	5	4	5
3	5	5	1
3	6	2	77
3	6	3	44
3	6	4	62
3	6	5	62
3	7	2	106
3	7	3	39
3	7	4	48
3	7	5	18
3	8	2	81
3	8	3	25
3	8	4	23
3	8	5	32
3	9	2	50
3	9	3	34
3	9	4	60
3	9	5	37
3	10	2	27
3	10	3	19
3	10	4	41
3	10	5	24
3	11	2	84
3	11	3	55
3	11	4	31
3	11	5	36
3	12	2	81
3	12	3	58
3	12	4	56
3	12	5	17
3	13	2	82
3	13	3	56
3	13	4	28
3	13	5	58
3	14	2	95
3	14	3	33
3	14	4	49
3	14	5	20
3	15	2	57
3	15	3	66
3	15	4	36
3	15	5	83
3	16	2	51
3	16	3	39
3	16	4	39
3	16	5	52
3	17	2	75
3	17	3	21
3	17	4	61
3	17	5	35
3	18	2	106
3	18	3	44
3	18	4	9
3	19	2	64
3	19	3	34
3	19	4	48
3	19	5	39
3	20	2	59
3	20	3	46
3	20	4	65
3	20	5	48
3	21	2	99
3	21	3	28
3	21	4	57
3	21	5	32
3	22	2	56
3	22	3	37
3	22	4	44
3	22	5	57
3	23	2	65
3	23	3	59
3	23	4	37
3	23	5	34
3	24	2	69
3	24	3	32
3	24	4	54
3	24	5	26
3	25	2	77
3	25	3	17
3	25	4	37
3	25	5	42
3	26	2	77
3	26	3	36
3	26	4	25
3	26	5	42
3	27	2	73
3	27	3	52
3	27	4	62
3	27	5	42
3	28	2	81
3	28	3	47
3	28	4	52
3	28	5	14
3	29	2	116
3	29	3	26
3	29	4	15
3	29	5	42
3	30	2	86
3	30	3	41
3	30	4	64
3	30	5	21
3	31	2	67
3	31	3	7
3	31	4	78
3	31	5	21
3	32	2	108
3	32	3	38
3	32	4	35
3	32	5	20
3	33	2	81
3	33	3	43
3	33	4	28
3	33	5	28
3	34	2	75
3	34	3	15
3	34	4	34
3	34	5	52
3	35	2	58
3	35	3	37
3	35	4	29
3	35	5	43
3	36	2	122
3	36	3	54
3	36	4	51
3	36	5	29
3	37	2	91
3	37	3	31
3	37	4	14
3	37	5	53
3	38	2	40
3	38	3	47
3	38	4	43
3	38	5	51
3	39	2	122
3	39	3	27
3	39	4	33
3	39	5	38
3	40	2	84
3	40	3	29
3	40	4	25
3	40	5	48
3	41	2	103
3	41	3	39
3	41	4	68
3	41	5	2
3	42	2	38
3	42	3	42
3	42	4	42
3	42	5	30
3	43	2	66
3	43	3	58
3	43	4	12
3	43	5	45
3	44	2	61
3	44	3	40
3	44	4	55
3	44	5	50
3	45	2	122
3	45	3	43
3	45	4	32
3	45	5	35
3	46	2	91
3	46	3	59
3	46	4	34
3	46	5	55
3	47	2	66
3	47	3	51
3	47	4	44
3	47	5	74
3	48	2	96
3	48	3	49
3	48	4	28
3	48	5	56
3	49	2	80
3	49	3	29
3	49	4	43
3	49	5	20
3	50	2	73
3	50	3	52
3	50	4	64
3	50	5	29
4	1	2	94
4	1	3	36
4	1	4	83
4	2	2	65
4	2	3	53
4	2	4	70
4	3	2	147
4	3	3	62
4	3	4	66
4	4	2	75
4	4	3	44
4	4	4	98
4	5	2	73
4	5	3	27
4	5	4	77
4	6	2	60
4	6	3	33
4	6	4	98
4	7	2	111
4	7	3	40
4	7	4	137
4	8	2	65
4	8	3	40
4	8	4	82
4	9	2	89
4	9	3	3
4	9	4	89
4	10	2	67
4	10	3	40
4	10	4	101
4	11	2	95
4	11	3	31
4	11	4	85
4	12	2	86
4	12	3	45
4	12	4	96
4	13	2	87
4	13	3	48
4	13	4	101
4	14	2	93
4	14	3	34
4	14	4	98
4	15	2	34
4	15	3	45
4	15	4	58
4	16	2	100
4	16	3	45
4	16	4	81
4	17	2	62
4	17	3	11
4	17	4	141
4	18	2	78
4	18	3	30
4	18	4	86
4	19	2	58
4	19	3	23
4	19	4	58
4	20	2	102
4	20	3	19
4	20	4	44
4	21	2	61
4	21	3	28
4	21	4	91
4	22	2	52
4	22	3	53
4	22	4	120
4	23	2	75
4	23	3	56
4	23	4	50
4	24	2	120
4	24	3	74
4	24	4	86
4	25	2	57
4	25	3	25
4	25	4	96
4	26	2	72
4	26	3	27
4	26	4	99
4	27	2	55
4	27	3	32
4	27	4	92
4	28	2	78
4	28	3	51
4	28	4	83
4	29	2	94
4	29	3	51
4	29	4	64
4	30	2	39
4	30	3	60
4	30	4	94
4	31	2	79
4	31	3	68
4	31	4	102
4	32	2	97
4	32	3	51
4	32	4	26
4	33	2	101
4	33	3	27
4	33	4	64
4	34	2	104
4	34	3	54
4	34	4	91
4	35	2	87
4	35	3	30
4	35	4	73
4	36	2	79
4	36	3	28
4	36	4	98
4	37	2	92
4	37	3	35
4	37	4	119
4	38	2	80
4	38	3	26
4	38	4	91
4	39	2	70
4	39	3	14
4	39	4	54
4	40	2	85
4	40	3	54
4	40	4	87
4	41	2	94
4	41	3	13
4	41	4	85
4	42	2	55
4	42	3	44
4	42	4	64
4	43	2	66
4	43	3	33
4	43	4	69
4	44	2	82
4	44	3	41
4	44	4	53
4	45	2	84
4	45	3	26
4	45	4	88
4	46	2	76
4	46	3	46
4	46	4	79
4	47	2	70
4	47	3	28
4	47	4	77
4	48	2	101
4	48	3	25
4	48	4	88
4	49	2	79
4	49	3	25
4	49	4	69
4	50	2	94
4	50	3	57
4	50	4	84
5	1	2	34
5	1	3	57
5	1	4	50
5	2	2	49
5	2	3	112
5	2	4	102
5	3	2	60
5	3	3	81
5	3	4	89
5	4	2	46
5	4	3	98
5	4	4	51
5	5	2	25
5	5	3	53
5	5	4	70
5	6	2	57
5	6	3	79
5	6	4	49
5	7	2	66
5	7	3	91
5	7	4	108
5	8	2	46
5	8	3	90
5	8	4	41
5	9	2	42
5	9	3	38
5	9	4	88
5	10	2	38
5	10	3	81
5	10	4	82
5	11	2	42
5	11	3	95
5	11	4	110
5	12	2	25
5	12	3	89
5	12	4	62
5	13	2	45
5	13	3	97
5	13	4	83
5	14	2	29
5	14	3	36
5	14	4	93
5	15	2	13
5	15	3	78
5	15	4	65
5	16	2	21
5	16	3	78
5	16	4	105
5	17	2	29
5	17	3	107
5	17	4	89
5	18	2	17
5	18	3	74
5	18	4	89
5	19	2	54
5	19	3	96
5	19	4	81
5	20	2	50
5	20	3	80
5	20	4	75
5	21	2	28
5	21	3	24
5	21	4	58
5	22	2	35
5	22	3	78
5	22	4	83
5	23	2	26
5	23	3	70
5	23	4	97
5	24	2	35
5	24	3	55
5	24	4	112
5	25	2	56
5	25	3	68
5	25	4	43
5	26	2	33
5	26	3	55
5	26	4	48
5	27	2	24
5	27	3	75
5	27	4	79
5	28	2	52
5	28	3	73
5	28	4	79
5	29	2	12
5	29	3	67
5	29	4	104
5	30	2	44
5	30	3	51
5	30	4	94
5	31	2	41
5	31	3	84
5	31	4	116
5	32	2	44
5	32	3	109
5	32	4	94
5	33	2	46
5	33	3	77
5	33	4	59
5	34	2	50
5	34	3	96
5	34	4	57
5	35	2	39
5	35	3	85
5	35	4	79
5	36	2	62
5	36	3	51
5	36	4	100
5	37	2	33
5	37	3	69
5	37	4	83
5	38	2	35
5	38	3	41
5	38	4	83
5	39	2	57
5	39	3	116
5	39	4	86
5	40	2	4
5	40	3	58
5	40	4	92
5	41	2	59
5	41	3	121
5	41	4	77
5	42	2	36
5	42	3	154
5	42	4	86
5	43	2	47
5	43	3	79
5	43	4	101
5	44	2	45
5	44	3	86
5	44	4	93
5	45	2	46
5	45	3	62
5	45	4	58
5	46	2	17
5	46	3	91
5	46	4	80
5	47	2	37
5	47	3	112
5	47	4	66
5	48	2	65
5	48	3	119
5	48	4	66
5	49	2	31
5	49	3	22
5	49	4	55
5	50	2	60
5	50	3	85
5	50	4	112
6	1	2	37
6	1	3	88
6	1	4	95
6	2	2	52
6	2	3	75
6	2	4	112
6	3	2	34
6	3	3	78
6	3	4	84
6	4	2	11
6	4	3	80
6	4	4	93
6	5	2	62
6	5	3	87
6	5	4	119
6	6	2	43
6	6	3	127
6	6	4	51
6	7	2	33
6	7	3	92
6	7	4	87
6	8	2	70
6	8	3	63
6	8	4	93
6	9	2	32
6	9	3	93
6	9	4	100
6	10	2	35
6	10	3	95
6	10	4	77
6	11	2	40
6	11	3	103
6	11	4	69
6	12	2	42
6	12	3	73
6	12	4	69
6	13	2	51
6	13	3	83
6	13	4	85
6	14	2	34
6	14	3	94
6	14	4	41
6	15	2	70
6	15	3	89
6	15	4	56
6	16	2	59
6	16	3	69
6	16	4	87
6	17	2	59
6	17	3	51
6	17	4	85
6	18	2	30
6	18	3	71
6	18	4	80
6	19	2	29
6	19	3	99
6	19	4	88
6	20	2	41
6	20	3	87
6	20	4	78
6	21	2	34
6	21	3	100
6	21	4	36
6	22	2	38
6	22	3	83
6	22	4	70
6	23	2	58
6	23	3	82
6	23	4	90
6	24	2	50
6	24	3	111
6	24	4	66
6	25	2	5
6	25	3	99
6	25	4	84
6	26	2	54
6	26	3	48
6	26	4	82
6	27	2	51
6	27	3	50
6	27	4	115
6	28	2	46
6	28	3	92
6	28	4	43
6	29	2	32
6	29	3	113
6	29	4	91
6	30	2	22
6	30	3	21
6	30	4	56
6	31	2	34
6	31	3	116
6	31	4	86
6	32	2	25
6	32	3	119
6	32	4	60
6	33	2	31
6	33	3	57
6	33	4	64
6	34	2	35
6	34	3	88
6	34	4	105
6	35	2	63
6	35	3	118
6	35	4	89
6	36	2	58
6	36	3	107
6	36	4	72
6	37	2	47
6	37	3	90
6	37	4	88
6	38	2	18
6	38	3	69
6	38	4	82
6	39	2	47
6	39	3	112
6	39	4	82
6	40	2	69
6	40	3	51
6	40	4	84
6	41	2	54
6	41	3	43
6	41	4	96
6	42	2	47
6	42	3	61
6	42	4	119
6	43	3	71
6	43	4	43
6	44	2	49
6	44	3	123
6	44	4	85
6	45	2	37
6	45	3	74
6	45	4	75
6	46	2	40
6	46	3	94
6	46	4	69
6	47	2	1
6	47	3	104
6	47	4	48
6	48	2	55
6	48	3	51
6	48	4	59
6	49	2	30
6	49	3	87
6	49	4	77
6	50	2	51
6	50	3	49
6	50	4	97
7	1	2	41
7	1	3	98
7	1	4	39
7	2	2	34
7	2	3	138
7	2	4	44
7	3	2	56
7	3	3	109
7	3	4	71
7	4	2	33
7	4	3	131
7	4	4	51
7	5	2	62
7	5	3	95
7	5	4	56
7	6	2	32
7	6	3	103
7	6	4	58
7	7	2	53
7	7	3	108
7	7	4	63
7	8	2	71
7	8	3	129
7	8	4	61
7	9	2	63
7	9	3	137
7	9	4	41
7	10	2	7
7	10	3	80
7	10	4	89
7	11	2	45
7	11	3	113
7	11	4	34
7	12	2	54
7	12	3	153
7	12	4	16
7	13	2	61
7	13	3	76
7	13	4	25
7	14	2	29
7	14	3	137
7	14	4	43
7	15	2	55
7	15	3	145
7	15	4	47
7	16	2	41
7	16	3	144
7	16	4	51
7	17	2	11
7	17	3	94
7	17	4	36
7	18	2	32
7	18	3	121
7	18	4	46
7	19	2	38
7	19	3	118
7	19	4	36
7	20	2	20
7	20	3	103
7	20	4	46
7	21	2	37
7	21	3	120
7	21	4	32
7	22	2	27
7	22	3	107
7	22	4	64
7	23	2	50
7	23	3	100
7	23	4	47
7	24	2	49
7	24	3	104
7	24	4	24
7	25	2	27
7	25	3	116
7	25	4	38
7	26	2	48
7	26	3	95
7	26	4	42
7	27	2	51
7	27	3	137
7	27	4	32
7	28	2	40
7	28	3	156
7	28	4	42
7	29	2	24
7	29	3	94
7	29	4	12
7	30	2	51
7	30	3	87
7	30	4	10
7	31	2	48
7	31	3	102
7	31	4	13
7	32	2	52
7	32	3	113
7	32	4	31
7	33	2	26
7	33	3	121
7	33	4	23
7	34	2	60
7	34	3	153
7	34	4	67
7	35	2	37
7	35	3	106
7	35	4	29
7	36	2	12
7	36	3	119
7	36	4	24
7	37	2	62
7	37	3	127
7	37	4	28
7	38	2	38
7	38	3	97
7	38	4	29
7	39	2	46
7	39	3	136
7	39	4	17
7	40	2	37
7	40	3	97
7	40	4	53
7	41	2	59
7	41	3	87
7	41	4	24
7	42	2	47
7	42	3	174
7	42	4	49
7	43	2	46
7	43	3	136
7	43	4	53
7	44	2	32
7	44	3	147
7	44	4	34
7	45	2	47
7	45	3	118
7	45	4	46
7	46	2	63
7	46	3	112
7	46	4	46
7	47	2	22
7	47	3	156
7	47	4	76
7	48	2	31
7	48	3	119
7	48	4	31
7	49	2	31
7	49	3	65
7	49	4	26
7	50	2	53
7	50	3	99
7	50	4	43
8	1	2	49
8	1	3	71
8	1	4	40
8	2	2	57
8	2	3	77
8	2	4	38
8	3	2	39
8	3	3	79
8	3	4	3
8	4	2	58
8	4	3	78
8	4	4	42
8	5	2	96
8	5	3	74
8	5	4	33
8	6	2	100
8	6	3	102
8	6	4	21
8	7	2	43
8	7	3	88
8	7	4	45
8	8	2	87
8	8	3	97
8	8	4	60
8	9	2	100
8	9	3	76
8	9	4	31
8	10	2	98
8	10	3	68
8	10	4	20
8	11	2	101
8	11	3	104
8	11	4	40
8	12	2	67
8	12	3	130
8	12	4	53
8	13	2	107
8	13	3	64
8	13	4	54
8	14	2	119
8	14	3	96
8	14	4	60
8	15	2	78
8	15	3	64
8	15	4	61
8	16	2	48
8	16	3	86
8	16	4	55
8	17	2	76
8	17	3	36
8	17	4	63
8	18	2	124
8	18	3	48
8	18	4	57
8	19	2	88
8	19	3	51
8	19	4	37
8	20	2	93
8	20	3	131
8	20	4	42
8	21	2	74
8	21	3	106
8	21	4	44
8	22	2	96
8	22	3	69
8	22	4	65
8	23	2	101
8	23	3	56
8	23	4	44
8	24	2	69
8	24	3	53
8	24	4	19
8	25	2	47
8	25	3	98
8	25	4	53
8	26	2	40
8	26	3	94
8	26	4	31
8	27	2	116
8	27	3	90
8	27	4	37
8	28	2	85
8	28	3	99
8	28	4	34
8	29	2	110
8	29	3	80
8	29	4	18
8	30	2	102
8	30	3	118
8	30	4	42
8	31	2	46
8	31	3	95
8	31	4	53
8	32	2	86
8	32	3	100
8	32	4	54
8	33	2	97
8	33	3	101
8	33	4	89
8	34	2	65
8	34	3	49
8	34	4	28
8	35	2	94
8	35	3	87
8	35	4	53
8	36	2	91
8	36	3	57
8	36	4	25
8	37	2	73
8	37	3	50
8	37	4	45
8	38	2	62
8	38	3	73
8	38	4	49
8	39	2	44
8	39	3	52
8	39	4	38
8	40	2	51
8	40	3	102
8	40	4	26
8	41	2	87
8	41	3	108
8	41	4	77
8	42	2	97
8	42	3	61
8	42	4	46
8	43	2	59
8	43	3	117
8	43	4	54
8	44	2	99
8	44	3	60
8	44	4	63
8	45	2	100
8	45	3	96
8	45	4	59
8	46	2	82
8	46	3	97
8	46	4	22
8	47	2	108
8	47	3	52
8	47	4	60
8	48	2	73
8	48	3	56
8	48	4	55
8	49	2	127
8	49	3	89
8	49	4	39
8	50	2	98
8	50	3	93
8	50	4	33
9	1	2	38
9	1	3	149
9	1	4	35
9	2	2	29
9	2	3	147
9	2	4	29
9	3	2	49
9	3	3	123
9	3	4	23
9	4	3	139
9	4	4	31
9	5	2	43
9	5	3	81
9	5	4	61
9	6	2	19
9	6	3	151
9	6	4	45
9	7	2	71
9	7	3	91
9	7	4	63
9	8	2	62
9	8	3	117
9	8	4	36
9	9	2	38
9	9	3	132
9	9	4	20
9	10	2	73
9	10	3	146
9	10	4	20
9	11	2	57
9	11	3	96
9	11	4	13
9	12	2	36
9	12	3	115
9	12	4	69
9	13	2	48
9	13	3	180
9	13	4	16
9	14	2	39
9	14	3	105
9	14	4	44
9	15	2	21
9	15	3	103
9	15	4	35
9	16	2	33
9	16	3	131
9	16	4	52
9	17	2	55
9	17	3	111
9	17	4	30
9	18	2	4
9	18	3	125
9	18	4	55
9	19	2	61
9	19	3	141
9	19	4	55
9	20	2	37
9	20	3	121
9	20	4	51
9	21	2	54
9	21	3	121
9	21	4	53
9	22	2	30
9	22	3	118
9	22	4	39
9	23	2	38
9	23	3	144
9	23	4	40
9	24	2	65
9	24	3	155
9	24	4	52
9	25	2	47
9	25	3	130
9	25	4	66
9	26	2	47
9	26	3	156
9	26	4	52
9	27	2	23
9	27	3	105
9	27	4	44
9	28	2	21
9	28	3	139
9	28	4	59
9	29	2	37
9	29	3	84
9	29	4	40
9	30	2	42
9	30	3	101
9	30	4	64
9	31	2	10
9	31	3	159
9	31	4	14
9	32	2	30
9	32	3	146
9	32	4	25
9	33	2	35
9	33	3	152
9	33	4	35
9	34	2	34
9	34	3	105
9	34	4	8
9	35	2	40
9	35	3	157
9	35	4	59
9	36	2	25
9	36	3	100
9	36	4	24
9	37	2	45
9	37	3	166
9	37	4	23
9	38	2	28
9	38	3	121
9	38	4	29
9	39	2	52
9	39	3	132
9	39	4	60
9	40	2	45
9	40	3	130
9	40	4	55
9	41	2	59
9	41	3	96
9	41	4	59
9	42	2	60
9	42	3	126
9	42	4	23
9	43	2	49
9	43	3	133
9	43	4	51
9	44	2	35
9	44	3	75
9	44	4	39
9	45	2	41
9	45	3	142
9	45	4	37
9	46	2	58
9	46	3	110
9	46	4	44
9	47	2	38
9	47	3	105
9	47	4	24
9	48	2	50
9	48	3	173
9	48	4	29
9	49	2	29
9	49	3	95
9	49	4	50
9	50	2	38
9	50	3	156
9	50	4	20
10	1	2	40
10	1	3	67
10	1	4	38
10	1	5	28
10	2	2	47
10	2	3	130
10	2	4	37
10	2	5	35
10	3	2	26
10	3	3	60
10	3	4	54
10	3	5	25
10	4	2	64
10	4	3	68
10	4	4	54
10	4	5	53
10	5	2	41
10	5	3	95
10	5	4	22
10	5	5	53
10	6	2	47
10	6	3	57
10	6	4	39
10	6	5	24
10	7	2	37
10	7	3	61
10	7	4	47
10	7	5	45
10	8	2	90
10	8	3	115
10	8	4	23
10	8	5	47
10	9	2	47
10	9	3	65
10	9	4	34
10	9	5	60
10	10	2	29
10	10	3	80
10	10	4	34
10	11	2	45
10	11	3	102
10	11	4	58
10	11	5	14
10	12	2	33
10	12	3	72
10	12	4	56
10	12	5	35
10	13	2	64
10	13	3	73
10	13	4	40
10	13	5	26
10	14	2	21
10	14	3	59
10	14	4	42
10	14	5	40
10	15	2	44
10	15	3	70
10	15	4	49
10	15	5	23
10	16	2	15
10	16	3	94
10	16	4	42
10	16	5	33
10	17	2	32
10	17	3	71
10	17	4	26
10	17	5	53
10	18	2	67
10	18	3	93
10	18	4	49
10	18	5	40
10	19	2	28
10	19	3	86
10	19	4	58
10	19	5	28
10	20	2	32
10	20	3	66
10	20	4	29
10	20	5	51
10	21	2	53
10	21	3	101
10	21	4	50
10	21	5	52
10	22	2	28
10	22	3	46
10	22	4	48
10	22	5	25
10	23	2	30
10	23	3	110
10	23	4	45
10	23	5	63
10	24	2	30
10	24	3	91
10	24	4	47
10	24	5	67
10	25	2	45
10	25	3	92
10	25	4	27
10	25	5	21
10	26	2	34
10	26	3	122
10	26	4	20
10	26	5	44
10	27	2	50
10	27	3	53
10	27	4	46
10	27	5	56
10	28	2	51
10	28	3	107
10	28	4	61
10	28	5	46
10	29	2	6
10	29	3	42
10	29	4	65
10	29	5	40
10	30	2	43
10	30	3	114
10	30	4	35
10	30	5	66
10	31	2	32
10	31	3	92
10	31	4	56
10	31	5	13
10	32	2	47
10	32	3	95
10	32	4	26
10	32	5	33
10	33	2	40
10	33	3	105
10	33	4	75
10	33	5	44
10	34	2	45
10	34	3	22
10	34	4	60
10	34	5	52
10	35	2	73
10	35	3	113
10	35	4	59
10	35	5	56
10	36	2	32
10	36	3	114
10	36	4	80
10	36	5	37
10	37	2	9
10	37	3	75
10	37	4	60
10	37	5	49
10	38	2	29
10	38	3	73
10	38	4	59
10	38	5	9
10	39	2	53
10	39	3	98
10	39	4	14
10	39	5	49
10	40	2	46
10	40	3	104
10	40	4	54
10	40	5	50
10	41	2	10
10	41	3	84
10	41	4	48
10	41	5	65
10	42	2	62
10	42	3	104
10	42	4	35
10	42	5	61
10	43	2	41
10	43	3	81
10	43	4	43
10	43	5	40
10	44	2	37
10	44	3	75
10	44	4	28
10	44	5	39
10	45	2	44
10	45	3	59
10	45	4	39
10	45	5	29
10	46	2	25
10	46	3	69
10	46	4	68
10	46	5	36
10	47	2	45
10	47	3	84
10	47	4	38
10	47	5	5
10	48	2	61
10	48	3	55
10	48	4	38
10	48	5	51
10	49	2	30
10	49	3	60
10	49	4	57
10	49	5	4
10	50	2	49
10	50	3	84
10	50	4	73
10	50	5	48


Warehouse Inventory (W P T):
1	475		475		0		486		658		475	
2	745		745		217		0		906		745	
3	564		564		0		307		774		564	
4	831		831		384		0		1014		831	
5	559		559		0		503		712		559	
6	906		906		375		0		1087		906	
7	621		621		0		815		762		621	
8	683		683		0		142		851		683	
9	544		544		0		500		743		544	
10	463		463		0		398		563		463	
11	978		978		356		0		1102		978	
12	504		504		0		29		623		504	
13	619		619		0		1080		777		619	
14	542		542		0		241		647		542	
15	981		981		547		0		1192		981	
16	430		430		0		587		579		430	
17	0		0		1456		824		205		0	
18	0		0		1494		719		135		0	
19	0		0		1466		755		172		0	
20	0		0		1558		749		180		0	
21	0		0		1423		690		148		0	
22	0		0		1525		761		121		0	
23	0		0		1537		758		179		0	
24	0		0		1536		754		166		0	
25	0		0		1432		653		102		0	
26	0		0		1475		692		204		0	
27	0		0		1425		748		144		0	
28	0		0		1582		669		72		0	
29	0		0		1406		741		207		0	
30	0		0		1442		734		169		0	
31	0		0		1588		703		74		0	
32	0		0		1429		550		118		0	
33	0		0		896		659		137		0	
34	0		0		1381		686		131		0	
35	0		0		289		777		189		0	
36	0		0		1105		754		157		0	
37	0		0		1116		766		190		0	
38	374		374		0		1099		545		374	
39	135		135		0		786		296		135	
40	274		274		0		1084		486		274	
41	0		0		1042		780		136		0	
42	0		0		1640		768		171		0	
43	419		419		0		1144		589		419	
44	0		0		1121		741		177		0	
45	0		0		1595		810		172		0	
46	0		0		694		769		212		0	
47	0		0		171		702		170		0	
48	0		0		837		697		183		0	
49	0		0		866		611		104		0	
50	0		0		1204		832		173		0	

Store Inventory (S P T):
Store1
1	49		0		0		0		49		49	
2	55		0		0		0		55		55	
3	59		0		0		0		59		59	
4	47		0		0		0		47		47	
5	28		0		0		0		28		28	
6	35		0		0		0		35		35	
7	30		0		0		0		30		30	
8	73		0		0		0		73		73	
9	39		0		0		0		39		39	
10	17		0		0		0		17		17	
11	39		0		0		0		39		39	
12	62		0		0		0		62		62	
13	12		0		0		0		12		12	
14	40		0		0		0		40		40	
15	42		0		0		0		42		42	
16	26		0		0		0		26		26	
17	34		0		0		0		34		34	
18	12		0		0		0		12		12	
19	58		0		0		0		58		58	
20	41		0		0		0		41		41	
21	43		0		0		0		43		43	
22	53		0		0		0		53		53	
23	36		0		0		0		36		36	
24	56		0		0		0		56		56	
25	21		0		0		0		21		21	
26	31		0		0		0		31		31	
27	39		0		0		0		39		39	
28	46		0		0		0		46		46	
29	37		0		0		0		37		37	
30	26		0		0		0		26		26	
31	40		0		0		0		40		40	
32	18		0		0		0		18		18	
33	49		0		0		0		49		49	
34	10		0		0		0		10		10	
35	44		0		0		0		44		44	
36	29		0		0		0		29		29	
37	45		0		0		0		45		45	
38	43		0		0		0		43		43	
39	45		0		0		0		45		45	
40	45		0		0		0		45		45	
41	31		0		0		0		31		31	
42	52		0		0		0		52		52	
43	62		0		0		0		62		62	
44	37		0		0		0		37		37	
45	81		0		0		0		81		81	
46	25		0		0		0		25		25	
47	49		0		0		0		49		49	
48	50		0		0		0		50		50	
49	38		0		0		0		38		38	
50	51		0		0		0		51		51	
Store2
1	36		0		0		36		36		36	
2	23		0		0		23		23		23	
3	47		0		0		47		47		47	
4	39		0		0		39		39		39	
5	0		0		0		0		0		0	
6	38		0		0		38		38		38	
7	17		0		0		17		17		17	
8	20		0		0		20		20		20	
9	31		0		0		31		31		31	
10	20		0		0		20		20		20	
11	13		0		0		13		13		13	
12	16		0		0		16		16		16	
13	46		0		0		46		46		46	
14	18		0		0		18		18		18	
15	38		0		0		38		38		38	
16	67		0		0		67		67		67	
17	69		0		0		69		69		69	
18	44		0		0		44		44		44	
19	18		0		0		18		18		18	
20	40		0		0		40		40		40	
21	37		0		0		37		37		37	
22	43		0		0		43		43		43	
23	39		0		0		39		39		39	
24	18		0		0		18		18		18	
25	31		0		0		31		31		31	
26	50		0		0		50		50		50	
27	0		0		0		0		0		0	
28	61		0		0		61		61		61	
29	52		0		0		52		52		52	
30	20		0		0		20		20		20	
31	55		0		0		55		55		55	
32	0		0		0		0		0		0	
33	60		0		0		60		60		60	
34	22		0		0		22		22		22	
35	5		0		0		5		5		5	
36	39		0		0		39		39		39	
37	32		0		0		32		32		32	
38	72		0		0		72		72		72	
39	51		0		0		51		51		51	
40	51		0		0		51		51		51	
41	21		0		0		21		21		21	
42	31		0		0		31		31		31	
43	47		0		0		47		47		47	
44	38		0		0		38		38		38	
45	51		0		0		51		51		51	
46	25		0		0		25		25		25	
47	70		0		0		70		70		70	
48	38		0		0		38		38		38	
49	50		0		0		50		50		50	
50	51		0		0		51		51		51	
Store3
1	32		0		32		32		32		32	
2	56		0		56		56		56		56	
3	38		0		38		38		38		38	
4	27		0		27		27		27		27	
5	41		0		41		41		41		41	
6	37		0		37		37		37		37	
7	69		0		69		69		69		69	
8	40		0		40		40		40		40	
9	45		0		45		45		45		45	
10	22		0		22		22		22		22	
11	25		0		25		25		25		25	
12	49		0		49		49		49		49	
13	55		0		55		55		55		55	
14	52		0		52		52		52		52	
15	32		0		32		32		32		32	
16	49		0		49		49		49		49	
17	25		0		25		25		25		25	
18	51		0		51		51		51		51	
19	53		0		53		53		53		53	
20	19		0		19		19		19		19	
21	45		0		45		45		45		45	
22	41		0		41		41		41		41	
23	54		0		54		54		54		54	
24	31		0		31		31		31		31	
25	44		0		44		44		44		44	
26	43		0		43		43		43		43	
27	30		0		30		30		30		30	
28	54		0		54		54		54		54	
29	59		0		59		59		59		59	
30	47		0		47		47		47		47	
31	20		0		20		20		20		20	
32	64		0		64		64		64		64	
33	28		0		28		28		28		28	
34	33		0		33		33		33		33	
35	50		0		50		50		50		50	
36	76		0		76		76		76		76	
37	39		0		39		39		39		39	
38	20		0		20		20		20		20	
39	62		0		62		62		62		62	
40	43		0		43		43		43		43	
41	41		0		41		41		41		41	
42	1		0		1		1		1		1	
43	37		0		37		37		37		37	
44	49		0		49		49		49		49	
45	65		0		65		65		65		65	
46	63		0		63		63		63		63	
47	14		0		14		14		14		14	
48	51		0		51		51		51		51	
49	24		0		24		24		24		24	
50	26		0		26		26		26		26	
Store4
1	50		0		42		42		92		50	
2	37		0		22		22		59		37	
3	56		0		87		87		143		56	
4	70		0		55		55		125		70	
5	39		0		25		25		64		39	
6	54		0		24		24		78		54	
7	52		0		66		66		118		52	
8	46		0		56		56		102		46	
9	44		0		46		46		90		44	
10	49		0		34		34		83		49	
11	56		0		30		30		86		56	
12	42		0		34		34		76		42	
13	57		0		46		46		103		57	
14	41		0		46		46		87		41	
15	14		0		13		13		27		14	
16	43		0		46		46		89		43	
17	52		0		20		20		72		52	
18	51		0		53		53		104		51	
19	24		0		25		25		49		24	
20	16		0		48		48		64		16	
21	51		0		37		37		88		51	
22	73		0		18		18		91		73	
23	27		0		41		41		68		27	
24	24		0		55		55		79		24	
25	68		0		31		31		99		68	
26	46		0		43		43		89		46	
27	31		0		25		25		56		31	
28	43		0		42		42		85		43	
29	39		0		46		46		85		39	
30	49		0		6		6		55		49	
31	46		0		40		40		86		46	
32	5		0		52		52		57		5	
33	32		0		47		47		79		32	
34	63		0		42		42		105		63	
35	41		0		48		48		89		41	
36	36		0		20		20		56		36	
37	47		0		43		43		90		47	
38	51		0		64		64		115		51	
39	20		0		52		52		72		20	
40	36		0		28		28		64		36	
41	60		0		43		43		103		60	
42	37		0		37		37		74		37	
43	32		0		34		34		66		32	
44	9		0		48		48		57		9	
45	38		0		44		44		82		38	
46	52		0		39		39		91		52	
47	39		0		39		39		78		39	
48	62		0		60		60		122		62	
49	27		0		46		46		73		27	
50	28		0		53		53		81		28	
Store5
1	28		0		0		28		54		28	
2	58		0		0		58		121		58	
3	48		0		0		48		86		48	
4	41		0		0		41		77		41	
5	38		0		0		38		83		38	
6	46		0		0		46		81		46	
7	33		0		0		33		81		33	
8	41		0		0		41		61		41	
9	32		0		0		32		77		32	
10	69		0		0		69		122		69	
11	37		0		0		37		87		37	
12	45		0		0		45		87		45	
13	66		0		0		66		102		66	
14	16		0		0		16		56		16	
15	65		0		0		65		95		65	
16	45		0		0		45		85		45	
17	46		0		0		46		84		46	
18	39		0		0		39		75		39	
19	30		0		0		30		82		30	
20	51		0		0		51		91		51	
21	5		0		0		5		23		5	
22	49		0		0		49		99		49	
23	42		0		0		42		90		42	
24	22		0		0		22		73		22	
25	30		0		0		30		45		30	
26	29		0		0		29		44		29	
27	34		0		0		34		62		34	
28	56		0		0		56		117		56	
29	39		0		0		39		94		39	
30	32		0		0		32		91		32	
31	48		0		0		48		120		48	
32	61		0		0		61		136		61	
33	29		0		0		29		70		29	
34	38		0		0		38		65		38	
35	46		0		0		46		110		46	
36	13		0		0		13		68		13	
37	19		0		0		19		47		19	
38	35		0		0		35		91		35	
39	47		0		0		47		72		47	
40	44		0		0		44		67		44	
41	80		0		0		80		109		80	
42	91		0		0		91		129		91	
43	68		0		0		68		120		68	
44	46		0		0		46		85		46	
45	32		0		0		32		62		32	
46	65		0		0		65		84		65	
47	31		0		0		31		57		31	
48	80		0		0		80		115		80	
49	11		0		0		11		37		11	
50	52		0		0		52		105		52	
Store6
1	55		0		0		55		91		55	
2	45		0		0		45		80		45	
3	34		0		0		34		83		34	
4	34		0		0		34		60		34	
5	38		0		0		38		114		38	
6	42		0		0		42		77		42	
7	46		0		0		46		85		46	
8	30		0		0		30		73		30	
9	55		0		0		55		113		55	
10	75		0		0		75		105		75	
11	36		0		0		36		65		36	
12	39		0		0		39		81		39	
13	48		0		0		48		93		48	
14	56		0		0		56		86		56	
15	61		0		0		61		82		61	
16	13		0		0		13		48		13	
17	25		0		0		25		47		25	
18	45		0		0		45		63		45	
19	50		0		0		50		96		50	
20	61		0		0		61		92		61	
21	44		0		0		44		55		44	
22	52		0		0		52		80		52	
23	31		0		0		31		73		31	
24	72		0		0		72		109		72	
25	51		0		0		51		97		51	
26	38		0		0		38		83		38	
27	35		0		0		35		99		35	
28	47		0		0		47		64		47	
29	59		0		0		59		96		59	
30	6		0		0		6		47		6	
31	56		0		0		56		87		56	
32	82		0		0		82		116		82	
33	27		0		0		27		72		27	
34	37		0		0		37		75		37	
35	66		0		0		66		102		66	
36	41		0		0		41		73		41	
37	62		0		0		62		79		62	
38	44		0		0		44		89		44	
39	63		0		0		63		107		63	
40	31		0		0		31		83		31	
41	42		0		0		42		101		42	
42	30		0		0		30		82		30	
43	23		0		0		23		49		23	
44	48		0		0		48		98		48	
45	42		0		0		42		73		42	
46	49		0		0		49		72		49	
47	39		0		0		39		74		39	
48	31		0		0		31		58		31	
49	45		0		0		45		80		45	
50	0		0		0		0		39		0	
Store7
1	19		0		0		68		68		19	
2	65		0		0		108		108		65	
3	22		0		0		77		77		22	
4	36		0		0		81		81		36	
5	31		0		0		52		52		31	
6	31		0		0		51		51		31	
7	18		0		0		58		58		18	
8	57		0		0		82		82		57	
9	39		0		0		95		95		39	
10	28		0		0		61		61		28	
11	13		0		0		54		54		13	
12	58		0		0		99		99		58	
13	7		0		0		38		38		7	
14	54		0		0		95		95		54	
15	52		0		0		97		97		52	
16	54		0		0		99		99		54	
17	35		0		0		49		49		35	
18	63		0		0		83		83		63	
19	22		0		0		84		84		22	
20	38		0		0		71		71		38	
21	39		0		0		109		109		39	
22	31		0		0		78		78		31	
23	49		0		0		82		82		49	
24	34		0		0		63		63		34	
25	44		0		0		77		77		44	
26	31		0		0		50		50		31	
27	48		0		0		94		94		48	
28	43		0		0		100		100		43	
29	30		0		0		58		58		30	
30	39		0		0		64		64		39	
31	63		0		0		63		63		63	
32	17		0		0		61		61		17	
33	57		0		0		73		73		57	
34	47		0		0		96		96		47	
35	32		0		0		68		68		32	
36	39		0		0		59		59		39	
37	34		0		0		67		67		34	
38	43		0		0		60		60		43	
39	33		0		0		70		70		33	
40	32		0		0		70		70		32	
41	49		0		0		71		71		49	
42	78		0		0		134		134		78	
43	41		0		0		79		79		41	
44	52		0		0		108		108		52	
45	34		0		0		63		63		34	
46	22		0		0		66		66		22	
47	59		0		0		109		109		59	
48	26		0		0		78		78		26	
49	20		0		0		44		44		20	
50	38		0		0		68		68		38	
Store8
1	33		0		7		40		40		33	
2	45		0		22		67		67		45	
3	34		0		18		52		52		34	
4	46		0		58		104		104		46	
5	34		0		49		83		83		34	
6	53		0		55		108		108		53	
7	54		0		23		77		77		54	
8	45		0		40		85		85		45	
9	40		0		48		88		88		40	
10	19		0		68		87		87		19	
11	55		0		44		99		99		55	
12	68		0		20		88		88		68	
13	16		0		52		68		68		16	
14	48		0		62		110		110		48	
15	30		0		23		53		53		30	
16	57		0		9		66		66		57	
17	16		0		36		52		52		16	
18	28		0		59		87		87		28	
19	39		0		54		93		93		39	
20	92		0		46		138		138		92	
21	44		0		30		74		74		44	
22	21		0		40		61		61		21	
23	40		0		57		97		97		40	
24	31		0		18		49		49		31	
25	46		0		21		67		67		46	
26	39		0		20		59		59		39	
27	57		0		60		117		117		57	
28	44		0		30		74		74		44	
29	46		0		57		103		103		46	
30	73		0		42		115		115		73	
31	57		0		30		87		87		57	
32	36		0		42		78		78		36	
33	47		0		61		108		108		47	
34	14		0		42		56		56		14	
35	25		0		39		64		64		25	
36	24		0		49		73		73		24	
37	27		0		29		56		56		27	
38	19		0		40		59		59		19	
39	0		0		16		16		16		0	
40	45		0		18		63		63		45	
41	66		0		30		96		96		66	
42	34		0		55		89		89		34	
43	52		0		31		83		83		52	
44	24		0		49		73		73		24	
45	54		0		22		76		76		54	
46	18		0		52		70		70		18	
47	19		0		56		75		75		19	
48	46		0		37		83		83		46	
49	43		0		47		90		90		43	
50	56		0		71		127		127		56	
Store9
1	60		0		0		109		109		60	
2	23		0		0		88		88		23	
3	39		0		0		92		92		39	
4	64		0		0		116		116		64	
5	20		0		0		50		50		20	
6	59		0		0		113		113		59	
7	10		0		0		65		65		10	
8	33		0		0		86		86		33	
9	30		0		0		81		81		30	
10	50		0		0		92		92		50	
11	45		0		0		77		77		45	
12	52		0		0		76		76		52	
13	54		0		0		119		119		54	
14	23		0		0		74		74		23	
15	30		0		0		79		79		30	
16	33		0		0		77		77		33	
17	46		0		0		75		75		46	
18	32		0		0		72		72		32	
19	39		0		0		104		104		39	
20	59		0		0		91		91		59	
21	43		0		0		62		62		43	
22	58		0		0		74		74		58	
23	54		0		0		104		104		54	
24	66		0		0		114		114		66	
25	29		0		0		74		74		29	
26	67		0		0		120		120		67	
27	34		0		0		51		51		34	
28	51		0		0		82		82		51	
29	43		0		0		69		69		43	
30	45		0		0		49		49		45	
31	62		0		0		98		98		62	
32	33		0		0		83		83		33	
33	46		0		0		106		106		46	
34	43		0		0		67		67		43	
35	54		0		0		109		109		54	
36	38		0		0		59		59		38	
37	65		0		0		114		114		65	
38	50		0		0		82		82		50	
39	29		0		0		97		97		29	
40	52		0		0		91		91		52	
41	29		0		0		62		62		29	
42	47		0		0		66		66		47	
43	48		0		0		92		92		48	
44	27		0		0		52		52		27	
45	30		0		0		87		87		30	
46	78		0		0		110		110		78	
47	40		0		0		80		80		40	
48	61		0		0		128		128		61	
49	34		0		0		48		48		34	
50	57		0		0		106		106		57	
Store10
1	38		0		0		38		38		38	
2	75		0		0		75		75		75	
3	34		0		0		34		34		34	
4	24		0		0		24		24		24	
5	31		0		0		31		31		31	
6	40		0		0		40		40		40	
7	0		0		0		0		0		0	
8	62		0		0		62		62		62	
9	15		0		0		15		15		15	
10	43		0		0		43		43		43	
11	41		0		0		41		41		41	
12	48		0		0		48		48		48	
13	40		0		0		40		40		40	
14	0		0		0		0		0		0	
15	23		0		0		23		23		23	
16	43		0		0		43		43		43	
17	35		0		0		35		35		35	
18	33		0		0		33		33		33	
19	19		0		0		19		19		19	
20	33		0		0		33		33		33	
21	43		0		0		43		43		43	
22	27		0		0		27		27		27	
23	77		0		0		77		77		77	
24	40		0		0		40		40		40	
25	61		0		0		61		61		61	
26	58		0		0		58		58		58	
27	34		0		0		34		34		34	
28	66		0		0		66		66		66	
29	17		0		0		17		17		17	
30	70		0		0		70		70		70	
31	40		0		0		40		40		40	
32	29		0		0		29		29		29	
33	64		0		0		64		64		64	
34	11		0		0		11		11		11	
35	60		0		0		60		60		60	
36	63		0		0		63		63		63	
37	53		0		0		53		53		53	
38	39		0		0		39		39		39	
39	46		0		0		46		46		46	
40	45		0		0		45		45		45	
41	50		0		0		50		50		50	
42	59		0		0		59		59		59	
43	55		0		0		55		55		55	
44	34		0		0		34		34		34	
45	47		0		0		47		47		47	
46	35		0		0		35		35		35	
47	33		0		0		33		33		33	
48	42		0		0		42		42		42	
49	19		0		0		19		19		19	
50	50		0		0		50		50		50	


Shipments from Vendor to Warehouse (V T):
0	0	0.6631913	0.7506906	0	
0	0.9795901	0	0	0	
0	0.8818586	0.610664	0	0	

Shipments from Warehouse to Stores (S T):
1	2	0.1166033
1	3	0.1350953
1	4	0.2337687
1	5	0.2712127
2	2	0.111318
2	3	0.1929713
2	4	0.2004354
2	5	0.2492487
3	2	0.1864727
3	3	0.1689753
3	4	0.1571093
3	5	0.2482953
4	2	0.1828194
4	3	0.119298
4	4	0.2544027
4	5	0.1660633
5	2	0.1143413
5	3	0.2562693
5	4	0.2636087
5	5	0.1727734
6	2	0.1577147
6	3	0.2182767
6	4	0.199776
6	5	0.1970133
7	2	0.1052247
7	3	0.316202
7	4	0.1711913
7	5	0.18563
8	2	0.2215367
8	3	0.1968967
8	4	0.1619587
8	5	0.1759067
9	2	0.1261053
9	3	0.2979267
9	4	0.1660733
9	5	0.1701166
10	2	0.1516253
10	3	0.1954487
10	4	0.196832
10	5	0.2414374


Required Putaway workers (Sol T):
3	3	3	2	0	

No of required pickers (T):
0	5	7	7	7	

No of part-time putaway workers (T):
1	1	1	0	0	

No of part-time pickers (T):
0	0	2	2	2	

Best Putaway Technology: 2400
Best Picking Technology: 1000

Required Fashion Putaway Hours:
23.475	0	10.62292	8.5625	0	

Required Basic Putaway Hours:
0	22.52458	12.41375	7.27625	0	

Required Total Putaway Hours:
23.475	22.52458	23.03667	15.83875	0	

No of required fashion pick hours:
0	12.04	17.615	25.85	46.88	

No of required basic pick hours:
0	26.096	38.35	28.912	7.957	

No of required total pick hours:
0	38.136	55.965	54.762	54.837	

List of all the costs: 
MHECost		481
PutawayTechCost		3540
PickingTechCost		9130
WhBasicInvCost		1135.61
BasicInbCost		7132.665
WhFashionInvCost		1997
FashionInbCost		6713.307
PutawayCost		3920
StoreBasicInvCost		4165.399
StoreFashionInvCost		9979.25
OutboundCost		40382.16
PickingCost		9440
Total		98016.38

List of Top5 Technologies: 
Tech1		3	6	$ 98016.38
Tech2		3	5	$ 103552
Tech3		2	5	$ 104592
Tech4		1	5	$ 110406.6
Tech5		1	4	$ 118885.2
The start time is 12/21/2014 9:06:29 PM
The End time is 12/21/2014 9:07:37 PM
