Printing New Fashion Solution:

Inbound Fashion Solution (V F T):
1	1	2	3935
1	2	4	5730
1	3	2	3060
1	4	2	4590
1	5	4	5325
1	6	2	4815
1	7	2	3560
1	8	2	3070
1	9	4	4530
1	10	2	5180


Outbound Fashion Solution(S F T):
1	1	3	255
1	2	5	925
1	3	5	275
1	4	3	1290
1	5	5	1180
1	6	5	540
1	8	5	1010
1	9	5	815
1	10	5	715
2	1	3	1095
2	2	5	1370
2	3	5	450
2	4	3	690
2	5	5	1550
2	6	5	925
2	7	5	140
2	8	5	485
2	9	5	1370
2	10	5	1350
3	1	4	1105
3	2	5	1755
3	3	5	525
3	4	3	875
3	5	5	625
3	6	5	1230
3	7	5	1885
3	8	5	565
3	9	5	720
3	10	5	1225
4	1	3	1280
4	2	5	690
4	3	5	870
4	4	5	545
4	5	5	1015
4	6	5	840
4	7	5	1315
4	8	5	715
4	9	5	375
4	10	5	1115
5	1	3	200
5	2	5	990
5	3	5	940
5	4	3	1190
5	5	5	955
5	6	5	1280
5	7	5	220
5	8	5	295
5	9	5	1250
5	10	5	775


Warehouse Fashion Inventory (W F T):
1	0		3935		1105		0		0	
2	0		0		0		5730		0	
3	0		3060		3060		3060		0	
4	0		4590		545		545		0	
5	0		0		0		5325		0	
6	0		4815		4815		4815		0	
7	0		3560		3560		3560		0	
8	0		3070		3070		3070		0	
9	0		0		0		4530		0	
10	0		5180		5180		5180		0	

Store Fashion Inventory (S F T):
Store1
1	0		255		255		255	
2	0		0		0		925	
3	0		0		0		275	
4	0		1290		1290		1290	
5	0		0		0		1180	
6	0		0		0		540	
7	0		0		0		0	
8	0		0		0		1010	
9	0		0		0		815	
10	0		0		0		715	
Store2
1	0		1095		1095		1095	
2	0		0		0		1370	
3	0		0		0		450	
4	0		690		690		690	
5	0		0		0		1550	
6	0		0		0		925	
7	0		0		0		140	
8	0		0		0		485	
9	0		0		0		1370	
10	0		0		0		1350	
Store3
1	0		0		1105		1105	
2	0		0		0		1755	
3	0		0		0		525	
4	0		875		875		875	
5	0		0		0		625	
6	0		0		0		1230	
7	0		0		0		1885	
8	0		0		0		565	
9	0		0		0		720	
10	0		0		0		1225	
Store4
1	0		1280		1280		1280	
2	0		0		0		690	
3	0		0		0		870	
4	0		0		0		545	
5	0		0		0		1015	
6	0		0		0		840	
7	0		0		0		1315	
8	0		0		0		715	
9	0		0		0		375	
10	0		0		0		1115	
Store5
1	0		200		200		200	
2	0		0		0		990	
3	0		0		0		940	
4	0		1190		1190		1190	
5	0		0		0		955	
6	0		0		0		1280	
7	0		0		0		220	
8	0		0		0		295	
9	0		0		0		1250	
10	0		0		0		775	


Fashion Shipments from Vendor to Warehouse (V T):
0	1.25442	0	0.64173	

Printing New Basic Solution:

Inbound Solution (V P T):
1	1	1	1001
1	1	3	4003
1	2	1	2854
1	2	3	2853
1	3	1	3047
1	3	3	2031
1	4	1	4248
1	4	3	1061
1	5	1	581
1	5	3	5221
1	6	1	5319
1	7	1	1472
1	7	3	3433
1	8	1	1596
1	8	3	3722
1	9	1	1863
1	9	3	2793
1	10	1	2431
1	10	3	2430


Outbound Solution(S P T):
1	1	3	1100
1	2	3	1246
1	3	3	1212
1	4	3	978
1	5	3	1195
1	6	3	875
1	7	3	1171
1	8	3	1492
1	9	3	754
1	10	3	987
2	1	3	151
2	1	4	943
2	2	3	238
2	2	4	784
2	3	3	294
2	3	4	1029
2	4	3	241
2	4	4	811
2	5	3	289
2	5	4	1057
2	6	3	134
2	6	4	695
2	7	3	179
2	7	4	794
2	8	3	322
2	8	4	531
2	9	3	117
2	9	4	701
2	10	3	272
2	10	4	740
3	1	3	211
3	1	4	939
3	2	3	247
3	2	4	1000
3	3	3	112
3	3	4	526
3	4	3	314
3	4	4	1052
3	5	3	257
3	5	4	824
3	6	3	185
3	6	4	950
3	7	3	208
3	7	4	910
3	8	3	177
3	8	4	620
3	9	3	345
3	9	4	868
3	10	3	250
3	10	4	852
4	1	3	892
4	2	3	1223
4	3	3	1138
4	4	3	1024
4	5	3	1082
4	6	3	1437
4	7	3	630
4	8	3	1171
4	9	3	976
4	10	3	664
5	1	1	551
5	1	3	217
5	2	1	747
5	2	3	222
5	3	1	687
5	3	3	80
5	4	1	824
5	4	3	65
5	5	1	725
5	5	3	373
5	6	1	903
5	6	3	140
5	7	1	762
5	7	3	251
5	8	1	717
5	8	3	288
5	9	1	677
5	9	3	218
5	10	1	874
5	10	3	222


Warehouse Inventory (W P T):
1	0		450		450		1882		0		0	
2	0		2107		2107		1784		0		0	
3	0		2360		2360		1555		0		0	
4	0		3424		3424		1863		0		0	
5	144		0		0		2025		144		144	
6	0		4416		4416		1645		0		0	
7	0		710		710		1704		0		0	
8	0		879		879		1151		0		0	
9	0		1186		1186		1569		0		0	
10	0		1557		1557		1592		0		0	

Store Inventory (S P T):
Store1
1	598		254		0		961		764		598	
2	421		239		0		990		781		421	
3	473		194		0		880		704		473	
4	319		153		0		757		597		319	
5	454		280		0		935		598		454	
6	363		176		0		743		586		363	
7	334		237		0		794		528		334	
8	562		176		0		1288		920		562	
9	330		201		0		680		491		330	
10	663		324		0		791		756		663	
Store2
1	387		93		0		0		681		387	
2	421		294		0		0		594		421	
3	477		336		0		0		795		477	
4	445		284		0		0		572		445	
5	540		326		0		0		833		540	
6	334		133		0		0		442		334	
7	254		104		0		0		586		254	
8	207		109		0		0		345		207	
9	278		203		0		0		574		278	
10	398		171		0		0		619		398	
Store3
1	514		223		0		0		746		514	
2	649		351		0		0		761		649	
3	227		125		0		0		473		227	
4	497		218		0		0		738		497	
5	316		183		0		0		571		316	
6	424		197		0		0		666		424	
7	469		178		0		0		769		469	
8	316		75		0		0		447		316	
9	587		340		0		0		708		587	
10	467		258		0		0		655		467	
Store4
1	478		209		0		773		586		478	
2	561		319		0		1069		902		561	
3	348		305		0		835		532		348	
4	583		259		0		769		719		583	
5	402		301		0		703		622		402	
6	552		330		0		1161		828		552	
7	192		103		0		523		315		192	
8	508		291		0		937		810		508	
9	355		250		0		798		533		355	
10	249		206		0		418		334		249	
Store5
1	0		322		134		134		5		0	
2	0		486		370		370		209		0	
3	0		502		414		414		263		0	
4	0		604		363		363		180		0	
5	0		534		198		198		121		0	
6	0		721		387		387		220		0	
7	0		575		346		346		159		0	
8	0		562		444		444		115		0	
9	0		510		424		424		180		0	
10	0		682		530		530		300		0	


Shipments from Vendor to Warehouse (V T):
0.8880593	0	0.9313814	0	0	

Shipments from Warehouse to Stores (S T):
1	3	0.466382
1	5	0.2070167
2	3	0.1871073
2	4	0.281956
2	5	0.2823033
3	3	0.1314127
3	4	0.3675494
3	5	0.3604267
4	3	0.4442979
4	5	0.3004
5	1	0.2659093
5	3	0.1532593
5	5	0.26757


Required Putaway workers (Sol T):
3	3	3	2	0	

No of required pickers (T):
2	0	9	5	9	

No of part-time putaway workers (T):
1	1	1	0	0	

No of part-time pickers (T):
0	0	3	0	3	

Best Putaway Technology: 1200
Best Picking Technology: 500

Required Fashion Putaway Hours:
0	23.50833	0	12.9875	0	

Required Basic Putaway Hours:
20.34333	0	22.95583	0	0	

Required Total Putaway Hours:
20.34333	23.50833	22.95583	12.9875	0	

No of required fashion pick hours:
0	0	13.75	2.21	71.63	

No of required basic pick hours:
14.934	0	55.732	33.252	0	

No of required total pick hours:
14.934	0	69.482	35.462	71.63	

List of all the costs: 
MHECost		351
PutawayTechCost		1060
PickingTechCost		3195
WhBasicInvCost		512.36
BasicInbCost		2971.921
WhFashionInvCost		853.6
FashionInbCost		3833.123
PutawayCost		3920
StoreBasicInvCost		4135.8
StoreFashionInvCost		2932.5
OutboundCost		13983.18
PickingCost		11040
Total		48788.49

List of Top5 Technologies: 
Tech1		2	5	$ 48788.49
Tech2		3	5	$ 51544.36
Tech3		3	2	$ 69554.02
Tech4		3	1	$ 85883.02
Tech5		1	1	$ 106429
The start time is 12/23/2014 2:21:47 PM
The End time is 12/23/2014 2:21:56 PM
