Printing New Fashion Solution:

Inbound Fashion Solution (V F T):
1	1	4	3935
1	2	4	5730
1	3	2	3060
1	4	2	4590
1	5	4	5325
1	6	2	4815
1	7	4	3560
1	8	2	3070
1	9	2	4530
1	10	2	5180


Outbound Fashion Solution(S F T):
1	1	5	255
1	2	5	925
1	3	4	275
1	4	4	1290
1	5	5	1180
1	6	4	540
1	8	4	1010
1	9	4	815
1	10	4	715
2	1	5	1095
2	2	5	1370
2	3	4	450
2	4	3	690
2	5	5	1550
2	6	4	925
2	7	5	140
2	8	4	485
2	9	4	1370
2	10	3	1350
3	1	5	1105
3	2	5	1755
3	3	4	525
3	4	3	875
3	5	5	625
3	6	4	1230
3	7	5	1885
3	8	4	565
3	9	4	720
3	10	4	1225
4	1	5	1280
4	2	5	690
4	3	3	870
4	4	4	545
4	5	5	1015
4	6	4	840
4	7	5	1315
4	8	3	715
4	9	3	375
4	10	4	1115
5	1	5	200
5	2	5	990
5	3	3	940
5	4	3	1190
5	5	5	955
5	6	3	1280
5	7	5	220
5	8	3	295
5	9	4	1250
5	10	3	775


Warehouse Fashion Inventory (W F T):
1	0		0		0		3935		0	
2	0		0		0		5730		0	
3	0		3060		1250		0		0	
4	0		4590		1835		0		0	
5	0		0		0		5325		0	
6	0		4815		3535		0		0	
7	0		0		0		3560		0	
8	0		3070		2060		0		0	
9	0		4530		4155		0		0	
10	0		5180		3055		0		0	

Store Fashion Inventory (S F T):
Store1
1	0		0		0		255	
2	0		0		0		925	
3	0		0		275		275	
4	0		0		1290		1290	
5	0		0		0		1180	
6	0		0		540		540	
7	0		0		0		0	
8	0		0		1010		1010	
9	0		0		815		815	
10	0		0		715		715	
Store2
1	0		0		0		1095	
2	0		0		0		1370	
3	0		0		450		450	
4	0		690		690		690	
5	0		0		0		1550	
6	0		0		925		925	
7	0		0		0		140	
8	0		0		485		485	
9	0		0		1370		1370	
10	0		1350		1350		1350	
Store3
1	0		0		0		1105	
2	0		0		0		1755	
3	0		0		525		525	
4	0		875		875		875	
5	0		0		0		625	
6	0		0		1230		1230	
7	0		0		0		1885	
8	0		0		565		565	
9	0		0		720		720	
10	0		0		1225		1225	
Store4
1	0		0		0		1280	
2	0		0		0		690	
3	0		870		870		870	
4	0		0		545		545	
5	0		0		0		1015	
6	0		0		840		840	
7	0		0		0		1315	
8	0		715		715		715	
9	0		375		375		375	
10	0		0		1115		1115	
Store5
1	0		0		0		200	
2	0		0		0		990	
3	0		940		940		940	
4	0		1190		1190		1190	
5	0		0		0		955	
6	0		1280		1280		1280	
7	0		0		0		220	
8	0		295		295		295	
9	0		0		1250		1250	
10	0		775		775		775	


Fashion Shipments from Vendor to Warehouse (V T):
0	0.9464966	0	0.9496533	

Printing New Basic Solution:

Inbound Solution (V P T):
1	1	3	3227
1	1	5	1777
1	2	3	3425
1	2	5	2282
1	3	3	1514
1	3	5	3564
1	4	3	638
1	4	5	4671
1	5	3	2901
1	5	5	2901
1	6	3	4848
1	6	5	471
1	7	3	3489
1	7	5	1416
1	8	3	820
1	8	5	4498
1	9	3	1606
1	9	5	3050
1	10	3	4634
1	10	5	227


Outbound Solution(S P T):
1	1	4	197
1	1	5	903
1	2	4	209
1	2	5	1037
1	3	4	176
1	3	5	1036
1	4	4	160
1	4	5	818
1	5	4	337
1	5	5	858
1	6	4	157
1	6	5	718
1	7	4	266
1	7	5	905
1	8	4	368
1	8	5	1124
1	9	4	189
1	9	5	565
1	10	4	35
1	10	5	952
2	1	3	832
2	1	4	262
2	2	3	832
2	2	4	190
2	3	3	1089
2	3	4	234
2	4	3	813
2	4	4	239
2	5	3	1122
2	5	4	224
2	6	3	576
2	6	4	253
2	7	3	765
2	7	4	208
2	8	3	667
2	8	4	186
2	9	3	691
2	9	4	127
2	10	3	891
2	10	4	121
3	1	1	1150
3	2	1	1247
3	3	1	638
3	4	1	1366
3	5	1	1081
3	6	1	1135
3	7	1	1118
3	8	1	797
3	9	1	1213
3	10	1	1102
4	1	3	227
4	1	4	665
4	2	3	495
4	2	4	728
4	3	3	487
4	3	4	651
4	4	3	391
4	4	4	633
4	5	3	599
4	5	4	483
4	6	3	552
4	6	4	885
4	7	3	230
4	7	4	400
4	8	3	536
4	8	4	635
4	9	3	356
4	9	4	620
4	10	3	331
4	10	4	333
5	1	1	422
5	1	3	217
5	1	4	129
5	2	1	586
5	2	3	222
5	2	4	161
5	3	1	536
5	3	3	80
5	3	4	151
5	4	1	641
5	4	3	65
5	4	4	183
5	5	1	648
5	5	3	373
5	5	4	77
5	6	1	736
5	6	3	140
5	6	4	167
5	7	1	575
5	7	3	251
5	7	4	187
5	8	1	388
5	8	3	288
5	8	4	329
5	9	1	433
5	9	3	218
5	9	4	244
5	10	1	644
5	10	3	222
5	10	4	230


Warehouse Inventory (W P T):
1	1572		0		0		1951		698		1572	
2	1833		0		0		1876		588		1833	
3	2528		1354		1354		1212		0		2528	
4	3853		1846		1846		1215		0		3853	
5	2043		314		314		1121		0		2043	
6	1871		0		0		3580		2118		1871	
7	1693		0		0		2243		1182		1693	
8	3374		2189		2189		1518		0		3374	
9	2485		839		839		1180		0		2485	
10	1746		0		0		3190		2471		1746	

Store Inventory (S P T):
Store1
1	737		393		139		0		0		737	
2	677		495		256		0		0		677	
3	805		526		332		0		0		805	
4	540		374		221		0		0		540	
5	714		540		260		0		0		714	
6	495		308		132		0		0		495	
7	711		614		377		0		0		711	
8	766		380		204		0		0		766	
9	404		275		74		0		0		404	
10	859		520		196		0		0		859	
Store2
1	387		93		0		681		681		387	
2	421		294		0		594		594		421	
3	477		336		0		795		795		477	
4	445		284		0		572		572		445	
5	540		326		0		833		833		540	
6	334		133		0		442		442		334	
7	254		104		0		586		586		254	
8	207		109		0		345		345		207	
9	278		203		0		574		574		278	
10	398		171		0		619		619		398	
Store3
1	0		859		636		425		232		0	
2	0		949		598		351		112		0	
3	0		536		411		299		246		0	
4	0		1087		869		555		241		0	
5	0		948		765		508		255		0	
6	0		908		711		526		242		0	
7	0		827		649		441		300		0	
8	0		556		481		304		131		0	
9	0		966		626		281		121		0	
10	0		893		635		385		188		0	
Store4
1	478		209		0		108		586		478	
2	561		319		0		341		902		561	
3	348		305		0		184		532		348	
4	583		259		0		136		719		583	
5	402		301		0		220		622		402	
6	552		330		0		276		828		552	
7	192		103		0		123		315		192	
8	508		291		0		302		810		508	
9	355		250		0		178		533		355	
10	249		206		0		85		334		249	
Store5
1	0		193		5		5		5		0	
2	0		325		209		209		209		0	
3	0		351		263		263		263		0	
4	0		421		180		180		180		0	
5	0		457		121		121		121		0	
6	0		554		220		220		220		0	
7	0		388		159		159		159		0	
8	0		233		115		115		115		0	
9	0		266		180		180		180		0	
10	0		452		300		300		300		0	


Shipments from Vendor to Warehouse (V T):
0	0	0.979026	0	0.8404147	

Shipments from Warehouse to Stores (S T):
1	4	0.252276
1	5	0.4211227
2	3	0.3401954
2	4	0.1964413
2	5	0.21473
3	1	0.3793953
3	3	0.04958333
3	4	0.1467567
3	5	0.2836533
4	3	0.2204613
4	4	0.30494
4	5	0.2192967
5	1	0.2007653
5	3	0.2754394
5	4	0.09347734
5	5	0.1170567


Required Putaway workers (Sol T):
0	3	3	2	3	

No of required pickers (T):
5	0	6	7	7	

No of part-time putaway workers (T):
0	1	1	0	1	

No of part-time pickers (T):
0	0	1	2	2	

Best Putaway Technology: 1200
Best Picking Technology: 500

Required Fashion Putaway Hours:
0	21.0375	0	15.45833	0	

Required Basic Putaway Hours:
0	0	22.585	0	20.71417	

Required Total Putaway Hours:
0	21.0375	22.585	15.45833	20.71417	

No of required fashion pick hours:
0	0	18.71	31.78	37.1	

No of required basic pick hours:
32.912	0	29.116	24.058	17.832	

No of required total pick hours:
32.912	0	47.826	55.838	54.932	

List of all the costs: 
MHECost		351
PutawayTechCost		1060
PickingTechCost		3195
WhBasicInvCost		622.2499
BasicInbCost		2971.92
WhFashionInvCost		596.85
FashionInbCost		3029.453
PutawayCost		3920
StoreBasicInvCost		3804.2
StoreFashionInvCost		3919.75
OutboundCost		16527.05
PickingCost		9200
Total		49197.48

List of Top5 Technologies: 
Tech1		2	5	$ 49197.48
Tech2		2	2	$ 66504.44
Tech3		2	1	$ 87316.23
Tech4		3	1	$ 122999.7
Tech5		1	1	$ 125669.9
The start time is 12/23/2014 2:21:47 PM
The End time is 12/23/2014 2:21:54 PM
