Printing New Fashion Solution:

Inbound Fashion Solution (V F T):
1	1	2	3935
1	2	2	5730
1	3	2	3060
1	4	4	4590
1	5	2	5325
1	6	4	4815
1	7	4	3560
1	8	4	3070
1	9	4	4530
1	10	4	5180


Outbound Fashion Solution(S F T):
1	1	5	255
1	2	4	925
1	3	4	275
1	4	5	1290
1	5	4	1180
1	6	5	540
1	8	5	1010
1	9	5	815
1	10	5	715
2	1	3	1095
2	2	3	1370
2	3	5	450
2	4	5	690
2	5	5	1550
2	6	5	925
2	7	5	140
2	8	5	485
2	9	5	1370
2	10	5	1350
3	1	5	1105
3	2	5	1755
3	3	4	525
3	4	5	875
3	5	5	625
3	6	5	1230
3	7	5	1885
3	8	5	565
3	9	5	720
3	10	5	1225
4	1	4	1280
4	2	4	690
4	3	4	870
4	4	5	545
4	5	5	1015
4	6	5	840
4	7	5	1315
4	8	5	715
4	9	5	375
4	10	5	1115
5	1	4	200
5	2	5	990
5	3	5	940
5	4	5	1190
5	5	5	955
5	6	5	1280
5	7	5	220
5	8	5	295
5	9	5	1250
5	10	5	775


Warehouse Fashion Inventory (W F T):
1	0		3935		2840		1360		0	
2	0		5730		4360		2745		0	
3	0		3060		3060		1390		0	
4	0		0		0		4590		0	
5	0		5325		5325		4145		0	
6	0		0		0		4815		0	
7	0		0		0		3560		0	
8	0		0		0		3070		0	
9	0		0		0		4530		0	
10	0		0		0		5180		0	

Store Fashion Inventory (S F T):
Store1
1	0		0		0		255	
2	0		0		925		925	
3	0		0		275		275	
4	0		0		0		1290	
5	0		0		1180		1180	
6	0		0		0		540	
7	0		0		0		0	
8	0		0		0		1010	
9	0		0		0		815	
10	0		0		0		715	
Store2
1	0		1095		1095		1095	
2	0		1370		1370		1370	
3	0		0		0		450	
4	0		0		0		690	
5	0		0		0		1550	
6	0		0		0		925	
7	0		0		0		140	
8	0		0		0		485	
9	0		0		0		1370	
10	0		0		0		1350	
Store3
1	0		0		0		1105	
2	0		0		0		1755	
3	0		0		525		525	
4	0		0		0		875	
5	0		0		0		625	
6	0		0		0		1230	
7	0		0		0		1885	
8	0		0		0		565	
9	0		0		0		720	
10	0		0		0		1225	
Store4
1	0		0		1280		1280	
2	0		0		690		690	
3	0		0		870		870	
4	0		0		0		545	
5	0		0		0		1015	
6	0		0		0		840	
7	0		0		0		1315	
8	0		0		0		715	
9	0		0		0		375	
10	0		0		0		1115	
Store5
1	0		0		200		200	
2	0		0		0		990	
3	0		0		0		940	
4	0		0		0		1190	
5	0		0		0		955	
6	0		0		0		1280	
7	0		0		0		220	
8	0		0		0		295	
9	0		0		0		1250	
10	0		0		0		775	


Fashion Shipments from Vendor to Warehouse (V T):
0	0.9004667	0	0.9956833	

Printing New Basic Solution:

Inbound Solution (V P T):
1	1	1	501
1	1	3	4503
1	2	1	4566
1	2	3	1141
1	3	1	1104
1	3	3	3974
1	4	1	2695
1	4	3	2614
1	5	1	3059
1	5	3	2743
1	6	1	2601
1	6	3	2718
1	7	1	2206
1	7	3	2699
1	8	1	3870
1	8	3	1448
1	9	1	3260
1	9	3	1396
1	10	1	2829
1	10	3	2032


Outbound Solution(S P T):
1	1	4	1100
1	2	4	1246
1	3	4	1212
1	4	4	978
1	5	4	1195
1	6	4	875
1	7	4	1171
1	8	4	1492
1	9	4	754
1	10	4	987
2	1	3	1094
2	2	3	1022
2	3	3	1323
2	4	3	1052
2	5	3	1346
2	6	3	829
2	7	3	973
2	8	3	853
2	9	3	818
2	10	3	1012
3	1	1	1150
3	2	1	1247
3	3	1	638
3	4	1	1366
3	5	1	1081
3	6	1	1135
3	7	1	1118
3	8	1	797
3	9	1	1213
3	10	1	1102
4	1	4	892
4	2	4	1223
4	3	4	1138
4	4	4	1024
4	5	4	1082
4	6	4	1437
4	7	4	630
4	8	4	1171
4	9	4	976
4	10	4	664
5	1	1	768
5	2	1	969
5	3	1	767
5	4	1	889
5	5	1	1098
5	6	1	1043
5	7	1	1013
5	8	1	1005
5	9	1	895
5	10	1	1096


Warehouse Inventory (W P T):
1	1417		0		0		3409		1417		1417	
2	0		2350		2350		2469		0		0	
3	301		0		0		2651		301		301	
4	0		440		440		2002		0		0	
5	0		880		880		2277		0		0	
6	0		423		423		2312		0		0	
7	0		75		75		1801		0		0	
8	0		2068		2068		2663		0		0	
9	0		1152		1152		1730		0		0	
10	0		631		631		1651		0		0	

Store Inventory (S P T):
Store1
1	737		393		139		0		903		737	
2	677		495		256		0		1037		677	
3	805		526		332		0		1036		805	
4	540		374		221		0		818		540	
5	714		540		260		0		858		714	
6	495		308		132		0		718		495	
7	711		614		377		0		905		711	
8	766		380		204		0		1124		766	
9	404		275		74		0		565		404	
10	859		520		196		0		952		859	
Store2
1	387		93		0		943		681		387	
2	421		294		0		784		594		421	
3	477		336		0		1029		795		477	
4	445		284		0		811		572		445	
5	540		326		0		1057		833		540	
6	334		133		0		695		442		334	
7	254		104		0		794		586		254	
8	207		109		0		531		345		207	
9	278		203		0		701		574		278	
10	398		171		0		740		619		398	
Store3
1	0		859		636		425		232		0	
2	0		949		598		351		112		0	
3	0		536		411		299		246		0	
4	0		1087		869		555		241		0	
5	0		948		765		508		255		0	
6	0		908		711		526		242		0	
7	0		827		649		441		300		0	
8	0		556		481		304		131		0	
9	0		966		626		281		121		0	
10	0		893		635		385		188		0	
Store4
1	597		328		119		0		705		597	
2	715		473		154		0		1056		715	
3	651		608		303		0		835		651	
4	838		514		255		0		974		838	
5	781		680		379		0		1001		781	
6	828		606		276		0		1104		828	
7	299		210		107		0		422		299	
8	742		525		234		0		1044		742	
9	533		428		178		0		711		533	
10	495		452		246		0		580		495	
Store5
1	0		539		351		134		5		0	
2	0		708		592		370		209		0	
3	0		582		494		414		263		0	
4	0		669		428		363		180		0	
5	0		907		571		198		121		0	
6	0		861		527		387		220		0	
7	0		826		597		346		159		0	
8	0		850		732		444		115		0	
9	0		728		642		424		180		0	
10	0		904		752		530		300		0	


Shipments from Vendor to Warehouse (V T):
0.952224	0	0.8672166	0	0	

Shipments from Warehouse to Stores (S T):
1	4	0.485982
1	5	0.1874167
2	3	0.5121633
2	5	0.2392033
3	1	0.3793953
3	4	0.01925
3	5	0.4607433
4	4	0.517598
4	5	0.2271
5	1	0.3390687
5	4	0.01266667
5	5	0.3350033


Required Putaway workers (Sol T):
3	2	3	3	0	

No of required pickers (T):
6	0	4	7	9	

No of part-time putaway workers (T):
1	0	1	1	0	

No of part-time pickers (T):
0	0	0	1	3	

Best Putaway Technology: 1200
Best Picking Technology: 500

Required Fashion Putaway Hours:
0	15.04167	0	21.45417	0	

Required Basic Putaway Hours:
22.2425	0	21.05667	0	0	

Required Total Putaway Hours:
22.2425	15.04167	21.05667	21.45417	0	

No of required fashion pick hours:
0	0	4.93	11.89	70.77	

No of required basic pick hours:
40.78	0	20.644	42.494	0	

No of required total pick hours:
40.78	0	25.574	54.384	70.77	

List of all the costs: 
MHECost		351
PutawayTechCost		1060
PickingTechCost		3195
WhBasicInvCost		424.39
BasicInbCost		2971.92
WhFashionInvCost		690.2
FashionInbCost		3029.453
PutawayCost		3920
StoreBasicInvCost		5191.05
StoreFashionInvCost		2733.5
OutboundCost		13274.19
PickingCost		10560
Total		47400.71

List of Top5 Technologies: 
Tech1		2	5	$ 47400.71
Tech2		2	4	$ 51521.99
Tech3		2	6	$ 57796.49
Tech4		2	3	$ 61055.5
Tech5		2	1	$ 93864.5
The start time is 12/23/2014 2:21:47 PM
The End time is 12/23/2014 2:21:55 PM
