Printing New Fashion Solution:

Inbound Fashion Solution (V F T):
1	1	2	5005
1	2	2	5555
1	3	3	4960
1	4	3	3350
1	5	3	4170
1	6	2	4630
1	7	3	4885
1	8	2	5510
1	9	2	6060
1	10	3	6615


Outbound Fashion Solution(S F T):
1	1	4	1195
1	2	3	1085
1	3	5	1685
1	4	5	455
1	5	5	770
1	6	4	410
1	7	5	975
1	8	3	1500
1	9	4	1300
1	10	5	990
2	1	3	500
2	2	3	895
2	3	5	820
2	4	5	660
2	5	4	1165
2	6	4	1895
2	7	4	1450
2	8	4	945
2	9	4	775
2	10	5	1880
3	1	4	1455
3	2	4	1625
3	3	4	930
3	4	5	420
3	5	4	625
3	6	4	1385
3	7	4	520
3	8	4	1370
3	9	4	1335
3	10	5	935
4	1	3	790
4	2	3	1400
4	3	5	1295
4	4	5	1405
4	5	5	225
4	6	3	495
4	7	5	1195
4	8	3	1200
4	9	3	820
4	10	5	1485
5	1	4	1065
5	2	4	550
5	3	5	230
5	4	4	410
5	5	5	1385
5	6	4	445
5	7	4	745
5	8	4	495
5	9	4	1830
5	10	5	1325


Warehouse Fashion Inventory (W F T):
1	0		5005		3715		0		0	
2	0		5555		2175		0		0	
3	0		0		4960		4030		0	
4	0		0		3350		2940		0	
5	0		0		4170		2380		0	
6	0		4630		4135		0		0	
7	0		0		4885		2170		0	
8	0		5510		2810		0		0	
9	0		6060		5240		0		0	
10	0		0		6615		6615		0	

Store Fashion Inventory (S F T):
Store1
1	0		0		1195		1195	
2	0		1085		1085		1085	
3	0		0		0		1685	
4	0		0		0		455	
5	0		0		0		770	
6	0		0		410		410	
7	0		0		0		975	
8	0		1500		1500		1500	
9	0		0		1300		1300	
10	0		0		0		990	
Store2
1	0		500		500		500	
2	0		895		895		895	
3	0		0		0		820	
4	0		0		0		660	
5	0		0		1165		1165	
6	0		0		1895		1895	
7	0		0		1450		1450	
8	0		0		945		945	
9	0		0		775		775	
10	0		0		0		1880	
Store3
1	0		0		1455		1455	
2	0		0		1625		1625	
3	0		0		930		930	
4	0		0		0		420	
5	0		0		625		625	
6	0		0		1385		1385	
7	0		0		520		520	
8	0		0		1370		1370	
9	0		0		1335		1335	
10	0		0		0		935	
Store4
1	0		790		790		790	
2	0		1400		1400		1400	
3	0		0		0		1295	
4	0		0		0		1405	
5	0		0		0		225	
6	0		495		495		495	
7	0		0		0		1195	
8	0		1200		1200		1200	
9	0		820		820		820	
10	0		0		0		1485	
Store5
1	0		0		1065		1065	
2	0		0		550		550	
3	0		0		0		230	
4	0		0		410		410	
5	0		0		0		1385	
6	0		0		445		445	
7	0		0		745		745	
8	0		0		495		495	
9	0		0		1830		1830	
10	0		0		0		1325	


Fashion Shipments from Vendor to Warehouse (V T):
0	1.414427	0.95678	0	

Printing New Basic Solution:

Inbound Solution (V P T):
1	1	5	5585
1	2	1	3984
1	2	5	996
1	3	1	3145
1	3	5	2097
1	4	1	3134
1	4	5	2090
1	5	1	2421
1	5	5	2421
1	6	1	3568
1	6	5	893
1	7	1	2859
1	7	5	1907
1	8	5	4441
1	9	1	2410
1	9	5	2411
1	10	1	2907
1	10	5	1938


Outbound Solution(S P T):
1	1	1	1012
1	2	1	896
1	3	1	1118
1	4	1	1144
1	5	1	778
1	6	1	974
1	7	1	628
1	8	1	753
1	9	1	853
1	10	1	825
2	1	2	816
2	2	2	1038
2	3	2	1036
2	4	2	1026
2	5	2	955
2	6	2	726
2	7	2	1003
2	8	2	817
2	9	2	1067
2	10	2	974
3	1	1	1202
3	2	1	1038
3	3	1	1075
3	4	1	1086
3	5	1	1110
3	6	1	1032
3	7	1	1149
3	8	1	904
3	9	1	1035
3	10	1	1097
4	1	3	1391
4	2	3	987
4	3	3	961
4	4	3	1113
4	5	3	906
4	6	3	955
4	7	3	1191
4	8	3	907
4	9	3	1324
4	10	3	1013
5	1	5	1164
5	2	5	1021
5	3	5	1052
5	4	5	855
5	5	5	1093
5	6	5	774
5	7	5	795
5	8	5	1060
5	9	5	542
5	10	5	936


Warehouse Inventory (W P T):
1	4421		2207		1391		0		0		4421	
2	0		2050		1012		25		25		0	
3	1045		1997		961		0		0		1045	
4	1235		2139		1113		0		0		1235	
5	1328		1861		906		0		0		1328	
6	119		1681		955		0		0		119	
7	1112		2194		1191		0		0		1112	
8	3381		1724		907		0		0		3381	
9	1869		2391		1324		0		0		1869	
10	1002		1987		1013		0		0		1002	

Store Inventory (S P T):
Store1
1	0		944		835		641		316		0	
2	0		718		516		323		193		0	
3	0		899		650		491		231		0	
4	0		1064		771		587		333		0	
5	0		684		535		432		236		0	
6	0		778		548		261		84		0	
7	0		458		366		164		0		0	
8	0		539		482		211		123		0	
9	0		745		488		245		59		0	
10	0		580		398		170		133		0	
Store2
1	224		0		496		431		359		224	
2	140		0		854		594		408		140	
3	194		0		902		618		335		194	
4	320		0		792		690		500		320	
5	62		0		635		433		320		62	
6	152		0		615		401		273		152	
7	204		0		801		563		353		204	
8	86		0		744		552		150		86	
9	217		0		809		601		406		217	
10	310		0		813		729		505		310	
Store3
1	0		890		658		338		272		0	
2	0		767		566		315		211		0	
3	0		943		681		429		233		0	
4	0		810		590		427		120		0	
5	0		834		542		337		89		0	
6	0		742		593		456		277		0	
7	0		947		734		493		233		0	
8	0		620		432		288		163		0	
9	0		951		632		391		184		0	
10	0		986		774		566		316		0	
Store4
1	477		263		0		1198		787		477	
2	483		281		0		809		489		483	
3	355		171		0		842		582		355	
4	489		215		0		951		734		489	
5	390		256		0		674		549		390	
6	403		231		0		643		459		403	
7	561		278		0		950		708		561	
8	225		224		0		663		465		225	
9	496		169		0		1016		693		496	
10	331		211		0		675		537		331	
Store5
1	961		648		543		317		0		961	
2	814		563		274		37		0		814	
3	850		698		519		225		0		850	
4	690		661		366		161		0		690	
5	825		611		411		166		0		825	
6	586		391		360		220		0		586	
7	784		584		361		98		0		784	
8	831		698		527		156		0		831	
9	436		302		247		227		0		436	
10	630		462		237		39		0		630	


Shipments from Vendor to Warehouse (V T):
0.8261833	0	0	0	0.9300659	

Shipments from Warehouse to Stores (S T):
1	1	0.3189533
1	3	0.12893
1	4	0.1571633
1	5	0.1880467
2	2	0.3404559
2	3	0.07491
2	4	0.3043534
2	5	0.1359067
3	1	0.381668
3	4	0.4582333
3	5	0.05637
4	3	0.6313047
4	5	0.1940967
5	4	0.27163
5	5	0.485434


Required Putaway workers (Sol T):
3	3	3	0	3	

No of required pickers (T):
5	3	5	6	7	

No of part-time putaway workers (T):
1	1	1	0	1	

No of part-time pickers (T):
0	0	0	1	2	

Best Putaway Technology: 1200
Best Picking Technology: 500

Required Fashion Putaway Hours:
0	22.3	19.98333	0	0	

Required Basic Putaway Hours:
20.35667	0	0	0	20.64917	

Required Total Putaway Hours:
20.35667	22.3	19.98333	0	20.64917	

No of required fashion pick hours:
0	0	17.37	47.84	36.27	

No of required basic pick hours:
39.418	18.916	21.496	0	18.584	

No of required total pick hours:
39.418	18.916	38.866	47.84	54.854	

List of all the costs: 
MHECost		378
PutawayTechCost		1060
PickingTechCost		3195
WhBasicInvCost		465.66
BasicInbCost		2735.276
WhFashionInvCost		869.5001
FashionInbCost		7139.336
PutawayCost		4160
StoreBasicInvCost		4855.05
StoreFashionInvCost		4601.5
OutboundCost		14169.69
PickingCost		8720
Total		52349.02

List of Top5 Technologies: 
Tech1		2	5	$ 52349.02
Tech2		2	6	$ 54043.25
Tech3		2	1	$ 92522.28
Tech4		3	1	$ 99221.94
Tech5		4	1	$ 99675.88
The start time is 12/23/2014 8:35:57 PM
The End time is 12/23/2014 8:36:10 PM
