Printing New Fashion Solution:

Inbound Fashion Solution (V F T):
1	1	1	5005
1	2	3	5555
1	3	3	4960
1	4	1	3350
1	5	3	4170
1	6	1	4630
1	7	1	4885
1	8	1	5510
1	9	3	6060
1	10	3	6615


Outbound Fashion Solution(S F T):
1	1	3	1195
1	2	5	1085
1	3	5	1685
1	4	3	455
1	5	5	770
1	6	3	410
1	7	3	975
1	8	3	1500
1	9	5	1300
1	10	5	990
2	1	3	500
2	2	5	895
2	3	5	820
2	4	3	660
2	5	4	1165
2	6	4	1895
2	7	3	1450
2	8	4	945
2	9	5	775
2	10	4	1880
3	1	2	1455
3	2	4	1625
3	3	4	930
3	4	3	420
3	5	5	625
3	6	4	1385
3	7	4	520
3	8	2	1370
3	9	4	1335
3	10	5	935
4	1	2	790
4	2	4	1400
4	3	5	1295
4	4	3	1405
4	5	5	225
4	6	2	495
4	7	2	1195
4	8	2	1200
4	9	5	820
4	10	5	1485
5	1	2	1065
5	2	5	550
5	3	4	230
5	4	2	410
5	5	4	1385
5	6	4	445
5	7	2	745
5	8	2	495
5	9	4	1830
5	10	4	1325


Warehouse Fashion Inventory (W F T):
1	5005		1695		0		0		0	
2	0		0		5555		2530		0	
3	0		0		4960		3800		0	
4	3350		2940		0		0		0	
5	0		0		4170		1620		0	
6	4630		4135		3725		0		0	
7	4885		2945		520		0		0	
8	5510		2445		945		0		0	
9	0		0		6060		2895		0	
10	0		0		6615		3410		0	

Store Fashion Inventory (S F T):
Store1
1	0		1195		1195		1195	
2	0		0		0		1085	
3	0		0		0		1685	
4	0		455		455		455	
5	0		0		0		770	
6	0		410		410		410	
7	0		975		975		975	
8	0		1500		1500		1500	
9	0		0		0		1300	
10	0		0		0		990	
Store2
1	0		500		500		500	
2	0		0		0		895	
3	0		0		0		820	
4	0		660		660		660	
5	0		0		1165		1165	
6	0		0		1895		1895	
7	0		1450		1450		1450	
8	0		0		945		945	
9	0		0		0		775	
10	0		0		1880		1880	
Store3
1	1455		1455		1455		1455	
2	0		0		1625		1625	
3	0		0		930		930	
4	0		420		420		420	
5	0		0		0		625	
6	0		0		1385		1385	
7	0		0		520		520	
8	1370		1370		1370		1370	
9	0		0		1335		1335	
10	0		0		0		935	
Store4
1	790		790		790		790	
2	0		0		1400		1400	
3	0		0		0		1295	
4	0		1405		1405		1405	
5	0		0		0		225	
6	495		495		495		495	
7	1195		1195		1195		1195	
8	1200		1200		1200		1200	
9	0		0		0		820	
10	0		0		0		1485	
Store5
1	1065		1065		1065		1065	
2	0		0		0		550	
3	0		0		230		230	
4	410		410		410		410	
5	0		0		1385		1385	
6	0		0		445		445	
7	745		745		745		745	
8	495		495		495		495	
9	0		0		1830		1830	
10	0		0		1325		1325	


Fashion Shipments from Vendor to Warehouse (V T):
0.9360201	0	1.435187	0	

Printing New Basic Solution:

Inbound Solution (V P T):
1	1	2	3278
1	1	4	231
1	1	5	2076
1	2	2	1247
1	2	4	1120
1	2	5	2613
1	3	2	2613
1	3	4	2104
1	3	5	525
1	4	2	2956
1	4	4	1134
1	4	5	1134
1	5	2	827
1	5	4	1205
1	5	5	2810
1	6	2	2343
1	6	4	212
1	6	5	1906
1	7	2	145
1	7	4	2773
1	7	5	1848
1	8	2	1333
1	8	4	1865
1	8	5	1243
1	9	2	1444
1	9	4	338
1	9	5	3039
1	10	2	1665
1	10	4	2544
1	10	5	636


Outbound Solution(S P T):
1	1	1	1012
1	2	1	896
1	3	1	1118
1	4	1	1144
1	5	1	778
1	6	1	974
1	7	1	628
1	8	1	753
1	9	1	853
1	10	1	825
2	1	3	385
2	1	4	431
2	2	3	444
2	2	4	594
2	3	3	418
2	3	4	618
2	4	3	336
2	4	4	690
2	5	3	522
2	5	4	433
2	6	3	325
2	6	4	401
2	7	3	440
2	7	4	563
2	8	3	265
2	8	4	552
2	9	3	466
2	9	4	601
2	10	3	245
2	10	4	729
3	1	2	232
3	1	3	970
3	2	2	201
3	2	3	837
3	3	2	262
3	3	3	813
3	4	2	220
3	4	3	866
3	5	2	292
3	5	3	818
3	6	2	149
3	6	3	883
3	7	2	213
3	7	3	936
3	8	2	188
3	8	3	716
3	9	2	319
3	9	3	716
3	10	2	212
3	10	3	885
4	1	2	674
4	1	3	193
4	1	5	524
4	2	2	601
4	2	3	178
4	2	5	208
4	3	2	431
4	3	3	119
4	3	5	411
4	4	2	432
4	4	3	162
4	4	5	519
4	5	2	381
4	5	3	232
4	5	5	293
4	6	2	415
4	6	3	312
4	6	5	228
4	7	2	520
4	7	3	241
4	7	5	430
4	8	2	422
4	8	3	244
4	8	5	241
4	9	2	492
4	9	3	308
4	9	5	524
4	10	2	349
4	10	3	338
4	10	5	326
5	1	2	422
5	1	5	742
5	2	2	326
5	2	5	695
5	3	2	404
5	3	5	648
5	4	2	456
5	4	5	399
5	5	2	366
5	5	5	727
5	6	2	251
5	6	5	523
5	7	2	321
5	7	5	474
5	8	2	327
5	8	5	733
5	9	2	282
5	9	5	260
5	10	2	264
5	10	5	672


Warehouse Inventory (W P T):
1	1012		0		1950		402		202		1012	
2	2236		1340		1459		0		526		2236	
3	1118		0		1516		166		1652		1118	
4	1144		0		1848		484		928		1144	
5	2562		1784		1572		0		772		2562	
6	1155		181		1709		189		0		1155	
7	3154		2526		1617		0		2210		3154	
8	1582		829		1225		0		1313		1582	
9	2255		1402		1753		263		0		2255	
10	1453		628		1468		0		1815		1453	

Store Inventory (S P T):
Store1
1	0		944		835		641		316		0	
2	0		718		516		323		193		0	
3	0		899		650		491		231		0	
4	0		1064		771		587		333		0	
5	0		684		535		432		236		0	
6	0		778		548		261		84		0	
7	0		458		366		164		0		0	
8	0		539		482		211		123		0	
9	0		745		488		245		59		0	
10	0		580		398		170		133		0	
Store2
1	544		320		0		320		679		544	
2	324		184		0		184		592		324	
3	328		134		0		134		469		328	
4	554		234		0		234		734		554	
5	382		320		0		320		640		382	
6	263		111		0		111		384		263	
7	406		202		0		202		555		406	
8	159		73		0		73		223		159	
9	475		258		0		258		664		475	
10	471		161		0		161		666		471	
Store3
1	312		0		0		650		584		312	
2	271		0		0		586		482		271	
3	132		0		0		561		365		132	
4	276		0		0		703		396		276	
5	276		0		0		613		365		276	
6	290		0		0		746		567		290	
7	202		0		0		695		435		202	
8	284		0		0		572		447		284	
9	84		0		0		475		268		84	
10	111		0		0		677		427		111	
Store4
1	214		0		411		411		0		214	
2	202		0		320		320		0		202	
3	184		0		260		260		0		184	
4	274		0		217		217		0		274	
5	134		0		125		125		0		134	
6	172		0		184		184		0		172	
7	283		0		242		242		0		283	
8	1		0		198		198		0		1	
9	327		0		323		323		0		327	
10	120		0		138		138		0		120	
Store5
1	539		226		543		317		0		539	
2	488		237		274		37		0		488	
3	446		294		519		225		0		446	
4	234		205		366		161		0		234	
5	459		245		411		166		0		459	
6	335		140		360		220		0		335	
7	463		263		361		98		0		463	
8	504		371		527		156		0		504	
9	154		20		247		227		0		154	
10	366		198		237		39		0		366	


Shipments from Vendor to Warehouse (V T):
0	0.6268134	0	0.4930666	0.6363693	

Shipments from Warehouse to Stores (S T):
1	1	0.3189533
1	3	0.1833833
1	5	0.2907567
2	3	0.2247093
2	4	0.50581
2	5	0.1251067
3	2	0.2112793
3	3	0.3034787
3	4	0.2968567
3	5	0.08465666
4	2	0.3245926
4	3	0.09558067
4	4	0.0812
4	5	0.324028
5	2	0.2314954
5	4	0.2912133
5	5	0.2343553


Required Putaway workers (Sol T):
3	2	3	2	2	

No of required pickers (T):
3	5	6	6	6	

No of part-time putaway workers (T):
1	0	1	0	0	

No of part-time pickers (T):
0	1	2	2	2	

Best Putaway Technology: 1200
Best Picking Technology: 500

Required Fashion Putaway Hours:
19.48333	0	22.8	0	0	

Required Basic Putaway Hours:
0	14.87583	0	11.27167	14.85833	

Required Total Putaway Hours:
19.48333	14.87583	22.8	11.27167	14.85833	

No of required fashion pick hours:
0	18.44	17.94	36.59	28.51	

No of required basic pick hours:
17.962	20.848	29.226	11.224	19.154	

No of required total pick hours:
17.962	39.288	47.166	47.814	47.664	

List of all the costs: 
MHECost		324
PutawayTechCost		1060
PickingTechCost		3195
WhBasicInvCost		534
BasicInbCost		3483.836
WhFashionInvCost		843.45
FashionInbCost		7139.336
PutawayCost		3680
StoreBasicInvCost		3150.7
StoreFashionInvCost		5731.75
OutboundCost		16554.88
PickingCost		8080
Total		53776.95

List of Top5 Technologies: 
Tech1		2	5	$ 53776.95
Tech2		2	1	$ 87251.48
Tech3		4	1	$ 121825.2
Tech4		3	1	$ 122053.5
Tech5		1	1	$ 126977.8
The start time is 12/23/2014 8:35:57 PM
The End time is 12/23/2014 8:36:09 PM
