WarehouseVolume:[
(1)	[100000000]
]
StoreVolume:[
(1)	[10000000]
(2)	[10000000]
(3)	[10000000]
(4)	[10000000]
(5)	[10000000]
]
StoreDemand:[
(1	1	1)	[68]
(1	1	2)	[109]
(1	1	3)	[194]
(1	1	4)	[325]
(1	1	5)	[316]
(1	2	1)	[178]
(1	2	2)	[202]
(1	2	3)	[193]
(1	2	4)	[130]
(1	2	5)	[193]
(1	3	1)	[219]
(1	3	2)	[249]
(1	3	3)	[159]
(1	3	4)	[260]
(1	3	5)	[231]
(1	4	1)	[80]
(1	4	2)	[293]
(1	4	3)	[184]
(1	4	4)	[254]
(1	4	5)	[333]
(1	5	1)	[94]
(1	5	2)	[149]
(1	5	3)	[103]
(1	5	4)	[196]
(1	5	5)	[236]
(1	6	1)	[196]
(1	6	2)	[230]
(1	6	3)	[287]
(1	6	4)	[177]
(1	6	5)	[84]
(1	7	1)	[170]
(1	7	2)	[92]
(1	7	3)	[202]
(1	7	4)	[164]
(1	7	5)	[0]
(1	8	1)	[214]
(1	8	2)	[57]
(1	8	3)	[271]
(1	8	4)	[88]
(1	8	5)	[123]
(1	9	1)	[108]
(1	9	2)	[257]
(1	9	3)	[243]
(1	9	4)	[186]
(1	9	5)	[59]
(1	10	1)	[245]
(1	10	2)	[182]
(1	10	3)	[228]
(1	10	4)	[37]
(1	10	5)	[133]
(2	1	1)	[224]
(2	1	2)	[320]
(2	1	3)	[65]
(2	1	4)	[72]
(2	1	5)	[135]
(2	2	1)	[140]
(2	2	2)	[184]
(2	2	3)	[260]
(2	2	4)	[186]
(2	2	5)	[268]
(2	3	1)	[194]
(2	3	2)	[134]
(2	3	3)	[284]
(2	3	4)	[283]
(2	3	5)	[141]
(2	4	1)	[320]
(2	4	2)	[234]
(2	4	3)	[102]
(2	4	4)	[190]
(2	4	5)	[180]
(2	5	1)	[62]
(2	5	2)	[320]
(2	5	3)	[202]
(2	5	4)	[113]
(2	5	5)	[258]
(2	6	1)	[152]
(2	6	2)	[111]
(2	6	3)	[214]
(2	6	4)	[128]
(2	6	5)	[121]
(2	7	1)	[204]
(2	7	2)	[202]
(2	7	3)	[238]
(2	7	4)	[210]
(2	7	5)	[149]
(2	8	1)	[86]
(2	8	2)	[73]
(2	8	3)	[192]
(2	8	4)	[402]
(2	8	5)	[64]
(2	9	1)	[217]
(2	9	2)	[258]
(2	9	3)	[208]
(2	9	4)	[195]
(2	9	5)	[189]
(2	10	1)	[310]
(2	10	2)	[161]
(2	10	3)	[84]
(2	10	4)	[224]
(2	10	5)	[195]
(3	1	1)	[312]
(3	1	2)	[232]
(3	1	3)	[320]
(3	1	4)	[66]
(3	1	5)	[272]
(3	2	1)	[271]
(3	2	2)	[201]
(3	2	3)	[251]
(3	2	4)	[104]
(3	2	5)	[211]
(3	3	1)	[132]
(3	3	2)	[262]
(3	3	3)	[252]
(3	3	4)	[196]
(3	3	5)	[233]
(3	4	1)	[276]
(3	4	2)	[220]
(3	4	3)	[163]
(3	4	4)	[307]
(3	4	5)	[120]
(3	5	1)	[276]
(3	5	2)	[292]
(3	5	3)	[205]
(3	5	4)	[248]
(3	5	5)	[89]
(3	6	1)	[290]
(3	6	2)	[149]
(3	6	3)	[137]
(3	6	4)	[179]
(3	6	5)	[277]
(3	7	1)	[202]
(3	7	2)	[213]
(3	7	3)	[241]
(3	7	4)	[260]
(3	7	5)	[233]
(3	8	1)	[284]
(3	8	2)	[188]
(3	8	3)	[144]
(3	8	4)	[125]
(3	8	5)	[163]
(3	9	1)	[84]
(3	9	2)	[319]
(3	9	3)	[241]
(3	9	4)	[207]
(3	9	5)	[184]
(3	10	1)	[111]
(3	10	2)	[212]
(3	10	3)	[208]
(3	10	4)	[250]
(3	10	5)	[316]
(4	1	1)	[214]
(4	1	2)	[263]
(4	1	3)	[193]
(4	1	4)	[411]
(4	1	5)	[310]
(4	2	1)	[202]
(4	2	2)	[281]
(4	2	3)	[178]
(4	2	4)	[320]
(4	2	5)	[6]
(4	3	1)	[184]
(4	3	2)	[171]
(4	3	3)	[119]
(4	3	4)	[260]
(4	3	5)	[227]
(4	4	1)	[274]
(4	4	2)	[215]
(4	4	3)	[162]
(4	4	4)	[217]
(4	4	5)	[245]
(4	5	1)	[134]
(4	5	2)	[256]
(4	5	3)	[232]
(4	5	4)	[125]
(4	5	5)	[159]
(4	6	1)	[172]
(4	6	2)	[231]
(4	6	3)	[312]
(4	6	4)	[184]
(4	6	5)	[56]
(4	7	1)	[283]
(4	7	2)	[278]
(4	7	3)	[241]
(4	7	4)	[242]
(4	7	5)	[147]
(4	8	1)	[1]
(4	8	2)	[224]
(4	8	3)	[244]
(4	8	4)	[198]
(4	8	5)	[240]
(4	9	1)	[327]
(4	9	2)	[169]
(4	9	3)	[308]
(4	9	4)	[323]
(4	9	5)	[197]
(4	10	1)	[120]
(4	10	2)	[211]
(4	10	3)	[338]
(4	10	4)	[138]
(4	10	5)	[206]
(5	1	1)	[313]
(5	1	2)	[105]
(5	1	3)	[226]
(5	1	4)	[317]
(5	1	5)	[203]
(5	2	1)	[251]
(5	2	2)	[289]
(5	2	3)	[237]
(5	2	4)	[37]
(5	2	5)	[207]
(5	3	1)	[152]
(5	3	2)	[179]
(5	3	3)	[294]
(5	3	4)	[225]
(5	3	5)	[202]
(5	4	1)	[29]
(5	4	2)	[295]
(5	4	3)	[205]
(5	4	4)	[161]
(5	4	5)	[165]
(5	5	1)	[214]
(5	5	2)	[200]
(5	5	3)	[245]
(5	5	4)	[166]
(5	5	5)	[268]
(5	6	1)	[195]
(5	6	2)	[31]
(5	6	3)	[140]
(5	6	4)	[220]
(5	6	5)	[188]
(5	7	1)	[200]
(5	7	2)	[223]
(5	7	3)	[263]
(5	7	4)	[98]
(5	7	5)	[11]
(5	8	1)	[133]
(5	8	2)	[171]
(5	8	3)	[371]
(5	8	4)	[156]
(5	8	5)	[229]
(5	9	1)	[134]
(5	9	2)	[55]
(5	9	3)	[20]
(5	9	4)	[227]
(5	9	5)	[106]
(5	10	1)	[168]
(5	10	2)	[225]
(5	10	3)	[198]
(5	10	4)	[39]
(5	10	5)	[306]
]
FixedCostVendorToWarehouse:[
(1	1)	[126.26]
]
FixedCostWarehouseToStore:[
(1	1)	[143.71]
(1	2)	[66.13]
(1	3)	[66.13]
(1	4)	[253.17]
(1	5)	[186.09]
]
Variable_FixedCostVendorToWarehouse:[
(1	1)	[622.3]
]
VariableCostVendorToWarehouse:[
(1	1)	[0.047]
]
Variable_FixedCostWarehouseToStore:[
(1	1)	[659.96]
(1	2)	[492.45]
(1	3)	[492.45]
(1	4)	[884.41]
(1	5)	[727.61]
]
VariableCostWarehouseToStore:[
(1	1)	[0.05]
(1	2)	[0.034]
(1	3)	[0.034]
(1	4)	[0.067]
(1	5)	[0.055]
]
ProductVolume:[
(1)	[0.35]
(2)	[0.83]
(3)	[0.61]
(4)	[0.84]
(5)	[0.53]
(6)	[0.18]
(7)	[0.46]
(8)	[0.08]
(9)	[0.44]
(10)	[0.5]
]
ProductWeight:[
(1)	[0.56]
(2)	[0.35]
(3)	[0.57]
(4)	[0.95]
(5)	[0.79]
(6)	[0.14]
(7)	[0.71]
(8)	[0.52]
(9)	[0.5]
(10)	[0.2]
]
MapVendorToProduct:[
(1	1)	[1]
(1	2)	[1]
(1	3)	[1]
(1	4)	[1]
(1	5)	[1]
(1	6)	[1]
(1	7)	[1]
(1	8)	[1]
(1	9)	[1]
(1	10)	[1]
]
LeadTimeWarehouseToStores:[
(1	1)	[0]
(1	2)	[0]
(1	3)	[0]
(1	4)	[0]
(1	5)	[0]
]
StoreDemandForFashionProducts:[
(1	1)	[1195]
(1	2)	[1085]
(1	3)	[1685]
(1	4)	[455]
(1	5)	[770]
(1	6)	[410]
(1	7)	[975]
(1	8)	[1500]
(1	9)	[1300]
(1	10)	[990]
(2	1)	[500]
(2	2)	[895]
(2	3)	[820]
(2	4)	[660]
(2	5)	[1165]
(2	6)	[1895]
(2	7)	[1450]
(2	8)	[945]
(2	9)	[775]
(2	10)	[1880]
(3	1)	[1455]
(3	2)	[1625]
(3	3)	[930]
(3	4)	[420]
(3	5)	[625]
(3	6)	[1385]
(3	7)	[520]
(3	8)	[1370]
(3	9)	[1335]
(3	10)	[935]
(4	1)	[790]
(4	2)	[1400]
(4	3)	[1295]
(4	4)	[1405]
(4	5)	[225]
(4	6)	[495]
(4	7)	[1195]
(4	8)	[1200]
(4	9)	[820]
(4	10)	[1485]
(5	1)	[1065]
(5	2)	[550]
(5	3)	[230]
(5	4)	[410]
(5	5)	[1385]
(5	6)	[445]
(5	7)	[745]
(5	8)	[495]
(5	9)	[1830]
(5	10)	[1325]
]
FixedCostFashionVendorToWarehouse:[
(1	1)	[344.43]
]
Variable_FixedCostFashionVendorToWarehouse:[
(1	1)	[1075.01]
]
VariableCostFashionVendorToWarehouse:[
(1	1)	[0.081]
]
FashionProductVolume:[
(1)	[0.08]
(2)	[0.64]
(3)	[0.79]
(4)	[0.03]
(5)	[0.12]
(6)	[0.72]
(7)	[0.93]
(8)	[0.1]
(9)	[0.98]
(10)	[0.92]
]
FashionProductWeight:[
(1)	[0.69]
(2)	[0.87]
(3)	[0.46]
(4)	[0.21]
(5)	[0.82]
(6)	[0.79]
(7)	[0.53]
(8)	[0.66]
(9)	[0.93]
(10)	[0.81]
]
MapFashionVendorToProduct:[
(1	1)	[1]
(1	2)	[1]
(1	3)	[1]
(1	4)	[1]
(1	5)	[1]
(1	6)	[1]
(1	7)	[1]
(1	8)	[1]
(1	9)	[1]
(1	10)	[1]
]
