Printing New Fashion Solution:

Inbound Fashion Solution (V F T):
1	1	4	4415
1	2	4	6355
1	3	4	5510
1	4	3	4600
1	5	3	5915
1	6	4	5230
1	7	3	5335
1	8	3	7535
1	9	4	4465
1	10	3	3890


Outbound Fashion Solution(S F T):
1	1	5	775
1	2	5	1270
1	3	5	1085
1	4	5	885
1	5	4	955
1	6	5	1055
1	7	5	1890
1	8	5	1460
1	9	5	1030
1	10	4	610
2	1	5	620
2	2	5	1270
2	3	5	905
2	4	5	1525
2	5	4	1380
2	6	5	1310
2	7	5	705
2	8	4	1150
2	9	5	450
2	10	5	705
3	1	5	920
3	2	5	1245
3	3	5	1320
3	4	5	420
3	5	4	1450
3	6	5	825
3	7	5	995
3	8	4	2045
3	9	5	965
3	10	4	725
4	1	5	940
4	2	5	1525
4	3	5	1135
4	4	5	915
4	5	5	865
4	6	5	235
4	7	5	945
4	8	5	1410
4	9	5	1055
4	10	5	380
5	1	5	1160
5	2	5	1045
5	3	5	1065
5	4	5	855
5	5	5	1265
5	6	5	1805
5	7	5	800
5	8	4	1470
5	9	5	965
5	10	4	1470


Warehouse Fashion Inventory (W F T):
1	0		0		0		4415		0	
2	0		0		0		6355		0	
3	0		0		0		5510		0	
4	0		0		4600		4600		0	
5	0		0		5915		2130		0	
6	0		0		0		5230		0	
7	0		0		5335		5335		0	
8	0		0		7535		2870		0	
9	0		0		0		4465		0	
10	0		0		3890		1085		0	

Store Fashion Inventory (S F T):
Store1
1	0		0		0		775	
2	0		0		0		1270	
3	0		0		0		1085	
4	0		0		0		885	
5	0		0		955		955	
6	0		0		0		1055	
7	0		0		0		1890	
8	0		0		0		1460	
9	0		0		0		1030	
10	0		0		610		610	
Store2
1	0		0		0		620	
2	0		0		0		1270	
3	0		0		0		905	
4	0		0		0		1525	
5	0		0		1380		1380	
6	0		0		0		1310	
7	0		0		0		705	
8	0		0		1150		1150	
9	0		0		0		450	
10	0		0		0		705	
Store3
1	0		0		0		920	
2	0		0		0		1245	
3	0		0		0		1320	
4	0		0		0		420	
5	0		0		1450		1450	
6	0		0		0		825	
7	0		0		0		995	
8	0		0		2045		2045	
9	0		0		0		965	
10	0		0		725		725	
Store4
1	0		0		0		940	
2	0		0		0		1525	
3	0		0		0		1135	
4	0		0		0		915	
5	0		0		0		865	
6	0		0		0		235	
7	0		0		0		945	
8	0		0		0		1410	
9	0		0		0		1055	
10	0		0		0		380	
Store5
1	0		0		0		1160	
2	0		0		0		1045	
3	0		0		0		1065	
4	0		0		0		855	
5	0		0		0		1265	
6	0		0		0		1805	
7	0		0		0		800	
8	0		0		1470		1470	
9	0		0		0		965	
10	0		0		1470		1470	


Fashion Shipments from Vendor to Warehouse (V T):
0	0	0.9793999	0.97321	

Printing New Basic Solution:

Inbound Solution (V P T):
1	1	1	1634
1	1	2	2451
1	1	5	992
1	2	1	2475
1	2	2	2474
1	2	5	479
1	3	1	1904
1	3	2	2856
1	3	5	656
1	4	1	1056
1	4	2	1056
1	4	5	3185
1	5	1	536
1	5	2	2144
1	5	5	2722
1	6	1	3951
1	6	2	438
1	6	5	331
1	7	1	1673
1	7	2	1672
1	7	5	1317
1	8	1	635
1	8	2	2538
1	8	5	1997
1	9	1	2758
1	9	5	2545
1	10	1	985
1	10	2	1477
1	10	5	3091


Outbound Solution(S P T):
1	1	3	203
1	1	4	445
1	1	5	380
1	2	3	164
1	2	4	416
1	2	5	427
1	3	3	192
1	3	4	358
1	3	5	404
1	4	3	278
1	4	4	270
1	4	5	327
1	5	3	320
1	5	4	496
1	5	5	400
1	6	3	225
1	6	4	285
1	6	5	338
1	7	3	141
1	7	4	456
1	7	5	413
1	8	3	150
1	8	4	242
1	8	5	444
1	9	3	314
1	9	4	258
1	9	5	423
1	10	3	201
1	10	4	387
1	10	5	459
2	1	4	895
2	2	4	823
2	3	4	1186
2	4	4	1009
2	5	4	951
2	6	4	1018
2	7	4	956
2	8	4	1054
2	9	4	1004
2	10	4	1275
3	1	4	1210
3	2	4	1510
3	3	4	1038
3	4	4	1216
3	5	4	1175
3	6	4	1021
3	7	4	824
3	8	4	1017
3	9	4	1245
3	10	4	999
4	1	1	796
4	1	5	287
4	2	1	1042
4	2	5	67
4	3	1	1069
4	3	5	170
4	4	1	764
4	4	5	303
4	5	1	807
4	5	5	270
4	6	1	799
4	6	5	200
4	7	1	871
4	7	5	18
4	8	1	869
4	8	5	277
4	9	1	701
4	9	5	117
4	10	1	746
4	10	5	271
5	1	4	861
5	2	4	979
5	3	4	999
5	4	4	1130
5	5	4	983
5	6	4	834
5	7	4	983
5	8	4	1117
5	9	4	1241
5	10	4	1215


Warehouse Inventory (W P T):
1	325		1163		3614		3411		0		325	
2	0		1433		3907		3743		15		0	
3	82		917		3773		3581		0		82	
4	2555		2847		3903		3625		0		2555	
5	2052		1781		3925		3605		0		2052	
6	0		3152		3590		3365		207		0	
7	886		1688		3360		3219		0		886	
8	1276		1042		3580		3430		0		1276	
9	2005		4062		4062		3748		0		2005	
10	2361		2600		4077		3876		0		2361	

Store Inventory (S P T):
Store1
1	346		126		0		0		126		346	
2	520		314		0		0		314		520	
3	320		155		0		0		155		320	
4	184		31		0		0		31		184	
5	489		256		0		0		256		489	
6	422		195		0		0		195		422	
7	287		135		0		0		135		287	
8	484		181		0		0		181		484	
9	453		116		0		0		116		453	
10	420		227		0		0		227		420	
Store2
1	466		466		204		0		652		466	
2	517		363		248		0		664		517	
3	796		510		286		0		977		796	
4	462		357		168		0		819		462	
5	601		290		165		0		762		601	
6	628		329		96		0		850		628	
7	636		386		163		0		703		636	
8	622		512		320		0		887		622	
9	467		256		81		0		771		467	
10	870		584		296		0		1058		870	
Store3
1	814		483		237		0		1059		814	
2	1100		757		396		0		1408		1100	
3	602		369		271		0		772		602	
4	966		718		332		0		1114		966	
5	574		503		377		0		791		574	
6	619		387		104		0		677		619	
7	397		243		165		0		560		397	
8	643		467		255		0		736		643	
9	725		507		222		0		924		725	
10	707		420		160		0		921		707	
Store4
1	0		585		414		195		0		0	
2	0		565		360		101		0		0	
3	0		884		555		244		0		0	
4	0		548		361		163		0		0	
5	0		758		499		187		0		0	
6	0		606		381		170		0		0	
7	0		643		371		152		0		0	
8	0		638		402		224		0		0	
9	0		462		382		213		0		0	
10	0		529		341		231		0		0	
Store5
1	456		455		251		0		651		456	
2	596		554		271		0		769		596	
3	723		494		133		0		958		723	
4	572		429		191		0		820		572	
5	508		432		268		0		662		508	
6	631		441		286		0		822		631	
7	672		450		228		0		827		672	
8	693		416		322		0		849		693	
9	728		505		321		0		927		728	
10	775		665		350		0		955		775	


Shipments from Vendor to Warehouse (V T):
0.7312487	0.7014807	0	0	0.8387626	

Shipments from Warehouse to Stores (S T):
1	3	0.1002887
1	4	0.2179027
1	5	0.53017
2	4	0.5174447
2	5	0.3031633
3	4	0.5824234
3	5	0.2787867
4	1	0.3608607
4	5	0.4587767
5	4	0.5300153
5	5	0.34427


Required Putaway workers (Sol T):
2	2	3	3	2	

No of required pickers (T):
2	0	1	6	6	

No of part-time putaway workers (T):
0	0	1	1	0	

No of part-time pickers (T):
0	0	0	2	2	

Best Putaway Technology: 1200
Best Picking Technology: 1000

Required Fashion Putaway Hours:
0	0	22.72917	21.64583	0	

Required Basic Putaway Hours:
14.6725	14.255	0	0	14.42917	

Required Total Putaway Hours:
14.6725	14.255	22.72917	21.64583	14.42917	

No of required fashion pick hours:
0	0	0	11.255	41.995	

No of required basic pick hours:
8.464	0	2.188	35.381	5.995	

No of required total pick hours:
8.464	0	2.188	46.636	47.99	

List of all the costs: 
MHECost		324
PutawayTechCost		1060
PickingTechCost		9130
WhBasicInvCost		1058.43
BasicInbCost		4615.081
WhFashionInvCost		692.7
FashionInbCost		5809.963
PutawayCost		3680
StoreBasicInvCost		4269.351
StoreFashionInvCost		3225.25
OutboundCost		12446.23
PickingCost		7360
Total		53671.01

List of Top5 Technologies: 
Tech1		2	6	$ 53671.01
Tech2		2	4	$ 61260.23
Tech3		3	4	$ 62934.18
Tech4		3	1	$ 94588.64
Tech5		1	1	$ 106968.5
The start time is 12/23/2014 5:26:22 PM
The End time is 12/23/2014 5:26:29 PM
