Printing New Fashion Solution:

Inbound Fashion Solution (V F T):
1	1	3	4415
1	2	4	6355
1	3	4	5510
1	4	3	4600
1	5	4	5915
1	6	4	5230
1	7	3	5335
1	8	3	7535
1	9	4	4465
1	10	3	3890


Outbound Fashion Solution(S F T):
1	1	4	775
1	2	5	1270
1	3	5	1085
1	4	5	885
1	5	5	955
1	6	5	1055
1	7	4	1890
1	8	4	1460
1	9	5	1030
1	10	5	610
2	1	5	620
2	2	5	1270
2	3	5	905
2	4	5	1525
2	5	5	1380
2	6	5	1310
2	7	5	705
2	8	5	1150
2	9	5	450
2	10	5	705
3	1	5	920
3	2	5	1245
3	3	5	1320
3	4	5	420
3	5	5	1450
3	6	5	825
3	7	5	995
3	8	5	2045
3	9	5	965
3	10	5	725
4	1	5	940
4	2	5	1525
4	3	5	1135
4	4	5	915
4	5	5	865
4	6	5	235
4	7	5	945
4	8	5	1410
4	9	5	1055
4	10	5	380
5	1	5	1160
5	2	5	1045
5	3	5	1065
5	4	5	855
5	5	5	1265
5	6	5	1805
5	7	5	800
5	8	4	1470
5	9	5	965
5	10	4	1470


Warehouse Fashion Inventory (W F T):
1	0		0		4415		3640		0	
2	0		0		0		6355		0	
3	0		0		0		5510		0	
4	0		0		4600		4600		0	
5	0		0		0		5915		0	
6	0		0		0		5230		0	
7	0		0		5335		3445		0	
8	0		0		7535		4605		0	
9	0		0		0		4465		0	
10	0		0		3890		2420		0	

Store Fashion Inventory (S F T):
Store1
1	0		0		775		775	
2	0		0		0		1270	
3	0		0		0		1085	
4	0		0		0		885	
5	0		0		0		955	
6	0		0		0		1055	
7	0		0		1890		1890	
8	0		0		1460		1460	
9	0		0		0		1030	
10	0		0		0		610	
Store2
1	0		0		0		620	
2	0		0		0		1270	
3	0		0		0		905	
4	0		0		0		1525	
5	0		0		0		1380	
6	0		0		0		1310	
7	0		0		0		705	
8	0		0		0		1150	
9	0		0		0		450	
10	0		0		0		705	
Store3
1	0		0		0		920	
2	0		0		0		1245	
3	0		0		0		1320	
4	0		0		0		420	
5	0		0		0		1450	
6	0		0		0		825	
7	0		0		0		995	
8	0		0		0		2045	
9	0		0		0		965	
10	0		0		0		725	
Store4
1	0		0		0		940	
2	0		0		0		1525	
3	0		0		0		1135	
4	0		0		0		915	
5	0		0		0		865	
6	0		0		0		235	
7	0		0		0		945	
8	0		0		0		1410	
9	0		0		0		1055	
10	0		0		0		380	
Store5
1	0		0		0		1160	
2	0		0		0		1045	
3	0		0		0		1065	
4	0		0		0		855	
5	0		0		0		1265	
6	0		0		0		1805	
7	0		0		0		800	
8	0		0		1470		1470	
9	0		0		0		965	
10	0		0		1470		1470	


Fashion Shipments from Vendor to Warehouse (V T):
0	0	0.9606633	0.9919467	

Printing New Basic Solution:

Inbound Solution (V P T):
1	1	1	531
1	1	2	3304
1	1	5	1242
1	2	1	1213
1	2	2	3406
1	2	5	809
1	3	1	1962
1	3	2	511
1	3	5	2943
1	4	1	2490
1	4	2	2807
1	5	1	540
1	5	5	4862
1	6	1	1522
1	6	2	2183
1	6	5	1015
1	7	1	1982
1	7	2	2459
1	7	5	221
1	8	1	734
1	8	2	1498
1	8	5	2938
1	9	1	3550
1	9	2	1753
1	10	1	1665
1	10	5	3888


Outbound Solution(S P T):
1	1	4	1028
1	2	4	1007
1	3	4	954
1	4	4	875
1	5	4	1216
1	6	4	848
1	7	4	1010
1	8	4	836
1	9	4	995
1	10	4	1047
2	1	1	895
2	2	1	823
2	3	1	1186
2	4	1	1009
2	5	1	951
2	6	1	1018
2	7	1	956
2	8	1	1054
2	9	1	1004
2	10	1	1275
3	1	2	1210
3	2	2	1510
3	3	2	1038
3	4	2	1216
3	5	2	1175
3	6	2	1021
3	7	2	824
3	8	2	1017
3	9	2	1245
3	10	2	999
4	1	1	1083
4	2	1	1109
4	3	1	1239
4	4	1	1067
4	5	1	1077
4	6	1	999
4	7	1	889
4	8	1	1146
4	9	1	818
4	10	1	1017
5	1	4	861
5	2	4	979
5	3	4	999
5	4	4	1130
5	5	4	983
5	6	4	834
5	7	4	983
5	8	4	1117
5	9	4	1241
5	10	4	1215


Warehouse Inventory (W P T):
1	1447		0		2094		2094		205		1447	
2	809		90		1986		1986		0		809	
3	2943		2480		1953		1953		0		2943	
4	0		414		2005		2005		0		0	
5	4862		3374		2199		2199		0		4862	
6	1015		520		1682		1682		0		1015	
7	221		358		1993		1993		0		221	
8	2938		1472		1953		1953		0		2938	
9	0		1728		2236		2236		0		0	
10	3888		3261		2262		2262		0		3888	

Store Inventory (S P T):
Store1
1	549		329		203		0		709		549	
2	684		478		164		0		905		684	
3	512		347		192		0		751		512	
4	462		309		278		0		636		462	
5	809		576		320		0		976		809	
6	647		420		225		0		758		647	
7	428		276		141		0		689		428	
8	634		331		150		0		775		634	
9	767		430		314		0		853		767	
10	621		428		201		0		887		621	
Store2
1	0		895		633		429		186		0	
2	0		669		554		306		147		0	
3	0		900		676		390		181		0	
4	0		904		715		547		357		0	
5	0		640		515		350		161		0	
6	0		719		486		390		222		0	
7	0		706		483		320		67		0	
8	0		944		752		432		265		0	
9	0		793		618		537		304		0	
10	0		989		701		405		188		0	
Store3
1	331		0		964		727		576		331	
2	343		0		1149		753		651		343	
3	233		0		940		669		403		233	
4	248		0		830		498		396		248	
5	71		0		1049		672		288		71	
6	232		0		738		634		290		232	
7	154		0		746		581		317		154	
8	176		0		805		550		269		176	
9	218		0		960		738		417		218	
10	287		0		739		579		501		287	
Store4
1	0		872		701		482		287		0	
2	0		632		427		168		67		0	
3	0		1054		725		414		170		0	
4	0		851		664		466		303		0	
5	0		1028		769		457		270		0	
6	0		806		581		370		200		0	
7	0		661		389		170		18		0	
8	0		915		679		501		277		0	
9	0		579		499		330		117		0	
10	0		800		612		502		271		0	
Store5
1	456		455		251		0		651		456	
2	596		554		271		0		769		596	
3	723		494		133		0		958		723	
4	572		429		191		0		820		572	
5	508		432		268		0		662		508	
6	631		441		286		0		822		631	
7	672		450		228		0		827		672	
8	693		416		322		0		849		693	
9	728		505		321		0		927		728	
10	775		665		350		0		955		775	


Shipments from Vendor to Warehouse (V T):
0.7698867	0.6638946	0	0	0.8377107	

Shipments from Warehouse to Stores (S T):
1	4	0.5776613
1	5	0.2707
2	1	0.452738
2	5	0.36787
3	2	0.47796
3	5	0.38325
4	1	0.4483773
4	5	0.37126
5	4	0.5300153
5	5	0.34427


Required Putaway workers (Sol T):
2	2	3	3	2	

No of required pickers (T):
3	2	0	4	6	

No of part-time putaway workers (T):
0	0	1	1	0	

No of part-time pickers (T):
0	0	0	0	2	

Best Putaway Technology: 1200
Best Picking Technology: 1000

Required Fashion Putaway Hours:
0	0	21.47917	22.89583	0	

Required Basic Putaway Hours:
13.49083	14.93417	0	0	14.93167	

Required Total Putaway Hours:
13.49083	14.93417	21.47917	22.89583	14.93167	

No of required fashion pick hours:
0	0	0	7.065	46.185	

No of required basic pick hours:
20.615	11.255	0	20.158	0	

No of required total pick hours:
20.615	11.255	0	27.223	46.185	

List of all the costs: 
MHECost		324
PutawayTechCost		1060
PickingTechCost		9130
WhBasicInvCost		727.5099
BasicInbCost		4615.081
WhFashionInvCost		719.6
FashionInbCost		5809.963
PutawayCost		3680
StoreBasicInvCost		5225.1
StoreFashionInvCost		3015.75
OutboundCost		11959.5
PickingCost		6880
Total		53146.51

List of Top5 Technologies: 
Tech1		2	6	$ 53146.51
Tech2		2	5	$ 59388.06
Tech3		2	4	$ 67756.76
Tech4		2	1	$ 98099.76
Tech5		1	1	$ 114415.5
The start time is 12/23/2014 5:26:22 PM
The End time is 12/23/2014 5:26:31 PM
