Printing New Fashion Solution:

Inbound Fashion Solution (V F T):
1	1	1	4415
1	2	1	6355
1	3	1	5510
1	4	1	4600
1	5	1	5915
1	6	1	5230
1	7	1	5335
1	8	1	7535
1	9	1	4465
1	10	1	3890


Outbound Fashion Solution(S F T):
1	1	2	775
1	2	2	1270
1	3	3	1085
1	4	3	885
1	5	2	955
1	6	3	1055
1	7	2	1890
1	8	2	1460
1	9	2	1030
1	10	3	610
2	1	3	620
2	2	3	1270
2	3	3	905
2	4	2	1525
2	5	3	1380
2	6	2	1310
2	7	2	705
2	8	3	1150
2	9	3	450
2	10	2	705
3	1	4	920
3	2	4	1245
3	3	4	1320
3	4	4	420
3	5	4	1450
3	6	4	825
3	7	4	995
3	8	4	2045
3	9	4	965
3	10	4	725
4	1	3	940
4	2	3	1525
4	3	3	1135
4	4	3	915
4	5	2	865
4	6	2	235
4	7	3	945
4	8	3	1410
4	9	3	1055
4	10	2	380
5	1	2	1160
5	2	3	1045
5	3	2	1065
5	4	2	855
5	5	3	1265
5	6	3	1805
5	7	3	800
5	8	2	1470
5	9	2	965
5	10	2	1470


Warehouse Fashion Inventory (W F T):
1	4415		2480		920		0		0	
2	6355		5085		1245		0		0	
3	5510		4445		1320		0		0	
4	4600		2220		420		0		0	
5	5915		4095		1450		0		0	
6	5230		3685		825		0		0	
7	5335		2740		995		0		0	
8	7535		4605		2045		0		0	
9	4465		2470		965		0		0	
10	3890		1335		725		0		0	

Store Fashion Inventory (S F T):
Store1
1	775		775		775		775	
2	1270		1270		1270		1270	
3	0		1085		1085		1085	
4	0		885		885		885	
5	955		955		955		955	
6	0		1055		1055		1055	
7	1890		1890		1890		1890	
8	1460		1460		1460		1460	
9	1030		1030		1030		1030	
10	0		610		610		610	
Store2
1	0		620		620		620	
2	0		1270		1270		1270	
3	0		905		905		905	
4	1525		1525		1525		1525	
5	0		1380		1380		1380	
6	1310		1310		1310		1310	
7	705		705		705		705	
8	0		1150		1150		1150	
9	0		450		450		450	
10	705		705		705		705	
Store3
1	0		0		920		920	
2	0		0		1245		1245	
3	0		0		1320		1320	
4	0		0		420		420	
5	0		0		1450		1450	
6	0		0		825		825	
7	0		0		995		995	
8	0		0		2045		2045	
9	0		0		965		965	
10	0		0		725		725	
Store4
1	0		940		940		940	
2	0		1525		1525		1525	
3	0		1135		1135		1135	
4	0		915		915		915	
5	865		865		865		865	
6	235		235		235		235	
7	0		945		945		945	
8	0		1410		1410		1410	
9	0		1055		1055		1055	
10	380		380		380		380	
Store5
1	1160		1160		1160		1160	
2	0		1045		1045		1045	
3	1065		1065		1065		1065	
4	855		855		855		855	
5	0		1265		1265		1265	
6	0		1805		1805		1805	
7	0		800		800		800	
8	1470		1470		1470		1470	
9	965		965		965		965	
10	1470		1470		1470		1470	


Fashion Shipments from Vendor to Warehouse (V T):
1.95261	0	0	0	

Printing New Basic Solution:

Inbound Solution (V P T):
1	1	2	2239
1	1	4	1877
1	1	5	961
1	2	2	2294
1	2	4	2560
1	2	5	574
1	3	2	2500
1	3	4	2291
1	3	5	625
1	4	2	326
1	4	4	2032
1	4	5	2939
1	5	2	966
1	5	4	2182
1	5	5	2254
1	6	2	1062
1	6	4	2063
1	6	5	1595
1	7	2	548
1	7	4	1922
1	7	5	2192
1	8	2	854
1	8	4	2322
1	8	5	1994
1	9	2	1484
1	9	4	2335
1	9	5	1484
1	10	2	1002
1	10	4	2210
1	10	5	2341


Outbound Solution(S P T):
1	1	5	1028
1	2	5	1007
1	3	5	954
1	4	5	875
1	5	5	1216
1	6	5	848
1	7	5	1010
1	8	5	836
1	9	5	995
1	10	5	1047
2	1	5	895
2	2	5	823
2	3	5	1186
2	4	5	1009
2	5	5	951
2	6	5	1018
2	7	5	956
2	8	5	1054
2	9	5	1004
2	10	5	1275
3	1	4	1210
3	2	4	1510
3	3	4	1038
3	4	4	1216
3	5	4	1175
3	6	4	1021
3	7	4	824
3	8	4	1017
3	9	4	1245
3	10	4	999
4	1	1	1083
4	2	1	1109
4	3	1	1239
4	4	1	1067
4	5	1	1077
4	6	1	999
4	7	1	889
4	8	1	1146
4	9	1	818
4	10	1	1017
5	1	2	400
5	1	3	461
5	2	2	498
5	2	3	481
5	3	2	825
5	3	3	174
5	4	2	629
5	4	3	501
5	5	2	394
5	5	3	589
5	6	2	536
5	6	3	298
5	7	2	599
5	7	3	384
5	8	2	527
5	8	3	590
5	9	2	606
5	9	3	635
5	10	2	605
5	10	3	610


Warehouse Inventory (W P T):
1	1083		0		1839		1378		2045		1083	
2	1109		0		1796		1315		2365		1109	
3	1239		0		1675		1501		2754		1239	
4	1871		804		501		0		816		1871	
5	1094		17		589		0		1007		1094	
6	999		0		526		228		1270		999	
7	1324		435		384		0		1098		1324	
8	1409		263		590		0		1305		1409	
9	818		0		878		243		1333		818	
10	1230		213		610		0		1211		1230	

Store Inventory (S P T):
Store1
1	868		648		522		319		0		868	
2	786		580		266		102		0		786	
3	715		550		395		203		0		715	
4	701		548		517		239		0		701	
5	1049		816		560		240		0		1049	
6	737		510		315		90		0		737	
7	749		597		462		321		0		749	
8	695		392		211		61		0		695	
9	909		572		456		142		0		909	
10	781		588		361		160		0		781	
Store2
1	709		709		447		243		0		709	
2	676		522		407		159		0		676	
3	1005		719		495		209		0		1005	
4	652		547		358		190		0		652	
5	790		479		354		189		0		790	
6	796		497		264		168		0		796	
7	889		639		416		253		0		889	
8	789		679		487		167		0		789	
9	700		489		314		233		0		700	
10	1087		801		513		217		0		1087	
Store3
1	814		483		237		0		1059		814	
2	1100		757		396		0		1408		1100	
3	602		369		271		0		772		602	
4	966		718		332		0		1114		966	
5	574		503		377		0		791		574	
6	619		387		104		0		677		619	
7	397		243		165		0		560		397	
8	643		467		255		0		736		643	
9	725		507		222		0		924		725	
10	707		420		160		0		921		707	
Store4
1	0		872		701		482		287		0	
2	0		632		427		168		67		0	
3	0		1054		725		414		170		0	
4	0		851		664		466		303		0	
5	0		1028		769		457		270		0	
6	0		806		581		370		200		0	
7	0		661		389		170		18		0	
8	0		915		679		501		277		0	
9	0		579		499		330		117		0	
10	0		800		612		502		271		0	
Store5
1	1		0		196		406		196		1	
2	42		0		215		425		215		42	
3	229		0		464		505		464		229	
4	143		0		391		701		391		143	
5	76		0		230		551		230		76	
6	190		0		381		393		381		190	
7	222		0		377		533		377		222	
8	277		0		433		701		433		277	
9	223		0		422		736		422		223	
10	110		0		290		550		290		110	


Shipments from Vendor to Warehouse (V T):
0	0.556182	0	0.9394166	0.7758933	

Shipments from Warehouse to Stores (S T):
1	2	0.2852167
1	3	0.1292033
1	5	0.4339413
2	2	0.1617767
2	3	0.2060933
2	5	0.452738
3	4	0.86121
4	1	0.4483773
4	2	0.04950333
4	3	0.3217567
5	2	0.52064
5	3	0.3536453


Required Putaway workers (Sol T):
3	1	0	2	1	

No of required pickers (T):
3	7	7	6	5	

No of part-time putaway workers (T):
1	0	0	0	0	

No of part-time pickers (T):
0	2	2	1	0	

Best Putaway Technology: 2400
Best Picking Technology: 500

Required Fashion Putaway Hours:
22.1875	0	0	0	0	

Required Basic Putaway Hours:
0	5.53125	0	9.080833	7.06625	

Required Total Putaway Hours:
22.1875	5.53125	0	9.080833	7.06625	

No of required fashion pick hours:
0	40.18	44.5	21.82	0	

No of required basic pick hours:
20.888	11.238	9.446	22.51	39.974	

No of required total pick hours:
20.888	51.418	53.946	44.33	39.974	

List of all the costs: 
MHECost		407
PutawayTechCost		3540
PickingTechCost		3195
WhBasicInvCost		431.6499
BasicInbCost		4615.081
WhFashionInvCost		973.2001
FashionInbCost		5809.964
PutawayCost		3440
StoreBasicInvCost		4868.4
StoreFashionInvCost		8446.5
OutboundCost		12411.49
PickingCost		9200
Total		57338.29

List of Top5 Technologies: 
Tech1		3	5	$ 57338.29
Tech2		3	6	$ 61031.57
Tech3		3	4	$ 61746.53
Tech4		1	4	$ 65358.98
Tech5		1	6	$ 69508
The start time is 12/23/2014 5:26:22 PM
The End time is 12/23/2014 5:26:31 PM
