WarehouseVolume:[
(1)	[100000000]
]
StoreVolume:[
(1)	[10000000]
(2)	[10000000]
(3)	[10000000]
(4)	[10000000]
(5)	[10000000]
]
StoreDemand:[
(1	1	1)	[220]
(1	1	2)	[126]
(1	1	3)	[203]
(1	1	4)	[319]
(1	1	5)	[160]
(1	2	1)	[206]
(1	2	2)	[314]
(1	2	3)	[164]
(1	2	4)	[102]
(1	2	5)	[221]
(1	3	1)	[165]
(1	3	2)	[155]
(1	3	3)	[192]
(1	3	4)	[203]
(1	3	5)	[239]
(1	4	1)	[153]
(1	4	2)	[31]
(1	4	3)	[278]
(1	4	4)	[239]
(1	4	5)	[174]
(1	5	1)	[233]
(1	5	2)	[256]
(1	5	3)	[320]
(1	5	4)	[240]
(1	5	5)	[167]
(1	6	1)	[227]
(1	6	2)	[195]
(1	6	3)	[225]
(1	6	4)	[90]
(1	6	5)	[111]
(1	7	1)	[152]
(1	7	2)	[135]
(1	7	3)	[141]
(1	7	4)	[321]
(1	7	5)	[261]
(1	8	1)	[303]
(1	8	2)	[181]
(1	8	3)	[150]
(1	8	4)	[61]
(1	8	5)	[141]
(1	9	1)	[337]
(1	9	2)	[116]
(1	9	3)	[314]
(1	9	4)	[142]
(1	9	5)	[86]
(1	10	1)	[193]
(1	10	2)	[227]
(1	10	3)	[201]
(1	10	4)	[160]
(1	10	5)	[266]
(2	1	1)	[0]
(2	1	2)	[262]
(2	1	3)	[204]
(2	1	4)	[243]
(2	1	5)	[186]
(2	2	1)	[154]
(2	2	2)	[115]
(2	2	3)	[248]
(2	2	4)	[159]
(2	2	5)	[147]
(2	3	1)	[286]
(2	3	2)	[224]
(2	3	3)	[286]
(2	3	4)	[209]
(2	3	5)	[181]
(2	4	1)	[105]
(2	4	2)	[189]
(2	4	3)	[168]
(2	4	4)	[190]
(2	4	5)	[357]
(2	5	1)	[311]
(2	5	2)	[125]
(2	5	3)	[165]
(2	5	4)	[189]
(2	5	5)	[161]
(2	6	1)	[299]
(2	6	2)	[233]
(2	6	3)	[96]
(2	6	4)	[168]
(2	6	5)	[222]
(2	7	1)	[250]
(2	7	2)	[223]
(2	7	3)	[163]
(2	7	4)	[253]
(2	7	5)	[67]
(2	8	1)	[110]
(2	8	2)	[192]
(2	8	3)	[320]
(2	8	4)	[167]
(2	8	5)	[265]
(2	9	1)	[211]
(2	9	2)	[175]
(2	9	3)	[81]
(2	9	4)	[233]
(2	9	5)	[304]
(2	10	1)	[286]
(2	10	2)	[288]
(2	10	3)	[296]
(2	10	4)	[217]
(2	10	5)	[188]
(3	1	1)	[331]
(3	1	2)	[246]
(3	1	3)	[237]
(3	1	4)	[151]
(3	1	5)	[245]
(3	2	1)	[343]
(3	2	2)	[361]
(3	2	3)	[396]
(3	2	4)	[102]
(3	2	5)	[308]
(3	3	1)	[233]
(3	3	2)	[98]
(3	3	3)	[271]
(3	3	4)	[266]
(3	3	5)	[170]
(3	4	1)	[248]
(3	4	2)	[386]
(3	4	3)	[332]
(3	4	4)	[102]
(3	4	5)	[148]
(3	5	1)	[71]
(3	5	2)	[126]
(3	5	3)	[377]
(3	5	4)	[384]
(3	5	5)	[217]
(3	6	1)	[232]
(3	6	2)	[283]
(3	6	3)	[104]
(3	6	4)	[344]
(3	6	5)	[58]
(3	7	1)	[154]
(3	7	2)	[78]
(3	7	3)	[165]
(3	7	4)	[264]
(3	7	5)	[163]
(3	8	1)	[176]
(3	8	2)	[212]
(3	8	3)	[255]
(3	8	4)	[281]
(3	8	5)	[93]
(3	9	1)	[218]
(3	9	2)	[285]
(3	9	3)	[222]
(3	9	4)	[321]
(3	9	5)	[199]
(3	10	1)	[287]
(3	10	2)	[260]
(3	10	3)	[160]
(3	10	4)	[78]
(3	10	5)	[214]
(4	1	1)	[211]
(4	1	2)	[171]
(4	1	3)	[219]
(4	1	4)	[195]
(4	1	5)	[287]
(4	2	1)	[477]
(4	2	2)	[205]
(4	2	3)	[259]
(4	2	4)	[101]
(4	2	5)	[67]
(4	3	1)	[185]
(4	3	2)	[329]
(4	3	3)	[311]
(4	3	4)	[244]
(4	3	5)	[170]
(4	4	1)	[216]
(4	4	2)	[187]
(4	4	3)	[198]
(4	4	4)	[163]
(4	4	5)	[303]
(4	5	1)	[49]
(4	5	2)	[259]
(4	5	3)	[312]
(4	5	4)	[187]
(4	5	5)	[270]
(4	6	1)	[193]
(4	6	2)	[225]
(4	6	3)	[211]
(4	6	4)	[170]
(4	6	5)	[200]
(4	7	1)	[228]
(4	7	2)	[272]
(4	7	3)	[219]
(4	7	4)	[152]
(4	7	5)	[18]
(4	8	1)	[231]
(4	8	2)	[236]
(4	8	3)	[178]
(4	8	4)	[224]
(4	8	5)	[277]
(4	9	1)	[239]
(4	9	2)	[80]
(4	9	3)	[169]
(4	9	4)	[213]
(4	9	5)	[117]
(4	10	1)	[217]
(4	10	2)	[188]
(4	10	3)	[110]
(4	10	4)	[231]
(4	10	5)	[271]
(5	1	1)	[1]
(5	1	2)	[204]
(5	1	3)	[251]
(5	1	4)	[210]
(5	1	5)	[195]
(5	2	1)	[42]
(5	2	2)	[283]
(5	2	3)	[271]
(5	2	4)	[210]
(5	2	5)	[173]
(5	3	1)	[229]
(5	3	2)	[361]
(5	3	3)	[133]
(5	3	4)	[41]
(5	3	5)	[235]
(5	4	1)	[143]
(5	4	2)	[238]
(5	4	3)	[191]
(5	4	4)	[310]
(5	4	5)	[248]
(5	5	1)	[76]
(5	5	2)	[164]
(5	5	3)	[268]
(5	5	4)	[321]
(5	5	5)	[154]
(5	6	1)	[190]
(5	6	2)	[155]
(5	6	3)	[286]
(5	6	4)	[12]
(5	6	5)	[191]
(5	7	1)	[222]
(5	7	2)	[222]
(5	7	3)	[228]
(5	7	4)	[156]
(5	7	5)	[155]
(5	8	1)	[277]
(5	8	2)	[94]
(5	8	3)	[322]
(5	8	4)	[268]
(5	8	5)	[156]
(5	9	1)	[223]
(5	9	2)	[184]
(5	9	3)	[321]
(5	9	4)	[314]
(5	9	5)	[199]
(5	10	1)	[110]
(5	10	2)	[315]
(5	10	3)	[350]
(5	10	4)	[260]
(5	10	5)	[180]
]
FixedCostVendorToWarehouse:[
(1	1)	[186.09]
]
FixedCostWarehouseToStore:[
(1	1)	[45.59]
(1	2)	[143.71]
(1	3)	[401.77]
(1	4)	[126.26]
(1	5)	[110.96]
]
Variable_FixedCostVendorToWarehouse:[
(1	1)	[727.61]
]
VariableCostVendorToWarehouse:[
(1	1)	[0.055]
]
Variable_FixedCostWarehouseToStore:[
(1	1)	[441.14]
(1	2)	[659.96]
(1	3)	[1185.2]
(1	4)	[622.3]
(1	5)	[598.03]
]
VariableCostWarehouseToStore:[
(1	1)	[0.027]
(1	2)	[0.05]
(1	3)	[0.09]
(1	4)	[0.047]
(1	5)	[0.045]
]
ProductVolume:[
(1)	[0.7]
(2)	[0.83]
(3)	[0.92]
(4)	[0.75]
(5)	[0.47]
(6)	[0.97]
(7)	[0.27]
(8)	[0.1]
(9)	[0.66]
(10)	[0.51]
]
ProductWeight:[
(1)	[0.59]
(2)	[0.15]
(3)	[0.85]
(4)	[0.66]
(5)	[0.85]
(6)	[0.48]
(7)	[0.76]
(8)	[0.42]
(9)	[0.95]
(10)	[0.82]
]
MapVendorToProduct:[
(1	1)	[1]
(1	2)	[1]
(1	3)	[1]
(1	4)	[1]
(1	5)	[1]
(1	6)	[1]
(1	7)	[1]
(1	8)	[1]
(1	9)	[1]
(1	10)	[1]
]
LeadTimeWarehouseToStores:[
(1	1)	[0]
(1	2)	[0]
(1	3)	[0]
(1	4)	[0]
(1	5)	[0]
]
StoreDemandForFashionProducts:[
(1	1)	[775]
(1	2)	[1270]
(1	3)	[1085]
(1	4)	[885]
(1	5)	[955]
(1	6)	[1055]
(1	7)	[1890]
(1	8)	[1460]
(1	9)	[1030]
(1	10)	[610]
(2	1)	[620]
(2	2)	[1270]
(2	3)	[905]
(2	4)	[1525]
(2	5)	[1380]
(2	6)	[1310]
(2	7)	[705]
(2	8)	[1150]
(2	9)	[450]
(2	10)	[705]
(3	1)	[920]
(3	2)	[1245]
(3	3)	[1320]
(3	4)	[420]
(3	5)	[1450]
(3	6)	[825]
(3	7)	[995]
(3	8)	[2045]
(3	9)	[965]
(3	10)	[725]
(4	1)	[940]
(4	2)	[1525]
(4	3)	[1135]
(4	4)	[915]
(4	5)	[865]
(4	6)	[235]
(4	7)	[945]
(4	8)	[1410]
(4	9)	[1055]
(4	10)	[380]
(5	1)	[1160]
(5	2)	[1045]
(5	3)	[1065]
(5	4)	[855]
(5	5)	[1265]
(5	6)	[1805]
(5	7)	[800]
(5	8)	[1470]
(5	9)	[965]
(5	10)	[1470]
]
FixedCostFashionVendorToWarehouse:[
(1	1)	[401.77]
]
Variable_FixedCostFashionVendorToWarehouse:[
(1	1)	[1185.2]
]
VariableCostFashionVendorToWarehouse:[
(1	1)	[0.09]
]
FashionProductVolume:[
(1)	[0.68]
(2)	[0.84]
(3)	[0.83]
(4)	[0.97]
(5)	[0.14]
(6)	[0.21]
(7)	[0.98]
(8)	[0.97]
(9)	[0.02]
(10)	[0.47]
]
FashionProductWeight:[
(1)	[0.7]
(2)	[0.61]
(3)	[0.62]
(4)	[0.87]
(5)	[0.57]
(6)	[0.14]
(7)	[0.73]
(8)	[0.16]
(9)	[0.78]
(10)	[0.57]
]
MapFashionVendorToProduct:[
(1	1)	[1]
(1	2)	[1]
(1	3)	[1]
(1	4)	[1]
(1	5)	[1]
(1	6)	[1]
(1	7)	[1]
(1	8)	[1]
(1	9)	[1]
(1	10)	[1]
]
