Printing New Fashion Solution:

Inbound Fashion Solution (V F T):
1	1	4	2230
1	2	4	2075
1	3	4	1720
1	4	1	2000
1	5	4	1910
1	6	1	2070
1	7	1	2035
1	8	1	2305
1	9	1	1480
1	10	4	2320
1	11	1	1530
1	12	1	1895
1	13	4	2085
1	14	1	2495
1	15	4	1865
1	16	1	2140
1	17	1	2115
1	18	1	1665
1	19	1	2095
1	20	1	1900
1	21	1	2495
1	22	4	1990
1	23	4	2350
1	24	1	1875
1	25	4	1730
2	26	3	2280
2	27	2	1450
2	28	3	2290
2	29	2	2005
2	30	2	1990
2	31	4	1975
2	32	3	1585
2	33	3	2295
2	34	3	1795
2	35	2	2735
2	36	3	1835
2	37	2	1890
2	38	2	1980
2	39	2	1875
2	40	2	1895
2	41	3	2310
2	42	3	2165
2	43	3	1935
2	44	3	2560
2	45	4	2330
2	46	3	2065
2	47	3	1905
2	48	2	1870
2	49	2	1910
2	50	2	1880


Outbound Fashion Solution(S F T):
1	1	5	205
1	2	5	285
1	3	5	235
1	4	2	290
1	5	5	155
1	6	2	140
1	7	4	225
1	8	3	150
1	9	4	95
1	10	5	245
1	11	3	185
1	12	2	135
1	13	5	220
1	14	2	105
1	15	5	160
1	16	2	265
1	17	4	210
1	18	3	165
1	19	3	40
1	20	3	340
1	21	2	300
1	22	5	290
1	23	5	200
1	24	3	215
1	25	5	100
1	26	5	260
1	27	5	165
1	28	5	260
1	29	4	155
1	30	5	110
1	31	5	125
1	32	5	180
1	33	4	325
1	34	5	315
1	35	4	215
1	36	5	200
1	37	5	190
1	38	5	140
1	39	3	295
1	40	3	245
1	41	4	315
1	42	5	210
1	43	5	145
1	44	5	245
1	45	5	215
1	46	5	350
1	47	5	145
1	48	4	260
1	49	4	320
1	50	4	90
2	1	5	305
2	2	5	70
2	4	3	75
2	5	5	345
2	6	2	170
2	7	3	255
2	8	3	230
2	9	2	135
2	10	5	100
2	11	3	165
2	12	3	145
2	13	5	245
2	14	3	195
2	15	5	190
2	16	2	340
2	17	3	260
2	18	3	100
2	19	2	395
2	20	3	115
2	21	3	360
2	22	5	170
2	23	5	240
2	24	3	120
2	25	5	215
2	26	4	200
2	27	5	255
2	28	4	350
2	29	4	180
2	30	5	295
2	31	5	180
2	32	5	90
2	33	4	260
2	34	5	160
2	35	3	265
2	36	5	145
2	37	5	155
2	38	5	185
2	39	4	105
2	40	3	265
2	41	4	340
2	42	4	185
2	43	4	200
2	44	5	380
2	45	5	240
2	46	5	245
2	47	5	205
2	48	4	275
2	49	4	130
2	50	3	225
3	1	5	255
3	2	5	255
3	3	5	260
3	4	2	235
3	5	5	140
3	6	4	245
3	7	2	195
3	8	2	255
3	9	4	245
3	10	5	305
3	11	3	200
3	12	3	255
3	13	5	225
3	14	3	325
3	15	5	255
3	16	2	180
3	17	4	225
3	18	2	95
3	19	3	265
3	20	3	110
3	21	3	160
3	22	5	275
3	23	5	315
3	24	3	50
3	25	5	305
3	26	4	45
3	27	5	190
3	28	5	300
3	29	4	225
3	30	5	215
3	31	5	155
3	32	5	60
3	33	4	120
3	34	4	85
3	35	4	190
3	36	5	190
3	37	5	285
3	38	5	270
3	39	3	160
3	40	3	270
3	41	4	165
3	42	4	220
3	43	5	295
3	44	5	255
3	45	5	205
3	46	5	265
3	47	5	235
3	48	4	235
3	49	4	170
3	50	4	135
4	1	5	145
4	2	5	355
4	3	5	70
4	4	3	105
4	5	5	225
4	6	2	180
4	7	3	60
4	8	2	260
4	9	4	185
4	10	5	155
4	11	3	290
4	12	3	170
4	13	5	25
4	14	2	365
4	15	5	185
4	16	2	170
4	17	2	245
4	18	3	65
4	19	4	185
4	20	2	205
4	21	4	205
4	22	5	170
4	23	5	205
4	24	4	245
4	25	5	135
4	26	4	155
4	27	5	50
4	28	4	105
4	29	3	330
4	30	5	145
4	31	5	130
4	32	5	210
4	33	4	180
4	34	4	260
4	35	4	305
4	36	5	160
4	37	5	240
4	38	5	145
4	39	3	120
4	40	4	95
4	41	5	250
4	42	5	340
4	43	5	240
4	44	5	130
4	45	5	235
4	46	4	125
4	47	5	130
4	48	4	190
4	49	4	70
4	50	4	205
5	1	5	160
5	2	5	75
5	3	5	280
5	4	3	275
5	5	5	95
5	6	3	215
5	7	4	345
5	8	4	275
5	9	4	130
5	10	5	225
5	11	3	225
5	12	3	275
5	13	5	280
5	14	2	325
5	15	5	165
5	16	3	115
5	17	3	265
5	18	3	145
5	19	3	40
5	20	3	225
5	21	3	305
5	22	5	245
5	23	5	185
5	24	4	170
5	25	5	100
5	26	5	460
5	27	5	20
5	28	4	200
5	29	3	230
5	30	5	155
5	31	5	210
5	32	5	350
5	33	4	340
5	34	5	280
5	35	3	270
5	36	5	265
5	37	5	240
5	38	5	205
5	39	3	120
5	40	4	45
5	41	5	185
5	42	5	145
5	43	5	180
5	44	5	360
5	45	5	305
5	46	5	50
5	47	5	130
5	48	3	135
5	49	3	270
5	50	3	220
6	1	5	105
6	2	5	215
6	3	5	220
6	4	3	220
6	5	5	315
6	6	3	345
6	7	2	255
6	8	2	410
6	9	2	205
6	10	5	325
6	11	2	110
6	12	3	150
6	13	5	260
6	14	3	180
6	15	5	5
6	16	2	185
6	17	2	185
6	18	4	285
6	19	4	215
6	20	4	160
6	21	2	200
6	22	5	150
6	23	5	305
6	24	2	235
6	25	5	220
6	26	5	385
6	27	5	220
6	28	4	260
6	29	4	175
6	30	5	125
6	31	5	230
6	32	5	185
6	33	4	295
6	35	3	260
6	36	5	285
6	37	5	225
6	38	5	230
6	39	4	305
6	40	3	80
6	41	4	375
6	42	4	170
6	43	5	250
6	44	5	280
6	45	5	260
6	46	4	110
6	47	5	355
6	48	3	330
6	49	4	280
6	50	3	255
7	1	5	285
7	2	5	175
7	3	5	160
7	4	4	50
7	5	5	195
7	6	4	140
7	7	2	135
7	8	4	130
7	9	4	65
7	10	5	150
7	11	4	125
7	12	2	270
7	13	5	235
7	14	4	160
7	15	5	425
7	16	4	150
7	17	3	190
7	18	3	320
7	19	3	365
7	20	3	220
7	22	5	85
7	23	5	210
7	24	4	165
7	25	5	130
7	26	4	230
7	27	5	195
7	28	5	130
7	29	3	180
7	30	5	310
7	31	5	215
7	32	5	155
7	33	5	285
7	34	5	175
7	35	4	360
7	36	5	180
7	37	5	200
7	38	5	180
7	39	3	55
7	40	5	325
7	41	4	140
7	42	4	245
7	43	4	175
7	44	5	250
7	45	5	230
7	46	5	235
7	47	5	210
7	48	3	40
7	49	3	210
7	50	3	205
8	1	5	215
8	2	5	215
8	3	5	235
8	4	4	325
8	5	5	235
8	6	2	170
8	7	2	120
8	8	3	175
8	9	2	160
8	10	5	305
8	11	3	40
8	12	3	335
8	13	5	160
8	14	3	270
8	15	5	135
8	16	3	315
8	17	3	145
8	18	4	120
8	19	4	220
8	20	3	220
8	21	3	360
8	22	5	190
8	23	5	335
8	24	3	190
8	25	5	215
8	26	4	185
8	27	5	140
8	28	4	205
8	29	3	175
8	30	5	345
8	31	5	180
8	32	5	105
8	33	4	65
8	34	4	130
8	35	3	225
8	36	5	215
8	37	5	115
8	38	5	240
8	39	3	195
8	40	4	180
8	41	4	240
8	42	5	170
8	43	4	185
8	44	5	265
8	45	5	105
8	46	5	240
8	47	5	140
8	48	4	265
8	49	3	205
8	50	3	125
9	1	5	240
9	2	5	190
9	3	5	155
9	4	2	220
9	5	5	85
9	6	2	335
9	7	2	205
9	8	3	200
9	9	3	105
9	10	5	350
9	11	2	110
9	12	3	75
9	13	5	230
9	14	4	180
9	15	5	115
9	16	4	220
9	17	3	170
9	18	3	235
9	19	3	200
9	20	4	180
9	21	2	210
9	22	5	200
9	23	5	290
9	24	3	210
9	25	5	150
9	26	5	215
9	27	5	100
9	28	5	220
9	29	3	235
9	30	5	130
9	31	5	280
9	32	5	75
9	33	4	175
9	34	5	205
9	35	4	360
9	37	5	70
9	38	5	280
9	39	3	275
9	40	3	140
9	41	4	160
9	42	5	285
9	43	5	70
9	44	5	165
9	45	5	300
9	46	5	225
9	47	5	165
9	48	4	75
9	49	3	80
9	50	3	200
10	1	5	315
10	2	5	240
10	3	5	105
10	4	3	205
10	5	5	120
10	6	3	130
10	7	3	240
10	8	4	220
10	9	3	155
10	10	5	160
10	11	3	80
10	12	3	85
10	13	5	205
10	14	2	390
10	15	5	230
10	16	3	200
10	17	3	220
10	18	2	135
10	19	4	170
10	20	2	125
10	21	3	395
10	22	5	215
10	23	5	65
10	24	3	275
10	25	5	160
10	26	4	145
10	27	5	115
10	28	5	260
10	29	4	120
10	30	5	160
10	31	5	270
10	32	5	175
10	33	4	250
10	34	4	185
10	35	4	285
10	36	5	195
10	37	5	170
10	38	5	105
10	39	4	245
10	40	4	250
10	41	4	140
10	42	5	195
10	43	5	195
10	44	5	230
10	45	5	235
10	46	5	220
10	47	5	190
10	48	4	65
10	49	4	175
10	50	4	220


Warehouse Fashion Inventory (W F T):
1	0		0		0		2230		0	
2	0		0		0		2075		0	
3	0		0		0		1720		0	
4	2000		1255		375		0		0	
5	0		0		0		1910		0	
6	2070		1075		385		0		0	
7	2035		1125		570		0		0	
8	2305		1380		625		0		0	
9	1480		980		720		0		0	
10	0		0		0		2320		0	
11	1530		1310		125		0		0	
12	1895		1490		0		0		0	
13	0		0		0		2085		0	
14	2495		1310		340		0		0	
15	0		0		0		1865		0	
16	2140		1000		370		0		0	
17	2115		1685		435		0		0	
18	1665		1435		405		0		0	
19	2095		1700		790		0		0	
20	1900		1570		340		0		0	
21	2495		1785		205		0		0	
22	0		0		0		1990		0	
23	0		0		0		2350		0	
24	1875		1640		580		0		0	
25	0		0		0		1730		0	
26	0		0		2280		1320		0	
27	0		1450		1450		1450		0	
28	0		0		2290		1170		0	
29	0		2005		855		0		0	
30	0		1990		1990		1990		0	
31	0		0		0		1975		0	
32	0		0		1585		1585		0	
33	0		0		2295		285		0	
34	0		0		1795		1135		0	
35	0		2735		1715		0		0	
36	0		0		1835		1835		0	
37	0		1890		1890		1890		0	
38	0		1980		1980		1980		0	
39	0		1875		655		0		0	
40	0		1895		895		325		0	
41	0		0		2310		435		0	
42	0		0		2165		1345		0	
43	0		0		1935		1375		0	
44	0		0		2560		2560		0	
45	0		0		0		2330		0	
46	0		0		2065		1830		0	
47	0		0		1905		1905		0	
48	0		1870		1365		0		0	
49	0		1910		1145		0		0	
50	0		1880		650		0		0	

Store Fashion Inventory (S F T):
Store1
1	0		0		0		205	
2	0		0		0		285	
3	0		0		0		235	
4	290		290		290		290	
5	0		0		0		155	
6	140		140		140		140	
7	0		0		225		225	
8	0		150		150		150	
9	0		0		95		95	
10	0		0		0		245	
11	0		185		185		185	
12	135		135		135		135	
13	0		0		0		220	
14	105		105		105		105	
15	0		0		0		160	
16	265		265		265		265	
17	0		0		210		210	
18	0		165		165		165	
19	0		40		40		40	
20	0		340		340		340	
21	300		300		300		300	
22	0		0		0		290	
23	0		0		0		200	
24	0		215		215		215	
25	0		0		0		100	
26	0		0		0		260	
27	0		0		0		165	
28	0		0		0		260	
29	0		0		155		155	
30	0		0		0		110	
31	0		0		0		125	
32	0		0		0		180	
33	0		0		325		325	
34	0		0		0		315	
35	0		0		215		215	
36	0		0		0		200	
37	0		0		0		190	
38	0		0		0		140	
39	0		295		295		295	
40	0		245		245		245	
41	0		0		315		315	
42	0		0		0		210	
43	0		0		0		145	
44	0		0		0		245	
45	0		0		0		215	
46	0		0		0		350	
47	0		0		0		145	
48	0		0		260		260	
49	0		0		320		320	
50	0		0		90		90	
Store2
1	0		0		0		305	
2	0		0		0		70	
3	0		0		0		0	
4	0		75		75		75	
5	0		0		0		345	
6	170		170		170		170	
7	0		255		255		255	
8	0		230		230		230	
9	135		135		135		135	
10	0		0		0		100	
11	0		165		165		165	
12	0		145		145		145	
13	0		0		0		245	
14	0		195		195		195	
15	0		0		0		190	
16	340		340		340		340	
17	0		260		260		260	
18	0		100		100		100	
19	395		395		395		395	
20	0		115		115		115	
21	0		360		360		360	
22	0		0		0		170	
23	0		0		0		240	
24	0		120		120		120	
25	0		0		0		215	
26	0		0		200		200	
27	0		0		0		255	
28	0		0		350		350	
29	0		0		180		180	
30	0		0		0		295	
31	0		0		0		180	
32	0		0		0		90	
33	0		0		260		260	
34	0		0		0		160	
35	0		265		265		265	
36	0		0		0		145	
37	0		0		0		155	
38	0		0		0		185	
39	0		0		105		105	
40	0		265		265		265	
41	0		0		340		340	
42	0		0		185		185	
43	0		0		200		200	
44	0		0		0		380	
45	0		0		0		240	
46	0		0		0		245	
47	0		0		0		205	
48	0		0		275		275	
49	0		0		130		130	
50	0		225		225		225	
Store3
1	0		0		0		255	
2	0		0		0		255	
3	0		0		0		260	
4	235		235		235		235	
5	0		0		0		140	
6	0		0		245		245	
7	195		195		195		195	
8	255		255		255		255	
9	0		0		245		245	
10	0		0		0		305	
11	0		200		200		200	
12	0		255		255		255	
13	0		0		0		225	
14	0		325		325		325	
15	0		0		0		255	
16	180		180		180		180	
17	0		0		225		225	
18	95		95		95		95	
19	0		265		265		265	
20	0		110		110		110	
21	0		160		160		160	
22	0		0		0		275	
23	0		0		0		315	
24	0		50		50		50	
25	0		0		0		305	
26	0		0		45		45	
27	0		0		0		190	
28	0		0		0		300	
29	0		0		225		225	
30	0		0		0		215	
31	0		0		0		155	
32	0		0		0		60	
33	0		0		120		120	
34	0		0		85		85	
35	0		0		190		190	
36	0		0		0		190	
37	0		0		0		285	
38	0		0		0		270	
39	0		160		160		160	
40	0		270		270		270	
41	0		0		165		165	
42	0		0		220		220	
43	0		0		0		295	
44	0		0		0		255	
45	0		0		0		205	
46	0		0		0		265	
47	0		0		0		235	
48	0		0		235		235	
49	0		0		170		170	
50	0		0		135		135	
Store4
1	0		0		0		145	
2	0		0		0		355	
3	0		0		0		70	
4	0		105		105		105	
5	0		0		0		225	
6	180		180		180		180	
7	0		60		60		60	
8	260		260		260		260	
9	0		0		185		185	
10	0		0		0		155	
11	0		290		290		290	
12	0		170		170		170	
13	0		0		0		25	
14	365		365		365		365	
15	0		0		0		185	
16	170		170		170		170	
17	245		245		245		245	
18	0		65		65		65	
19	0		0		185		185	
20	205		205		205		205	
21	0		0		205		205	
22	0		0		0		170	
23	0		0		0		205	
24	0		0		245		245	
25	0		0		0		135	
26	0		0		155		155	
27	0		0		0		50	
28	0		0		105		105	
29	0		330		330		330	
30	0		0		0		145	
31	0		0		0		130	
32	0		0		0		210	
33	0		0		180		180	
34	0		0		260		260	
35	0		0		305		305	
36	0		0		0		160	
37	0		0		0		240	
38	0		0		0		145	
39	0		120		120		120	
40	0		0		95		95	
41	0		0		0		250	
42	0		0		0		340	
43	0		0		0		240	
44	0		0		0		130	
45	0		0		0		235	
46	0		0		125		125	
47	0		0		0		130	
48	0		0		190		190	
49	0		0		70		70	
50	0		0		205		205	
Store5
1	0		0		0		160	
2	0		0		0		75	
3	0		0		0		280	
4	0		275		275		275	
5	0		0		0		95	
6	0		215		215		215	
7	0		0		345		345	
8	0		0		275		275	
9	0		0		130		130	
10	0		0		0		225	
11	0		225		225		225	
12	0		275		275		275	
13	0		0		0		280	
14	325		325		325		325	
15	0		0		0		165	
16	0		115		115		115	
17	0		265		265		265	
18	0		145		145		145	
19	0		40		40		40	
20	0		225		225		225	
21	0		305		305		305	
22	0		0		0		245	
23	0		0		0		185	
24	0		0		170		170	
25	0		0		0		100	
26	0		0		0		460	
27	0		0		0		20	
28	0		0		200		200	
29	0		230		230		230	
30	0		0		0		155	
31	0		0		0		210	
32	0		0		0		350	
33	0		0		340		340	
34	0		0		0		280	
35	0		270		270		270	
36	0		0		0		265	
37	0		0		0		240	
38	0		0		0		205	
39	0		120		120		120	
40	0		0		45		45	
41	0		0		0		185	
42	0		0		0		145	
43	0		0		0		180	
44	0		0		0		360	
45	0		0		0		305	
46	0		0		0		50	
47	0		0		0		130	
48	0		135		135		135	
49	0		270		270		270	
50	0		220		220		220	
Store6
1	0		0		0		105	
2	0		0		0		215	
3	0		0		0		220	
4	0		220		220		220	
5	0		0		0		315	
6	0		345		345		345	
7	255		255		255		255	
8	410		410		410		410	
9	205		205		205		205	
10	0		0		0		325	
11	110		110		110		110	
12	0		150		150		150	
13	0		0		0		260	
14	0		180		180		180	
15	0		0		0		5	
16	185		185		185		185	
17	185		185		185		185	
18	0		0		285		285	
19	0		0		215		215	
20	0		0		160		160	
21	200		200		200		200	
22	0		0		0		150	
23	0		0		0		305	
24	235		235		235		235	
25	0		0		0		220	
26	0		0		0		385	
27	0		0		0		220	
28	0		0		260		260	
29	0		0		175		175	
30	0		0		0		125	
31	0		0		0		230	
32	0		0		0		185	
33	0		0		295		295	
34	0		0		0		0	
35	0		260		260		260	
36	0		0		0		285	
37	0		0		0		225	
38	0		0		0		230	
39	0		0		305		305	
40	0		80		80		80	
41	0		0		375		375	
42	0		0		170		170	
43	0		0		0		250	
44	0		0		0		280	
45	0		0		0		260	
46	0		0		110		110	
47	0		0		0		355	
48	0		330		330		330	
49	0		0		280		280	
50	0		255		255		255	
Store7
1	0		0		0		285	
2	0		0		0		175	
3	0		0		0		160	
4	0		0		50		50	
5	0		0		0		195	
6	0		0		140		140	
7	135		135		135		135	
8	0		0		130		130	
9	0		0		65		65	
10	0		0		0		150	
11	0		0		125		125	
12	270		270		270		270	
13	0		0		0		235	
14	0		0		160		160	
15	0		0		0		425	
16	0		0		150		150	
17	0		190		190		190	
18	0		320		320		320	
19	0		365		365		365	
20	0		220		220		220	
21	0		0		0		0	
22	0		0		0		85	
23	0		0		0		210	
24	0		0		165		165	
25	0		0		0		130	
26	0		0		230		230	
27	0		0		0		195	
28	0		0		0		130	
29	0		180		180		180	
30	0		0		0		310	
31	0		0		0		215	
32	0		0		0		155	
33	0		0		0		285	
34	0		0		0		175	
35	0		0		360		360	
36	0		0		0		180	
37	0		0		0		200	
38	0		0		0		180	
39	0		55		55		55	
40	0		0		0		325	
41	0		0		140		140	
42	0		0		245		245	
43	0		0		175		175	
44	0		0		0		250	
45	0		0		0		230	
46	0		0		0		235	
47	0		0		0		210	
48	0		40		40		40	
49	0		210		210		210	
50	0		205		205		205	
Store8
1	0		0		0		215	
2	0		0		0		215	
3	0		0		0		235	
4	0		0		325		325	
5	0		0		0		235	
6	170		170		170		170	
7	120		120		120		120	
8	0		175		175		175	
9	160		160		160		160	
10	0		0		0		305	
11	0		40		40		40	
12	0		335		335		335	
13	0		0		0		160	
14	0		270		270		270	
15	0		0		0		135	
16	0		315		315		315	
17	0		145		145		145	
18	0		0		120		120	
19	0		0		220		220	
20	0		220		220		220	
21	0		360		360		360	
22	0		0		0		190	
23	0		0		0		335	
24	0		190		190		190	
25	0		0		0		215	
26	0		0		185		185	
27	0		0		0		140	
28	0		0		205		205	
29	0		175		175		175	
30	0		0		0		345	
31	0		0		0		180	
32	0		0		0		105	
33	0		0		65		65	
34	0		0		130		130	
35	0		225		225		225	
36	0		0		0		215	
37	0		0		0		115	
38	0		0		0		240	
39	0		195		195		195	
40	0		0		180		180	
41	0		0		240		240	
42	0		0		0		170	
43	0		0		185		185	
44	0		0		0		265	
45	0		0		0		105	
46	0		0		0		240	
47	0		0		0		140	
48	0		0		265		265	
49	0		205		205		205	
50	0		125		125		125	
Store9
1	0		0		0		240	
2	0		0		0		190	
3	0		0		0		155	
4	220		220		220		220	
5	0		0		0		85	
6	335		335		335		335	
7	205		205		205		205	
8	0		200		200		200	
9	0		105		105		105	
10	0		0		0		350	
11	110		110		110		110	
12	0		75		75		75	
13	0		0		0		230	
14	0		0		180		180	
15	0		0		0		115	
16	0		0		220		220	
17	0		170		170		170	
18	0		235		235		235	
19	0		200		200		200	
20	0		0		180		180	
21	210		210		210		210	
22	0		0		0		200	
23	0		0		0		290	
24	0		210		210		210	
25	0		0		0		150	
26	0		0		0		215	
27	0		0		0		100	
28	0		0		0		220	
29	0		235		235		235	
30	0		0		0		130	
31	0		0		0		280	
32	0		0		0		75	
33	0		0		175		175	
34	0		0		0		205	
35	0		0		360		360	
36	0		0		0		0	
37	0		0		0		70	
38	0		0		0		280	
39	0		275		275		275	
40	0		140		140		140	
41	0		0		160		160	
42	0		0		0		285	
43	0		0		0		70	
44	0		0		0		165	
45	0		0		0		300	
46	0		0		0		225	
47	0		0		0		165	
48	0		0		75		75	
49	0		80		80		80	
50	0		200		200		200	
Store10
1	0		0		0		315	
2	0		0		0		240	
3	0		0		0		105	
4	0		205		205		205	
5	0		0		0		120	
6	0		130		130		130	
7	0		240		240		240	
8	0		0		220		220	
9	0		155		155		155	
10	0		0		0		160	
11	0		80		80		80	
12	0		85		85		85	
13	0		0		0		205	
14	390		390		390		390	
15	0		0		0		230	
16	0		200		200		200	
17	0		220		220		220	
18	135		135		135		135	
19	0		0		170		170	
20	125		125		125		125	
21	0		395		395		395	
22	0		0		0		215	
23	0		0		0		65	
24	0		275		275		275	
25	0		0		0		160	
26	0		0		145		145	
27	0		0		0		115	
28	0		0		0		260	
29	0		0		120		120	
30	0		0		0		160	
31	0		0		0		270	
32	0		0		0		175	
33	0		0		250		250	
34	0		0		185		185	
35	0		0		285		285	
36	0		0		0		195	
37	0		0		0		170	
38	0		0		0		105	
39	0		0		245		245	
40	0		0		250		250	
41	0		0		140		140	
42	0		0		0		195	
43	0		0		0		195	
44	0		0		0		230	
45	0		0		0		235	
46	0		0		0		220	
47	0		0		0		190	
48	0		0		65		65	
49	0		0		175		175	
50	0		0		220		220	


Fashion Shipments from Vendor to Warehouse (V T):
1.15251	0	0	0.7561499	
0	0.8303966	0.9059333	0.18797	

Printing New Basic Solution:

Inbound Solution (V P T):
1	1	3	800
1	1	5	1236
1	2	3	680
1	2	5	1196
1	3	3	741
1	3	5	1191
1	4	3	709
1	4	5	1292
1	5	3	797
1	5	5	1116
1	6	3	842
1	6	5	1225
1	7	3	832
1	7	5	1302
1	8	3	851
1	8	5	1238
1	9	3	858
1	9	5	1163
1	10	3	812
1	10	5	1106
1	11	3	743
1	11	5	1183
1	12	3	889
1	12	5	1331
1	13	3	878
1	13	5	1296
1	14	3	869
1	14	5	1190
1	15	3	800
1	15	5	1198
1	16	3	790
1	16	5	1093
2	17	2	1276
2	17	4	830
2	18	2	1154
2	18	4	714
2	19	2	1296
2	19	4	861
2	20	2	1159
2	20	4	796
2	21	2	1184
2	21	4	872
2	22	2	1235
2	22	4	663
2	23	2	1168
2	23	4	910
2	24	2	1133
2	24	4	860
2	25	2	1137
2	25	4	990
2	26	2	1115
2	26	4	702
2	27	2	1149
2	27	4	721
2	28	2	1207
2	28	4	701
2	29	2	1212
2	29	4	777
2	30	2	1139
2	30	4	710
2	31	2	1171
2	31	4	897
2	32	2	1159
2	32	4	736
3	33	2	1996
3	34	2	428
3	34	5	1708
3	35	2	996
3	35	5	996
3	36	5	1794
3	37	2	756
3	37	5	1132
3	38	5	1706
3	39	2	836
3	39	5	1253
3	40	2	1362
3	40	5	583
3	41	2	1700
3	41	5	424
3	42	2	1233
3	42	5	821
3	43	2	1570
3	43	5	392
3	44	5	2064
3	45	2	790
3	45	5	1184
3	46	2	1128
3	46	5	752
3	47	5	2011
3	48	2	969
3	48	5	969
3	49	2	1722
3	49	5	191
3	50	2	1426
3	50	5	611


Outbound Solution(S P T):
1	1	2	45
1	1	3	41
1	1	4	74
1	1	5	43
1	2	2	40
1	2	3	54
1	2	4	96
1	2	5	19
1	3	2	25
1	3	3	58
1	3	4	105
1	3	5	60
1	4	2	26
1	4	3	32
1	4	4	112
1	4	5	34
1	5	2	36
1	5	3	15
1	5	4	81
1	5	5	35
1	6	2	42
1	6	3	48
1	6	4	61
1	6	5	30
1	7	2	47
1	7	3	37
1	7	4	71
1	7	5	19
1	8	2	25
1	8	3	53
1	8	4	89
1	8	5	60
1	9	2	34
1	9	3	25
1	9	4	77
1	9	5	60
1	10	2	33
1	10	3	45
1	10	4	89
1	10	5	30
1	11	2	21
1	11	3	29
1	11	4	72
1	11	5	10
1	12	2	32
1	12	3	60
1	12	4	97
1	12	5	39
1	13	2	59
1	13	3	26
1	13	4	80
1	13	5	46
1	14	2	59
1	14	3	44
1	14	4	49
1	14	5	72
1	15	2	33
1	15	3	57
1	15	4	77
1	15	5	31
1	16	2	64
1	16	3	35
1	16	4	87
1	16	5	22
1	17	2	17
1	17	3	18
1	17	4	117
1	17	5	16
1	18	2	22
1	18	3	9
1	18	4	123
1	18	5	27
1	19	2	69
1	19	3	42
1	19	4	83
1	19	5	54
1	20	2	36
1	20	3	43
1	20	4	102
1	20	5	41
1	21	2	51
1	21	3	57
1	21	4	64
1	21	5	48
1	22	2	40
1	22	3	20
1	22	4	84
1	22	5	6
1	23	2	34
1	23	3	36
1	23	4	62
1	23	5	26
1	24	2	39
1	24	3	18
1	24	4	59
1	24	5	41
1	25	2	44
1	25	3	31
1	25	4	72
1	25	5	67
1	26	2	39
1	26	3	21
1	26	4	22
1	26	5	54
1	27	2	50
1	27	3	56
1	27	4	82
1	27	5	64
1	28	2	8
1	28	3	56
1	28	4	59
1	28	5	58
1	29	2	18
1	29	3	42
1	29	4	105
1	29	5	55
1	30	2	43
1	30	3	40
1	30	4	71
1	30	5	53
1	31	2	33
1	31	3	36
1	31	4	101
1	31	5	39
1	32	2	49
1	32	3	53
1	32	4	57
1	32	5	7
1	33	2	24
1	33	3	44
1	33	4	71
1	33	5	18
1	34	2	38
1	34	3	33
1	34	4	120
1	34	5	40
1	35	2	28
1	35	3	32
1	35	4	49
1	35	5	58
1	36	2	21
1	36	3	43
1	36	4	96
1	36	5	29
1	37	2	60
1	37	3	63
1	37	4	77
1	37	5	10
1	38	2	21
1	38	3	37
1	38	4	104
1	39	2	39
1	39	3	65
1	39	4	77
1	39	5	20
1	40	2	41
1	40	3	46
1	40	4	38
1	40	5	49
1	41	2	37
1	41	3	72
1	41	4	70
1	41	5	47
1	42	2	29
1	42	3	17
1	42	4	138
1	42	5	26
1	43	2	55
1	43	3	56
1	43	4	90
1	43	5	13
1	44	2	55
1	44	3	62
1	44	4	76
1	44	5	13
1	45	2	14
1	45	3	24
1	45	4	75
1	45	5	52
1	46	2	48
1	46	3	55
1	46	4	109
1	46	5	36
1	47	2	66
1	47	3	21
1	47	4	97
1	47	5	31
1	48	2	26
1	48	3	40
1	48	4	28
1	48	5	31
1	49	2	16
1	49	3	27
1	49	4	90
1	49	5	38
1	50	2	85
1	50	3	29
1	50	4	69
1	50	5	63
2	1	2	121
2	1	3	23
2	1	4	44
2	2	2	94
2	2	3	21
2	2	4	34
2	3	2	121
2	3	3	12
2	3	4	42
2	4	2	113
2	4	3	37
2	4	4	35
2	5	2	162
2	5	3	17
2	5	4	44
2	6	2	110
2	6	3	46
2	6	4	39
2	7	2	124
2	7	3	57
2	7	4	43
2	8	2	89
2	8	3	32
2	8	4	49
2	9	2	137
2	9	3	45
2	9	4	69
2	10	2	152
2	10	3	21
2	10	4	14
2	11	2	62
2	11	3	25
2	11	4	30
2	12	2	87
2	12	3	71
2	12	4	55
2	13	2	118
2	13	3	14
2	13	4	36
2	14	2	83
2	14	3	38
2	14	4	14
2	15	2	162
2	15	3	23
2	15	4	17
2	16	2	157
2	16	3	42
2	16	4	65
2	17	2	126
2	17	3	29
2	17	4	47
2	18	2	102
2	18	3	32
2	18	4	43
2	19	2	189
2	19	3	36
2	19	4	35
2	20	2	110
2	20	3	51
2	20	4	51
2	21	2	170
2	21	3	61
2	21	4	49
2	22	2	104
2	22	3	51
2	22	4	33
2	23	2	93
2	23	3	37
2	23	4	44
2	24	2	113
2	24	3	52
2	24	4	24
2	25	2	134
2	25	3	27
2	25	4	74
2	26	2	75
2	26	3	47
2	26	4	42
2	27	2	116
2	27	3	52
2	27	4	37
2	28	2	166
2	28	3	51
2	28	4	18
2	29	2	137
2	29	3	34
2	29	4	69
2	30	2	100
2	30	3	31
2	30	4	23
2	31	2	58
2	31	3	31
2	31	4	73
2	32	2	110
2	32	3	48
2	32	4	61
2	33	2	120
2	33	3	27
2	33	4	39
2	34	2	203
2	34	3	39
2	34	4	17
2	35	2	120
2	35	3	46
2	35	4	46
2	36	2	100
2	36	3	29
2	36	4	33
2	37	2	152
2	37	3	28
2	37	4	70
2	38	2	110
2	38	3	20
2	38	4	46
2	39	2	128
2	39	3	45
2	39	4	62
2	40	2	131
2	40	3	29
2	40	4	32
2	41	2	146
2	41	3	34
2	41	4	15
2	42	2	139
2	42	3	29
2	42	4	46
2	43	2	77
2	43	3	51
2	43	4	61
2	44	2	117
2	44	3	53
2	44	4	29
2	45	2	133
2	45	3	43
2	45	4	28
2	46	2	42
2	46	3	12
2	46	4	73
2	47	2	73
2	47	3	40
2	47	4	60
2	48	2	74
2	48	3	68
2	48	4	46
2	49	2	131
2	49	3	10
2	49	4	38
2	50	2	131
2	50	3	42
2	50	4	61
3	1	2	46
3	1	3	61
3	1	4	58
3	1	5	53
3	2	2	20
3	2	3	36
3	2	4	36
3	2	5	72
3	3	3	41
3	3	4	28
3	3	5	44
3	4	2	44
3	4	3	16
3	4	4	34
3	4	5	69
3	5	2	71
3	5	3	38
3	5	4	44
3	5	5	72
3	6	2	16
3	6	3	35
3	6	4	27
3	6	5	25
3	7	2	50
3	7	3	51
3	7	4	45
3	7	5	90
3	8	2	66
3	8	3	35
3	8	4	32
3	8	5	77
3	9	2	37
3	9	3	36
3	9	4	15
3	9	5	102
3	10	2	28
3	10	3	31
3	10	4	31
3	10	5	77
3	11	2	36
3	11	3	35
3	11	4	66
3	11	5	92
3	12	2	51
3	12	3	60
3	12	4	39
3	12	5	78
3	13	2	27
3	13	3	56
3	13	4	46
3	13	5	99
3	14	2	25
3	14	3	66
3	14	4	42
3	14	5	67
3	15	2	20
3	15	3	35
3	15	4	50
3	15	5	66
3	16	2	31
3	16	3	22
3	16	4	29
3	16	5	96
3	17	2	58
3	17	3	61
3	17	4	39
3	17	5	116
3	18	2	40
3	18	3	63
3	18	4	37
3	18	5	69
3	19	2	39
3	19	3	25
3	19	4	50
3	19	5	92
3	20	2	44
3	20	3	17
3	20	4	19
3	20	5	38
3	21	2	45
3	21	3	13
3	21	4	11
3	21	5	55
3	22	2	75
3	22	3	45
3	22	4	15
3	22	5	91
3	23	2	52
3	23	3	36
3	23	4	27
3	23	5	31
3	24	2	22
3	24	3	35
3	24	4	44
3	24	5	105
3	25	2	25
3	25	3	25
3	25	4	60
3	25	5	98
3	26	2	25
3	26	3	26
3	26	4	44
3	26	5	85
3	27	2	29
3	27	3	59
3	27	4	24
3	27	5	86
3	28	2	46
3	28	3	47
3	28	4	56
3	28	5	73
3	29	2	26
3	29	3	54
3	29	4	17
3	29	5	103
3	30	2	57
3	30	3	67
3	30	4	47
3	30	5	104
3	31	2	40
3	31	3	41
3	31	4	39
3	31	5	110
3	32	2	44
3	32	3	48
3	32	4	26
3	32	5	92
3	33	2	45
3	33	3	31
3	33	4	33
3	33	5	111
3	34	2	38
3	34	3	57
3	34	4	34
3	34	5	113
3	35	2	36
3	35	3	76
3	35	4	46
3	35	5	86
3	36	2	49
3	36	3	37
3	36	5	71
3	37	2	39
3	37	3	47
3	37	4	61
3	37	5	96
3	38	2	41
3	38	3	39
3	38	4	25
3	38	5	92
3	39	2	43
3	39	3	32
3	39	4	38
3	39	5	73
3	40	2	36
3	40	4	41
3	40	5	99
3	41	2	58
3	41	3	24
3	41	4	79
3	41	5	94
3	42	2	31
3	42	3	26
3	42	4	47
3	42	5	80
3	43	2	38
3	43	3	30
3	43	4	55
3	43	5	54
3	44	2	33
3	44	3	41
3	44	4	47
3	44	5	92
3	45	2	46
3	45	3	61
3	45	4	56
3	45	5	77
3	46	2	4
3	46	3	50
3	46	4	34
3	46	5	94
3	47	2	40
3	47	3	46
3	47	4	36
3	47	5	83
3	48	2	34
3	48	3	45
3	48	4	22
3	48	5	94
3	49	2	38
3	49	3	44
3	49	4	48
3	49	5	110
3	50	2	23
3	50	3	29
3	50	4	24
3	50	5	95
4	1	2	30
4	1	3	35
4	1	4	76
4	1	5	27
4	2	2	28
4	2	3	57
4	2	4	78
4	2	5	40
4	3	2	55
4	3	3	32
4	3	4	99
4	3	5	24
4	4	2	37
4	4	3	32
4	4	4	121
4	4	5	46
4	5	2	17
4	5	3	58
4	5	4	59
4	5	5	56
4	6	2	63
4	6	3	43
4	6	4	88
4	6	5	63
4	7	2	42
4	7	3	61
4	7	4	96
4	7	5	16
4	8	2	53
4	8	3	27
4	8	4	114
4	8	5	43
4	9	2	20
4	9	3	61
4	9	4	77
4	9	5	62
4	10	2	53
4	10	3	22
4	10	4	74
4	10	5	21
4	11	2	58
4	11	3	24
4	11	4	86
4	11	5	36
4	12	2	52
4	12	3	38
4	12	4	99
4	12	5	34
4	13	2	46
4	13	3	50
4	13	4	44
4	13	5	42
4	14	2	12
4	14	3	69
4	14	4	107
4	14	5	48
4	15	2	45
4	15	3	67
4	15	4	73
4	15	5	36
4	16	2	27
4	16	3	56
4	16	4	59
4	16	5	42
4	17	2	74
4	17	3	33
4	17	4	50
4	17	5	67
4	18	2	43
4	18	3	24
4	18	4	50
4	18	5	58
4	19	2	43
4	19	3	34
4	19	4	90
4	19	5	24
4	20	2	58
4	20	3	34
4	20	4	51
4	20	5	50
4	21	2	46
4	21	3	31
4	21	4	47
4	21	5	34
4	22	2	28
4	22	3	17
4	22	4	49
4	22	5	44
4	23	2	38
4	23	3	26
4	23	4	98
4	23	5	33
4	24	2	28
4	24	3	31
4	24	4	95
4	24	5	63
4	25	2	34
4	25	3	44
4	25	4	91
4	25	5	37
4	26	2	32
4	26	3	45
4	26	4	48
4	26	5	45
4	27	2	12
4	27	3	33
4	27	4	48
4	27	5	52
4	28	2	67
4	28	3	44
4	28	4	26
4	28	5	22
4	29	2	24
4	29	3	33
4	29	4	55
4	29	5	24
4	30	2	50
4	30	3	31
4	30	4	87
4	30	5	23
4	31	2	52
4	31	3	32
4	31	4	79
4	31	5	71
4	32	2	16
4	32	3	49
4	32	4	47
4	32	5	48
4	33	2	41
4	33	3	50
4	33	4	51
4	33	5	20
4	34	2	18
4	34	3	47
4	34	4	99
4	34	5	48
4	35	2	23
4	35	3	31
4	35	4	116
4	35	5	43
4	36	2	52
4	36	3	27
4	36	4	46
4	36	5	29
4	37	2	46
4	37	3	32
4	37	4	51
4	37	5	17
4	38	2	29
4	38	3	42
4	38	4	83
4	38	5	27
4	39	2	55
4	39	3	48
4	39	4	54
4	39	5	19
4	40	2	29
4	40	3	30
4	40	4	68
4	40	5	35
4	41	2	57
4	41	3	53
4	41	4	105
4	41	5	24
4	42	2	48
4	42	3	28
4	42	4	100
4	42	5	56
4	43	2	59
4	43	3	40
4	43	4	48
4	43	5	13
4	44	2	28
4	44	3	46
4	44	4	79
4	44	5	32
4	45	2	25
4	45	3	46
4	45	4	106
4	45	5	23
4	46	2	22
4	46	3	36
4	46	4	78
4	46	5	54
4	47	2	33
4	47	3	46
4	47	4	95
4	47	5	38
4	48	2	39
4	48	3	55
4	48	4	113
4	48	5	49
4	49	2	33
4	49	3	26
4	49	4	68
4	49	5	21
4	50	2	35
4	50	3	18
4	50	4	78
4	50	5	48
5	1	2	39
5	1	3	10
5	1	4	71
5	1	5	81
5	2	2	39
5	2	3	25
5	2	4	35
5	2	5	93
5	3	2	13
5	3	3	39
5	3	4	37
5	3	5	74
5	4	2	28
5	4	3	34
5	4	4	44
5	4	5	108
5	5	2	53
5	5	3	26
5	5	4	26
5	5	5	40
5	6	2	76
5	6	3	68
5	6	4	38
5	6	5	78
5	7	2	42
5	7	3	42
5	7	4	61
5	7	5	117
5	8	2	86
5	8	3	61
5	8	4	41
5	8	5	92
5	9	2	38
5	9	3	61
5	9	4	39
5	9	5	95
5	10	2	14
5	10	3	45
5	10	4	26
5	10	5	68
5	11	2	52
5	11	3	58
5	11	4	42
5	11	5	70
5	12	2	67
5	12	3	53
5	12	4	30
5	12	5	99
5	13	2	67
5	13	3	20
5	13	4	48
5	13	5	91
5	14	2	43
5	14	3	8
5	14	4	44
5	14	5	76
5	15	3	43
5	15	4	52
5	15	5	93
5	16	2	46
5	16	3	34
5	16	4	50
5	16	5	68
5	17	2	18
5	17	3	50
5	17	4	55
5	17	5	67
5	18	2	39
5	18	3	50
5	18	4	33
5	18	5	73
5	19	2	50
5	19	3	36
5	19	4	42
5	19	5	97
5	20	2	38
5	20	3	29
5	20	4	48
5	20	5	78
5	21	2	54
5	21	3	80
5	21	4	46
5	21	5	64
5	22	2	55
5	22	3	54
5	22	4	33
5	22	5	95
5	23	2	53
5	23	3	38
5	23	4	57
5	23	5	128
5	24	3	22
5	24	4	56
5	24	5	73
5	25	2	28
5	25	3	45
5	25	4	59
5	25	5	58
5	26	2	47
5	26	3	47
5	26	4	59
5	26	5	59
5	27	2	45
5	27	3	30
5	27	4	19
5	27	5	88
5	28	2	20
5	28	3	39
5	28	4	19
5	28	5	89
5	29	2	53
5	29	3	69
5	29	4	37
5	29	5	77
5	30	2	3
5	30	3	29
5	30	4	42
5	30	5	49
5	31	2	15
5	31	3	21
5	31	4	32
5	31	5	100
5	32	2	45
5	32	3	28
5	32	4	31
5	32	5	69
5	33	2	37
5	33	3	49
5	33	4	31
5	33	5	115
5	34	2	64
5	34	3	41
5	34	4	33
5	34	5	66
5	35	2	7
5	35	3	21
5	35	4	45
5	35	5	101
5	36	2	39
5	36	3	33
5	36	4	19
5	36	5	110
5	37	2	41
5	37	3	66
5	37	4	39
5	37	5	43
5	38	2	34
5	38	3	8
5	38	4	25
5	38	5	42
5	39	2	32
5	39	3	51
5	39	4	73
5	39	5	84
5	40	2	36
5	40	3	53
5	40	4	37
5	40	5	104
5	41	2	45
5	41	3	30
5	41	4	50
5	41	5	81
5	42	2	22
5	42	3	48
5	42	4	43
5	42	5	77
5	43	2	29
5	43	3	44
5	43	4	61
5	43	5	67
5	44	2	50
5	44	3	57
5	44	4	39
5	44	5	109
5	45	2	22
5	45	3	52
5	45	4	31
5	45	5	81
5	46	2	21
5	46	3	65
5	46	4	31
5	46	5	98
5	47	2	57
5	47	3	38
5	47	4	47
5	47	5	102
5	48	2	25
5	48	3	42
5	48	4	39
5	48	5	55
5	49	2	48
5	49	3	43
5	49	4	12
5	49	5	99
5	50	2	13
5	50	3	29
5	50	4	36
5	50	5	75
6	1	2	105
6	1	3	43
6	1	4	20
6	1	5	79
6	2	2	100
6	2	4	25
6	2	5	33
6	3	2	84
6	3	3	14
6	3	4	28
6	4	2	70
6	4	3	41
6	4	4	52
6	4	5	25
6	5	2	74
6	5	3	23
6	5	4	42
6	5	5	21
6	6	2	87
6	6	3	47
6	6	4	34
6	6	5	64
6	7	2	99
6	7	3	24
6	7	4	52
6	7	5	44
6	8	2	64
6	8	3	48
6	8	4	33
6	8	5	39
6	9	2	89
6	9	3	38
6	9	4	35
6	9	5	41
6	10	2	92
6	10	3	44
6	10	4	61
6	10	5	36
6	11	2	102
6	11	3	40
6	11	4	46
6	11	5	46
6	12	2	84
6	12	3	59
6	12	4	31
6	12	5	66
6	13	2	91
6	13	3	67
6	13	4	34
6	13	5	55
6	14	2	89
6	14	3	60
6	14	4	24
6	14	5	42
6	15	2	53
6	15	3	57
6	15	4	48
6	15	5	34
6	16	2	12
6	16	3	31
6	16	4	9
6	16	5	45
6	17	2	96
6	17	3	61
6	17	4	64
6	17	5	48
6	18	2	70
6	18	3	34
6	18	4	30
6	18	5	46
6	19	2	51
6	19	3	24
6	19	4	47
6	19	5	35
6	20	2	91
6	20	3	7
6	20	4	39
6	20	5	50
6	21	2	54
6	21	3	61
6	21	4	62
6	21	5	46
6	22	2	75
6	22	3	11
6	22	4	29
6	22	5	21
6	23	2	87
6	23	3	38
6	23	4	60
6	23	5	60
6	24	2	41
6	24	3	27
6	24	4	43
6	24	5	67
6	25	2	85
6	25	3	33
6	25	4	28
6	25	5	35
6	26	2	79
6	26	3	35
6	26	4	35
6	26	5	55
6	27	2	67
6	27	3	32
6	27	4	25
6	27	5	46
6	28	2	78
6	28	3	17
6	28	4	48
6	28	5	35
6	29	2	82
6	29	3	24
6	29	4	36
6	29	5	38
6	30	2	92
6	30	3	47
6	30	4	36
6	30	5	24
6	31	2	97
6	31	3	51
6	31	4	66
6	31	5	14
6	32	2	78
6	32	3	42
6	32	4	54
6	32	5	62
6	33	2	63
6	33	3	44
6	33	4	36
6	33	5	20
6	34	2	80
6	34	3	2
6	34	4	34
6	34	5	47
6	35	2	115
6	35	3	29
6	35	4	28
6	35	5	33
6	36	2	113
6	36	3	30
6	36	4	49
6	36	5	30
6	37	2	66
6	37	3	13
6	37	4	21
6	37	5	46
6	38	2	56
6	38	3	37
6	38	4	42
6	38	5	46
6	39	2	61
6	39	3	56
6	39	4	34
6	39	5	44
6	40	2	90
6	40	3	22
6	40	4	43
6	40	5	49
6	41	2	54
6	41	3	43
6	41	5	22
6	42	2	93
6	42	3	22
6	42	4	42
6	42	5	32
6	43	2	49
6	43	3	62
6	43	4	44
6	43	5	36
6	44	2	43
6	44	3	47
6	44	4	80
6	44	5	40
6	45	2	90
6	45	3	39
6	45	4	60
6	45	5	36
6	46	2	109
6	46	3	42
6	46	4	33
6	46	5	41
6	47	2	68
6	47	3	38
6	47	4	53
6	47	5	25
6	48	2	55
6	48	3	40
6	48	4	42
6	48	5	1
6	49	2	96
6	49	3	35
6	49	4	10
6	49	5	41
6	50	2	50
6	50	3	32
6	50	4	29
6	50	5	66
7	1	2	58
7	1	3	78
7	1	4	41
7	1	5	22
7	2	2	49
7	2	3	66
7	2	4	26
7	2	5	49
7	3	2	65
7	3	3	75
7	3	4	67
7	3	5	33
7	4	2	55
7	4	3	70
7	4	4	45
7	4	5	24
7	5	2	27
7	5	3	95
7	5	4	35
7	5	5	54
7	6	2	74
7	6	3	117
7	6	4	8
7	6	5	23
7	7	2	18
7	7	3	81
7	7	4	15
7	7	5	19
7	8	2	20
7	8	3	62
7	8	4	39
7	8	5	53
7	9	2	19
7	9	3	96
7	9	4	43
7	9	5	42
7	10	3	98
7	10	4	30
7	10	5	52
7	11	2	42
7	11	3	66
7	11	4	65
7	11	5	23
7	12	2	35
7	12	3	91
7	12	4	46
7	13	2	17
7	13	3	112
7	13	4	41
7	13	5	19
7	14	2	50
7	14	3	129
7	14	4	38
7	14	5	58
7	15	2	44
7	15	3	38
7	15	4	68
7	15	5	19
7	16	2	58
7	16	3	124
7	16	4	25
7	16	5	36
7	17	2	51
7	17	3	111
7	17	4	20
7	17	5	15
7	18	2	29
7	18	3	68
7	18	4	49
7	18	5	20
7	19	2	51
7	19	3	115
7	19	4	24
7	19	5	70
7	20	2	30
7	20	3	88
7	20	4	17
7	20	5	27
7	21	2	63
7	21	3	83
7	21	4	35
7	21	5	62
7	22	2	37
7	22	3	130
7	22	4	49
7	22	5	30
7	23	2	37
7	23	3	109
7	23	4	58
7	23	5	42
7	24	2	64
7	24	3	91
7	24	4	31
7	24	5	49
7	25	2	61
7	25	3	87
7	25	4	87
7	25	5	38
7	26	2	64
7	26	3	111
7	26	4	44
7	26	5	26
7	27	2	26
7	27	3	101
7	27	4	37
7	27	5	40
7	28	2	58
7	28	3	73
7	28	4	27
7	28	5	45
7	29	2	73
7	29	3	119
7	29	4	39
7	29	5	49
7	30	2	31
7	30	3	72
7	30	4	43
7	30	5	14
7	31	2	40
7	31	3	77
7	31	4	19
7	31	5	42
7	32	2	35
7	32	3	67
7	32	4	5
7	32	5	63
7	33	2	38
7	33	3	74
7	33	4	45
7	33	5	50
7	34	2	31
7	34	3	75
7	34	4	54
7	34	5	43
7	35	2	35
7	35	3	57
7	35	4	31
7	35	5	32
7	36	2	51
7	36	3	73
7	36	4	19
7	36	5	19
7	37	2	44
7	37	3	77
7	37	4	62
7	37	5	65
7	38	2	47
7	38	3	52
7	38	4	34
7	38	5	16
7	39	2	45
7	39	3	68
7	39	4	47
7	39	5	62
7	40	2	56
7	40	3	93
7	40	4	48
7	40	5	12
7	41	2	55
7	41	3	71
7	41	4	20
7	41	5	50
7	42	2	51
7	42	3	55
7	42	4	57
7	42	5	32
7	43	2	55
7	43	3	94
7	43	4	28
7	43	5	26
7	44	2	25
7	44	3	94
7	44	4	52
7	44	5	57
7	45	2	43
7	45	3	98
7	45	4	51
7	45	5	50
7	46	2	41
7	46	3	85
7	46	4	8
7	46	5	43
7	47	2	47
7	47	3	81
7	47	4	23
7	47	5	36
7	48	2	50
7	48	3	95
7	48	4	38
7	48	5	43
7	49	2	78
7	49	3	112
7	49	4	33
7	49	5	35
7	50	2	61
7	50	3	73
7	50	4	57
7	50	5	39
8	1	2	34
8	1	3	85
8	1	4	24
8	1	5	26
8	2	2	64
8	2	3	128
8	2	4	46
8	2	5	17
8	3	2	28
8	3	3	107
8	3	4	41
8	3	5	68
8	4	2	26
8	4	3	105
8	4	4	53
8	4	5	77
8	5	2	44
8	5	3	78
8	5	4	29
8	5	5	56
8	6	2	39
8	6	3	96
8	6	4	50
8	6	5	43
8	7	2	18
8	7	3	95
8	7	4	52
8	7	5	21
8	8	3	121
8	8	4	48
8	8	5	39
8	9	2	38
8	9	3	91
8	9	4	14
8	9	5	55
8	10	2	59
8	10	3	82
8	10	4	20
8	10	5	37
8	11	3	102
8	11	4	41
8	11	5	66
8	12	2	58
8	12	3	100
8	12	4	38
8	12	5	63
8	13	2	69
8	13	3	68
8	13	4	58
8	13	5	58
8	14	2	33
8	14	3	116
8	14	4	26
8	14	5	36
8	15	2	46
8	15	3	90
8	15	4	39
8	15	5	67
8	16	2	19
8	16	3	60
8	16	4	21
8	16	5	39
8	17	2	38
8	17	3	76
8	17	4	63
8	17	5	33
8	18	2	56
8	18	3	84
8	18	4	14
8	18	5	36
8	19	2	67
8	19	3	122
8	19	4	30
8	19	5	34
8	20	2	49
8	20	3	102
8	20	4	43
8	20	5	18
8	21	2	26
8	21	3	76
8	21	4	24
8	21	5	40
8	22	2	38
8	22	3	69
8	22	4	43
8	22	5	31
8	23	2	51
8	23	3	92
8	23	4	41
8	23	5	41
8	24	2	60
8	24	3	98
8	24	4	5
8	24	5	61
8	25	2	23
8	25	3	81
8	25	4	89
8	25	5	20
8	26	2	40
8	26	3	86
8	26	4	40
8	26	5	31
8	27	2	34
8	27	3	84
8	27	4	56
8	27	5	55
8	28	2	60
8	28	3	96
8	28	4	49
8	28	5	28
8	29	2	53
8	29	3	66
8	29	4	52
8	29	5	44
8	30	2	36
8	30	3	46
8	30	4	18
8	30	5	39
8	31	2	7
8	31	3	107
8	31	4	56
8	31	5	29
8	32	2	13
8	32	3	53
8	32	4	44
8	32	5	16
8	33	2	33
8	33	3	67
8	33	4	49
8	33	5	58
8	34	2	50
8	34	3	73
8	34	4	65
8	34	5	28
8	35	2	57
8	35	3	85
8	35	4	51
8	35	5	39
8	36	2	49
8	36	3	94
8	36	4	44
8	36	5	9
8	37	2	47
8	37	3	63
8	37	4	31
8	37	5	26
8	38	2	10
8	38	3	96
8	38	4	29
8	38	5	38
8	39	2	45
8	39	3	44
8	39	4	36
8	39	5	38
8	40	2	37
8	40	3	92
8	40	4	21
8	40	5	59
8	41	2	19
8	41	3	124
8	41	4	40
8	41	5	63
8	42	2	43
8	42	3	100
8	42	4	44
8	42	5	26
8	43	2	65
8	43	3	80
8	43	4	44
8	43	5	18
8	44	2	42
8	44	3	60
8	44	4	39
8	44	5	50
8	45	2	29
8	45	3	70
8	45	4	16
8	45	5	60
8	46	2	33
8	46	3	85
8	46	4	15
8	46	5	46
8	47	2	36
8	47	3	46
8	47	4	39
8	47	5	48
8	48	2	60
8	48	3	92
8	48	4	49
8	48	5	50
8	49	3	97
8	49	4	29
8	49	5	31
8	50	2	26
8	50	3	105
8	50	4	61
8	50	5	57
9	1	2	82
9	1	3	38
9	1	4	29
9	1	5	56
9	2	2	40
9	2	3	22
9	2	4	57
9	2	5	40
9	3	2	85
9	3	3	31
9	3	4	44
9	3	5	25
9	4	2	50
9	4	3	38
9	4	4	60
9	4	5	24
9	5	2	85
9	5	3	35
9	5	4	49
9	5	5	43
9	6	2	75
9	6	3	21
9	6	4	47
9	6	5	56
9	7	2	79
9	7	3	51
9	7	4	56
9	7	5	44
9	8	2	102
9	8	3	32
9	8	4	47
9	8	5	24
9	9	2	41
9	9	3	26
9	9	4	39
9	9	5	24
9	10	2	89
9	10	3	59
9	10	4	32
9	10	5	68
9	11	2	67
9	11	3	46
9	11	4	30
9	11	5	28
9	12	2	91
9	12	3	49
9	12	4	59
9	12	5	22
9	13	2	75
9	13	3	27
9	13	4	46
9	13	5	27
9	14	2	87
9	14	3	37
9	14	4	41
9	14	5	8
9	15	2	44
9	15	3	15
9	15	4	46
9	15	5	64
9	16	2	105
9	16	3	53
9	16	4	7
9	16	5	53
9	17	2	69
9	17	3	14
9	17	4	33
9	17	5	33
9	18	2	83
9	18	3	52
9	18	4	36
9	18	5	61
9	19	2	73
9	19	3	35
9	19	4	44
9	19	5	36
9	20	2	56
9	20	3	41
9	20	4	64
9	20	5	44
9	21	2	59
9	21	3	25
9	21	4	70
9	21	5	39
9	22	2	111
9	22	3	31
9	22	4	58
9	22	5	16
9	23	2	78
9	23	3	24
9	23	4	69
9	23	5	52
9	24	2	78
9	24	3	54
9	24	4	52
9	24	5	44
9	25	2	119
9	25	3	32
9	25	4	44
9	25	5	51
9	26	2	57
9	26	3	9
9	26	4	16
9	26	5	34
9	27	2	43
9	27	3	63
9	27	4	21
9	27	5	27
9	28	2	88
9	28	3	19
9	28	4	8
9	28	5	32
9	29	2	57
9	29	3	18
9	29	4	28
9	29	5	33
9	30	2	65
9	30	3	39
9	30	4	40
9	30	5	32
9	31	2	92
9	31	3	38
9	31	4	50
9	31	5	37
9	32	2	110
9	32	3	53
9	32	4	63
9	32	5	16
9	33	2	124
9	33	3	25
9	33	4	9
9	33	5	69
9	34	2	101
9	34	3	42
9	34	4	80
9	34	5	21
9	35	2	104
9	35	3	33
9	35	4	29
9	35	5	38
9	36	2	77
9	36	3	42
9	36	4	33
9	36	5	41
9	37	2	56
9	37	3	26
9	37	4	8
9	37	5	30
9	38	2	46
9	38	3	24
9	38	4	46
9	38	5	54
9	39	2	90
9	39	3	46
9	39	4	40
9	39	5	66
9	40	2	125
9	40	3	26
9	40	4	20
9	40	5	18
9	41	2	80
9	41	3	36
9	41	4	47
9	41	5	25
9	42	2	86
9	42	3	55
9	42	4	38
9	42	5	34
9	43	2	89
9	43	3	38
9	43	4	69
9	43	5	50
9	44	2	79
9	44	3	47
9	44	5	49
9	45	2	111
9	45	3	13
9	45	4	45
9	45	5	30
9	46	2	40
9	46	3	43
9	46	4	21
9	46	5	30
9	47	2	110
9	47	3	9
9	47	4	15
9	47	5	23
9	48	2	109
9	48	3	43
9	48	4	24
9	48	5	37
9	49	2	73
9	49	3	24
9	49	4	14
9	49	5	8
9	50	2	45
9	50	3	28
9	50	4	64
9	50	5	39
10	1	2	56
10	1	3	59
10	1	4	84
10	1	5	39
10	2	2	32
10	2	3	35
10	2	4	92
10	2	5	38
10	3	2	37
10	3	3	42
10	3	4	62
10	3	5	87
10	4	2	53
10	4	3	1
10	4	4	85
10	4	5	45
10	5	2	36
10	5	3	55
10	5	4	33
10	5	5	49
10	6	2	35
10	6	3	36
10	6	4	97
10	6	5	22
10	7	2	36
10	7	3	48
10	7	4	114
10	7	5	57
10	8	2	52
10	8	3	30
10	8	4	72
10	8	5	40
10	9	2	64
10	9	3	33
10	9	4	61
10	9	5	42
10	10	2	36
10	10	3	28
10	10	4	89
10	10	5	32
10	11	2	31
10	11	3	40
10	11	4	98
10	11	5	43
10	12	2	36
10	12	3	62
10	12	4	57
10	12	5	32
10	13	2	56
10	13	3	58
10	13	4	104
10	13	5	77
10	14	2	17
10	14	3	50
10	14	4	139
10	14	5	13
10	15	2	62
10	15	3	35
10	15	4	93
10	15	5	56
10	16	2	29
10	16	3	24
10	16	4	58
10	16	5	43
10	17	2	52
10	17	3	27
10	17	4	94
10	17	5	50
10	18	2	29
10	18	3	62
10	18	4	30
10	18	5	42
10	19	2	24
10	19	3	16
10	19	4	116
10	19	5	13
10	20	2	19
10	20	3	87
10	20	4	116
10	20	5	29
10	21	2	48
10	21	3	40
10	21	4	84
10	21	5	33
10	22	2	44
10	22	3	40
10	22	4	74
10	22	5	22
10	23	2	37
10	23	3	46
10	23	4	70
10	23	5	37
10	24	2	29
10	24	3	54
10	24	4	95
10	24	5	30
10	25	2	5
10	25	3	37
10	25	4	79
10	25	5	40
10	26	2	34
10	26	3	36
10	26	4	91
10	26	5	32
10	27	3	24
10	27	4	81
10	27	5	26
10	28	2	24
10	28	3	30
10	28	4	93
10	28	5	36
10	29	2	56
10	29	3	17
10	29	4	55
10	29	5	18
10	30	2	26
10	30	3	70
10	30	4	75
10	30	5	54
10	31	2	30
10	31	3	55
10	31	4	114
10	31	5	44
10	32	2	48
10	32	3	50
10	32	4	78
10	32	5	17
10	33	2	37
10	33	3	39
10	33	4	131
10	33	5	28
10	34	2	40
10	34	3	31
10	34	4	51
10	34	5	40
10	35	2	14
10	35	3	43
10	35	4	53
10	35	5	76
10	36	2	33
10	36	3	30
10	36	4	60
10	36	5	35
10	37	2	63
10	37	3	26
10	37	4	46
10	37	5	34
10	38	2	8
10	38	3	51
10	38	4	98
10	38	5	51
10	39	2	43
10	39	3	68
10	39	4	50
10	39	5	68
10	40	2	49
10	40	3	49
10	40	4	76
10	40	5	26
10	41	2	39
10	41	3	84
10	41	4	102
10	41	5	29
10	42	2	62
10	42	3	74
10	42	4	68
10	42	5	10
10	43	2	59
10	43	3	10
10	43	4	68
10	43	5	37
10	44	2	49
10	44	3	35
10	44	4	88
10	44	5	30
10	45	2	6
10	45	3	37
10	45	4	51
10	45	5	44
10	46	2	34
10	46	3	42
10	46	4	75
10	46	5	52
10	47	2	81
10	47	3	38
10	47	4	120
10	47	5	26
10	48	2	43
10	48	3	1
10	48	4	77
10	48	5	64
10	49	2	71
10	49	3	47
10	49	4	71
10	49	5	68
10	50	2	57
10	50	3	50
10	50	4	86
10	50	5	29


Warehouse Inventory (W P T):
1	810		810		194		521		0		810	
2	795		795		289		525		0		795	
3	776		776		263		553		0		776	
4	840		840		338		641		0		840	
5	690		690		85		442		0		690	
6	821		821		204		489		0		821	
7	875		875		320		605		0		875	
8	771		771		214		564		0		771	
9	640		640		123		469		0		640	
10	685		685		129		466		0		685	
11	769		769		298		576		0		769	
12	898		898		305		551		0		898	
13	782		782		157		537		0		782	
14	770		770		272		524		0		770	
15	732		732		223		563		0		732	
16	649		649		101		410		0		649	
17	0		0		677		197		445		0	
18	0		0		641		163		432		0	
19	0		0		640		155		455		0	
20	0		0		628		129		375		0	
21	0		0		568		41		421		0	
22	0		0		628		160		356		0	
23	0		0		608		126		450		0	
24	0		0		659		177		533		0	
25	0		0		579		137		444		0	
26	0		0		623		160		421		0	
27	0		0		727		193		484		0	
28	0		0		592		120		418		0	
29	0		0		633		157		441		0	
30	0		0		636		164		392		0	
31	0		0		707		218		486		0	
32	0		0		611		120		390		0	
33	0		0		1434		984		489		0	
34	1262		1262		1027		587		0		1262	
35	490		490		947		494		0		490	
36	1421		1421		837		399		0		1421	
37	765		765		907		466		0		765	
38	1340		1340		938		532		0		1340	
39	779		779		1034		511		0		779	
40	132		132		864		424		0		132	
41	0		0		1110		539		11		0	
42	448		448		1077		623		0		448	
43	78		78		1073		568		0		78	
44	1592		1592		1071		529		0		1592	
45	731		731		1002		519		0		731	
46	258		258		992		477		0		258	
47	1599		1599		988		585		0		1599	
48	545		545		999		478		0		545	
49	0		0		1138		673		260		0	
50	100		100		1000		565		0		100	

Store Inventory (S P T):
Store1
1	55		0		0		0		55		55	
2	41		0		0		0		41		41	
3	43		0		0		0		43		43	
4	43		0		0		0		43		43	
5	50		0		0		0		50		50	
6	20		0		0		0		20		20	
7	34		0		0		0		34		34	
8	39		0		0		0		39		39	
9	40		0		0		0		40		40	
10	53		0		0		0		53		53	
11	36		0		0		0		36		36	
12	60		0		0		0		60		60	
13	28		0		0		0		28		28	
14	29		0		0		0		29		29	
15	20		0		0		0		20		20	
16	41		0		0		0		41		41	
17	52		0		0		0		52		52	
18	65		0		0		0		65		65	
19	43		0		0		0		43		43	
20	69		0		0		0		69		69	
21	27		0		0		0		27		27	
22	28		0		0		0		28		28	
23	28		0		0		0		28		28	
24	35		0		0		0		35		35	
25	32		0		0		0		32		32	
26	20		0		0		0		20		20	
27	59		0		0		0		59		59	
28	18		0		0		0		18		18	
29	53		0		0		0		53		53	
30	48		0		0		0		48		48	
31	43		0		0		0		43		43	
32	25		0		0		0		25		25	
33	56		0		0		0		56		56	
34	54		0		0		0		54		54	
35	45		0		0		0		45		45	
36	42		0		0		0		42		42	
37	20		0		0		0		20		20	
38	51		0		0		0		51		51	
39	32		0		0		0		32		32	
40	24		0		0		0		24		24	
41	29		0		0		0		29		29	
42	51		0		0		0		51		51	
43	55		0		0		0		55		55	
44	33		0		0		0		33		33	
45	17		0		0		0		17		17	
46	57		0		0		0		57		57	
47	50		0		0		0		50		50	
48	0		0		0		0		0		0	
49	22		0		0		0		22		22	
50	20		0		0		0		20		20	
Store2
1	26		0		82		82		82		26	
2	12		0		56		56		56		12	
3	43		0		90		90		90		43	
4	27		0		77		77		77		27	
5	53		0		122		122		122		53	
6	43		0		90		90		90		43	
7	44		0		84		84		84		44	
8	36		0		59		59		59		36	
9	43		0		80		80		80		43	
10	45		0		103		103		103		45	
11	31		0		47		47		47		31	
12	36		0		45		45		45		36	
13	55		0		101		101		101		55	
14	46		0		68		68		68		46	
15	77		0		132		132		132		77	
16	47		0		86		86		86		47	
17	64		0		99		99		99		64	
18	25		0		51		51		51		25	
19	89		0		149		149		149		89	
20	31		0		87		87		87		31	
21	36		0		113		113		113		36	
22	45		0		82		82		82		45	
23	41		0		83		83		83		41	
24	40		0		72		72		72		40	
25	19		0		72		72		72		19	
26	58		0		64		64		64		58	
27	48		0		82		82		82		48	
28	67		0		101		101		101		67	
29	60		0		97		97		97		60	
30	30		0		62		62		62		30	
31	0		0		17		17		17		0	
32	39		0		75		75		75		39	
33	31		0		56		56		56		31	
34	57		0		130		130		130		57	
35	37		0		111		111		111		37	
36	20		0		58		58		58		20	
37	35		0		88		88		88		35	
38	22		0		89		89		89		22	
39	51		0		98		98		98		51	
40	36		0		85		85		85		36	
41	52		0		110		110		110		52	
42	60		0		101		101		101		60	
43	0		0		62		62		62		0	
44	30		0		63		63		63		30	
45	45		0		82		82		82		45	
46	4		0		21		21		21		4	
47	29		0		54		54		54		29	
48	30		0		63		63		63		30	
49	51		0		64		64		64		51	
50	55		0		87		87		87		55	
Store3
1	32		0		0		0		0		32	
2	33		0		0		0		0		33	
3	40		0		0		0		0		40	
4	39		0		0		0		0		39	
5	25		0		0		0		0		25	
6	20		0		0		0		0		20	
7	22		0		0		0		0		22	
8	28		0		0		0		0		28	
9	50		0		0		0		0		50	
10	39		0		0		0		0		39	
11	54		0		0		0		0		54	
12	51		0		0		0		0		51	
13	53		0		0		0		0		53	
14	26		0		0		0		0		26	
15	43		0		0		0		0		43	
16	56		0		0		0		0		56	
17	68		0		0		0		0		68	
18	37		0		0		0		0		37	
19	42		0		0		0		0		42	
20	20		0		0		0		0		20	
21	8		0		0		0		0		8	
22	49		0		0		0		0		49	
23	8		0		0		0		0		8	
24	40		0		0		0		0		40	
25	57		0		0		0		0		57	
26	49		0		0		0		0		49	
27	55		0		0		0		0		55	
28	35		0		0		0		0		35	
29	37		0		0		0		0		37	
30	41		0		0		0		0		41	
31	75		0		0		0		0		75	
32	20		0		0		0		0		20	
33	59		0		0		0		0		59	
34	54		0		0		0		0		54	
35	38		0		0		0		0		38	
36	38		0		0		0		0		38	
37	53		0		0		0		0		53	
38	62		0		0		0		0		62	
39	26		0		0		0		0		26	
40	56		0		0		0		0		56	
41	46		0		0		0		0		46	
42	51		0		0		0		0		51	
43	29		0		0		0		0		29	
44	43		0		0		0		0		43	
45	41		0		0		0		0		41	
46	43		0		0		0		0		43	
47	54		0		0		0		0		54	
48	57		0		0		0		0		57	
49	67		0		0		0		0		67	
50	38		0		0		0		0		38	
Store4
1	46		0		0		0		46		46	
2	40		0		0		0		40		40	
3	40		0		0		0		40		40	
4	63		0		0		0		63		63	
5	19		0		0		0		19		19	
6	51		0		0		0		51		51	
7	49		0		0		0		49		49	
8	42		0		0		0		42		42	
9	47		0		0		0		47		47	
10	29		0		0		0		29		29	
11	60		0		0		0		60		60	
12	72		0		0		0		72		72	
13	0		0		0		0		0		0	
14	33		0		0		0		33		33	
15	44		0		0		0		44		44	
16	45		0		0		0		45		45	
17	22		0		0		0		22		22	
18	32		0		0		0		32		32	
19	41		0		0		0		41		41	
20	13		0		0		0		13		13	
21	30		0		0		0		30		30	
22	28		0		0		0		28		28	
23	31		0		0		0		31		31	
24	53		0		0		0		53		53	
25	29		0		0		0		29		29	
26	29		0		0		0		29		29	
27	6		0		0		0		6		6	
28	0		0		0		0		0		0	
29	36		0		0		0		36		36	
30	34		0		0		0		34		34	
31	24		0		0		0		24		24	
32	47		0		0		0		47		47	
33	16		0		0		0		16		16	
34	56		0		0		0		56		56	
35	54		0		0		0		54		54	
36	28		0		0		0		28		28	
37	39		0		0		0		39		39	
38	56		0		0		0		56		56	
39	17		0		0		0		17		17	
40	47		0		0		0		47		47	
41	60		0		0		0		60		60	
42	51		0		0		0		51		51	
43	46		0		0		0		46		46	
44	59		0		0		0		59		59	
45	50		0		0		0		50		50	
46	29		0		0		0		29		29	
47	44		0		0		0		44		44	
48	53		0		0		0		53		53	
49	18		0		0		0		18		18	
50	30		0		0		0		30		30	
Store5
1	38		0		0		0		0		38	
2	41		0		0		0		0		41	
3	40		0		0		0		0		40	
4	58		0		0		0		0		58	
5	31		0		0		0		0		31	
6	37		0		0		0		0		37	
7	68		0		0		0		0		68	
8	34		0		0		0		0		34	
9	63		0		0		0		0		63	
10	33		0		0		0		0		33	
11	22		0		0		0		0		22	
12	61		0		0		0		0		61	
13	49		0		0		0		0		49	
14	50		0		0		0		0		50	
15	62		0		0		0		0		62	
16	32		0		0		0		0		32	
17	51		0		0		0		0		51	
18	48		0		0		0		0		48	
19	36		0		0		0		0		36	
20	32		0		0		0		0		32	
21	24		0		0		0		0		24	
22	58		0		0		0		0		58	
23	58		0		0		0		0		58	
24	31		0		0		0		0		31	
25	16		0		0		0		0		16	
26	14		0		0		0		0		14	
27	62		0		0		0		0		62	
28	46		0		0		0		0		46	
29	42		0		0		0		0		42	
30	35		0		0		0		0		35	
31	38		0		0		0		0		38	
32	40		0		0		0		0		40	
33	50		0		0		0		0		50	
34	22		0		0		0		0		22	
35	78		0		0		0		0		78	
36	76		0		0		0		0		76	
37	18		0		0		0		0		18	
38	33		0		0		0		0		33	
39	62		0		0		0		0		62	
40	56		0		0		0		0		56	
41	36		0		0		0		0		36	
42	35		0		0		0		0		35	
43	36		0		0		0		0		36	
44	53		0		0		0		0		53	
45	46		0		0		0		0		46	
46	59		0		0		0		0		59	
47	49		0		0		0		0		49	
48	34		0		0		0		0		34	
49	40		0		0		0		0		40	
50	32		0		0		0		0		32	
Store6
1	57		0		57		57		57		57	
2	47		0		47		47		47		47	
3	33		0		33		33		33		33	
4	36		0		36		36		36		36	
5	50		0		50		50		50		50	
6	70		0		70		70		70		70	
7	55		0		55		55		55		55	
8	13		0		13		13		13		13	
9	57		0		57		57		57		57	
10	54		0		54		54		54		54	
11	34		0		34		34		34		34	
12	33		0		33		33		33		33	
13	33		0		33		33		33		33	
14	43		0		43		43		43		43	
15	23		0		23		23		23		23	
16	4		0		4		4		4		4	
17	57		0		57		57		57		57	
18	35		0		35		35		35		35	
19	23		0		23		23		23		23	
20	28		0		28		28		28		28	
21	29		0		29		29		29		29	
22	38		0		38		38		38		38	
23	54		0		54		54		54		54	
24	19		0		19		19		19		19	
25	69		0		69		69		69		69	
26	51		0		51		51		51		51	
27	30		0		30		30		30		30	
28	26		0		26		26		26		26	
29	45		0		45		45		45		45	
30	39		0		39		39		39		39	
31	39		0		39		39		39		39	
32	45		0		45		45		45		45	
33	25		0		25		25		25		25	
34	47		0		47		47		47		47	
35	70		0		70		70		70		70	
36	57		0		57		57		57		57	
37	8		0		8		8		8		8	
38	36		0		36		36		36		36	
39	23		0		23		23		23		23	
40	51		0		51		51		51		51	
41	28		0		28		28		28		28	
42	51		0		51		51		51		51	
43	0		0		0		0		0		0	
44	27		0		27		27		27		27	
45	38		0		38		38		38		38	
46	57		0		57		57		57		57	
47	34		0		34		34		34		34	
48	24		0		24		24		24		24	
49	38		0		38		38		38		38	
50	40		0		40		40		40		40	
Store7
1	35		0		0		35		35		35	
2	54		0		0		54		54		54	
3	33		0		0		33		33		33	
4	44		0		0		44		44		44	
5	43		0		0		43		43		43	
6	65		0		0		65		65		65	
7	49		0		0		49		49		49	
8	21		0		0		21		21		21	
9	57		0		0		57		57		57	
10	44		0		0		44		44		44	
11	43		0		0		43		43		43	
12	42		0		0		42		42		42	
13	45		0		0		45		45		45	
14	47		0		0		47		47		47	
15	14		0		0		14		14		14	
16	57		0		0		57		57		57	
17	52		0		0		52		52		52	
18	29		0		0		29		29		29	
19	26		0		0		26		26		26	
20	50		0		0		50		50		50	
21	48		0		0		48		48		48	
22	67		0		0		67		67		67	
23	55		0		0		55		55		55	
24	50		0		0		50		50		50	
25	43		0		0		43		43		43	
26	61		0		0		61		61		61	
27	51		0		0		51		51		51	
28	63		0		0		63		63		63	
29	47		0		0		47		47		47	
30	32		0		0		32		32		32	
31	43		0		0		43		43		43	
32	31		0		0		31		31		31	
33	56		0		0		56		56		56	
34	31		0		0		31		31		31	
35	27		0		0		27		27		27	
36	57		0		0		57		57		57	
37	27		0		0		27		27		27	
38	24		0		0		24		24		24	
39	45		0		0		45		45		45	
40	59		0		0		59		59		59	
41	22		0		0		22		22		22	
42	3		0		0		3		3		3	
43	36		0		0		36		36		36	
44	49		0		0		49		49		49	
45	49		0		0		49		49		49	
46	30		0		0		30		30		30	
47	20		0		0		20		20		20	
48	50		0		0		50		50		50	
49	43		0		0		43		43		43	
50	46		0		0		46		46		46	
Store8
1	50		0		0		50		50		50	
2	81		0		0		81		81		81	
3	59		0		0		59		59		59	
4	58		0		0		58		58		58	
5	39		0		0		39		39		39	
6	44		0		0		44		44		44	
7	43		0		0		43		43		43	
8	57		0		0		57		57		57	
9	44		0		0		44		44		44	
10	26		0		0		26		26		26	
11	33		0		0		33		33		33	
12	42		0		0		42		42		42	
13	33		0		0		33		33		33	
14	67		0		0		67		67		67	
15	62		0		0		62		62		62	
16	29		0		0		29		29		29	
17	46		0		0		46		46		46	
18	46		0		0		46		46		46	
19	72		0		0		72		72		72	
20	54		0		0		54		54		54	
21	26		0		0		26		26		26	
22	14		0		0		14		14		14	
23	49		0		0		49		49		49	
24	34		0		0		34		34		34	
25	57		0		0		57		57		57	
26	19		0		0		19		19		19	
27	41		0		0		41		41		41	
28	43		0		0		43		43		43	
29	19		0		0		19		19		19	
30	30		0		0		30		30		30	
31	61		0		0		61		61		61	
32	30		0		0		30		30		30	
33	25		0		0		25		25		25	
34	42		0		0		42		42		42	
35	62		0		0		62		62		62	
36	44		0		0		44		44		44	
37	13		0		0		13		13		13	
38	40		0		0		40		40		40	
39	30		0		0		30		30		30	
40	55		0		0		55		55		55	
41	67		0		0		67		67		67	
42	53		0		0		53		53		53	
43	36		0		0		36		36		36	
44	43		0		0		43		43		43	
45	39		0		0		39		39		39	
46	28		0		0		28		28		28	
47	19		0		0		19		19		19	
48	73		0		0		73		73		73	
49	34		0		0		34		34		34	
50	40		0		0		40		40		40	
Store9
1	12		0		12		12		12		12	
2	25		0		25		25		25		25	
3	43		0		43		43		43		43	
4	30		0		30		30		30		30	
5	45		0		45		45		45		45	
6	37		0		37		37		37		37	
7	37		0		37		37		37		37	
8	37		0		37		37		37		37	
9	12		0		12		12		12		12	
10	45		0		45		45		45		45	
11	40		0		40		40		40		40	
12	61		0		61		61		61		61	
13	29		0		29		29		29		29	
14	47		0		47		47		47		47	
15	39		0		39		39		39		39	
16	30		0		30		30		30		30	
17	37		0		37		37		37		37	
18	60		0		60		60		60		60	
19	39		0		39		39		39		39	
20	43		0		43		43		43		43	
21	19		0		19		19		19		19	
22	60		0		60		60		60		60	
23	43		0		43		43		43		43	
24	51		0		51		51		51		51	
25	57		0		57		57		57		57	
26	13		0		13		13		13		13	
27	17		0		17		17		17		17	
28	54		0		54		54		54		54	
29	18		0		18		18		18		18	
30	28		0		28		28		28		28	
31	47		0		47		47		47		47	
32	66		0		66		66		66		66	
33	70		0		70		70		70		70	
34	66		0		66		66		66		66	
35	52		0		52		52		52		52	
36	12		0		12		12		12		12	
37	21		0		21		21		21		21	
38	8		0		8		8		8		8	
39	40		0		40		40		40		40	
40	61		0		61		61		61		61	
41	37		0		37		37		37		37	
42	49		0		49		49		49		49	
43	50		0		50		50		50		50	
44	27		0		27		27		27		27	
45	68		0		68		68		68		68	
46	14		0		14		14		14		14	
47	77		0		77		77		77		77	
48	75		0		75		75		75		75	
49	28		0		28		28		28		28	
50	32		0		32		32		32		32	
Store10
1	47		0		0		0		47		47	
2	47		0		0		0		47		47	
3	30		0		0		0		30		30	
4	48		0		0		0		48		48	
5	0		0		0		0		0		0	
6	56		0		0		0		56		56	
7	66		0		0		0		66		66	
8	24		0		0		0		24		24	
9	32		0		0		0		32		32	
10	48		0		0		0		48		48	
11	66		0		0		0		66		66	
12	31		0		0		0		31		31	
13	54		0		0		0		54		54	
14	85		0		0		0		85		85	
15	40		0		0		0		40		40	
16	33		0		0		0		33		33	
17	39		0		0		0		39		39	
18	7		0		0		0		7		7	
19	53		0		0		0		53		53	
20	51		0		0		0		51		51	
21	29		0		0		0		29		29	
22	34		0		0		0		34		34	
23	43		0		0		0		43		43	
24	50		0		0		0		50		50	
25	56		0		0		0		56		56	
26	54		0		0		0		54		54	
27	45		0		0		0		45		45	
28	55		0		0		0		55		55	
29	26		0		0		0		26		26	
30	38		0		0		0		38		38	
31	55		0		0		0		55		55	
32	24		0		0		0		24		24	
33	60		0		0		0		60		60	
34	11		0		0		0		11		11	
35	44		0		0		0		44		44	
36	46		0		0		0		46		46	
37	30		0		0		0		30		30	
38	39		0		0		0		39		39	
39	25		0		0		0		25		25	
40	34		0		0		0		34		34	
41	60		0		0		0		60		60	
42	34		0		0		0		34		34	
43	59		0		0		0		59		59	
44	35		0		0		0		35		35	
45	38		0		0		0		38		38	
46	29		0		0		0		29		29	
47	71		0		0		0		71		71	
48	50		0		0		0		50		50	
49	37		0		0		0		37		37	
50	28		0		0		0		28		28	


Shipments from Vendor to Warehouse (V T):
0	0	0.482642	0	0.7208399	
0	0.5943413	0	0.4081614	0	
0	0.6610214	0	0	0.6693861	

Shipments from Warehouse to Stores (S T):
1	2	0.125786
1	3	0.1391393
1	4	0.211054
1	5	0.2666167
2	2	0.2379193
2	3	0.175146
2	4	0.1417913
2	5	0.17754
3	2	0.1052833
3	3	0.15612
3	4	0.1432853
3	5	0.3575527
4	2	0.1112933
4	3	0.1259046
4	4	0.2332213
4	5	0.2220273
5	2	0.08300801
5	3	0.2132993
5	4	0.1135773
5	5	0.3435067
6	2	0.2012167
6	3	0.1360587
6	4	0.1690327
6	5	0.2729967
7	2	0.09570333
7	3	0.226894
7	4	0.1433747
7	5	0.267644
8	2	0.07646932
8	3	0.2838513
8	4	0.1438973
8	5	0.242058
9	2	0.1839107
9	3	0.1546307
9	4	0.113116
9	5	0.2331133
10	2	0.101102
10	3	0.1482547
10	4	0.2454253
10	5	0.2475307


Required Putaway workers (Sol T):
2	3	2	2	2	

No of required pickers (T):
0	5	6	6	9	

No of part-time putaway workers (T):
0	1	0	0	0	

No of part-time pickers (T):
0	0	0	0	3	

Best Putaway Technology: 2400
Best Picking Technology: 1000

Required Fashion Putaway Hours:
12.53958	8.95	10.425	10.24167	0	

Required Basic Putaway Hours:
0	14.91917	5.37125	5.308333	15.81125	

Required Total Putaway Hours:
12.53958	23.86917	15.79625	15.55	15.81125	

No of required fashion pick hours:
0	9.355	21.365	21.46	48.995	

No of required basic pick hours:
0	27.539	24.195	25.843	21.807	

No of required total pick hours:
0	36.894	45.56	47.303	70.802	

List of all the costs: 
MHECost		407
PutawayTechCost		3540
PickingTechCost		9130
WhBasicInvCost		1083.05
BasicInbCost		9050.39
WhFashionInvCost		1671.85
FashionInbCost		12531.5
PutawayCost		3440
StoreBasicInvCost		2939.15
StoreFashionInvCost		9671.5
OutboundCost		34893.3
PickingCost		10320
Total		98677.73

List of Top5 Technologies: 
Tech1		3	6	$ 98677.73
Tech2		3	5	$ 101933.9
Tech3		2	5	$ 105033.9
Tech4		2	1	$ 171658
Tech5		1	1	$ 219760.2
The start time is 12/21/2014 6:25:35 AM
The End time is 12/21/2014 6:26:50 AM
