Printing New Fashion Solution:

Inbound Fashion Solution (V F T):
1	1	3	3910
1	2	2	5185
1	3	3	4700
1	4	3	4730
1	5	2	4185
1	6	2	4850
1	7	3	7105
1	8	2	4620
1	9	2	5420
1	10	3	4965


Outbound Fashion Solution(S F T):
1	1	5	450
1	2	3	945
1	3	5	1655
1	4	5	1345
1	5	3	475
1	6	3	780
1	7	5	1210
1	8	3	960
1	9	4	1295
1	10	4	1505
2	1	5	1070
2	2	3	735
2	3	5	1360
2	4	5	1265
2	5	4	1100
2	6	3	905
2	7	5	1150
2	8	4	700
2	9	4	815
2	10	5	920
3	1	5	1005
3	2	4	1300
3	3	5	790
3	4	5	885
3	5	4	300
3	6	4	1170
3	7	4	2605
3	8	4	720
3	9	4	1015
3	10	5	490
4	1	5	270
4	2	4	965
4	3	5	235
4	4	5	725
4	5	4	1095
4	6	4	620
4	7	5	1295
4	8	4	1180
4	9	4	1760
4	10	4	1190
5	1	5	1115
5	2	4	1240
5	3	5	660
5	4	5	510
5	5	4	1215
5	6	4	1375
5	7	5	845
5	8	4	1060
5	9	4	535
5	10	5	860


Warehouse Fashion Inventory (W F T):
1	0		0		3910		3910		0	
2	0		5185		3505		0		0	
3	0		0		4700		4700		0	
4	0		0		4730		4730		0	
5	0		4185		3710		0		0	
6	0		4850		3165		0		0	
7	0		0		7105		4500		0	
8	0		4620		3660		0		0	
9	0		5420		5420		0		0	
10	0		0		4965		2270		0	

Store Fashion Inventory (S F T):
Store1
1	0		0		0		450	
2	0		945		945		945	
3	0		0		0		1655	
4	0		0		0		1345	
5	0		475		475		475	
6	0		780		780		780	
7	0		0		0		1210	
8	0		960		960		960	
9	0		0		1295		1295	
10	0		0		1505		1505	
Store2
1	0		0		0		1070	
2	0		735		735		735	
3	0		0		0		1360	
4	0		0		0		1265	
5	0		0		1100		1100	
6	0		905		905		905	
7	0		0		0		1150	
8	0		0		700		700	
9	0		0		815		815	
10	0		0		0		920	
Store3
1	0		0		0		1005	
2	0		0		1300		1300	
3	0		0		0		790	
4	0		0		0		885	
5	0		0		300		300	
6	0		0		1170		1170	
7	0		0		2605		2605	
8	0		0		720		720	
9	0		0		1015		1015	
10	0		0		0		490	
Store4
1	0		0		0		270	
2	0		0		965		965	
3	0		0		0		235	
4	0		0		0		725	
5	0		0		1095		1095	
6	0		0		620		620	
7	0		0		0		1295	
8	0		0		1180		1180	
9	0		0		1760		1760	
10	0		0		1190		1190	
Store5
1	0		0		0		1115	
2	0		0		1240		1240	
3	0		0		0		660	
4	0		0		0		510	
5	0		0		1215		1215	
6	0		0		1375		1375	
7	0		0		0		845	
8	0		0		1060		1060	
9	0		0		535		535	
10	0		0		0		860	


Fashion Shipments from Vendor to Warehouse (V T):
0	0.8990466	0.6354167	0	

Printing New Basic Solution:

Inbound Solution (V P T):
1	1	1	4151
1	1	5	462
1	2	1	1662
1	2	5	3878
1	3	1	2381
1	3	5	2381
1	4	1	3764
1	4	5	941
1	5	1	555
1	5	5	5003
1	6	1	2399
1	6	5	2400
1	7	1	2638
1	7	5	2639
1	8	1	3562
1	8	5	2376
1	9	1	2427
1	9	5	2428
1	10	1	2709
1	10	5	1806


Outbound Solution(S P T):
1	1	3	947
1	2	3	1124
1	3	3	932
1	4	3	1069
1	5	3	1435
1	6	3	1058
1	7	3	1326
1	8	3	1183
1	9	3	1278
1	10	3	739
2	1	2	782
2	2	2	1045
2	3	2	1066
2	4	2	712
2	5	2	807
2	6	2	1036
2	7	2	1241
2	8	2	1131
2	9	2	916
2	10	2	987
3	1	1	1155
3	2	1	1021
3	3	1	930
3	4	1	1331
3	5	1	868
3	6	1	808
3	7	1	934
3	8	1	1300
3	9	1	1049
3	10	1	855
4	1	4	197
4	1	5	754
4	2	4	298
4	2	5	976
4	3	4	282
4	3	5	875
4	4	4	263
4	4	5	525
4	5	4	321
4	5	5	924
4	6	4	272
4	6	5	725
4	7	4	140
4	7	5	745
4	8	4	221
4	8	5	1052
4	9	4	102
4	9	5	679
4	10	4	286
4	10	5	584
5	1	1	778
5	2	1	1076
5	3	1	677
5	4	1	805
5	5	1	1203
5	6	1	900
5	7	1	891
5	8	1	1051
5	9	1	831
5	10	1	1064


Warehouse Inventory (W P T):
1	0		2218		1436		489		292		0	
2	2902		2467		1422		298		0		2902	
3	1506		2280		1214		282		0		1506	
4	416		2044		1332		263		0		416	
5	4079		2563		1756		321		0		4079	
6	1675		2366		1330		272		0		1675	
7	1894		2707		1466		140		0		1894	
8	1324		2535		1404		221		0		1324	
9	1749		2296		1380		102		0		1749	
10	1222		2012		1025		286		0		1222	

Store Inventory (S P T):
Store1
1	521		270		0		794		630		521	
2	348		239		0		885		668		348	
3	440		231		0		782		707		440	
4	516		293		0		803		658		516	
5	633		330		0		1258		911		633	
6	423		150		0		877		637		423	
7	435		191		0		994		837		435	
8	435		196		0		965		757		435	
9	379		195		0		986		679		379	
10	70		70		0		432		190		70	
Store2
1	74		0		553		441		361		74	
2	168		0		773		513		398		168	
3	154		0		818		791		397		154	
4	70		0		534		363		127		70	
5	187		0		763		603		311		187	
6	269		0		848		753		485		269	
7	299		0		1162		796		604		299	
8	214		0		956		585		534		214	
9	95		0		728		527		171		95	
10	259		0		743		601		482		259	
Store3
1	0		810		708		544		217		0	
2	0		824		677		398		215		0	
3	0		779		515		330		330		0	
4	0		1088		818		511		237		0	
5	0		791		621		543		260		0	
6	0		596		495		280		113		0	
7	0		759		517		385		193		0	
8	0		991		786		424		127		0	
9	0		718		572		329		206		0	
10	0		633		392		216		216		0	
Store4
1	557		363		220		19		0		557	
2	743		574		264		0		65		743	
3	593		416		7		7		0		593	
4	377		310		96		0		115		377	
5	672		518		370		0		69		672	
6	536		388		296		0		83		536	
7	605		378		336		111		0		605	
8	831		499		259		127		0		831	
9	577		400		149		39		0		577	
10	491		312		159		0		193		491	
Store5
1	0		603		357		297		99		0	
2	0		721		507		385		171		0	
3	0		630		345		186		165		0	
4	0		540		441		300		150		0	
5	0		895		709		424		222		0	
6	0		691		560		335		220		0	
7	0		574		309		273		114		0	
8	0		844		641		353		186		0	
9	0		542		452		362		148		0	
10	0		942		708		444		135		0	


Shipments from Vendor to Warehouse (V T):
0.9333893	0	0	0	0.7585514	

Shipments from Warehouse to Stores (S T):
1	3	0.4956407
1	4	0.06029334
1	5	0.1051267
2	2	0.3226874
2	3	0.05726333
2	4	0.1059467
2	5	0.15544
3	1	0.3513167
3	4	0.18731
3	5	0.1076667
4	4	0.3165327
4	5	0.3113973
5	1	0.311896
5	4	0.21561
5	5	0.1222767


Required Putaway workers (Sol T):
3	3	3	0	3	

No of required pickers (T):
5	3	4	7	7	

No of part-time putaway workers (T):
1	1	1	0	1	

No of part-time pickers (T):
0	0	0	2	2	

Best Putaway Technology: 1200
Best Picking Technology: 500

Required Fashion Putaway Hours:
0	20.21667	21.175	0	0	

Required Basic Putaway Hours:
21.87333	0	0	0	20.26167	

Required Total Putaway Hours:
21.87333	20.21667	21.175	0	20.26167	

No of required fashion pick hours:
0	0	9.6	49.52	40.22	

No of required basic pick hours:
39.054	19.446	22.182	4.764	15.678	

No of required total pick hours:
39.054	19.446	31.782	54.284	55.898	

List of all the costs: 
MHECost		378
PutawayTechCost		1060
PickingTechCost		3195
WhBasicInvCost		569.8599
BasicInbCost		2689.938
WhFashionInvCost		892.4
FashionInbCost		2301.752
PutawayCost		4160
StoreBasicInvCost		4579.649
StoreFashionInvCost		4201.5
OutboundCost		13065.91
PickingCost		8960
Total		46054.01

List of Top5 Technologies: 
Tech1		2	5	$ 46054.01
Tech2		2	6	$ 48489.86
Tech3		4	6	$ 50418.01
Tech4		4	4	$ 53678.69
Tech5		4	2	$ 64758.29
The start time is 12/19/2014 5:40:45 PM
The End time is 12/19/2014 5:40:53 PM
