Printing New Fashion Solution:

Inbound Fashion Solution (V F T):
1	1	4	3910
1	2	3	5185
1	3	4	4700
1	4	3	4730
1	5	4	4185
1	6	4	4850
1	7	3	7105
1	8	3	4620
1	9	4	5420
1	10	3	4965


Outbound Fashion Solution(S F T):
1	1	5	450
1	2	5	945
1	3	5	1655
1	4	5	1345
1	5	5	475
1	6	5	780
1	7	5	1210
1	8	5	960
1	9	5	1295
1	10	4	1505
2	1	5	1070
2	2	5	735
2	3	5	1360
2	4	5	1265
2	5	5	1100
2	6	5	905
2	7	5	1150
2	8	5	700
2	9	5	815
2	10	5	920
3	1	5	1005
3	2	4	1300
3	3	5	790
3	4	5	885
3	5	5	300
3	6	5	1170
3	7	4	2605
3	8	4	720
3	9	5	1015
3	10	5	490
4	1	5	270
4	2	4	965
4	3	5	235
4	4	5	725
4	5	5	1095
4	6	5	620
4	7	4	1295
4	8	4	1180
4	9	5	1760
4	10	4	1190
5	1	5	1115
5	2	4	1240
5	3	5	660
5	4	5	510
5	5	5	1215
5	6	5	1375
5	7	5	845
5	8	4	1060
5	9	5	535
5	10	5	860


Warehouse Fashion Inventory (W F T):
1	0		0		0		3910		0	
2	0		0		5185		1680		0	
3	0		0		0		4700		0	
4	0		0		4730		4730		0	
5	0		0		0		4185		0	
6	0		0		0		4850		0	
7	0		0		7105		3205		0	
8	0		0		4620		1660		0	
9	0		0		0		5420		0	
10	0		0		4965		2270		0	

Store Fashion Inventory (S F T):
Store1
1	0		0		0		450	
2	0		0		0		945	
3	0		0		0		1655	
4	0		0		0		1345	
5	0		0		0		475	
6	0		0		0		780	
7	0		0		0		1210	
8	0		0		0		960	
9	0		0		0		1295	
10	0		0		1505		1505	
Store2
1	0		0		0		1070	
2	0		0		0		735	
3	0		0		0		1360	
4	0		0		0		1265	
5	0		0		0		1100	
6	0		0		0		905	
7	0		0		0		1150	
8	0		0		0		700	
9	0		0		0		815	
10	0		0		0		920	
Store3
1	0		0		0		1005	
2	0		0		1300		1300	
3	0		0		0		790	
4	0		0		0		885	
5	0		0		0		300	
6	0		0		0		1170	
7	0		0		2605		2605	
8	0		0		720		720	
9	0		0		0		1015	
10	0		0		0		490	
Store4
1	0		0		0		270	
2	0		0		965		965	
3	0		0		0		235	
4	0		0		0		725	
5	0		0		0		1095	
6	0		0		0		620	
7	0		0		1295		1295	
8	0		0		1180		1180	
9	0		0		0		1760	
10	0		0		1190		1190	
Store5
1	0		0		0		1115	
2	0		0		1240		1240	
3	0		0		0		660	
4	0		0		0		510	
5	0		0		0		1215	
6	0		0		0		1375	
7	0		0		0		845	
8	0		0		1060		1060	
9	0		0		0		535	
10	0		0		0		860	


Fashion Shipments from Vendor to Warehouse (V T):
0	0	0.7506534	0.78381	

Printing New Basic Solution:

Inbound Solution (V P T):
1	1	2	3574
1	1	5	1039
1	2	2	454
1	2	5	5086
1	3	2	3621
1	3	5	1141
1	4	2	3069
1	4	5	1636
1	5	2	2717
1	5	5	2841
1	6	2	368
1	6	5	4431
1	7	2	2409
1	7	5	2868
1	8	2	3245
1	8	5	2693
1	9	2	3023
1	9	5	1832
1	10	2	1866
1	10	5	2649


Outbound Solution(S P T):
1	1	4	838
1	1	5	109
1	2	4	804
1	2	5	320
1	3	4	665
1	3	5	267
1	4	4	927
1	4	5	142
1	5	4	1157
1	5	5	278
1	6	4	844
1	6	5	214
1	7	4	924
1	7	5	402
1	8	4	861
1	8	5	322
1	9	4	978
1	9	5	300
1	10	4	619
1	10	5	120
2	1	1	495
2	1	5	287
2	2	1	815
2	2	5	230
2	3	1	823
2	3	5	243
2	4	1	655
2	4	5	57
2	5	1	683
2	5	5	124
2	6	1	820
2	6	5	216
2	7	1	936
2	7	5	305
2	8	1	811
2	8	5	320
2	9	1	840
2	9	5	76
2	10	1	764
2	10	5	223
3	1	4	938
3	1	5	217
3	2	4	806
3	2	5	215
3	3	4	600
3	3	5	330
3	4	4	1094
3	4	5	237
3	5	4	608
3	5	5	260
3	6	4	695
3	6	5	113
3	7	4	741
3	7	5	193
3	8	4	1173
3	8	5	127
3	9	4	843
3	9	5	206
3	10	4	639
3	10	5	216
4	1	4	754
4	1	5	197
4	2	4	976
4	2	5	298
4	3	4	875
4	3	5	282
4	4	4	525
4	4	5	263
4	5	4	924
4	5	5	321
4	6	4	725
4	6	5	272
4	7	4	745
4	7	5	140
4	8	4	1052
4	8	5	221
4	9	4	679
4	9	5	102
4	10	4	584
4	10	5	286
5	1	1	481
5	1	4	198
5	1	5	99
5	2	1	691
5	2	4	214
5	2	5	171
5	3	1	491
5	3	4	21
5	3	5	165
5	4	1	505
5	4	4	150
5	4	5	150
5	5	1	779
5	5	4	202
5	5	5	222
5	6	1	565
5	6	4	115
5	6	5	220
5	7	1	618
5	7	4	159
5	7	5	114
5	8	1	698
5	8	4	167
5	8	5	186
5	9	1	469
5	9	4	214
5	9	5	148
5	10	1	620
5	10	4	309
5	10	5	135


Warehouse Inventory (W P T):
1	976		0		3574		3574		846		976	
2	3852		2346		2800		2800		0		3852	
3	1314		0		3621		3621		1460		1314	
4	1160		0		3069		3069		373		1160	
5	1636		174		2891		2891		0		1636	
6	3396		2011		2379		2379		0		3396	
7	1714		160		2569		2569		0		1714	
8	1517		8		3253		3253		0		1517	
9	1309		0		3023		3023		309		1309	
10	1669		285		2151		2151		0		1669	

Store Inventory (S P T):
Store1
1	674		423		153		0		674		674	
2	587		478		239		0		587		587	
3	590		381		150		0		590		590	
4	782		559		266		0		782		782	
5	810		507		177		0		810		810	
6	604		331		181		0		604		604	
7	767		523		332		0		767		767	
8	653		414		218		0		653		653	
9	671		487		292		0		671		671	
10	377		377		307		0		377		377	
Store2
1	0		421		192		80		0		0	
2	0		647		375		115		0		0	
3	0		669		421		394		0		0	
4	0		585		407		236		0		0	
5	0		496		452		292		0		0	
6	0		551		363		268		0		0	
7	0		637		558		192		0		0	
8	0		597		422		51		0		0	
9	0		745		557		356		0		0	
10	0		505		261		119		0		0	
Store3
1	611		266		164		0		611		611	
2	623		426		279		0		623		623	
3	600		449		185		0		600		600	
4	820		577		307		0		820		820	
5	325		248		78		0		325		325	
6	528		316		215		0		528		528	
7	549		374		132		0		549		549	
8	876		567		362		0		876		876	
9	720		389		243		0		720		720	
10	639		417		176		0		639		639	
Store4
1	538		344		201		0		538		538	
2	743		574		264		0		743		743	
3	586		409		0		0		586		586	
4	377		310		96		0		377		377	
5	672		518		370		0		672		672	
6	536		388		296		0		536		536	
7	494		267		225		0		494		494	
8	704		372		132		0		704		704	
9	538		361		110		0		538		538	
10	491		312		159		0		491		491	
Store5
1	0		306		60		0		0		0	
2	0		336		122		0		0		0	
3	0		444		159		0		0		0	
4	0		240		141		0		0		0	
5	0		471		285		0		0		0	
6	0		356		225		0		0		0	
7	0		301		36		0		0		0	
8	0		491		288		0		0		0	
9	0		180		90		0		0		0	
10	0		498		264		0		0		0	


Shipments from Vendor to Warehouse (V T):
0	0.7625986	0	0	0.929342	

Shipments from Warehouse to Stores (S T):
1	4	0.3209753
1	5	0.3400853
2	1	0.2512353
2	5	0.390102
3	4	0.4098406
3	5	0.2364527
4	4	0.4025273
4	5	0.2254027
5	1	0.198678
5	4	0.1663493
5	5	0.2847553


Required Putaway workers (Sol T):
0	3	3	3	3	

No of required pickers (T):
2	0	0	5	6	

No of part-time putaway workers (T):
0	1	1	1	1	

No of part-time pickers (T):
0	0	0	1	2	

Best Putaway Technology: 1200
Best Picking Technology: 1000

Required Fashion Putaway Hours:
0	0	22.17083	19.22083	0	

Required Basic Putaway Hours:
0	20.28833	0	0	21.84667	

Required Total Putaway Hours:
0	20.28833	22.17083	19.22083	21.84667	

No of required fashion pick hours:
0	0	0	13.06	36.61	

No of required basic pick hours:
13.559	0	0	26.342	10.661	

No of required total pick hours:
13.559	0	0	39.402	47.271	

List of all the costs: 
MHECost		378
PutawayTechCost		1060
PickingTechCost		9130
WhBasicInvCost		851.7501
BasicInbCost		2689.938
WhFashionInvCost		632.15
FashionInbCost		2301.752
PutawayCost		4160
StoreBasicInvCost		3645
StoreFashionInvCost		3136.5
OutboundCost		10206.31
PickingCost		7120
Total		45311.4

List of Top5 Technologies: 
Tech1		2	6	$ 45311.4
Tech2		1	6	$ 50027.47
Tech3		1	5	$ 58512.43
Tech4		1	1	$ 112371.8
Tech5		None	None	$ -
The start time is 12/19/2014 5:40:46 PM
The End time is 12/19/2014 5:40:52 PM
