Printing New Fashion Solution:

Inbound Fashion Solution (V F T):
1	1	1	3910
1	2	1	5185
1	3	4	4700
1	4	4	4730
1	5	4	4185
1	6	4	4850
1	7	1	7105
1	8	4	4620
1	9	4	5420
1	10	1	4965


Outbound Fashion Solution(S F T):
1	1	4	450
1	2	4	945
1	3	5	1655
1	4	5	1345
1	5	5	475
1	6	5	780
1	7	4	1210
1	8	5	960
1	9	5	1295
1	10	4	1505
2	1	4	1070
2	2	4	735
2	3	5	1360
2	4	5	1265
2	5	5	1100
2	6	5	905
2	7	2	1150
2	8	5	700
2	9	5	815
2	10	4	920
3	1	4	1005
3	2	4	1300
3	3	5	790
3	4	5	885
3	5	5	300
3	6	5	1170
3	7	4	2605
3	8	5	720
3	9	5	1015
3	10	4	490
4	1	3	270
4	2	3	965
4	3	5	235
4	4	5	725
4	5	5	1095
4	6	5	620
4	7	3	1295
4	8	5	1180
4	9	5	1760
4	10	3	1190
5	1	3	1115
5	2	3	1240
5	3	5	660
5	4	5	510
5	5	5	1215
5	6	5	1375
5	7	2	845
5	8	5	1060
5	9	5	535
5	10	2	860


Warehouse Fashion Inventory (W F T):
1	3910		3910		2525		0		0	
2	5185		5185		2980		0		0	
3	0		0		0		4700		0	
4	0		0		0		4730		0	
5	0		0		0		4185		0	
6	0		0		0		4850		0	
7	7105		5110		3815		0		0	
8	0		0		0		4620		0	
9	0		0		0		5420		0	
10	4965		4105		2915		0		0	

Store Fashion Inventory (S F T):
Store1
1	0		0		450		450	
2	0		0		945		945	
3	0		0		0		1655	
4	0		0		0		1345	
5	0		0		0		475	
6	0		0		0		780	
7	0		0		1210		1210	
8	0		0		0		960	
9	0		0		0		1295	
10	0		0		1505		1505	
Store2
1	0		0		1070		1070	
2	0		0		735		735	
3	0		0		0		1360	
4	0		0		0		1265	
5	0		0		0		1100	
6	0		0		0		905	
7	1150		1150		1150		1150	
8	0		0		0		700	
9	0		0		0		815	
10	0		0		920		920	
Store3
1	0		0		1005		1005	
2	0		0		1300		1300	
3	0		0		0		790	
4	0		0		0		885	
5	0		0		0		300	
6	0		0		0		1170	
7	0		0		2605		2605	
8	0		0		0		720	
9	0		0		0		1015	
10	0		0		490		490	
Store4
1	0		270		270		270	
2	0		965		965		965	
3	0		0		0		235	
4	0		0		0		725	
5	0		0		0		1095	
6	0		0		0		620	
7	0		1295		1295		1295	
8	0		0		0		1180	
9	0		0		0		1760	
10	0		1190		1190		1190	
Store5
1	0		1115		1115		1115	
2	0		1240		1240		1240	
3	0		0		0		660	
4	0		0		0		510	
5	0		0		0		1215	
6	0		0		0		1375	
7	845		845		845		845	
8	0		0		0		1060	
9	0		0		0		535	
10	860		860		860		860	


Fashion Shipments from Vendor to Warehouse (V T):
0.6935334	0	0	0.8409299	

Printing New Basic Solution:

Inbound Solution (V P T):
1	1	2	3690
1	1	3	923
1	2	2	3877
1	2	3	1663
1	3	2	1428
1	3	3	3334
1	4	2	2352
1	4	3	2353
1	5	3	5558
1	6	2	3839
1	6	3	960
1	7	2	2638
1	7	3	2639
1	8	2	2375
1	8	3	3563
1	9	2	971
1	9	3	3884
1	10	2	3612
1	10	3	903


Outbound Solution(S P T):
1	1	4	947
1	2	4	1124
1	3	4	932
1	4	4	1069
1	5	4	1435
1	6	4	1058
1	7	4	1326
1	8	4	1183
1	9	4	1278
1	10	4	739
2	1	2	702
2	1	5	80
2	2	2	930
2	2	5	115
2	3	2	672
2	3	5	394
2	4	2	476
2	4	5	236
2	5	2	515
2	5	5	292
2	6	2	768
2	6	5	268
2	7	2	1049
2	7	5	192
2	8	2	1080
2	8	5	51
2	9	2	560
2	9	5	356
2	10	2	868
2	10	5	119
3	1	4	1155
3	2	4	1021
3	3	4	930
3	4	4	1331
3	5	4	868
3	6	4	808
3	7	4	934
3	8	4	1300
3	9	4	1049
3	10	4	855
4	1	3	951
4	2	3	1274
4	3	3	1157
4	4	3	788
4	5	3	1245
4	6	3	997
4	7	3	885
4	8	3	1273
4	9	3	781
4	10	3	870
5	1	2	778
5	2	2	1076
5	3	2	677
5	4	2	805
5	5	2	1203
5	6	2	900
5	7	2	891
5	8	2	1051
5	9	2	831
5	10	2	1064


Warehouse Inventory (W P T):
1	0		0		2210		2182		80		0	
2	0		0		1871		2260		115		0	
3	0		0		79		2256		394		0	
4	0		0		1071		2636		236		0	
5	1718		1718		0		4313		2010		1718	
6	0		0		2171		2134		268		0	
7	0		0		698		2452		192		0	
8	0		0		244		2534		51		0	
9	420		420		0		3103		776		420	
10	0		0		1680		1713		119		0	

Store Inventory (S P T):
Store1
1	674		423		153		0		783		674	
2	587		478		239		0		907		587	
3	590		381		150		0		857		590	
4	782		559		266		0		924		782	
5	810		507		177		0		1088		810	
6	604		331		181		0		818		604	
7	767		523		332		0		1169		767	
8	653		414		218		0		975		653	
9	671		487		292		0		971		671	
10	377		377		307		0		497		377	
Store2
1	74		0		473		361		281		74	
2	168		0		658		398		283		168	
3	154		0		424		397		3		154	
4	179		109		407		236		0		179	
5	187		0		471		311		19		187	
6	269		0		580		485		217		269	
7	299		0		970		604		412		299	
8	214		0		905		534		483		214	
9	280		185		557		356		0		280	
10	259		0		624		482		363		259	
Store3
1	611		266		164		0		828		611	
2	623		426		279		0		838		623	
3	600		449		185		0		930		600	
4	820		577		307		0		1057		820	
5	325		248		78		0		585		325	
6	528		316		215		0		641		528	
7	549		374		132		0		742		549	
8	876		567		362		0		1003		876	
9	720		389		243		0		926		720	
10	639		417		176		0		855		639	
Store4
1	337		143		0		750		534		337	
2	479		310		0		1010		777		479	
3	586		409		0		1157		868		586	
4	281		214		0		692		544		281	
5	302		148		0		875		623		302	
6	240		92		0		701		512		240	
7	269		42		0		660		409		269	
8	572		240		0		1141		793		572	
9	428		251		0		671		530		428	
10	332		153		0		711		618		332	
Store5
1	175		0		532		472		274		175	
2	355		0		862		740		526		355	
3	47		0		392		233		212		47	
4	265		0		706		565		415		265	
5	308		0		1017		732		530		308	
6	209		0		769		544		429		209	
7	317		0		626		590		431		317	
8	207		0		848		560		393		207	
9	289		0		741		651		437		289	
10	122		0		830		566		257		122	


Shipments from Vendor to Warehouse (V T):
0	0.9333033	0.7586374	0	0	

Shipments from Warehouse to Stores (S T):
1	4	0.4875506
1	5	0.17351
2	2	0.2739773
2	4	0.12303
2	5	0.24433
3	4	0.5179
3	5	0.1283933
4	3	0.45026
4	5	0.17767
5	2	0.3421127
5	3	0.1289
5	5	0.17877


Required Putaway workers (Sol T):
3	3	3	3	0	

No of required pickers (T):
0	5	5	9	8	

No of part-time putaway workers (T):
1	1	1	1	0	

No of part-time pickers (T):
0	0	0	3	2	

Best Putaway Technology: 1200
Best Picking Technology: 500

Required Fashion Putaway Hours:
17.6375	0	0	23.75417	0	

Required Basic Putaway Hours:
0	20.65167	21.48333	0	0	

Required Total Putaway Hours:
17.6375	20.65167	21.48333	23.75417	0	

No of required fashion pick hours:
0	5.71	12.15	24.47	57.01	

No of required basic pick hours:
0	33.792	20.442	42.684	4.206	

No of required total pick hours:
0	39.502	32.592	67.154	61.216	

List of all the costs: 
MHECost		378
PutawayTechCost		1060
PickingTechCost		3195
WhBasicInvCost		441.24
BasicInbCost		2689.938
WhFashionInvCost		802.15
FashionInbCost		2301.752
PutawayCost		4160
StoreBasicInvCost		4870.7
StoreFashionInvCost		4131
OutboundCost		10693.04
PickingCost		10800
Total		45522.82

List of Top5 Technologies: 
Tech1		2	5	$ 45522.82
Tech2		4	5	$ 46714.06
Tech3		4	6	$ 52487.28
Tech4		4	4	$ 54388.57
Tech5		4	1	$ 84402.57
The start time is 12/19/2014 5:40:46 PM
The End time is 12/19/2014 5:40:54 PM
