Printing New Fashion Solution:

Inbound Fashion Solution (V F T):
1	1	3	3910
1	2	2	5185
1	3	3	4700
1	4	2	4730
1	5	2	4185
1	6	3	4850
1	7	2	7105
1	8	3	4620
1	9	2	5420
1	10	3	4965


Outbound Fashion Solution(S F T):
1	1	5	450
1	2	3	945
1	3	5	1655
1	4	3	1345
1	5	3	475
1	6	5	780
1	7	3	1210
1	8	5	960
1	9	3	1295
1	10	5	1505
2	1	4	1070
2	2	4	735
2	3	5	1360
2	4	4	1265
2	5	4	1100
2	6	5	905
2	7	4	1150
2	8	4	700
2	9	4	815
2	10	5	920
3	1	4	1005
3	2	4	1300
3	3	5	790
3	4	4	885
3	5	4	300
3	6	5	1170
3	7	4	2605
3	8	4	720
3	9	4	1015
3	10	5	490
4	1	5	270
4	2	3	965
4	3	4	235
4	4	3	725
4	5	4	1095
4	6	5	620
4	7	4	1295
4	8	5	1180
4	9	4	1760
4	10	5	1190
5	1	5	1115
5	2	4	1240
5	3	5	660
5	4	3	510
5	5	3	1215
5	6	5	1375
5	7	4	845
5	8	4	1060
5	9	3	535
5	10	5	860


Warehouse Fashion Inventory (W F T):
1	0		0		3910		1835		0	
2	0		5185		3275		0		0	
3	0		0		4700		4465		0	
4	0		4730		2150		0		0	
5	0		4185		2495		0		0	
6	0		0		4850		4850		0	
7	0		7105		5895		0		0	
8	0		0		4620		2140		0	
9	0		5420		3590		0		0	
10	0		0		4965		4965		0	

Store Fashion Inventory (S F T):
Store1
1	0		0		0		450	
2	0		945		945		945	
3	0		0		0		1655	
4	0		1345		1345		1345	
5	0		475		475		475	
6	0		0		0		780	
7	0		1210		1210		1210	
8	0		0		0		960	
9	0		1295		1295		1295	
10	0		0		0		1505	
Store2
1	0		0		1070		1070	
2	0		0		735		735	
3	0		0		0		1360	
4	0		0		1265		1265	
5	0		0		1100		1100	
6	0		0		0		905	
7	0		0		1150		1150	
8	0		0		700		700	
9	0		0		815		815	
10	0		0		0		920	
Store3
1	0		0		1005		1005	
2	0		0		1300		1300	
3	0		0		0		790	
4	0		0		885		885	
5	0		0		300		300	
6	0		0		0		1170	
7	0		0		2605		2605	
8	0		0		720		720	
9	0		0		1015		1015	
10	0		0		0		490	
Store4
1	0		0		0		270	
2	0		965		965		965	
3	0		0		235		235	
4	0		725		725		725	
5	0		0		1095		1095	
6	0		0		0		620	
7	0		0		1295		1295	
8	0		0		0		1180	
9	0		0		1760		1760	
10	0		0		0		1190	
Store5
1	0		0		0		1115	
2	0		0		1240		1240	
3	0		0		0		660	
4	0		510		510		510	
5	0		1215		1215		1215	
6	0		0		0		1375	
7	0		0		845		845	
8	0		0		1060		1060	
9	0		535		535		535	
10	0		0		0		860	


Fashion Shipments from Vendor to Warehouse (V T):
0	0.7671166	0.7673467	0	

Printing New Basic Solution:

Inbound Solution (V P T):
1	1	1	4613
1	2	1	3877
1	2	5	1663
1	3	1	2381
1	3	5	2381
1	4	1	4234
1	4	5	471
1	5	1	3890
1	5	5	1668
1	6	5	4799
1	7	1	1055
1	7	5	4222
1	8	5	5938
1	9	1	4855
1	10	1	3160
1	10	5	1355


Outbound Solution(S P T):
1	1	3	947
1	2	3	1124
1	3	3	932
1	4	3	1069
1	5	3	1435
1	6	3	1058
1	7	3	1326
1	8	3	1183
1	9	3	1278
1	10	3	739
2	1	2	782
2	2	2	1045
2	3	2	1066
2	4	2	712
2	5	2	807
2	6	2	1036
2	7	2	1241
2	8	2	1131
2	9	2	916
2	10	2	987
3	1	1	1155
3	2	1	1021
3	3	1	930
3	4	1	1331
3	5	1	868
3	6	1	808
3	7	1	934
3	8	1	1300
3	9	1	1049
3	10	1	855
4	1	2	534
4	1	5	417
4	2	2	777
4	2	5	497
4	3	2	868
4	3	5	289
4	4	2	544
4	4	5	244
4	5	2	623
4	5	5	622
4	6	2	512
4	6	5	485
4	7	2	409
4	7	5	476
4	8	2	793
4	8	5	480
4	9	2	530
4	9	5	251
4	10	2	618
4	10	5	252
5	1	1	778
5	2	1	1076
5	3	1	677
5	4	1	805
5	5	1	1203
5	6	1	900
5	7	1	891
5	8	1	1051
5	9	1	831
5	10	1	1064


Warehouse Inventory (W P T):
1	0		2680		1364		417		417		0	
2	1166		2946		1124		0		0		1166	
3	2092		2866		932		0		0		2092	
4	227		2325		1069		0		0		227	
5	1046		2865		1435		0		0		1046	
6	4314		2606		1058		0		0		4314	
7	3746		2976		1326		0		0		3746	
8	5458		3107		1183		0		0		5458	
9	0		2975		1529		251		251		0	
10	1103		2344		739		0		0		1103	

Store Inventory (S P T):
Store1
1	521		270		0		794		630		521	
2	348		239		0		885		668		348	
3	440		231		0		782		707		440	
4	516		293		0		803		658		516	
5	633		330		0		1258		911		633	
6	423		150		0		877		637		423	
7	435		191		0		994		837		435	
8	435		196		0		965		757		435	
9	379		195		0		986		679		379	
10	70		70		0		432		190		70	
Store2
1	74		0		553		441		361		74	
2	168		0		773		513		398		168	
3	154		0		818		791		397		154	
4	70		0		534		363		127		70	
5	187		0		763		603		311		187	
6	269		0		848		753		485		269	
7	299		0		1162		796		604		299	
8	214		0		956		585		534		214	
9	95		0		728		527		171		95	
10	259		0		743		601		482		259	
Store3
1	0		810		708		544		217		0	
2	0		824		677		398		215		0	
3	0		779		515		330		330		0	
4	0		1088		818		511		237		0	
5	0		791		621		543		260		0	
6	0		596		495		280		113		0	
7	0		759		517		385		193		0	
8	0		991		786		424		127		0	
9	0		718		572		329		206		0	
10	0		633		392		216		216		0	
Store4
1	220		26		417		216		0		220	
2	199		30		497		233		0		199	
3	177		0		459		459		170		177	
4	67		0		330		234		86		67	
5	301		147		622		252		0		301	
6	213		65		485		189		0		213	
7	336		109		476		251		0		336	
8	332		0		553		421		73		332	
9	177		0		279		169		28		177	
10	179		0		465		306		213		179	
Store5
1	0		603		357		297		99		0	
2	0		721		507		385		171		0	
3	0		630		345		186		165		0	
4	0		540		441		300		150		0	
5	0		895		709		424		222		0	
6	0		691		560		335		220		0	
7	0		574		309		273		114		0	
8	0		844		641		353		186		0	
9	0		542		452		362		148		0	
10	0		942		708		444		135		0	


Shipments from Vendor to Warehouse (V T):
0.8812653	0	0	0	0.8106753	

Shipments from Warehouse to Stores (S T):
1	3	0.5017873
1	5	0.1592733
2	2	0.3226874
2	4	0.24523
2	5	0.07342
3	1	0.3513167
3	4	0.23879
3	5	0.05618667
4	2	0.206742
4	3	0.06275
4	4	0.1134467
4	5	0.2449913
5	1	0.311896
5	3	0.08741666
5	4	0.1168033
5	5	0.1336667


Required Putaway workers (Sol T):
3	3	3	0	3	

No of required pickers (T):
5	4	6	6	6	

No of part-time putaway workers (T):
1	1	1	0	1	

No of part-time pickers (T):
1	0	2	2	2	

Best Putaway Technology: 1200
Best Picking Technology: 500

Required Fashion Putaway Hours:
0	22.1875	19.20417	0	0	

Required Basic Putaway Hours:
23.3875	0	0	0	18.7475	

Required Total Putaway Hours:
23.3875	22.1875	19.20417	0	18.7475	

No of required fashion pick hours:
0	0	18.44	44.39	36.51	

No of required basic pick hours:
39.054	31.862	22.182	0	8.026	

No of required total pick hours:
39.054	31.862	40.622	44.39	44.536	

List of all the costs: 
MHECost		378
PutawayTechCost		1060
PickingTechCost		3195
WhBasicInvCost		599.3701
BasicInbCost		2689.938
WhFashionInvCost		853.3001
FashionInbCost		2301.752
PutawayCost		4160
StoreBasicInvCost		4446.5
StoreFashionInvCost		4515.25
OutboundCost		13535.43
PickingCost		8080
Total		45814.54

List of Top5 Technologies: 
Tech1		2	5	$ 45814.54
Tech2		4	5	$ 48049.97
Tech3		3	5	$ 48253.19
Tech4		1	5	$ 49354.49
Tech5		1	4	$ 50574.48
The start time is 12/19/2014 5:40:45 PM
The End time is 12/19/2014 5:41:01 PM
