Printing New Fashion Solution:

Inbound Fashion Solution (V F T):
1	1	4	3910
1	2	4	5185
1	3	4	4700
1	4	3	4730
1	5	3	4185
1	6	3	4850
1	7	3	7105
1	8	4	4620
1	9	3	5420
1	10	4	4965


Outbound Fashion Solution(S F T):
1	1	5	450
1	2	5	945
1	3	5	1655
1	4	4	1345
1	5	5	475
1	6	4	780
1	7	4	1210
1	8	5	960
1	9	5	1295
1	10	5	1505
2	1	5	1070
2	2	5	735
2	3	5	1360
2	4	5	1265
2	5	5	1100
2	6	5	905
2	7	4	1150
2	8	5	700
2	9	5	815
2	10	5	920
3	1	5	1005
3	2	5	1300
3	3	5	790
3	4	4	885
3	5	5	300
3	6	4	1170
3	7	4	2605
3	8	5	720
3	9	4	1015
3	10	5	490
4	1	5	270
4	2	5	965
4	3	5	235
4	4	5	725
4	5	5	1095
4	6	5	620
4	7	5	1295
4	8	5	1180
4	9	4	1760
4	10	5	1190
5	1	5	1115
5	2	5	1240
5	3	5	660
5	4	5	510
5	5	4	1215
5	6	5	1375
5	7	5	845
5	8	5	1060
5	9	4	535
5	10	5	860


Warehouse Fashion Inventory (W F T):
1	0		0		0		3910		0	
2	0		0		0		5185		0	
3	0		0		0		4700		0	
4	0		0		4730		2500		0	
5	0		0		4185		2970		0	
6	0		0		4850		2900		0	
7	0		0		7105		2140		0	
8	0		0		0		4620		0	
9	0		0		5420		2110		0	
10	0		0		0		4965		0	

Store Fashion Inventory (S F T):
Store1
1	0		0		0		450	
2	0		0		0		945	
3	0		0		0		1655	
4	0		0		1345		1345	
5	0		0		0		475	
6	0		0		780		780	
7	0		0		1210		1210	
8	0		0		0		960	
9	0		0		0		1295	
10	0		0		0		1505	
Store2
1	0		0		0		1070	
2	0		0		0		735	
3	0		0		0		1360	
4	0		0		0		1265	
5	0		0		0		1100	
6	0		0		0		905	
7	0		0		1150		1150	
8	0		0		0		700	
9	0		0		0		815	
10	0		0		0		920	
Store3
1	0		0		0		1005	
2	0		0		0		1300	
3	0		0		0		790	
4	0		0		885		885	
5	0		0		0		300	
6	0		0		1170		1170	
7	0		0		2605		2605	
8	0		0		0		720	
9	0		0		1015		1015	
10	0		0		0		490	
Store4
1	0		0		0		270	
2	0		0		0		965	
3	0		0		0		235	
4	0		0		0		725	
5	0		0		0		1095	
6	0		0		0		620	
7	0		0		0		1295	
8	0		0		0		1180	
9	0		0		1760		1760	
10	0		0		0		1190	
Store5
1	0		0		0		1115	
2	0		0		0		1240	
3	0		0		0		660	
4	0		0		0		510	
5	0		0		1215		1215	
6	0		0		0		1375	
7	0		0		0		845	
8	0		0		0		1060	
9	0		0		535		535	
10	0		0		0		860	


Fashion Shipments from Vendor to Warehouse (V T):
0	0	0.6178	0.9166633	

Printing New Basic Solution:

Inbound Solution (V P T):
1	1	1	2306
1	1	2	2307
1	2	1	4432
1	2	2	1108
1	3	1	1904
1	3	2	2858
1	4	1	2352
1	4	2	2353
1	5	1	5558
1	6	1	3359
1	6	2	1440
1	7	1	2638
1	7	2	2639
1	8	1	3562
1	8	2	2376
1	9	2	4855
1	10	1	1806
1	10	2	2709


Outbound Solution(S P T):
1	1	4	947
1	2	4	1124
1	3	4	932
1	4	4	1069
1	5	4	1435
1	6	4	1058
1	7	4	1326
1	8	4	1183
1	9	4	1278
1	10	4	739
2	1	1	702
2	1	4	80
2	2	1	930
2	2	4	115
2	3	1	672
2	3	4	394
2	4	1	476
2	4	4	236
2	5	1	515
2	5	4	292
2	6	1	768
2	6	4	268
2	7	1	1049
2	7	4	192
2	8	1	1080
2	8	4	51
2	9	1	560
2	9	4	356
2	10	1	868
2	10	4	119
3	1	2	1155
3	2	2	1021
3	3	2	930
3	4	2	1331
3	5	2	868
3	6	2	808
3	7	2	934
3	8	2	1300
3	9	2	1049
3	10	2	855
4	1	1	735
4	1	4	216
4	2	1	1041
4	2	4	233
4	3	1	868
4	3	4	289
4	4	1	640
4	4	4	148
4	5	1	993
4	5	4	252
4	6	1	808
4	6	4	189
4	7	1	634
4	7	4	251
4	8	1	925
4	8	4	348
4	9	1	640
4	9	4	141
4	10	1	777
4	10	4	93
5	1	1	580
5	1	4	198
5	2	1	862
5	2	4	214
5	3	1	656
5	3	4	21
5	4	1	655
5	4	4	150
5	5	1	1001
5	5	4	202
5	6	1	785
5	6	4	115
5	7	1	732
5	7	4	159
5	8	1	884
5	8	4	167
5	9	1	617
5	9	4	214
5	10	1	755
5	10	4	309


Warehouse Inventory (W P T):
1	0		289		1441		1441		0		0	
2	0		1599		1686		1686		0		0	
3	292		0		1928		1928		292		292	
4	0		581		1603		1603		0		0	
5	0		3049		2181		2181		0		0	
6	0		998		1630		1630		0		0	
7	0		223		1928		1928		0		0	
8	0		673		1749		1749		0		0	
9	1817		0		3806		3806		1817		1817	
10	594		0		1854		1854		594		594	

Store Inventory (S P T):
Store1
1	674		423		153		0		783		674	
2	587		478		239		0		907		587	
3	590		381		150		0		857		590	
4	782		559		266		0		924		782	
5	810		507		177		0		1088		810	
6	604		331		181		0		818		604	
7	767		523		332		0		1169		767	
8	653		414		218		0		975		653	
9	671		487		292		0		971		671	
10	377		377		307		0		497		377	
Store2
1	0		628		399		287		287		0	
2	0		762		490		230		230		0	
3	0		518		270		243		243		0	
4	0		406		228		57		57		0	
5	0		328		284		124		124		0	
6	0		499		311		216		216		0	
7	0		750		671		305		305		0	
8	0		866		691		320		320		0	
9	0		465		277		76		76		0	
10	0		609		365		223		223		0	
Store3
1	345		0		1053		889		562		345	
2	197		0		874		595		412		197	
3	151		0		666		481		481		151	
4	243		0		1061		754		480		243	
5	77		0		698		620		337		77	
6	212		0		707		492		325		212	
7	175		0		692		560		368		175	
8	309		0		1095		733		436		309	
9	331		0		903		660		537		331	
10	222		0		614		438		438		222	
Store4
1	0		541		398		197		197		0	
2	0		872		562		298		298		0	
3	0		691		282		282		282		0	
4	0		573		359		263		263		0	
5	0		839		691		321		321		0	
6	0		660		568		272		272		0	
7	0		407		365		140		140		0	
8	0		593		353		221		221		0	
9	0		463		212		102		102		0	
10	0		598		445		286		286		0	
Store5
1	0		405		159		99		99		0	
2	0		507		293		171		171		0	
3	0		609		324		165		165		0	
4	0		390		291		150		150		0	
5	0		693		507		222		222		0	
6	0		576		445		220		220		0	
7	0		415		150		114		114		0	
8	0		677		474		186		186		0	
9	0		328		238		148		148		0	
10	0		633		399		135		135		0	


Shipments from Vendor to Warehouse (V T):
0.984374	0.7075667	0	0	0	

Shipments from Warehouse to Stores (S T):
1	4	0.4217606
1	5	0.2393
2	1	0.260944
2	4	0.07477666
2	5	0.3056167
3	2	0.3513167
3	4	0.09269
3	5	0.2022867
4	1	0.270648
4	4	0.1047787
4	5	0.2525033
5	1	0.2527733
5	4	0.1363393
5	5	0.26067


Required Putaway workers (Sol T):
3	3	3	3	0	

No of required pickers (T):
6	3	0	8	9	

No of part-time putaway workers (T):
1	1	1	1	0	

No of part-time pickers (T):
0	0	0	2	3	

Best Putaway Technology: 1200
Best Picking Technology: 500

Required Fashion Putaway Hours:
0	0	21.90833	19.48333	0	

Required Basic Putaway Hours:
23.26417	18.87083	0	0	0	

Required Total Putaway Hours:
23.26417	18.87083	21.90833	19.48333	0	

No of required fashion pick hours:
0	0	0	27.34	72	

No of required basic pick hours:
46.416	20.502	0	34.206	0	

No of required total pick hours:
46.416	20.502	0	61.546	72	

List of all the costs: 
MHECost		378
PutawayTechCost		1060
PickingTechCost		3195
WhBasicInvCost		524.3
BasicInbCost		2689.938
WhFashionInvCost		622.9
FashionInbCost		2301.752
PutawayCost		4160
StoreBasicInvCost		4223.5
StoreFashionInvCost		3167
OutboundCost		12190.16
PickingCost		10800
Total		45312.55

List of Top5 Technologies: 
Tech1		2	5	$ 45312.55
Tech2		1	5	$ 50898.98
Tech3		1	2	$ 65244.79
Tech4		1	1	$ 87285.98
Tech5		None	None	$ -
The start time is 12/19/2014 5:40:45 PM
The End time is 12/19/2014 5:40:53 PM
