Printing New Fashion Solution:

Inbound Fashion Solution (V F T):
1	1	3	3910
1	2	3	5185
1	3	4	4700
1	4	3	4730
1	5	3	4185
1	6	3	4850
1	7	4	7105
1	8	4	4620
1	9	4	5420
1	10	3	4965


Outbound Fashion Solution(S F T):
1	1	4	450
1	2	5	945
1	3	5	1655
1	4	5	1345
1	5	5	475
1	6	4	780
1	7	5	1210
1	8	5	960
1	9	5	1295
1	10	4	1505
2	1	4	1070
2	2	5	735
2	3	5	1360
2	4	4	1265
2	5	4	1100
2	6	4	905
2	7	5	1150
2	8	5	700
2	9	5	815
2	10	4	920
3	1	5	1005
3	2	4	1300
3	3	5	790
3	4	4	885
3	5	4	300
3	6	4	1170
3	7	5	2605
3	8	5	720
3	9	5	1015
3	10	4	490
4	1	5	270
4	2	4	965
4	3	5	235
4	4	4	725
4	5	4	1095
4	6	5	620
4	7	5	1295
4	8	5	1180
4	9	5	1760
4	10	4	1190
5	1	4	1115
5	2	4	1240
5	3	5	660
5	4	5	510
5	5	4	1215
5	6	4	1375
5	7	5	845
5	8	5	1060
5	9	5	535
5	10	4	860


Warehouse Fashion Inventory (W F T):
1	0		0		3910		1275		0	
2	0		0		5185		1680		0	
3	0		0		0		4700		0	
4	0		0		4730		1855		0	
5	0		0		4185		475		0	
6	0		0		4850		620		0	
7	0		0		0		7105		0	
8	0		0		0		4620		0	
9	0		0		0		5420		0	
10	0		0		4965		0		0	

Store Fashion Inventory (S F T):
Store1
1	0		0		450		450	
2	0		0		0		945	
3	0		0		0		1655	
4	0		0		0		1345	
5	0		0		0		475	
6	0		0		780		780	
7	0		0		0		1210	
8	0		0		0		960	
9	0		0		0		1295	
10	0		0		1505		1505	
Store2
1	0		0		1070		1070	
2	0		0		0		735	
3	0		0		0		1360	
4	0		0		1265		1265	
5	0		0		1100		1100	
6	0		0		905		905	
7	0		0		0		1150	
8	0		0		0		700	
9	0		0		0		815	
10	0		0		920		920	
Store3
1	0		0		0		1005	
2	0		0		1300		1300	
3	0		0		0		790	
4	0		0		885		885	
5	0		0		300		300	
6	0		0		1170		1170	
7	0		0		0		2605	
8	0		0		0		720	
9	0		0		0		1015	
10	0		0		490		490	
Store4
1	0		0		0		270	
2	0		0		965		965	
3	0		0		0		235	
4	0		0		725		725	
5	0		0		1095		1095	
6	0		0		0		620	
7	0		0		0		1295	
8	0		0		0		1180	
9	0		0		0		1760	
10	0		0		1190		1190	
Store5
1	0		0		1115		1115	
2	0		0		1240		1240	
3	0		0		0		660	
4	0		0		0		510	
5	0		0		1215		1215	
6	0		0		1375		1375	
7	0		0		0		845	
8	0		0		0		1060	
9	0		0		0		535	
10	0		0		860		860	


Fashion Shipments from Vendor to Warehouse (V T):
0	0	1.049113	0.48535	

Printing New Basic Solution:

Inbound Solution (V P T):
1	1	1	2306
1	1	2	2307
1	2	1	5540
1	3	1	476
1	3	2	4286
1	4	1	4234
1	4	2	471
1	5	1	3334
1	5	2	2224
1	6	1	3359
1	6	2	1440
1	7	2	5277
1	8	1	1781
1	8	2	4157
1	9	1	4369
1	9	2	486
1	10	1	1354
1	10	2	3161


Outbound Solution(S P T):
1	1	3	947
1	2	3	1124
1	3	3	932
1	4	3	1069
1	5	3	1435
1	6	3	1058
1	7	3	1326
1	8	3	1183
1	9	3	1278
1	10	3	739
2	1	2	782
2	2	2	1045
2	3	2	1066
2	4	2	712
2	5	2	807
2	6	2	1036
2	7	2	1241
2	8	2	1131
2	9	2	916
2	10	2	987
3	1	1	1155
3	2	1	1021
3	3	1	930
3	4	1	1331
3	5	1	868
3	6	1	808
3	7	1	934
3	8	1	1300
3	9	1	1049
3	10	1	855
4	1	2	951
4	2	2	1274
4	3	2	1157
4	4	2	788
4	5	2	1245
4	6	2	997
4	7	2	885
4	8	2	1273
4	9	2	781
4	10	2	870
5	1	1	778
5	2	1	1076
5	3	1	677
5	4	1	805
5	5	1	1203
5	6	1	900
5	7	1	891
5	8	1	1051
5	9	1	831
5	10	1	1064


Warehouse Inventory (W P T):
1	0		373		947		0		0		0	
2	0		3443		1124		0		0		0	
3	1131		0		2063		1131		1131		1131	
4	0		2098		1069		0		0		0	
5	0		1263		1435		0		0		0	
6	0		1651		1058		0		0		0	
7	1825		0		3151		1825		1825		1825	
8	570		0		1753		570		570		570	
9	0		2489		1278		0		0		0	
10	565		0		1304		565		565		565	

Store Inventory (S P T):
Store1
1	521		270		0		794		630		521	
2	348		239		0		885		668		348	
3	440		231		0		782		707		440	
4	516		293		0		803		658		516	
5	633		330		0		1258		911		633	
6	423		150		0		877		637		423	
7	435		191		0		994		837		435	
8	435		196		0		965		757		435	
9	379		195		0		986		679		379	
10	70		70		0		432		190		70	
Store2
1	74		0		553		441		361		74	
2	168		0		773		513		398		168	
3	154		0		818		791		397		154	
4	70		0		534		363		127		70	
5	187		0		763		603		311		187	
6	269		0		848		753		485		269	
7	299		0		1162		796		604		299	
8	214		0		956		585		534		214	
9	95		0		728		527		171		95	
10	259		0		743		601		482		259	
Store3
1	0		810		708		544		217		0	
2	0		824		677		398		215		0	
3	0		779		515		330		330		0	
4	0		1088		818		511		237		0	
5	0		791		621		543		260		0	
6	0		596		495		280		113		0	
7	0		759		517		385		193		0	
8	0		991		786		424		127		0	
9	0		718		572		329		206		0	
10	0		633		392		216		216		0	
Store4
1	194		0		808		607		391		194	
2	169		0		964		700		467		169	
3	177		0		748		748		459		177	
4	67		0		574		478		330		67	
5	154		0		1097		727		475		154	
6	148		0		905		609		420		148	
7	227		0		843		618		367		227	
8	332		0		1033		901		553		332	
9	177		0		530		420		279		177	
10	179		0		717		558		465		179	
Store5
1	0		603		357		297		99		0	
2	0		721		507		385		171		0	
3	0		630		345		186		165		0	
4	0		540		441		300		150		0	
5	0		895		709		424		222		0	
6	0		691		560		335		220		0	
7	0		574		309		273		114		0	
8	0		844		641		353		186		0	
9	0		542		452		362		148		0	
10	0		942		708		444		135		0	


Shipments from Vendor to Warehouse (V T):
0.9513107	0.74063	0	0	0	

Shipments from Warehouse to Stores (S T):
1	3	0.3634673
1	4	0.0808
1	5	0.2167933
2	2	0.3226874
2	4	0.19296
2	5	0.12569
3	1	0.3513167
3	4	0.13758
3	5	0.1573967
4	2	0.3425733
4	4	0.1519
4	5	0.1334567
5	1	0.311896
5	4	0.2479367
5	5	0.08995001


Required Putaway workers (Sol T):
3	3	3	3	0	

No of required pickers (T):
5	5	3	6	7	

No of part-time putaway workers (T):
1	1	1	1	0	

No of part-time pickers (T):
0	0	0	1	2	

Best Putaway Technology: 1200
Best Picking Technology: 500

Required Fashion Putaway Hours:
0	0	23.1875	18.20417	0	

Required Basic Putaway Hours:
22.29417	19.84083	0	0	0	

Required Total Putaway Hours:
22.29417	19.84083	23.1875	18.20417	0	

No of required fashion pick hours:
0	0	0	43.84	55.5	

No of required basic pick hours:
39.054	39.888	22.182	0	0	

No of required total pick hours:
39.054	39.888	22.182	43.84	55.5	

List of all the costs: 
MHECost		378
PutawayTechCost		1060
PickingTechCost		3195
WhBasicInvCost		387.72
BasicInbCost		2689.938
WhFashionInvCost		555.75
FashionInbCost		2969.272
PutawayCost		4160
StoreBasicInvCost		4954.2
StoreFashionInvCost		3579.5
OutboundCost		13327.74
PickingCost		8720
Total		45977.12

List of Top5 Technologies: 
Tech1		2	5	$ 45977.12
Tech2		2	4	$ 47032.78
Tech3		2	6	$ 54110.02
Tech4		2	1	$ 82806.02
Tech5		4	1	$ 87518.22
The start time is 12/19/2014 5:40:45 PM
The End time is 12/19/2014 5:40:57 PM
