Printing New Fashion Solution:

Inbound Fashion Solution (V F T):
1	1	3	3195
1	2	3	3225
1	3	3	6590
1	4	3	4830
1	5	4	4915
1	6	3	4375
1	7	4	3150
1	8	3	3930
1	9	3	4850
1	10	3	4445


Outbound Fashion Solution(S F T):
1	1	4	1025
1	2	5	695
1	3	5	1675
1	4	5	1145
1	5	5	1725
1	6	5	525
1	7	5	395
1	8	5	1055
1	9	4	1275
1	10	4	420
2	1	5	545
2	2	5	855
2	3	5	1775
2	4	5	870
2	5	5	945
2	6	5	1485
2	7	5	1250
2	8	5	1350
2	9	5	1030
2	10	5	905
3	1	5	365
3	2	5	595
3	3	5	625
3	4	5	840
3	5	5	685
3	6	4	1015
3	7	5	930
3	8	4	595
3	9	5	490
3	10	5	1110
4	1	4	765
4	2	4	735
4	3	4	1075
4	4	4	965
4	5	5	995
4	6	4	680
4	7	5	260
4	8	4	70
4	9	4	1465
4	10	4	1380
5	1	4	495
5	2	5	345
5	3	4	1440
5	4	4	1010
5	5	5	565
5	6	4	670
5	7	5	315
5	8	5	860
5	9	5	590
5	10	4	630


Warehouse Fashion Inventory (W F T):
1	0		0		3195		910		0	
2	0		0		3225		2490		0	
3	0		0		6590		4075		0	
4	0		0		4830		2855		0	
5	0		0		0		4915		0	
6	0		0		4375		2010		0	
7	0		0		0		3150		0	
8	0		0		3930		3265		0	
9	0		0		4850		2110		0	
10	0		0		4445		2015		0	

Store Fashion Inventory (S F T):
Store1
1	0		0		1025		1025	
2	0		0		0		695	
3	0		0		0		1675	
4	0		0		0		1145	
5	0		0		0		1725	
6	0		0		0		525	
7	0		0		0		395	
8	0		0		0		1055	
9	0		0		1275		1275	
10	0		0		420		420	
Store2
1	0		0		0		545	
2	0		0		0		855	
3	0		0		0		1775	
4	0		0		0		870	
5	0		0		0		945	
6	0		0		0		1485	
7	0		0		0		1250	
8	0		0		0		1350	
9	0		0		0		1030	
10	0		0		0		905	
Store3
1	0		0		0		365	
2	0		0		0		595	
3	0		0		0		625	
4	0		0		0		840	
5	0		0		0		685	
6	0		0		1015		1015	
7	0		0		0		930	
8	0		0		595		595	
9	0		0		0		490	
10	0		0		0		1110	
Store4
1	0		0		765		765	
2	0		0		735		735	
3	0		0		1075		1075	
4	0		0		965		965	
5	0		0		0		995	
6	0		0		680		680	
7	0		0		0		260	
8	0		0		70		70	
9	0		0		1465		1465	
10	0		0		1380		1380	
Store5
1	0		0		495		495	
2	0		0		0		345	
3	0		0		1440		1440	
4	0		0		1010		1010	
5	0		0		0		565	
6	0		0		670		670	
7	0		0		0		315	
8	0		0		0		860	
9	0		0		0		590	
10	0		0		630		630	


Fashion Shipments from Vendor to Warehouse (V T):
0	0	0.93786	0.3231967	

Printing New Basic Solution:

Inbound Solution (V P T):
1	1	1	2180
1	1	2	2635
1	2	1	1842
1	2	2	2671
1	3	1	2104
1	3	2	2676
1	4	1	3419
1	4	2	2550
1	5	1	2109
1	5	2	2670
1	6	1	1999
1	6	2	3554
1	7	1	2818
1	7	2	1744
1	8	1	1920
1	8	2	3302
1	9	1	3518
1	9	2	1979
1	10	1	4137
1	10	2	854


Outbound Solution(S P T):
1	1	3	775
1	2	3	791
1	3	3	1064
1	4	3	1260
1	5	3	626
1	6	3	1175
1	7	3	837
1	8	3	829
1	9	3	1150
1	10	3	1038
2	1	2	744
2	2	2	882
2	3	2	908
2	4	2	1212
2	5	2	817
2	6	2	1270
2	7	2	1044
2	8	2	951
2	9	2	989
2	10	2	562
3	1	1	966
3	2	1	825
3	3	1	918
3	4	1	1241
3	5	1	1086
3	6	1	1166
3	7	1	763
3	8	1	1219
3	9	1	1095
3	10	1	1217
4	1	2	1238
4	2	2	1027
4	3	2	1106
4	4	2	877
4	5	2	1125
4	6	2	1099
4	7	2	917
4	8	2	1208
4	9	2	975
4	10	2	1014
5	1	1	938
5	1	4	154
5	2	1	931
5	2	4	57
5	3	1	705
5	3	4	79
5	4	1	1120
5	4	4	259
5	5	1	1046
5	5	4	79
5	6	1	588
5	6	4	255
5	7	1	896
5	7	4	105
5	8	1	787
5	8	4	228
5	9	1	1058
5	9	4	230
5	10	1	888
5	10	4	272


Warehouse Inventory (W P T):
1	0		276		929		154		0		0	
2	0		86		848		57		0		0	
3	0		481		1143		79		0		0	
4	0		1058		1519		259		0		0	
5	23		0		728		102		23		23	
6	0		245		1430		255		0		0	
7	0		1159		942		105		0		0	
8	86		0		1143		314		86		86	
9	0		1365		1380		230		0		0	
10	0		2032		1310		272		0		0	

Store Inventory (S P T):
Store1
1	333		140		0		653		489		333	
2	344		256		0		605		496		344	
3	486		294		0		783		628		486	
4	557		296		0		1126		846		557	
5	148		148		0		572		326		148	
6	338		246		0		837		495		338	
7	386		203		0		563		546		386	
8	413		208		0		693		570		413	
9	429		220		0		825		635		429	
10	493		93		0		781		651		493	
Store2
1	170		0		551		373		341		170	
2	208		0		710		548		450		208	
3	200		0		626		477		275		200	
4	138		0		926		715		436		138	
5	109		0		631		495		312		109	
6	272		0		996		721		594		272	
7	325		0		774		531		492		325	
8	202		0		794		681		510		202	
9	181		0		745		492		247		181	
10	132		0		464		297		162		132	
Store3
1	0		779		682		477		348		0	
2	0		701		407		313		242		0	
3	0		729		514		277		194		0	
4	0		825		498		306		213		0	
5	0		1081		899		452		291		0	
6	0		881		568		355		129		0	
7	0		536		302		269		140		0	
8	0		1050		817		544		294		0	
9	0		781		594		519		299		0	
10	0		1038		799		468		251		0	
Store4
1	238		0		918		694		464		238	
2	95		0		1027		809		396		95	
3	141		0		756		574		350		141	
4	285		0		730		645		523		285	
5	323		0		872		679		489		323	
6	321		0		900		638		505		321	
7	21		0		572		413		254		21	
8	344		0		1089		773		513		344	
9	175		0		696		502		311		175	
10	99		0		732		452		291		99	
Store5
1	0		717		383		135		135		0	
2	0		752		466		211		211		0	
3	0		514		342		190		190		0	
4	0		669		466		222		222		0	
5	0		673		450		205		205		0	
6	0		323		288		101		101		0	
7	0		615		486		262		262		0	
8	0		570		348		57		57		0	
9	0		723		543		192		192		0	
10	0		681		515		212		212		0	


Shipments from Vendor to Warehouse (V T):
0.9369607	0.7815973	0	0	0	

Shipments from Warehouse to Stores (S T):
1	3	0.344566
1	4	0.06020333
1	5	0.2438967
2	2	0.3285913
2	5	0.31743
3	1	0.3485953
3	4	0.04435667
3	5	0.1621033
4	2	0.3418613
4	4	0.1735933
4	5	0.05535667
5	1	0.2953787
5	4	0.1641387
5	5	0.09954333


Required Putaway workers (Sol T):
3	3	4	1	0	

No of required pickers (T):
5	5	3	5	7	

No of part-time putaway workers (T):
0	0	1	0	0	

No of part-time pickers (T):
0	0	0	0	2	

Best Putaway Technology: 1200
Best Picking Technology: 500

Required Fashion Putaway Hours:
0	0	29.53333	6.720833	0	

Required Basic Putaway Hours:
21.705	20.52917	0	0	0	

Required Total Putaway Hours:
21.705	20.52917	29.53333	6.720833	0	

No of required fashion pick hours:
0	0	0	31.42	55.59	

No of required basic pick hours:
38.906	39.93	19.09	3.436	0	

No of required total pick hours:
38.906	39.93	19.09	34.856	55.59	

List of all the costs: 
MHECost		432
PutawayTechCost		1060
PickingTechCost		3195
WhBasicInvCost		201.19
BasicInbCost		5493.993
WhFashionInvCost		632.35
FashionInbCost		2867.771
PutawayCost		5040
StoreBasicInvCost		4651.15
StoreFashionInvCost		2960.75
OutboundCost		9039.105
PickingCost		8480
Total		44053.31

List of Top5 Technologies: 
Tech1		2	5	$ 44053.31
Tech2		4	5	$ 44940.61
Tech3		4	4	$ 45580.52
Tech4		2	4	$ 45835.94
Tech5		2	1	$ 82273.47
The start time is 12/23/2014 9:24:28 PM
The End time is 12/23/2014 9:24:39 PM
