Printing New Fashion Solution:

Inbound Fashion Solution (V F T):
1	1	1	3195
1	2	1	3225
1	3	3	6590
1	4	3	4830
1	5	3	4915
1	6	1	4375
1	7	1	3150
1	8	1	3930
1	9	3	4850
1	10	1	4445


Outbound Fashion Solution(S F T):
1	1	2	1025
1	2	4	695
1	3	4	1675
1	4	4	1145
1	5	5	1725
1	6	2	525
1	7	3	395
1	8	3	1055
1	9	5	1275
1	10	3	420
2	1	4	545
2	2	4	855
2	3	5	1775
2	4	5	870
2	5	5	945
2	6	4	1485
2	7	4	1250
2	8	4	1350
2	9	5	1030
2	10	4	905
3	1	4	365
3	2	3	595
3	3	4	625
3	4	5	840
3	5	5	685
3	6	4	1015
3	7	4	930
3	8	3	595
3	9	5	490
3	10	3	1110
4	1	2	765
4	2	3	735
4	3	5	1075
4	4	5	965
4	5	5	995
4	6	2	680
4	7	3	260
4	8	3	70
4	9	5	1465
4	10	3	1380
5	1	2	495
5	2	2	345
5	3	5	1440
5	4	4	1010
5	5	5	565
5	6	3	670
5	7	2	315
5	8	2	860
5	9	4	590
5	10	2	630


Warehouse Fashion Inventory (W F T):
1	3195		910		910		0		0	
2	3225		2880		1550		0		0	
3	0		0		6590		4290		0	
4	0		0		4830		2675		0	
5	0		0		4915		4915		0	
6	4375		3170		2500		0		0	
7	3150		2835		2180		0		0	
8	3930		3070		1350		0		0	
9	0		0		4850		4260		0	
10	4445		3815		905		0		0	

Store Fashion Inventory (S F T):
Store1
1	1025		1025		1025		1025	
2	0		0		695		695	
3	0		0		1675		1675	
4	0		0		1145		1145	
5	0		0		0		1725	
6	525		525		525		525	
7	0		395		395		395	
8	0		1055		1055		1055	
9	0		0		0		1275	
10	0		420		420		420	
Store2
1	0		0		545		545	
2	0		0		855		855	
3	0		0		0		1775	
4	0		0		0		870	
5	0		0		0		945	
6	0		0		1485		1485	
7	0		0		1250		1250	
8	0		0		1350		1350	
9	0		0		0		1030	
10	0		0		905		905	
Store3
1	0		0		365		365	
2	0		595		595		595	
3	0		0		625		625	
4	0		0		0		840	
5	0		0		0		685	
6	0		0		1015		1015	
7	0		0		930		930	
8	0		595		595		595	
9	0		0		0		490	
10	0		1110		1110		1110	
Store4
1	765		765		765		765	
2	0		735		735		735	
3	0		0		0		1075	
4	0		0		0		965	
5	0		0		0		995	
6	680		680		680		680	
7	0		260		260		260	
8	0		70		70		70	
9	0		0		0		1465	
10	0		1380		1380		1380	
Store5
1	495		495		495		495	
2	345		345		345		345	
3	0		0		0		1440	
4	0		0		1010		1010	
5	0		0		0		565	
6	0		670		670		670	
7	315		315		315		315	
8	860		860		860		860	
9	0		0		590		590	
10	630		630		630		630	


Fashion Shipments from Vendor to Warehouse (V T):
0.5880333	0	0.6730233	0	

Printing New Basic Solution:

Inbound Solution (V P T):
1	1	2	1770
1	1	4	3045
1	2	2	4131
1	2	4	382
1	3	2	2073
1	3	4	2707
1	4	2	1551
1	4	4	4418
1	5	2	2000
1	5	4	2779
1	6	2	3825
1	6	4	1728
1	7	2	1389
1	7	4	3173
1	8	2	2362
1	8	4	2860
1	9	2	2070
1	9	4	3427
1	10	2	2209
1	10	4	2782


Outbound Solution(S P T):
1	1	2	164
1	1	3	611
1	2	2	109
1	2	3	682
1	3	2	155
1	3	3	909
1	4	2	280
1	4	3	980
1	5	2	246
1	5	3	380
1	6	2	342
1	6	3	833
1	7	2	17
1	7	3	820
1	8	2	123
1	8	3	706
1	9	2	190
1	9	3	960
1	10	2	130
1	10	3	908
2	1	4	210
2	1	5	534
2	2	4	260
2	2	5	622
2	3	4	351
2	3	5	557
2	4	4	490
2	4	5	722
2	5	4	319
2	5	5	498
2	6	4	402
2	6	5	868
2	7	4	282
2	7	5	762
2	8	4	284
2	8	5	667
2	9	4	498
2	9	5	491
2	10	4	302
2	10	5	260
3	1	3	553
3	1	4	413
3	2	3	336
3	2	4	489
3	3	3	431
3	3	4	487
3	4	3	405
3	4	4	836
3	5	3	738
3	5	4	348
3	6	3	342
3	6	4	824
3	7	3	173
3	7	4	590
3	8	3	567
3	8	4	652
3	9	3	374
3	9	4	721
3	10	3	582
3	10	4	635
4	1	2	1238
4	2	2	1027
4	3	2	1106
4	4	2	877
4	5	2	1125
4	6	2	1099
4	7	2	917
4	8	2	1208
4	9	2	975
4	10	2	1014
5	1	1	938
5	1	5	154
5	2	1	931
5	2	5	57
5	3	1	705
5	3	5	79
5	4	1	1120
5	4	5	259
5	5	1	1046
5	5	5	79
5	6	1	588
5	6	5	255
5	7	1	896
5	7	5	105
5	8	1	787
5	8	5	228
5	9	1	1058
5	9	5	230
5	10	1	888
5	10	5	272


Warehouse Inventory (W P T):
1	1734		796		1164		0		2422		1734	
2	931		0		2995		1977		1610		931	
3	1233		528		1340		0		1869		1233	
4	2111		991		1385		0		3092		2111	
5	1535		489		1118		0		2112		1535	
6	588		0		2384		1209		1711		588	
7	1434		538		993		0		2301		1434	
8	1029		242		1273		0		1924		1029	
9	1487		429		1334		0		2208		1487	
10	1313		425		1490		0		1845		1313	

Store Inventory (S P T):
Store1
1	193		0		24		513		349		193	
2	235		147		0		496		387		235	
3	331		139		0		628		473		331	
4	277		16		0		846		566		277	
5	0		0		98		424		178		0	
6	92		0		96		591		249		92	
7	369		186		0		546		529		369	
8	290		85		0		570		447		290	
9	239		30		0		635		445		239	
10	400		0		37		688		558		400	
Store2
1	541		371		178		0		178		541	
2	542		334		162		0		162		542	
3	631		431		149		0		149		631	
4	635		497		211		0		211		635	
5	431		322		136		0		136		431	
6	821		549		275		0		275		821	
7	838		513		243		0		243		838	
8	472		270		113		0		113		472	
9	678		497		253		0		253		678	
10	397		265		167		0		167		397	
Store3
1	284		97		0		348		632		284	
2	418		294		0		242		660		418	
3	404		215		0		194		598		404	
4	743		327		0		213		956		743	
5	187		182		0		291		478		187	
6	598		313		0		129		727		598	
7	461		234		0		140		601		461	
8	402		233		0		294		696		402	
9	501		187		0		299		800		501	
10	418		239		0		251		669		418	
Store4
1	238		0		918		694		464		238	
2	95		0		1027		809		396		95	
3	141		0		756		574		350		141	
4	285		0		730		645		523		285	
5	323		0		872		679		489		323	
6	321		0		900		638		505		321	
7	21		0		572		413		254		21	
8	344		0		1089		773		513		344	
9	175		0		696		502		311		175	
10	99		0		732		452		291		99	
Store5
1	19		736		402		154		0		19	
2	0		752		466		211		154		0	
3	0		514		342		190		111		0	
4	37		706		503		259		0		37	
5	0		673		450		205		126		0	
6	154		477		442		255		0		154	
7	0		615		486		262		157		0	
8	171		741		519		228		0		171	
9	38		761		581		230		0		38	
10	60		741		575		272		0		60	


Shipments from Vendor to Warehouse (V T):
0	0.7401506	0	0.9784073	0	

Shipments from Warehouse to Stores (S T):
1	2	0.07993267
1	3	0.3647234
1	4	0.08861
1	5	0.1154
2	4	0.2953027
2	5	0.3507187
3	3	0.2098607
3	4	0.2756913
3	5	0.06950334
4	2	0.3626013
4	3	0.06732
4	5	0.14089
5	1	0.2953787
5	2	0.08533333
5	3	0.00938
5	4	0.04350667
5	5	0.125462


Required Putaway workers (Sol T):
3	3	3	3	0	

No of required pickers (T):
3	5	5	6	6	

No of part-time putaway workers (T):
1	1	1	1	0	

No of part-time pickers (T):
0	1	1	2	2	

Best Putaway Technology: 1200
Best Picking Technology: 500

Required Fashion Putaway Hours:
18.6	0	17.65417	0	0	

Required Basic Putaway Hours:
0	19.48333	0	22.75083	0	

Required Total Putaway Hours:
18.6	19.48333	17.65417	22.75083	0	

No of required fashion pick hours:
0	11.28	14.57	28.88	32.28	

No of required basic pick hours:
17.914	24.684	24.58	18.786	15.398	

No of required total pick hours:
17.914	35.964	39.15	47.666	47.678	

List of all the costs: 
MHECost		378
PutawayTechCost		1060
PickingTechCost		3195
WhBasicInvCost		575.89
BasicInbCost		5493.993
WhFashionInvCost		857.2001
FashionInbCost		2867.771
PutawayCost		4160
StoreBasicInvCost		3927.5
StoreFashionInvCost		4471.75
OutboundCost		10547.67
PickingCost		7840
Total		45374.77

List of Top5 Technologies: 
Tech1		2	5	$ 45374.77
Tech2		2	4	$ 46394.96
Tech3		2	6	$ 49199.37
Tech4		2	3	$ 49450.62
Tech5		1	3	$ 52527.47
The start time is 12/23/2014 9:24:28 PM
The End time is 12/23/2014 9:24:35 PM
