Printing New Fashion Solution:

Inbound Fashion Solution (V F T):
1	1	2	2105
1	2	2	2130
1	3	2	1780
1	4	1	1980
1	5	2	1930
1	6	2	1970
1	7	2	2060
1	8	2	2030
1	9	2	1680
1	10	2	2105
1	11	2	2430
1	12	1	2180
1	13	2	1965
1	14	1	1550
1	15	2	2170
1	16	2	1765
1	17	2	1755
1	18	2	2420
1	19	2	1995
1	20	2	2550
1	21	2	2125
1	22	1	1845
1	23	2	1535
1	24	2	2065
1	25	2	1535
2	26	4	2230
2	27	4	2190
2	28	4	1825
2	29	4	1550
2	30	4	2105
2	31	4	2040
2	32	3	2120
2	33	4	1865
2	34	3	2055
2	35	4	2125
2	36	4	1520
2	37	3	2565
2	38	3	1855
2	39	4	2195
2	40	4	2060
2	41	3	1795
2	42	4	1530
2	43	4	2145
2	44	3	1755
2	45	3	2115
2	46	4	2325
2	47	3	2075
2	48	3	1935
2	49	4	1965
2	50	4	1780


Outbound Fashion Solution(S F T):
1	1	4	125
1	2	3	240
1	3	3	305
1	4	4	290
1	5	4	75
1	6	4	235
1	7	4	300
1	8	4	135
1	9	4	170
1	10	3	170
1	11	3	280
1	12	4	250
1	13	4	295
1	14	3	175
1	15	4	290
1	16	4	250
1	17	4	220
1	18	4	210
1	19	4	200
1	20	4	265
1	21	3	185
1	22	3	150
1	23	3	380
1	24	4	185
1	25	4	135
1	26	5	130
1	27	5	150
1	28	5	70
1	29	5	255
1	30	5	215
1	31	5	280
1	32	5	195
1	33	5	215
1	34	5	205
1	35	5	225
1	36	5	70
1	37	5	255
1	38	5	280
1	39	5	190
1	40	5	305
1	41	5	180
1	42	5	130
1	43	5	170
1	44	4	120
1	45	5	190
1	46	5	170
1	47	5	240
1	48	5	205
1	49	5	260
1	50	5	220
2	1	4	335
2	2	4	175
2	3	3	105
2	4	4	185
2	5	4	90
2	6	4	195
2	7	3	240
2	8	3	65
2	9	3	210
2	10	4	305
2	11	3	190
2	12	3	305
2	13	3	255
2	14	4	275
2	15	4	185
2	16	4	110
2	17	4	295
2	18	3	330
2	19	4	135
2	20	4	370
2	21	4	180
2	22	4	240
2	23	4	125
2	24	3	180
2	25	4	235
2	26	5	340
2	27	5	265
2	28	5	190
2	29	5	135
2	30	5	265
2	31	5	70
2	32	5	275
2	33	5	235
2	34	4	315
2	35	5	150
2	36	5	225
2	37	5	350
2	38	4	270
2	39	5	185
2	40	5	185
2	41	5	155
2	42	5	260
2	43	5	90
2	44	4	15
2	45	5	160
2	46	5	235
2	47	4	285
2	48	5	260
2	49	5	360
2	50	5	165
3	1	3	240
3	2	3	210
3	3	4	270
3	4	3	175
3	5	4	215
3	6	3	135
3	7	4	215
3	8	4	210
3	9	3	165
3	10	4	255
3	11	4	230
3	12	3	110
3	13	3	185
3	14	2	95
3	15	3	225
3	16	4	195
3	17	3	170
3	18	3	210
3	19	3	255
3	20	4	85
3	21	4	280
3	22	3	105
3	23	4	220
3	24	4	220
3	25	3	75
3	26	5	275
3	27	5	300
3	28	5	195
3	29	5	120
3	30	5	285
3	31	5	135
3	32	5	225
3	33	5	215
3	34	5	290
3	35	5	140
3	36	5	50
3	37	4	320
3	38	5	190
3	39	5	345
3	40	5	195
3	41	5	270
3	42	5	145
3	43	5	295
3	44	4	215
3	45	5	285
3	46	5	270
3	47	5	125
3	48	5	260
3	49	5	200
3	50	5	80
4	1	4	210
4	2	4	265
4	3	4	190
4	4	2	240
4	5	3	145
4	6	4	180
4	7	4	335
4	8	4	225
4	9	4	135
4	10	4	190
4	11	4	355
4	12	3	245
4	13	3	175
4	14	4	290
4	15	4	160
4	16	4	290
4	17	4	195
4	18	4	230
4	19	3	190
4	20	4	250
4	21	4	170
4	22	3	110
4	23	4	45
4	24	4	240
4	25	4	370
4	26	5	295
4	27	5	75
4	28	5	270
4	29	5	175
4	30	5	150
4	31	5	235
4	32	5	365
4	33	5	105
4	34	4	175
4	35	5	290
4	36	5	90
4	37	4	370
4	38	4	160
4	39	5	205
4	40	5	155
4	41	5	340
4	42	5	190
4	43	5	315
4	44	5	260
4	45	5	160
4	46	5	305
4	47	5	390
4	48	4	145
4	49	5	155
4	50	5	205
5	1	4	105
5	2	4	150
5	3	4	130
5	4	4	190
5	5	3	290
5	6	4	200
5	7	4	180
5	8	3	175
5	9	4	130
5	10	4	170
5	11	3	205
5	12	2	170
5	13	4	230
5	14	4	60
5	15	3	365
5	16	4	85
5	17	4	150
5	18	4	265
5	19	4	250
5	20	4	145
5	21	4	145
5	22	4	280
5	23	3	165
5	24	4	245
5	25	4	80
5	26	5	235
5	27	5	105
5	28	5	235
5	30	5	195
5	31	5	150
5	32	5	180
5	33	5	225
5	34	5	235
5	35	5	235
5	36	5	245
5	37	4	230
5	38	5	90
5	39	5	170
5	40	5	290
5	41	4	135
5	42	5	200
5	43	5	140
5	44	4	115
5	45	4	235
5	46	5	225
5	47	4	110
5	48	4	235
5	49	5	110
5	50	5	270
6	1	4	285
6	2	3	180
6	3	3	220
6	4	4	90
6	5	4	305
6	6	3	205
6	7	4	160
6	8	4	225
6	9	4	225
6	10	4	180
6	11	4	210
6	12	4	215
6	13	4	315
6	14	2	30
6	15	3	325
6	16	4	170
6	17	3	95
6	18	3	300
6	19	4	255
6	20	4	320
6	21	3	195
6	22	4	135
6	24	3	265
6	25	3	160
6	26	5	210
6	27	5	200
6	28	5	40
6	29	5	140
6	30	5	240
6	31	5	335
6	32	4	210
6	33	5	180
6	34	5	235
6	35	5	95
6	36	5	80
6	37	4	185
6	38	5	285
6	39	5	225
6	40	5	130
6	41	5	250
6	42	5	30
6	43	5	335
6	44	5	200
6	45	5	220
6	46	5	270
6	47	4	105
6	48	5	265
6	49	5	210
6	50	5	115
7	1	4	180
7	2	4	215
7	3	3	155
7	4	3	345
7	5	4	190
7	6	4	320
7	7	4	230
7	8	4	160
7	9	3	190
7	10	4	190
7	11	4	235
7	12	3	260
7	13	4	145
7	14	3	245
7	15	3	125
7	16	4	155
7	17	4	250
7	18	4	110
7	19	4	155
7	20	4	245
7	21	4	280
7	22	4	300
7	23	4	150
7	24	3	165
7	25	3	105
7	26	5	200
7	27	5	320
7	28	5	230
7	29	5	225
7	30	5	355
7	31	5	80
7	32	5	130
7	33	5	75
7	34	5	185
7	35	5	335
7	36	5	180
7	37	5	250
7	38	4	200
7	39	5	205
7	40	5	175
7	41	4	175
7	42	5	130
7	43	5	130
7	44	5	170
7	45	4	280
7	46	5	250
7	47	5	110
7	48	5	130
7	49	5	170
7	50	5	260
8	1	3	260
8	2	3	165
8	3	3	50
8	4	3	95
8	5	4	200
8	6	4	140
8	7	3	155
8	8	4	350
8	9	3	270
8	10	4	160
8	11	4	180
8	12	3	145
8	13	4	10
8	14	3	180
8	15	4	230
8	16	4	145
8	17	4	170
8	18	4	240
8	19	4	150
8	20	3	340
8	21	4	245
8	22	3	320
8	23	4	175
8	24	3	190
8	25	4	85
8	26	5	255
8	27	5	90
8	28	5	245
8	29	5	190
8	30	5	125
8	31	5	330
8	32	5	200
8	33	5	65
8	34	5	180
8	35	5	135
8	36	5	165
8	37	4	195
8	38	4	210
8	39	5	75
8	40	5	265
8	41	5	45
8	42	5	160
8	43	5	205
8	44	4	145
8	45	5	200
8	46	5	150
8	47	5	315
8	48	5	220
8	49	5	170
8	50	5	135
9	1	4	275
9	2	3	355
9	3	4	280
9	4	3	285
9	5	3	30
9	6	3	115
9	7	4	135
9	8	3	310
9	9	3	85
9	10	4	180
9	11	4	240
9	12	4	300
9	13	3	135
9	14	3	120
9	15	4	130
9	16	4	250
9	17	3	140
9	18	4	260
9	19	4	55
9	20	4	275
9	21	4	215
9	22	3	135
9	23	3	165
9	24	4	100
9	25	4	245
9	26	5	200
9	27	5	335
9	28	5	55
9	29	5	155
9	30	5	100
9	31	5	330
9	32	4	180
9	33	5	300
9	34	4	130
9	35	5	320
9	36	5	115
9	37	4	140
9	38	4	105
9	39	5	300
9	40	5	135
9	41	5	85
9	42	5	160
9	43	5	290
9	44	5	290
9	45	5	200
9	46	5	255
9	47	5	290
9	48	5	115
9	49	5	90
9	50	5	190
10	1	4	90
10	2	3	175
10	3	4	75
10	4	4	85
10	5	4	390
10	6	4	245
10	7	4	110
10	8	4	175
10	9	3	100
10	10	4	305
10	11	4	305
10	12	3	180
10	13	4	220
10	14	2	80
10	15	4	135
10	16	4	115
10	17	3	70
10	18	4	265
10	19	4	350
10	20	4	255
10	21	4	230
10	22	4	70
10	23	4	110
10	24	4	275
10	25	4	45
10	26	5	90
10	27	5	350
10	28	5	295
10	29	5	155
10	30	5	175
10	31	5	95
10	32	4	160
10	33	5	250
10	34	4	105
10	35	5	200
10	36	5	300
10	37	4	270
10	38	4	65
10	39	5	295
10	40	5	225
10	41	5	160
10	42	5	125
10	43	5	175
10	44	5	225
10	45	5	185
10	46	5	195
10	47	4	105
10	48	4	100
10	49	5	240
10	50	5	140


Warehouse Fashion Inventory (W F T):
1	0		2105		1605		0		0	
2	0		2130		805		0		0	
3	0		1780		945		0		0	
4	1980		1740		840		0		0	
5	0		1930		1465		0		0	
6	0		1970		1515		0		0	
7	0		2060		1665		0		0	
8	0		2030		1480		0		0	
9	0		1680		660		0		0	
10	0		2105		1935		0		0	
11	0		2430		1755		0		0	
12	2180		2010		765		0		0	
13	0		1965		1215		0		0	
14	1550		1345		625		0		0	
15	0		2170		1130		0		0	
16	0		1765		1765		0		0	
17	0		1755		1280		0		0	
18	0		2420		1580		0		0	
19	0		1995		1550		0		0	
20	0		2550		2210		0		0	
21	0		2125		1745		0		0	
22	1845		1845		1025		0		0	
23	0		1535		825		0		0	
24	0		2065		1265		0		0	
25	0		1535		1195		0		0	
26	0		0		0		2230		0	
27	0		0		0		2190		0	
28	0		0		0		1825		0	
29	0		0		0		1550		0	
30	0		0		0		2105		0	
31	0		0		0		2040		0	
32	0		0		2120		1570		0	
33	0		0		0		1865		0	
34	0		0		2055		1330		0	
35	0		0		0		2125		0	
36	0		0		0		1520		0	
37	0		0		2565		855		0	
38	0		0		1855		845		0	
39	0		0		0		2195		0	
40	0		0		0		2060		0	
41	0		0		1795		1485		0	
42	0		0		0		1530		0	
43	0		0		0		2145		0	
44	0		0		1755		1145		0	
45	0		0		2115		1600		0	
46	0		0		0		2325		0	
47	0		0		2075		1470		0	
48	0		0		1935		1455		0	
49	0		0		0		1965		0	
50	0		0		0		1780		0	

Store Fashion Inventory (S F T):
Store1
1	0		0		125		125	
2	0		240		240		240	
3	0		305		305		305	
4	0		0		290		290	
5	0		0		75		75	
6	0		0		235		235	
7	0		0		300		300	
8	0		0		135		135	
9	0		0		170		170	
10	0		170		170		170	
11	0		280		280		280	
12	0		0		250		250	
13	0		0		295		295	
14	0		175		175		175	
15	0		0		290		290	
16	0		0		250		250	
17	0		0		220		220	
18	0		0		210		210	
19	0		0		200		200	
20	0		0		265		265	
21	0		185		185		185	
22	0		150		150		150	
23	0		380		380		380	
24	0		0		185		185	
25	0		0		135		135	
26	0		0		0		130	
27	0		0		0		150	
28	0		0		0		70	
29	0		0		0		255	
30	0		0		0		215	
31	0		0		0		280	
32	0		0		0		195	
33	0		0		0		215	
34	0		0		0		205	
35	0		0		0		225	
36	0		0		0		70	
37	0		0		0		255	
38	0		0		0		280	
39	0		0		0		190	
40	0		0		0		305	
41	0		0		0		180	
42	0		0		0		130	
43	0		0		0		170	
44	0		0		120		120	
45	0		0		0		190	
46	0		0		0		170	
47	0		0		0		240	
48	0		0		0		205	
49	0		0		0		260	
50	0		0		0		220	
Store2
1	0		0		335		335	
2	0		0		175		175	
3	0		105		105		105	
4	0		0		185		185	
5	0		0		90		90	
6	0		0		195		195	
7	0		240		240		240	
8	0		65		65		65	
9	0		210		210		210	
10	0		0		305		305	
11	0		190		190		190	
12	0		305		305		305	
13	0		255		255		255	
14	0		0		275		275	
15	0		0		185		185	
16	0		0		110		110	
17	0		0		295		295	
18	0		330		330		330	
19	0		0		135		135	
20	0		0		370		370	
21	0		0		180		180	
22	0		0		240		240	
23	0		0		125		125	
24	0		180		180		180	
25	0		0		235		235	
26	0		0		0		340	
27	0		0		0		265	
28	0		0		0		190	
29	0		0		0		135	
30	0		0		0		265	
31	0		0		0		70	
32	0		0		0		275	
33	0		0		0		235	
34	0		0		315		315	
35	0		0		0		150	
36	0		0		0		225	
37	0		0		0		350	
38	0		0		270		270	
39	0		0		0		185	
40	0		0		0		185	
41	0		0		0		155	
42	0		0		0		260	
43	0		0		0		90	
44	0		0		15		15	
45	0		0		0		160	
46	0		0		0		235	
47	0		0		285		285	
48	0		0		0		260	
49	0		0		0		360	
50	0		0		0		165	
Store3
1	0		240		240		240	
2	0		210		210		210	
3	0		0		270		270	
4	0		175		175		175	
5	0		0		215		215	
6	0		135		135		135	
7	0		0		215		215	
8	0		0		210		210	
9	0		165		165		165	
10	0		0		255		255	
11	0		0		230		230	
12	0		110		110		110	
13	0		185		185		185	
14	95		95		95		95	
15	0		225		225		225	
16	0		0		195		195	
17	0		170		170		170	
18	0		210		210		210	
19	0		255		255		255	
20	0		0		85		85	
21	0		0		280		280	
22	0		105		105		105	
23	0		0		220		220	
24	0		0		220		220	
25	0		75		75		75	
26	0		0		0		275	
27	0		0		0		300	
28	0		0		0		195	
29	0		0		0		120	
30	0		0		0		285	
31	0		0		0		135	
32	0		0		0		225	
33	0		0		0		215	
34	0		0		0		290	
35	0		0		0		140	
36	0		0		0		50	
37	0		0		320		320	
38	0		0		0		190	
39	0		0		0		345	
40	0		0		0		195	
41	0		0		0		270	
42	0		0		0		145	
43	0		0		0		295	
44	0		0		215		215	
45	0		0		0		285	
46	0		0		0		270	
47	0		0		0		125	
48	0		0		0		260	
49	0		0		0		200	
50	0		0		0		80	
Store4
1	0		0		210		210	
2	0		0		265		265	
3	0		0		190		190	
4	240		240		240		240	
5	0		145		145		145	
6	0		0		180		180	
7	0		0		335		335	
8	0		0		225		225	
9	0		0		135		135	
10	0		0		190		190	
11	0		0		355		355	
12	0		245		245		245	
13	0		175		175		175	
14	0		0		290		290	
15	0		0		160		160	
16	0		0		290		290	
17	0		0		195		195	
18	0		0		230		230	
19	0		190		190		190	
20	0		0		250		250	
21	0		0		170		170	
22	0		110		110		110	
23	0		0		45		45	
24	0		0		240		240	
25	0		0		370		370	
26	0		0		0		295	
27	0		0		0		75	
28	0		0		0		270	
29	0		0		0		175	
30	0		0		0		150	
31	0		0		0		235	
32	0		0		0		365	
33	0		0		0		105	
34	0		0		175		175	
35	0		0		0		290	
36	0		0		0		90	
37	0		0		370		370	
38	0		0		160		160	
39	0		0		0		205	
40	0		0		0		155	
41	0		0		0		340	
42	0		0		0		190	
43	0		0		0		315	
44	0		0		0		260	
45	0		0		0		160	
46	0		0		0		305	
47	0		0		0		390	
48	0		0		145		145	
49	0		0		0		155	
50	0		0		0		205	
Store5
1	0		0		105		105	
2	0		0		150		150	
3	0		0		130		130	
4	0		0		190		190	
5	0		290		290		290	
6	0		0		200		200	
7	0		0		180		180	
8	0		175		175		175	
9	0		0		130		130	
10	0		0		170		170	
11	0		205		205		205	
12	170		170		170		170	
13	0		0		230		230	
14	0		0		60		60	
15	0		365		365		365	
16	0		0		85		85	
17	0		0		150		150	
18	0		0		265		265	
19	0		0		250		250	
20	0		0		145		145	
21	0		0		145		145	
22	0		0		280		280	
23	0		165		165		165	
24	0		0		245		245	
25	0		0		80		80	
26	0		0		0		235	
27	0		0		0		105	
28	0		0		0		235	
29	0		0		0		0	
30	0		0		0		195	
31	0		0		0		150	
32	0		0		0		180	
33	0		0		0		225	
34	0		0		0		235	
35	0		0		0		235	
36	0		0		0		245	
37	0		0		230		230	
38	0		0		0		90	
39	0		0		0		170	
40	0		0		0		290	
41	0		0		135		135	
42	0		0		0		200	
43	0		0		0		140	
44	0		0		115		115	
45	0		0		235		235	
46	0		0		0		225	
47	0		0		110		110	
48	0		0		235		235	
49	0		0		0		110	
50	0		0		0		270	
Store6
1	0		0		285		285	
2	0		180		180		180	
3	0		220		220		220	
4	0		0		90		90	
5	0		0		305		305	
6	0		205		205		205	
7	0		0		160		160	
8	0		0		225		225	
9	0		0		225		225	
10	0		0		180		180	
11	0		0		210		210	
12	0		0		215		215	
13	0		0		315		315	
14	30		30		30		30	
15	0		325		325		325	
16	0		0		170		170	
17	0		95		95		95	
18	0		300		300		300	
19	0		0		255		255	
20	0		0		320		320	
21	0		195		195		195	
22	0		0		135		135	
23	0		0		0		0	
24	0		265		265		265	
25	0		160		160		160	
26	0		0		0		210	
27	0		0		0		200	
28	0		0		0		40	
29	0		0		0		140	
30	0		0		0		240	
31	0		0		0		335	
32	0		0		210		210	
33	0		0		0		180	
34	0		0		0		235	
35	0		0		0		95	
36	0		0		0		80	
37	0		0		185		185	
38	0		0		0		285	
39	0		0		0		225	
40	0		0		0		130	
41	0		0		0		250	
42	0		0		0		30	
43	0		0		0		335	
44	0		0		0		200	
45	0		0		0		220	
46	0		0		0		270	
47	0		0		105		105	
48	0		0		0		265	
49	0		0		0		210	
50	0		0		0		115	
Store7
1	0		0		180		180	
2	0		0		215		215	
3	0		155		155		155	
4	0		345		345		345	
5	0		0		190		190	
6	0		0		320		320	
7	0		0		230		230	
8	0		0		160		160	
9	0		190		190		190	
10	0		0		190		190	
11	0		0		235		235	
12	0		260		260		260	
13	0		0		145		145	
14	0		245		245		245	
15	0		125		125		125	
16	0		0		155		155	
17	0		0		250		250	
18	0		0		110		110	
19	0		0		155		155	
20	0		0		245		245	
21	0		0		280		280	
22	0		0		300		300	
23	0		0		150		150	
24	0		165		165		165	
25	0		105		105		105	
26	0		0		0		200	
27	0		0		0		320	
28	0		0		0		230	
29	0		0		0		225	
30	0		0		0		355	
31	0		0		0		80	
32	0		0		0		130	
33	0		0		0		75	
34	0		0		0		185	
35	0		0		0		335	
36	0		0		0		180	
37	0		0		0		250	
38	0		0		200		200	
39	0		0		0		205	
40	0		0		0		175	
41	0		0		175		175	
42	0		0		0		130	
43	0		0		0		130	
44	0		0		0		170	
45	0		0		280		280	
46	0		0		0		250	
47	0		0		0		110	
48	0		0		0		130	
49	0		0		0		170	
50	0		0		0		260	
Store8
1	0		260		260		260	
2	0		165		165		165	
3	0		50		50		50	
4	0		95		95		95	
5	0		0		200		200	
6	0		0		140		140	
7	0		155		155		155	
8	0		0		350		350	
9	0		270		270		270	
10	0		0		160		160	
11	0		0		180		180	
12	0		145		145		145	
13	0		0		10		10	
14	0		180		180		180	
15	0		0		230		230	
16	0		0		145		145	
17	0		0		170		170	
18	0		0		240		240	
19	0		0		150		150	
20	0		340		340		340	
21	0		0		245		245	
22	0		320		320		320	
23	0		0		175		175	
24	0		190		190		190	
25	0		0		85		85	
26	0		0		0		255	
27	0		0		0		90	
28	0		0		0		245	
29	0		0		0		190	
30	0		0		0		125	
31	0		0		0		330	
32	0		0		0		200	
33	0		0		0		65	
34	0		0		0		180	
35	0		0		0		135	
36	0		0		0		165	
37	0		0		195		195	
38	0		0		210		210	
39	0		0		0		75	
40	0		0		0		265	
41	0		0		0		45	
42	0		0		0		160	
43	0		0		0		205	
44	0		0		145		145	
45	0		0		0		200	
46	0		0		0		150	
47	0		0		0		315	
48	0		0		0		220	
49	0		0		0		170	
50	0		0		0		135	
Store9
1	0		0		275		275	
2	0		355		355		355	
3	0		0		280		280	
4	0		285		285		285	
5	0		30		30		30	
6	0		115		115		115	
7	0		0		135		135	
8	0		310		310		310	
9	0		85		85		85	
10	0		0		180		180	
11	0		0		240		240	
12	0		0		300		300	
13	0		135		135		135	
14	0		120		120		120	
15	0		0		130		130	
16	0		0		250		250	
17	0		140		140		140	
18	0		0		260		260	
19	0		0		55		55	
20	0		0		275		275	
21	0		0		215		215	
22	0		135		135		135	
23	0		165		165		165	
24	0		0		100		100	
25	0		0		245		245	
26	0		0		0		200	
27	0		0		0		335	
28	0		0		0		55	
29	0		0		0		155	
30	0		0		0		100	
31	0		0		0		330	
32	0		0		180		180	
33	0		0		0		300	
34	0		0		130		130	
35	0		0		0		320	
36	0		0		0		115	
37	0		0		140		140	
38	0		0		105		105	
39	0		0		0		300	
40	0		0		0		135	
41	0		0		0		85	
42	0		0		0		160	
43	0		0		0		290	
44	0		0		0		290	
45	0		0		0		200	
46	0		0		0		255	
47	0		0		0		290	
48	0		0		0		115	
49	0		0		0		90	
50	0		0		0		190	
Store10
1	0		0		90		90	
2	0		175		175		175	
3	0		0		75		75	
4	0		0		85		85	
5	0		0		390		390	
6	0		0		245		245	
7	0		0		110		110	
8	0		0		175		175	
9	0		100		100		100	
10	0		0		305		305	
11	0		0		305		305	
12	0		180		180		180	
13	0		0		220		220	
14	80		80		80		80	
15	0		0		135		135	
16	0		0		115		115	
17	0		70		70		70	
18	0		0		265		265	
19	0		0		350		350	
20	0		0		255		255	
21	0		0		230		230	
22	0		0		70		70	
23	0		0		110		110	
24	0		0		275		275	
25	0		0		45		45	
26	0		0		0		90	
27	0		0		0		350	
28	0		0		0		295	
29	0		0		0		155	
30	0		0		0		175	
31	0		0		0		95	
32	0		0		160		160	
33	0		0		0		250	
34	0		0		105		105	
35	0		0		0		200	
36	0		0		0		300	
37	0		0		270		270	
38	0		0		65		65	
39	0		0		0		295	
40	0		0		0		225	
41	0		0		0		160	
42	0		0		0		125	
43	0		0		0		175	
44	0		0		0		225	
45	0		0		0		185	
46	0		0		0		195	
47	0		0		105		105	
48	0		0		100		100	
49	0		0		0		240	
50	0		0		0		140	


Fashion Shipments from Vendor to Warehouse (V T):
0.1868733	1.509253	0	0	
0	0	0.7246134	0.97932	

Printing New Basic Solution:

Inbound Solution (V P T):
1	1	2	1194
1	1	5	796
1	2	2	981
1	2	5	980
1	3	2	1274
1	3	5	849
1	4	2	568
1	4	5	1324
1	5	2	199
1	5	5	1786
1	6	2	1036
1	6	5	1036
1	7	2	409
1	7	5	1636
1	8	2	1009
1	8	5	1008
1	9	2	1464
1	9	5	366
1	10	2	410
1	10	5	1637
1	11	2	835
1	11	5	1252
1	12	5	2054
1	13	2	2177
1	14	2	818
1	14	5	1225
1	15	2	753
1	15	5	1129
1	16	2	1584
1	16	5	395
2	17	3	1880
2	18	3	1958
2	19	3	2136
2	20	3	1984
2	21	3	1978
2	22	3	2000
2	23	3	1942
2	24	3	2120
2	25	3	2003
2	26	3	1886
2	27	3	2089
2	28	3	2214
2	29	3	2140
2	30	3	1900
2	31	3	2069
2	32	3	2031
3	33	1	659
3	33	5	1539
3	34	1	1604
3	34	5	402
3	35	1	1580
3	35	5	395
3	36	1	1583
3	36	5	396
3	37	1	1765
3	37	5	197
3	38	1	774
3	38	5	1163
3	39	1	1143
3	39	5	763
3	40	1	2016
3	41	1	780
3	41	5	1171
3	42	1	841
3	42	5	1263
3	43	1	1581
3	43	5	396
3	44	1	427
3	44	5	1709
3	45	1	1708
3	45	5	427
3	46	1	1177
3	46	5	786
3	47	1	577
3	47	5	1347
3	48	1	1256
3	48	5	838
3	49	1	962
3	49	5	962
3	50	1	406
3	50	5	1628


Outbound Solution(S P T):
1	1	3	67
1	1	4	48
1	1	5	42
1	2	3	93
1	2	4	52
1	2	5	39
1	3	3	78
1	3	4	88
1	3	5	53
1	4	3	108
1	4	4	68
1	4	5	52
1	5	3	119
1	5	4	97
1	5	5	38
1	6	3	49
1	6	4	76
1	6	5	41
1	7	3	52
1	7	4	89
1	7	5	36
1	8	3	114
1	8	4	61
1	8	5	40
1	9	3	83
1	9	4	59
1	9	5	54
1	10	3	96
1	10	4	63
1	10	5	29
1	11	3	93
1	11	4	114
1	11	5	57
1	12	3	59
1	12	4	64
1	12	5	30
1	13	3	61
1	13	4	98
1	13	5	16
1	14	3	90
1	14	4	86
1	14	5	51
1	15	3	69
1	15	4	104
1	15	5	37
1	16	3	56
1	16	4	40
1	16	5	20
1	17	3	71
1	17	4	103
1	17	5	34
1	18	3	116
1	18	4	104
1	18	5	37
1	19	3	45
1	19	4	87
1	19	5	37
1	20	3	39
1	20	4	90
1	20	5	39
1	21	3	92
1	21	4	27
1	21	5	57
1	22	3	104
1	22	4	59
1	22	5	50
1	23	3	95
1	23	4	69
1	23	5	22
1	24	3	87
1	24	4	42
1	24	5	45
1	25	3	65
1	25	4	96
1	25	5	33
1	26	3	55
1	26	4	109
1	26	5	21
1	27	3	68
1	27	4	81
1	27	5	106
1	28	3	74
1	28	4	44
1	28	5	83
1	29	3	95
1	29	4	91
1	29	5	25
1	30	3	116
1	30	4	56
1	30	5	40
1	31	3	81
1	31	4	45
1	31	5	93
1	32	3	25
1	32	4	78
1	32	5	51
1	33	3	70
1	33	4	112
1	33	5	59
1	34	3	105
1	34	4	83
1	34	5	45
1	35	3	97
1	35	4	70
1	35	5	41
1	36	3	85
1	36	4	77
1	36	5	48
1	37	3	98
1	37	4	76
1	37	5	49
1	38	3	74
1	38	4	75
1	38	5	49
1	39	3	59
1	39	4	91
1	39	5	32
1	40	3	101
1	40	4	100
1	40	5	42
1	41	3	52
1	41	4	69
1	41	5	25
1	42	3	92
1	42	4	81
1	42	5	28
1	43	3	89
1	43	4	96
1	43	5	42
1	44	3	77
1	44	4	59
1	44	5	49
1	45	3	88
1	45	4	115
1	45	5	39
1	46	3	87
1	46	4	96
1	46	5	51
1	47	3	85
1	47	4	34
1	47	5	42
1	48	3	54
1	48	4	91
1	48	5	61
1	49	3	78
1	49	4	52
1	49	5	28
1	50	3	102
1	50	4	94
1	50	5	18
2	1	3	38
2	1	4	106
2	1	5	102
2	2	3	51
2	2	4	102
2	2	5	62
2	3	3	45
2	3	4	119
2	3	5	91
2	4	3	26
2	4	4	16
2	4	5	130
2	5	3	25
2	5	4	111
2	5	5	54
2	6	3	28
2	6	4	79
2	6	5	110
2	7	3	38
2	7	4	81
2	7	5	59
2	8	3	38
2	8	4	119
2	8	5	126
2	9	3	5
2	9	4	87
2	9	5	59
2	10	3	51
2	10	4	56
2	10	5	59
2	11	3	30
2	11	4	81
2	11	5	85
2	12	3	34
2	12	4	74
2	12	5	79
2	13	3	55
2	13	4	103
2	13	5	109
2	14	3	44
2	14	4	78
2	14	5	106
2	15	3	47
2	15	4	30
2	15	5	76
2	16	3	72
2	16	4	51
2	16	5	93
2	17	3	24
2	17	4	51
2	17	5	70
2	18	3	15
2	18	4	78
2	18	5	81
2	19	3	42
2	19	4	105
2	19	5	91
2	20	3	27
2	20	4	82
2	20	5	81
2	21	3	15
2	21	4	72
2	21	5	53
2	22	3	64
2	22	4	63
2	22	5	58
2	23	3	42
2	23	4	64
2	23	5	44
2	24	3	55
2	24	4	75
2	24	5	100
2	25	3	55
2	25	4	69
2	25	5	89
2	26	3	3
2	26	4	73
2	26	5	55
2	27	3	38
2	27	4	108
2	27	5	86
2	28	3	65
2	28	4	97
2	28	5	107
2	29	3	47
2	29	4	44
2	29	5	72
2	30	3	43
2	30	4	81
2	30	5	94
2	31	3	30
2	31	4	85
2	31	5	36
2	32	3	30
2	32	4	84
2	32	5	88
2	33	3	50
2	33	4	101
2	33	5	95
2	34	3	26
2	34	4	85
2	34	5	78
2	35	3	28
2	35	4	15
2	35	5	75
2	36	3	24
2	36	4	77
2	36	5	68
2	37	3	54
2	37	4	63
2	37	5	89
2	38	3	34
2	38	4	87
2	38	5	81
2	39	3	53
2	39	4	74
2	39	5	59
2	40	3	43
2	40	4	96
2	40	5	90
2	41	3	49
2	41	4	92
2	41	5	78
2	42	3	52
2	42	4	95
2	42	5	115
2	43	3	39
2	43	4	111
2	43	5	74
2	44	3	21
2	44	4	81
2	44	5	118
2	45	3	12
2	45	4	57
2	45	5	72
2	46	3	50
2	46	4	99
2	46	5	78
2	47	3	26
2	47	4	95
2	47	5	96
2	48	3	65
2	48	4	86
2	48	5	105
2	49	3	69
2	49	4	103
2	49	5	47
2	50	3	24
2	50	4	77
2	50	5	46
3	1	2	143
3	1	3	58
3	1	5	33
3	2	2	122
3	2	3	82
3	2	5	63
3	3	2	142
3	3	3	78
3	3	5	20
3	4	2	108
3	4	3	28
3	4	5	23
3	5	2	115
3	5	3	26
3	5	5	48
3	6	2	98
3	6	3	39
3	6	5	55
3	7	2	82
3	7	3	26
3	7	5	30
3	8	2	110
3	8	3	27
3	8	5	47
3	9	2	118
3	9	3	49
3	9	5	55
3	10	2	157
3	10	3	23
3	10	5	79
3	11	2	111
3	11	3	43
3	11	5	42
3	12	2	101
3	12	3	54
3	12	5	51
3	13	2	109
3	13	3	51
3	13	5	35
3	14	2	50
3	14	3	23
3	14	5	57
3	15	2	101
3	15	3	42
3	15	5	22
3	16	2	149
3	16	3	41
3	16	5	44
3	17	2	90
3	17	3	33
3	17	5	42
3	18	2	156
3	18	3	39
3	18	5	66
3	19	2	147
3	19	3	12
3	19	5	55
3	20	2	126
3	20	3	37
3	20	5	38
3	21	2	145
3	21	3	45
3	21	5	52
3	22	2	104
3	22	3	55
3	22	5	36
3	23	2	134
3	23	3	14
3	23	5	45
3	24	2	113
3	24	3	24
3	24	5	35
3	25	2	152
3	25	3	38
3	25	5	68
3	26	2	127
3	26	3	35
3	26	5	37
3	27	2	106
3	27	3	54
3	27	5	63
3	28	2	112
3	28	3	24
3	28	5	42
3	29	2	115
3	29	3	60
3	29	5	36
3	30	2	70
3	30	3	32
3	30	5	40
3	31	2	113
3	31	3	74
3	31	5	14
3	32	2	130
3	32	3	57
3	32	5	53
3	33	2	95
3	33	3	46
3	33	5	44
3	34	2	92
3	34	3	35
3	34	5	47
3	35	2	70
3	35	3	27
3	35	5	34
3	36	2	121
3	36	3	28
3	36	5	43
3	37	2	144
3	37	3	69
3	37	5	21
3	38	2	124
3	38	3	44
3	38	5	47
3	39	2	107
3	39	3	48
3	39	5	44
3	40	2	114
3	40	3	67
3	40	5	21
3	41	2	89
3	41	3	40
3	41	5	49
3	42	2	145
3	42	3	42
3	42	5	60
3	43	2	157
3	43	3	38
3	43	5	61
3	44	2	134
3	44	3	57
3	44	5	40
3	45	2	171
3	45	3	35
3	45	5	61
3	46	2	116
3	46	3	41
3	46	5	34
3	47	2	99
3	47	3	43
3	47	5	50
3	48	2	101
3	48	3	44
3	48	5	58
3	49	2	153
3	49	3	19
3	49	5	22
3	50	2	100
3	50	3	26
3	50	5	69
4	1	2	46
4	1	3	77
4	1	5	89
4	2	2	43
4	2	3	105
4	2	5	81
4	3	2	72
4	3	3	95
4	3	5	105
4	4	2	39
4	4	3	77
4	4	5	62
4	5	2	50
4	5	3	50
4	5	5	84
4	6	2	10
4	6	3	50
4	6	5	95
4	7	2	54
4	7	3	116
4	7	5	44
4	8	2	57
4	8	3	73
4	8	5	71
4	9	2	63
4	9	3	61
4	9	5	52
4	10	2	13
4	10	3	123
4	10	5	65
4	11	2	43
4	11	3	78
4	11	5	52
4	12	2	60
4	12	3	67
4	12	5	72
4	13	2	35
4	13	3	56
4	13	5	85
4	14	2	66
4	14	3	104
4	14	5	89
4	15	2	23
4	15	3	102
4	15	5	72
4	16	2	31
4	16	3	76
4	16	5	92
4	17	2	33
4	17	3	69
4	17	5	77
4	18	2	40
4	18	3	62
4	18	5	53
4	19	2	60
4	19	3	64
4	19	5	69
4	20	2	43
4	20	3	44
4	20	5	67
4	21	2	32
4	21	3	116
4	21	5	118
4	22	2	8
4	22	3	70
4	22	5	73
4	23	2	40
4	23	3	96
4	23	5	85
4	24	2	74
4	24	3	91
4	24	5	75
4	25	2	35
4	25	3	78
4	25	5	60
4	26	2	37
4	26	3	79
4	26	5	72
4	27	2	55
4	27	3	85
4	27	5	72
4	28	2	59
4	28	3	154
4	28	5	100
4	29	2	34
4	29	3	86
4	29	5	82
4	30	2	32
4	30	3	78
4	30	5	106
4	31	2	54
4	31	3	60
4	31	5	137
4	32	2	38
4	32	3	92
4	32	5	110
4	33	2	48
4	33	3	101
4	33	5	88
4	34	2	47
4	34	3	49
4	34	5	70
4	35	2	50
4	35	3	110
4	35	5	54
4	36	2	42
4	36	3	81
4	36	5	117
4	37	2	54
4	37	3	57
4	37	5	79
4	38	2	46
4	38	3	62
4	38	5	54
4	39	2	60
4	39	3	59
4	39	5	71
4	40	2	46
4	40	3	70
4	40	5	96
4	41	2	37
4	41	3	72
4	41	5	113
4	42	2	31
4	42	3	72
4	42	5	100
4	43	2	41
4	43	3	54
4	43	5	79
4	44	2	70
4	44	3	59
4	44	5	68
4	45	2	36
4	45	3	85
4	45	5	102
4	46	2	41
4	46	3	82
4	46	5	100
4	47	2	35
4	47	3	58
4	47	5	38
4	48	2	40
4	48	3	106
4	48	5	55
4	49	3	47
4	49	5	91
4	50	2	32
4	50	3	97
4	50	5	85
5	1	2	58
5	1	4	61
5	1	5	52
5	2	2	78
5	2	4	40
5	2	5	55
5	3	2	60
5	3	4	44
5	3	5	35
5	4	2	77
5	4	4	82
5	4	5	28
5	5	2	58
5	5	4	60
5	5	5	26
5	6	2	79
5	6	4	101
5	6	5	53
5	7	2	92
5	7	4	64
5	7	5	22
5	8	2	17
5	8	4	123
5	8	5	51
5	9	2	89
5	9	4	28
5	9	5	32
5	10	2	84
5	10	4	113
5	10	5	50
5	11	2	101
5	11	4	61
5	11	5	38
5	12	2	142
5	12	4	76
5	12	5	38
5	13	2	78
5	13	4	115
5	13	5	50
5	14	2	98
5	14	4	58
5	14	5	58
5	15	2	97
5	15	4	60
5	15	5	35
5	16	2	54
5	16	4	75
5	16	5	62
5	17	2	40
5	17	4	87
5	17	5	40
5	18	2	82
5	18	4	59
5	18	5	46
5	19	2	106
5	19	4	117
5	19	5	51
5	20	2	70
5	20	4	78
5	20	5	23
5	21	2	68
5	21	4	72
5	21	5	33
5	22	2	90
5	22	4	52
5	22	5	56
5	23	2	78
5	23	4	78
5	23	5	5
5	24	2	95
5	24	4	127
5	24	5	29
5	25	2	73
5	25	4	113
5	25	5	21
5	26	2	56
5	26	4	68
5	26	5	29
5	27	2	89
5	27	4	96
5	27	5	32
5	28	2	107
5	28	4	110
5	28	5	15
5	29	2	72
5	29	4	62
5	29	5	60
5	30	2	93
5	30	4	70
5	30	5	50
5	31	2	71
5	31	4	86
5	31	5	66
5	32	2	76
5	32	4	82
5	32	5	32
5	33	2	82
5	33	4	81
5	33	5	35
5	34	2	62
5	34	4	85
5	34	5	25
5	35	2	107
5	35	4	115
5	35	5	20
5	36	2	82
5	36	4	63
5	36	5	41
5	37	2	75
5	37	4	60
5	37	5	61
5	38	2	78
5	38	4	96
5	38	5	24
5	39	2	104
5	39	4	58
5	39	5	35
5	40	2	92
5	40	4	89
5	40	5	38
5	41	2	96
5	41	4	92
5	41	5	32
5	42	2	74
5	42	4	75
5	42	5	8
5	43	2	90
5	43	4	21
5	43	5	34
5	44	2	97
5	44	4	92
5	44	5	18
5	45	2	66
5	45	4	108
5	45	5	56
5	46	2	110
5	46	4	73
5	46	5	48
5	47	2	78
5	47	4	104
5	47	5	48
5	48	2	76
5	48	4	42
5	48	5	43
5	49	2	109
5	49	4	79
5	49	5	46
5	50	2	112
5	50	4	109
5	50	5	39
6	1	2	119
6	1	3	57
6	1	5	44
6	2	2	130
6	2	3	34
6	2	5	14
6	3	2	119
6	3	3	42
6	3	5	22
6	4	2	84
6	4	3	16
6	4	5	44
6	5	2	138
6	5	3	45
6	5	5	35
6	6	2	157
6	6	3	39
6	6	5	42
6	7	2	160
6	7	3	55
6	7	5	58
6	8	2	140
6	8	3	46
6	8	5	28
6	9	2	102
6	9	3	37
6	9	5	63
6	10	2	87
6	10	3	18
6	10	5	44
6	11	2	161
6	11	3	73
6	11	5	41
6	12	2	142
6	12	3	34
6	12	5	84
6	13	2	111
6	13	3	58
6	13	5	48
6	14	2	113
6	14	3	66
6	14	5	12
6	15	2	121
6	15	3	38
6	15	5	48
6	16	2	185
6	16	3	5
6	16	5	40
6	17	2	82
6	17	3	49
6	17	5	3
6	18	2	120
6	18	3	44
6	18	5	22
6	19	2	111
6	19	3	50
6	19	5	71
6	20	2	87
6	20	3	69
6	20	5	45
6	21	2	92
6	21	3	33
6	21	5	57
6	22	2	115
6	22	3	37
6	22	5	35
6	23	2	140
6	23	3	51
6	23	5	43
6	24	2	137
6	24	3	24
6	24	5	66
6	25	2	109
6	25	3	52
6	25	5	30
6	26	2	118
6	26	3	51
6	26	5	23
6	27	2	140
6	27	3	53
6	27	5	35
6	28	2	89
6	28	3	43
6	28	5	31
6	29	2	156
6	29	3	33
6	29	5	61
6	30	2	147
6	30	3	21
6	30	5	34
6	31	2	146
6	31	3	20
6	31	5	66
6	32	2	118
6	32	3	53
6	32	5	73
6	33	2	106
6	33	3	60
6	33	5	41
6	34	2	156
6	34	3	31
6	34	5	68
6	35	2	104
6	35	3	55
6	35	5	34
6	36	2	51
6	36	3	34
6	36	5	36
6	37	2	176
6	37	3	57
6	37	5	27
6	38	2	138
6	38	3	46
6	38	5	49
6	39	2	127
6	39	3	5
6	39	5	51
6	40	2	65
6	40	3	47
6	40	5	5
6	41	2	116
6	41	3	45
6	41	5	27
6	42	2	143
6	42	3	35
6	42	5	56
6	43	2	82
6	43	3	35
6	43	5	65
6	44	2	126
6	44	3	66
6	44	5	11
6	45	2	83
6	45	3	36
6	45	5	38
6	46	2	119
6	46	3	28
6	46	5	18
6	47	2	118
6	47	3	43
6	47	5	46
6	48	2	187
6	48	3	49
6	48	5	29
6	49	2	97
6	49	3	14
6	49	5	47
6	50	2	99
6	50	3	30
6	50	5	47
7	1	3	108
7	1	5	41
7	2	3	172
7	2	5	2
7	3	3	201
7	3	5	6
7	4	3	154
7	4	5	36
7	5	3	172
7	5	5	35
7	6	3	179
7	6	5	47
7	7	3	190
7	7	5	45
7	8	3	112
7	8	5	22
7	9	3	150
7	9	5	3
7	10	3	181
7	10	5	60
7	11	3	97
7	11	5	58
7	12	3	189
7	12	5	42
7	13	3	226
7	13	5	27
7	14	3	179
7	14	5	39
7	15	3	168
7	15	5	41
7	16	3	143
7	16	5	52
7	17	3	164
7	17	5	54
7	18	3	112
7	18	5	9
7	19	3	207
7	19	5	69
7	20	3	211
7	20	5	42
7	21	3	173
7	21	5	41
7	22	3	167
7	22	5	44
7	23	3	132
7	23	5	25
7	24	3	178
7	24	5	23
7	25	3	155
7	25	5	37
7	26	3	152
7	26	5	8
7	27	3	137
7	27	5	41
7	28	3	127
7	28	5	54
7	29	3	180
7	29	5	41
7	30	3	184
7	30	5	14
7	31	3	125
7	31	5	38
7	32	3	133
7	32	5	59
7	33	3	196
7	33	5	67
7	34	3	122
7	34	5	42
7	35	3	196
7	35	5	70
7	36	3	165
7	36	5	38
7	37	3	97
7	37	5	23
7	38	3	120
7	38	5	43
7	39	3	176
7	39	5	28
7	40	3	152
7	40	5	53
7	41	3	144
7	41	5	45
7	42	3	158
7	42	5	31
7	43	3	153
7	43	5	51
7	44	3	163
7	44	5	25
7	45	3	196
7	45	5	34
7	46	3	79
7	46	5	26
7	47	3	145
7	47	5	25
7	48	3	143
7	48	5	66
7	49	3	164
7	49	5	40
7	50	3	180
7	50	5	34
8	1	3	45
8	1	4	111
8	1	5	64
8	2	3	25
8	2	4	96
8	2	5	56
8	3	3	43
8	3	4	115
8	3	5	21
8	4	3	11
8	4	4	95
8	4	5	56
8	5	3	37
8	5	4	88
8	5	5	42
8	6	3	31
8	6	4	118
8	6	5	56
8	7	3	24
8	7	4	125
8	7	5	16
8	8	3	52
8	8	4	103
8	8	5	42
8	9	3	33
8	9	4	86
8	9	5	42
8	10	3	51
8	10	4	105
8	10	5	29
8	11	3	51
8	11	4	115
8	11	5	40
8	12	3	37
8	12	4	121
8	12	5	51
8	13	3	35
8	13	4	134
8	13	5	26
8	14	3	37
8	14	4	124
8	14	5	36
8	15	3	47
8	15	4	138
8	15	5	16
8	16	3	38
8	16	4	100
8	16	5	36
8	17	3	39
8	17	4	130
8	17	5	40
8	18	3	7
8	18	4	155
8	18	5	40
8	19	3	54
8	19	4	90
8	19	5	66
8	20	3	15
8	20	4	164
8	20	5	33
8	21	3	75
8	21	4	114
8	21	5	17
8	22	3	41
8	22	4	118
8	22	5	30
8	23	3	59
8	23	4	98
8	23	5	31
8	24	3	36
8	24	4	115
8	25	3	49
8	25	4	128
8	25	5	61
8	26	3	10
8	26	4	128
8	26	5	30
8	27	3	27
8	27	4	77
8	27	5	44
8	28	3	39
8	28	4	129
8	28	5	56
8	29	3	60
8	29	4	131
8	29	5	30
8	30	3	36
8	30	4	169
8	30	5	30
8	31	3	42
8	31	4	128
8	31	5	57
8	32	3	70
8	32	4	76
8	32	5	39
8	33	3	36
8	33	4	153
8	33	5	44
8	34	3	37
8	34	4	146
8	34	5	60
8	35	3	45
8	35	4	104
8	35	5	32
8	36	3	38
8	36	4	78
8	36	5	50
8	37	3	55
8	37	4	100
8	37	5	43
8	38	3	41
8	38	4	145
8	38	5	52
8	39	3	55
8	39	4	109
8	39	5	39
8	40	3	10
8	40	4	98
8	40	5	14
8	41	3	43
8	41	4	90
8	41	5	31
8	42	3	42
8	42	4	100
8	42	5	38
8	43	3	49
8	43	4	112
8	43	5	37
8	44	3	50
8	44	4	97
8	44	5	36
8	45	3	54
8	45	4	143
8	45	5	36
8	46	3	14
8	46	4	92
8	46	5	6
8	47	3	48
8	47	4	85
8	47	5	41
8	48	3	42
8	48	4	107
8	48	5	33
8	49	3	21
8	49	4	83
8	49	5	36
8	50	3	9
8	50	4	153
8	50	5	37
9	1	3	61
9	1	5	97
9	2	3	82
9	2	5	94
9	3	3	87
9	3	5	157
9	4	3	39
9	4	5	165
9	5	3	128
9	5	5	122
9	6	3	98
9	6	5	101
9	7	3	94
9	7	5	165
9	8	3	37
9	8	5	150
9	9	3	91
9	9	5	106
9	10	3	71
9	10	5	145
9	11	3	87
9	11	5	137
9	12	3	44
9	12	5	89
9	13	3	45
9	13	5	154
9	14	3	51
9	14	5	167
9	15	3	5
9	15	5	128
9	16	3	83
9	16	5	114
9	17	3	100
9	17	5	167
9	18	3	66
9	18	5	118
9	19	3	84
9	19	5	72
9	20	3	55
9	20	5	153
9	21	3	62
9	21	5	82
9	22	3	82
9	22	5	127
9	23	3	109
9	23	5	114
9	24	3	84
9	24	5	155
9	25	3	89
9	25	5	68
9	26	3	101
9	26	5	167
9	27	3	83
9	27	5	123
9	28	3	89
9	28	5	106
9	29	3	73
9	29	5	169
9	30	3	24
9	30	5	110
9	31	3	76
9	31	5	122
9	32	3	124
9	32	5	72
9	33	3	79
9	33	5	123
9	34	3	56
9	34	5	146
9	35	3	77
9	35	5	80
9	36	3	110
9	36	5	175
9	37	3	69
9	37	5	141
9	38	3	94
9	38	5	81
9	39	3	89
9	39	5	101
9	40	3	108
9	40	5	91
9	41	3	84
9	41	5	137
9	42	3	79
9	42	5	166
9	43	3	44
9	43	5	134
9	44	3	82
9	44	5	180
9	45	3	111
9	45	5	104
9	46	3	101
9	46	5	175
9	47	3	77
9	47	5	113
9	48	3	90
9	48	5	154
9	49	3	81
9	49	5	160
9	50	3	74
9	50	5	131
10	1	3	37
10	1	4	153
10	1	5	33
10	2	3	42
10	2	4	98
10	2	5	48
10	3	3	55
10	3	4	88
10	3	5	42
10	4	3	79
10	4	4	150
10	4	5	39
10	5	3	24
10	5	4	117
10	5	5	41
10	6	3	64
10	6	4	134
10	6	5	43
10	7	3	48
10	7	4	147
10	7	5	33
10	8	3	46
10	8	4	124
10	8	5	41
10	9	3	12
10	9	4	139
10	9	5	72
10	10	3	56
10	10	4	104
10	10	5	35
10	11	3	38
10	11	4	121
10	11	5	39
10	12	3	36
10	12	4	138
10	12	5	46
10	13	3	66
10	13	4	139
10	13	5	52
10	14	3	70
10	14	4	51
10	14	5	40
10	15	3	34
10	15	4	134
10	15	5	47
10	16	3	69
10	16	4	112
10	16	5	46
10	17	3	17
10	17	4	134
10	17	5	37
10	18	3	61
10	18	4	115
10	18	5	55
10	19	3	44
10	19	4	105
10	19	5	25
10	20	3	56
10	20	4	122
10	20	5	48
10	21	3	41
10	21	4	136
10	21	5	58
10	22	3	61
10	22	4	145
10	22	5	56
10	23	3	72
10	23	4	125
10	23	5	32
10	24	3	25
10	24	4	169
10	24	5	41
10	25	3	66
10	25	4	89
10	25	5	25
10	26	3	65
10	26	4	137
10	26	5	40
10	27	3	39
10	27	4	114
10	27	5	37
10	28	3	55
10	28	4	178
10	28	5	25
10	29	3	50
10	29	4	129
10	29	5	46
10	30	3	47
10	30	4	62
10	30	5	21
10	31	3	22
10	31	4	160
10	31	5	22
10	32	3	44
10	32	4	94
10	32	5	50
10	33	3	43
10	33	4	109
10	33	5	34
10	34	3	36
10	34	4	117
10	34	5	55
10	35	3	58
10	35	4	143
10	35	5	64
10	36	3	16
10	36	4	156
10	36	5	35
10	37	3	39
10	37	4	67
10	37	5	19
10	38	3	19
10	38	4	68
10	38	5	66
10	39	4	135
10	39	5	37
10	40	3	76
10	40	4	131
10	40	5	61
10	41	3	61
10	41	4	113
10	41	5	30
10	42	3	33
10	42	4	120
10	42	5	33
10	43	3	58
10	43	4	86
10	43	5	45
10	44	3	38
10	44	4	180
10	44	5	42
10	45	3	46
10	45	4	123
10	45	5	28
10	46	3	35
10	46	4	108
10	46	5	56
10	47	3	52
10	47	4	163
10	47	5	37
10	48	3	37
10	48	4	95
10	48	5	35
10	49	3	49
10	49	4	117
10	49	5	72
10	50	3	35
10	50	4	135
10	50	5	40


Warehouse Inventory (W P T):
1	199		199		1027		479		0		199	
2	466		466		1074		388		0		466	
3	297		297		1178		454		0		297	
4	689		689		949		411		0		689	
5	1261		1261		1099		473		0		1261	
6	393		393		1085		508		0		393	
7	1128		1128		1149		506		0		1128	
8	390		390		1075		530		0		390	
9	0		0		1092		571		172		0	
10	1042		1042		1111		441		0		1042	
11	663		663		1082		492		0		663	
12	1472		1472		1027		473		0		1472	
13	0		0		1844		1191		602		0	
14	570		570		1061		397		0		570	
15	607		607		1018		466		0		607	
16	0		0		1165		582		204		0	
17	245		245		0		1314		809		245	
18	398		398		0		1436		925		398	
19	424		424		0		1534		1030		424	
20	326		326		0		1431		895		326	
21	337		337		0		1326		905		337	
22	317		317		0		1319		882		317	
23	392		392		0		1272		838		392	
24	419		419		0		1516		988		419	
25	369		369		0		1356		861		369	
26	338		338		0		1335		820		338	
27	390		390		0		1505		1029		390	
28	367		367		0		1544		986		367	
29	377		377		0		1456		999		377	
30	342		342		0		1319		881		342	
31	384		384		0		1539		1035		384	
32	362		362		0		1403		989		362	
33	909		1568		1237		556		0		909	
34	0		1604		1247		750		234		0	
35	0		1580		1249		556		109		0	
36	0		1583		1287		706		255		0	
37	0		1765		1316		721		355		0	
38	617		1391		1005		471		0		617	
39	266		1409		1011		467		0		266	
40	0		2016		1699		1025		511		0	
41	604		1384		1046		456		0		604	
42	628		1469		1076		471		0		628	
43	0		1581		1211		652		226		0	
44	1122		1549		1122		509		0		1122	
45	0		1708		1352		689		143		0	
46	194		1371		985		468		0		194	
47	811		1388		1058		481		0		811	
48	199		1455		1051		421		0		199	
49	373		1335		976		434		0		373	
50	1082		1488		1145		568		0		1082	

Store Inventory (S P T):
Store1
1	65		33		0		32		65		65	
2	92		34		0		58		92		92	
3	90		47		0		43		90		90	
4	67		31		0		36		67		67	
5	105		46		0		59		105		105	
6	72		31		0		41		72		72	
7	58		42		0		16		58		58	
8	74		26		0		48		74		74	
9	76		50		0		26		76		76	
10	70		33		0		37		70		70	
11	114		56		0		58		114		114	
12	89		30		0		59		89		89	
13	76		46		0		30		76		76	
14	82		40		0		42		82		82	
15	123		63		0		60		123		123	
16	47		15		0		32		47		47	
17	89		50		0		39		89		89	
18	83		37		0		46		83		83	
19	46		44		0		2		46		46	
20	72		44		0		28		72		72	
21	66		16		0		50		66		66	
22	82		31		0		51		82		82	
23	58		30		0		28		58		58	
24	86		42		0		44		86		86	
25	74		45		0		29		74		74	
26	58		33		0		25		58		58	
27	61		22		0		39		61		61	
28	38		0		0		38		38		38	
29	87		34		0		53		87		87	
30	65		19		0		46		65		65	
31	40		4		0		36		40		40	
32	47		45		0		2		47		47	
33	67		50		0		17		67		67	
34	92		35		0		57		92		92	
35	63		28		0		35		63		63	
36	94		55		0		39		94		94	
37	84		26		0		58		84		84	
38	71		42		0		29		71		71	
39	78		36		0		42		78		78	
40	86		45		0		41		86		86	
41	52		28		0		24		52		52	
42	83		43		0		40		83		83	
43	82		52		0		30		82		82	
44	89		43		0		46		89		89	
45	121		68		0		53		121		121	
46	81		57		0		24		81		81	
47	69		26		0		43		69		69	
48	95		62		0		33		95		95	
49	53		28		0		25		53		53	
50	119		66		0		53		119		119	
Store2
1	131		74		0		0		74		131	
2	54		43		0		0		43		54	
3	88		51		0		0		51		88	
4	96		16		0		0		16		96	
5	69		44		0		0		44		69	
6	57		27		0		0		27		57	
7	68		44		0		0		44		68	
8	100		45		0		0		45		100	
9	57		48		0		0		48		57	
10	65		36		0		0		36		65	
11	51		23		0		0		23		51	
12	95		50		0		0		50		95	
13	117		39		0		0		39		117	
14	85		42		0		0		42		85	
15	62		21		0		0		21		62	
16	79		24		0		0		24		79	
17	50		29		0		0		29		50	
18	62		33		0		0		33		62	
19	97		49		0		0		49		97	
20	57		17		0		0		17		57	
21	58		32		0		0		32		58	
22	52		20		0		0		20		52	
23	52		27		0		0		27		52	
24	72		21		0		0		21		72	
25	96		25		0		0		25		96	
26	49		31		0		0		31		49	
27	95		57		0		0		57		95	
28	97		50		0		0		50		97	
29	74		38		0		0		38		74	
30	92		33		0		0		33		92	
31	88		53		0		0		53		88	
32	65		36		0		0		36		65	
33	85		31		0		0		31		85	
34	69		21		0		0		21		69	
35	55		0		0		0		0		55	
36	65		30		0		0		30		65	
37	42		29		0		0		29		42	
38	95		50		0		0		50		95	
39	52		40		0		0		40		52	
40	95		52		0		0		52		95	
41	73		37		0		0		37		73	
42	73		32		0		0		32		73	
43	56		56		0		0		56		56	
44	121		51		0		0		51		121	
45	94		48		0		0		48		94	
46	112		54		0		0		54		112	
47	90		39		0		0		39		90	
48	92		42		0		0		42		92	
49	100		53		0		0		53		100	
50	79		55		0		0		55		79	
Store3
1	42		0		104		104		42		42	
2	48		0		73		73		48		48	
3	33		0		91		91		33		33	
4	25		0		63		63		25		25	
5	49		0		70		70		49		49	
6	16		0		52		52		16		16	
7	26		0		51		51		26		26	
8	40		0		70		70		40		40	
9	47		0		94		94		47		47	
10	63		0		83		83		63		63	
11	39		0		55		55		39		39	
12	37		0		52		52		37		37	
13	38		0		77		77		38		38	
14	34		0		50		50		34		34	
15	44		0		57		57		44		44	
16	56		0		103		103		56		56	
17	20		0		54		54		20		20	
18	39		0		103		103		39		39	
19	70		0		125		125		70		70	
20	31		0		70		70		31		31	
21	57		0		92		92		57		57	
22	40		0		84		84		40		40	
23	39		0		78		78		39		39	
24	40		0		67		67		40		40	
25	36		0		85		85		36		36	
26	35		0		87		87		35		35	
27	23		0		61		61		23		23	
28	22		0		59		59		22		22	
29	45		0		94		94		45		45	
30	0		0		16		16		0		0	
31	45		0		68		68		45		45	
32	20		0		95		95		20		20	
33	46		0		79		79		46		46	
34	11		0		52		52		11		11	
35	7		0		38		38		7		7	
36	66		0		98		98		66		66	
37	51		0		98		98		51		51	
38	36		0		84		84		36		36	
39	39		0		84		84		39		39	
40	34		0		64		64		34		34	
41	40		0		69		69		40		40	
42	41		0		107		107		41		41	
43	70		0		113		113		70		70	
44	31		0		71		71		31		31	
45	66		0		116		116		66		66	
46	43		0		93		93		43		43	
47	48		0		60		60		48		48	
48	38		0		64		64		38		38	
49	44		0		107		107		44		44	
50	44		0		89		89		44		44	
Store4
1	55		0		0		35		0		55	
2	50		0		0		56		0		50	
3	62		0		0		36		0		62	
4	52		0		0		34		0		52	
5	52		0		0		14		0		52	
6	60		0		0		14		0		60	
7	39		0		0		91		0		39	
8	35		0		0		33		0		35	
9	52		0		0		22		0		52	
10	22		0		0		55		0		22	
11	21		0		0		13		0		21	
12	28		0		0		38		0		28	
13	50		0		0		29		0		50	
14	26		0		0		69		0		26	
15	35		0		0		31		0		35	
16	50		0		0		53		0		50	
17	45		0		0		22		0		45	
18	27		0		0		34		0		27	
19	51		0		0		25		0		51	
20	39		0		0		16		0		39	
21	51		0		0		59		0		51	
22	55		0		0		43		0		55	
23	44		0		0		32		0		44	
24	66		0		0		71		0		66	
25	20		0		0		40		0		20	
26	34		0		0		37		0		34	
27	31		0		0		34		0		31	
28	33		0		0		78		0		33	
29	39		0		0		48		0		39	
30	39		0		0		35		0		39	
31	56		0		0		25		0		56	
32	60		0		0		54		0		60	
33	45		0		0		45		0		45	
34	36		0		0		11		0		36	
35	12		0		0		42		0		12	
36	68		0		0		50		0		68	
37	46		0		0		4		0		46	
38	39		0		0		30		0		39	
39	35		0		0		36		0		35	
40	59		0		0		28		0		59	
41	56		0		0		43		0		56	
42	63		0		0		28		0		63	
43	22		0		0		36		0		22	
44	31		0		0		20		0		31	
45	42		0		0		39		0		42	
46	52		0		0		34		0		52	
47	38		0		0		23		0		38	
48	35		0		0		49		0		35	
49	62		0		0		24		0		62	
50	54		0		0		68		0		54	
Store5
1	43		0		18		0		43		43	
2	21		0		42		0		21		21	
3	13		0		27		0		13		13	
4	48		0		52		0		48		48	
5	19		0		39		0		19		19	
6	51		0		30		0		51		51	
7	18		0		21		0		18		18	
8	70		0		17		0		70		70	
9	11		0		30		0		11		11	
10	65		0		48		0		65		65	
11	37		0		33		0		37		37	
12	36		0		78		0		36		36	
13	76		0		48		0		76		76	
14	21		0		66		0		21		21	
15	39		0		54		0		39		39	
16	47		0		24		0		47		47	
17	32		0		24		0		32		32	
18	26		0		39		0		26		26	
19	49		0		53		0		49		49	
20	44		0		37		0		44		44	
21	16		0		41		0		16		16	
22	25		0		60		0		25		25	
23	39		0		36		0		39		39	
24	71		0		54		0		71		71	
25	60		0		33		0		60		60	
26	25		0		38		0		25		25	
27	39		0		44		0		39		39	
28	41		0		65		0		41		41	
29	39		0		42		0		39		39	
30	15		0		61		0		15		15	
31	43		0		40		0		43		43	
32	41		0		52		0		41		41	
33	29		0		28		0		29		29	
34	49		0		44		0		49		49	
35	74		0		54		0		74		74	
36	39		0		49		0		39		39	
37	49		0		50		0		49		49	
38	26		0		18		0		26		26	
39	21		0		44		0		21		21	
40	34		0		49		0		34		34	
41	41		0		60		0		41		41	
42	35		0		28		0		35		35	
43	17		0		39		0		17		17	
44	39		0		40		0		39		39	
45	46		0		34		0		46		46	
46	42		0		49		0		42		42	
47	69		0		28		0		69		69	
48	5		0		36		0		5		5	
49	44		0		42		0		44		44	
50	56		0		62		0		56		56	
Store6
1	35		0		85		85		35		35	
2	57		0		85		85		57		57	
3	41		0		72		72		41		41	
4	27		0		53		53		27		27	
5	60		0		94		94		60		60	
6	42		0		99		99		42		42	
7	42		0		100		100		42		42	
8	49		0		83		83		49		49	
9	54		0		92		92		54		54	
10	38		0		74		74		38		38	
11	68		0		118		118		68		68	
12	21		0		90		90		21		21	
13	53		0		95		95		53		53	
14	16		0		49		49		16		16	
15	40		0		90		90		40		40	
16	69		0		136		136		69		69	
17	43		0		80		80		43		43	
18	33		0		81		81		33		33	
19	29		0		79		79		29		29	
20	14		0		57		57		14		14	
21	34		0		54		54		34		34	
22	37		0		83		83		37		37	
23	45		0		69		69		45		45	
24	45		0		104		104		45		45	
25	28		0		63		63		28		28	
26	42		0		64		64		42		42	
27	60		0		109		109		60		60	
28	21		0		40		40		21		21	
29	42		0		105		105		42		42	
30	38		0		98		98		38		38	
31	55		0		105		105		55		55	
32	38		0		68		68		38		38	
33	32		0		67		67		32		32	
34	37		0		117		117		37		37	
35	26		0		63		63		26		26	
36	11		0		23		23		11		11	
37	72		0		109		109		72		72	
38	34		0		100		100		34		34	
39	59		0		99		99		59		59	
40	28		0		28		28		28		28	
41	32		0		80		80		32		32	
42	54		0		125		125		54		54	
43	23		0		45		45		23		23	
44	49		0		90		90		49		49	
45	37		0		64		64		37		37	
46	16		0		84		84		16		16	
47	28		0		78		78		28		28	
48	69		0		126		126		69		69	
49	50		0		90		90		50		50	
50	25		0		71		71		25		25	
Store7
1	47		31		0		89		47		47	
2	85		43		0		127		85		85	
3	101		42		0		150		101		101	
4	88		38		0		102		88		88	
5	96		58		0		137		96		96	
6	77		25		0		125		77		77	
7	91		17		0		132		91		91	
8	72		36		0		73		72		72	
9	73		34		0		106		73		73	
10	100		48		0		136		100		100	
11	68		36		0		93		68		68	
12	105		70		0		147		105		105	
13	127		55		0		185		127		127	
14	115		49		0		137		115		115	
15	98		61		0		121		98		98	
16	62		46		0		83		62		62	
17	88		48		0		125		88		88	
18	39		24		0		65		39		39	
19	99		45		0		162		99		99	
20	93		43		0		139		93		93	
21	79		57		0		121		79		79	
22	52		32		0		110		52		52	
23	36		8		0		74		36		36	
24	49		8		0		116		49		49	
25	87		49		0		125		87		87	
26	63		35		0		119		63		63	
27	54		28		0		91		54		54	
28	79		56		0		100		79		79	
29	94		35		0		143		94		94	
30	108		48		0		161		108		108	
31	67		25		0		101		67		67	
32	79		48		0		118		79		79	
33	94		79		0		148		94		94	
34	50		15		0		85		50		50	
35	93		50		0		145		93		93	
36	106		72		0		129		106		106	
37	49		10		0		70		49		49	
38	88		50		0		97		88		88	
39	72		36		0		103		72		72	
40	42		11		0		101		42		42	
41	79		46		0		107		79		79	
42	106		53		0		158		106		106	
43	77		47		0		118		77		77	
44	88		39		0		131		88		88	
45	96		58		0		131		96		96	
46	24		11		0		59		24		24	
47	74		37		0		108		74		74	
48	81		31		0		116		81		81	
49	66		14		0		122		66		66	
50	113		45		0		155		113		113	
Store8
1	64		32		0		0		64		64	
2	53		52		0		0		53		53	
3	75		50		0		0		75		75	
4	65		24		0		0		65		65	
5	49		26		0		0		49		49	
6	90		42		0		0		90		90	
7	94		57		0		0		94		94	
8	75		38		0		0		75		75	
9	73		27		0		0		73		73	
10	80		39		0		0		80		80	
11	56		30		0		0		56		56	
12	93		71		0		0		93		93	
13	102		61		0		0		102		102	
14	67		33		0		0		67		67	
15	92		49		0		0		92		92	
16	70		39		0		0		70		70	
17	73		47		0		0		73		73	
18	120		59		0		0		120		120	
19	69		34		0		0		69		69	
20	110		44		0		0		110		110	
21	101		33		0		0		101		101	
22	74		33		0		0		74		74	
23	67		43		0		0		67		67	
24	73		42		0		0		73		73	
25	70		41		0		0		70		70	
26	74		49		0		0		74		74	
27	40		29		0		0		40		40	
28	88		37		0		0		88		88	
29	89		30		0		0		89		89	
30	112		53		0		0		112		112	
31	90		60		0		0		90		90	
32	42		16		0		0		42		42	
33	117		51		0		0		117		117	
34	109		49		0		0		109		109	
35	74		41		0		0		74		74	
36	48		19		0		0		48		48	
37	50		31		0		0		50		50	
38	113		76		0		0		113		113	
39	54		17		0		0		54		54	
40	68		27		0		0		68		68	
41	27		9		0		0		27		27	
42	74		22		0		0		74		74	
43	47		30		0		0		47		47	
44	78		36		0		0		78		78	
45	96		64		0		0		96		96	
46	52		33		0		0		52		52	
47	40		0		0		0		40		40	
48	71		39		0		0		71		71	
49	50		22		0		0		50		50	
50	107		49		0		0		107		107	
Store9
1	75		22		3		22		0		75	
2	42		42		19		42		0		42	
3	103		71		35		71		0		103	
4	106		67		56		67		0		106	
5	111		73		0		73		46		111	
6	93		54		0		54		28		93	
7	112		48		0		48		9		112	
8	113		51		21		51		0		113	
9	93		44		0		44		19		93	
10	108		63		47		63		0		108	
11	97		49		0		49		0		97	
12	65		22		0		22		22		65	
13	120		45		8		45		0		120	
14	111		40		9		40		0		111	
15	83		45		40		45		0		83	
16	82		34		0		34		16		82	
17	116		51		19		51		0		116	
18	80		44		11		44		0		80	
19	66		37		0		37		14		66	
20	119		50		35		50		0		119	
21	72		45		0		45		24		72	
22	77		48		31		48		0		77	
23	116		79		0		79		43		116	
24	110		47		0		47		6		110	
25	53		41		3		41		0		53	
26	109		57		1		57		0		109	
27	83		60		32		60		0		83	
28	104		62		0		62		34		104	
29	116		68		28		68		0		116	
30	89		27		25		27		0		89	
31	77		55		15		55		0		77	
32	48		47		0		47		18		48	
33	103		52		0		52		11		103	
34	86		44		24		44		0		86	
35	42		30		5		30		0		42	
36	133		67		0		67		8		133	
37	95		50		29		50		0		95	
38	86		43		0		43		5		86	
39	49		48		1		48		0		49	
40	85		68		0		68		39		85	
41	84		57		30		57		0		84	
42	124		59		39		59		0		124	
43	82		25		0		25		17		82	
44	119		56		28		56		0		119	
45	88		67		0		67		11		88	
46	103		46		6		46		0		103	
47	97		66		0		66		15		97	
48	94		62		11		62		0		94	
49	114		59		34		59		0		114	
50	72		62		26		62		0		72	
Store10
1	114		59		0		0		114		114	
2	77		49		0		0		77		77	
3	66		25		0		0		66		66	
4	99		50		0		0		99		99	
5	72		43		0		0		72		72	
6	71		27		0		0		71		71	
7	77		27		0		0		77		77	
8	83		40		0		0		83		83	
9	111		64		0		0		111		111	
10	56		46		0		0		56		56	
11	50		28		0		0		50		50	
12	64		38		0		0		64		64	
13	106		68		0		0		106		106	
14	44		27		0		0		44		44	
15	86		74		0		0		86		86	
16	69		60		0		0		69		69	
17	84		44		0		0		84		84	
18	89		31		0		0		89		89	
19	39		23		0		0		39		39	
20	69		14		0		0		69		69	
21	79		38		0		0		79		79	
22	89		55		0		0		89		89	
23	50		29		0		0		50		50	
24	110		79		0		0		110		110	
25	43		28		0		0		43		43	
26	99		46		0		0		99		99	
27	81		8		0		0		81		81	
28	106		46		0		0		106		106	
29	106		53		0		0		106		106	
30	44		38		0		0		44		44	
31	97		41		0		0		97		97	
32	71		18		0		0		71		71	
33	81		41		0		0		81		81	
34	64		42		0		0		64		64	
35	111		60		0		0		111		111	
36	87		50		0		0		87		87	
37	26		13		0		0		26		26	
38	10		9		0		0		10		10	
39	96		52		0		0		96		96	
40	61		47		0		0		61		61	
41	105		39		0		0		105		105	
42	108		45		0		0		108		108	
43	62		39		0		0		62		62	
44	146		69		0		0		146		146	
45	56		54		0		0		56		56	
46	79		43		0		0		79		79	
47	104		53		0		0		104		104	
48	47		27		0		0		47		47	
49	63		25		0		0		63		63	
50	93		47		0		0		93		93	


Shipments from Vendor to Warehouse (V T):
0	0.5543039	0	0	0.6599727	
0	0	0.9894553	0	0	
0.7713354	0	0	0	0.48489	

Shipments from Warehouse to Stores (S T):
1	3	0.230808
1	4	0.2413067
1	5	0.2390173
2	3	0.1163167
2	4	0.317364
2	5	0.2723886
3	2	0.20702
3	3	0.1394067
3	4	0.1100133
3	5	0.2543413
4	2	0.07850668
4	3	0.161984
4	4	0.18613
4	5	0.2938467
5	2	0.1408793
5	3	0.05044334
5	4	0.276914
5	5	0.186372
6	2	0.2035934
6	3	0.1341233
6	4	0.1128033
6	5	0.2319507
7	3	0.3086247
7	4	0.1718433
7	5	0.203726
8	3	0.1349967
8	4	0.30991
8	5	0.1903633
9	3	0.197348
9	4	0.1150933
9	5	0.3709234
10	2	0.001653333
10	3	0.092314
10	4	0.378804
10	5	0.198888


Required Putaway workers (Sol T):
2	3	3	2	2	

No of required pickers (T):
0	3	6	8	9	

No of part-time putaway workers (T):
0	1	1	0	0	

No of part-time pickers (T):
0	0	0	2	3	

Best Putaway Technology: 2400
Best Picking Technology: 1000

Required Fashion Putaway Hours:
3.147917	17.54167	7.6125	13.10417	0	

Required Basic Putaway Hours:
8.682917	6.129583	13.47083	0	13.68958	

Required Total Putaway Hours:
11.83083	23.67125	21.08333	13.10417	13.68958	

No of required fashion pick hours:
0	0.615	16.195	39.36	43.205	

No of required basic pick hours:
0	18.21	30.071	23.685	28.769	

No of required total pick hours:
0	18.825	46.266	63.045	71.974	

List of all the costs: 
MHECost		444
PutawayTechCost		3540
PickingTechCost		9130
WhBasicInvCost		1625.37
BasicInbCost		6233.549
WhFashionInvCost		1509.15
FashionInbCost		10221.33
PutawayCost		3680
StoreBasicInvCost		4950.8
StoreFashionInvCost		8648.5
OutboundCost		32493.91
PickingCost		10800
Total		93276.6

List of Top5 Technologies: 
Tech1		3	6	$ 93276.6
Tech2		3	3	$ 118071.8
Tech3		3	1	$ 171985.6
Tech4		2	1	$ 206809.8
Tech5		1	1	$ 211484
The start time is 12/20/2014 12:49:25 PM
The End time is 12/20/2014 12:50:52 PM
