Results from Tech10
Putaway Technology: 1200.0
Picking Technology: 500.0

Full-Time Putaway workers: 2.0
Full-Time Picking workers: 4.0

Cost Breakdown:
	MHECost              $351.00
	PutawayTechCost      $1,060.00
	PickingTechCost      $3,195.00
	WhBasicInvCost       $526.28
	BasicInbCost         $5,813.24
	WhFashionInvCost     $1,115.30
	FashionInbCost       $7,516.98
	PutawayCost          $3,920.00
	StoreBasicInvCost    $2,918.50
	StoreFashionInvCost  $4,866.00
	OutboundCost         $15,954.04
	PickingCost          $7,600.00
	Total                $54,836.35


Printing New Fashion Solution:

Inbound Fashion Solution
1 	1 	1 	4780
1 	10 	2 	5780
1 	2 	2 	5515
1 	3 	1 	4540
1 	4 	2 	5175
1 	5 	2 	3695
1 	6 	1 	4285
1 	7 	2 	4255
1 	8 	1 	5125
1 	9 	2 	4380

Outbound Solution
1 	1 	4 	1445
1 	10 	4 	675
1 	2 	4 	1350
1 	3 	4 	530
1 	4 	4 	430
1 	5 	4 	710
1 	6 	4 	725
1 	7 	4 	880
1 	8 	4 	1135
1 	9 	4 	815
2 	1 	5 	725
2 	10 	5 	1025
2 	2 	5 	1030
2 	3 	5 	460
2 	4 	5 	1200
2 	5 	5 	1030
2 	6 	5 	1170
2 	7 	5 	440
2 	8 	5 	1060
2 	9 	5 	1070
3 	1 	2 	815
3 	10 	5 	1650
3 	2 	5 	1110
3 	3 	2 	1320
3 	4 	5 	1045
3 	5 	5 	855
3 	6 	5 	1140
3 	7 	5 	1370
3 	8 	5 	455
3 	9 	5 	1290
4 	1 	3 	1150
4 	10 	3 	1150
4 	2 	3 	1060
4 	3 	3 	1215
4 	4 	3 	1015
4 	5 	3 	380
4 	6 	3 	860
4 	7 	3 	1365
4 	8 	3 	845
4 	9 	3 	495
5 	1 	2 	645
5 	10 	4 	1280
5 	2 	4 	965
5 	3 	2 	1015
5 	4 	4 	1485
5 	5 	4 	720
5 	6 	4 	390
5 	7 	4 	200
5 	8 	2 	1630
5 	9 	4 	710

Store Inventory
Store1
1 0          0          0          1445       1445      
1 0          0          0          675        675       
1 0          0          0          1350       1350      
1 0          0          0          530        530       
1 0          0          0          430        430       
1 0          0          0          710        710       
1 0          0          0          725        725       
1 0          0          0          880        880       
1 0          0          0          1135       1135      
1 0          0          0          815        815       
Store2
1 0          0          0          0          725       
1 0          0          0          0          1025      
1 0          0          0          0          1030      
1 0          0          0          0          460       
1 0          0          0          0          1200      
1 0          0          0          0          1030      
1 0          0          0          0          1170      
1 0          0          0          0          440       
1 0          0          0          0          1060      
1 0          0          0          0          1070      
Store3
1 0          815        815        815        815       
1 0          0          0          0          1650      
1 0          0          0          0          1110      
1 0          1320       1320       1320       1320      
1 0          0          0          0          1045      
1 0          0          0          0          855       
1 0          0          0          0          1140      
1 0          0          0          0          1370      
1 0          0          0          0          455       
1 0          0          0          0          1290      
Store4
1 0          0          1150       1150       1150      
1 0          0          1150       1150       1150      
1 0          0          1060       1060       1060      
1 0          0          1215       1215       1215      
1 0          0          1015       1015       1015      
1 0          0          380        380        380       
1 0          0          860        860        860       
1 0          0          1365       1365       1365      
1 0          0          845        845        845       
1 0          0          495        495        495       
Store5
1 0          645        645        645        645       
1 0          0          0          1280       1280      
1 0          0          0          965        965       
1 0          1015       1015       1015       1015      
1 0          0          0          1485       1485      
1 0          0          0          720        720       
1 0          0          0          390        390       
1 0          0          0          200        200       
1 0          1630       1630       1630       1630      
1 0          0          0          710        710       

Shipments from (Basic) Vendor to Warehouse
1          2          0          0          0         

Printing New Basic Solution:


Inbound Solution
1 	1 	1 	0
1 	1 	2 	0
1 	1 	3 	2303
1 	1 	4 	0
1 	1 	5 	3333
1 	10 	1 	0
1 	10 	2 	0
1 	10 	3 	2316
1 	10 	4 	0
1 	10 	5 	3101
1 	2 	1 	0
1 	2 	2 	0
1 	2 	3 	5205
1 	2 	4 	0
1 	2 	5 	422
1 	3 	1 	0
1 	3 	2 	0
1 	3 	3 	1715
1 	3 	4 	0
1 	3 	5 	3324
1 	4 	1 	0
1 	4 	2 	0
1 	4 	3 	1733
1 	4 	4 	0
1 	4 	5 	3249
1 	5 	1 	0
1 	5 	2 	0
1 	5 	3 	1715
1 	5 	4 	0
1 	5 	5 	2950
1 	6 	1 	0
1 	6 	2 	0
1 	6 	3 	2103
1 	6 	4 	0
1 	6 	5 	3000
1 	7 	1 	0
1 	7 	2 	0
1 	7 	3 	2072
1 	7 	4 	0
1 	7 	5 	3341
1 	8 	1 	0
1 	8 	2 	0
1 	8 	3 	1939
1 	8 	4 	0
1 	8 	5 	2962
1 	9 	1 	0
1 	9 	2 	0
1 	9 	3 	1475
1 	9 	4 	0
1 	9 	5 	3004

Outbound Solution
Store1
1 781        0          0          407        0         
10 647        0          0          551        0         
2 803        0          0          582        0         
3 568        0          0          255        0         
4 718        0          0          257        0         
5 494        0          0          365        0         
6 566        0          0          540        0         
7 653        0          0          404        0         
8 658        0          0          300        0         
9 657        0          0          218        0         
Store2
1 971        0          0          0          200       
10 992        0          0          0          241       
2 867        0          0          0          201       
3 888        0          0          0          228       
4 911        0          0          0          185       
5 889        0          0          0          105       
6 868        0          0          0          103       
7 876        0          0          0          98        
8 933        0          0          0          120       
9 725        0          0          0          233       
Store3
1 0          704        0          0          259       
10 0          566        0          0          372       
2 0          580        0          0          564       
3 0          848        0          0          432       
4 0          565        0          0          410       
5 0          560        0          0          493       
6 0          696        0          0          337       
7 0          847        0          0          440       
8 0          556        0          0          378       
9 0          538        0          0          476       
Store4
1 0          0          1035       0          0         
10 0          0          1138       0          0         
2 0          0          756        0          0         
3 0          0          1045       0          0         
4 0          0          1002       0          0         
5 0          0          923        0          0         
6 0          0          931        0          0         
7 0          0          1152       0          0         
8 0          0          1058       0          0         
9 0          0          752        0          0         
Store5
1 0          418        0          861        0         
10 0          283        0          627        0         
2 0          636        0          638        0         
3 0          360        0          415        0         
4 0          460        0          474        0         
5 0          409        0          427        0         
6 0          430        0          632        0         
7 0          427        0          516        0         
8 0          317        0          581        0         
9 0          375        0          505        0         

Warehouse Inventory
1 1122       0          1268       0          2874      
10 849        0          1178       0          2488      
2 1216       0          4449       3229       2886      
3 1208       0          670        0          2664      
4 1025       0          731        0          2654      
5 969        0          792        0          2352      
6 1126       0          1172       0          2560      
7 1274       0          920        0          2803      
8 873        0          881        0          2464      
9 913        0          723        0          2295      

Store Inventory
Store1
1 513        328        0          208        0         
10 323        151        0          177        0         
2 504        221        0          285        0         
3 374        156        0          106        0         
4 551        315        0          129        0         
5 351        247        0          195        0         
6 401        297        0          229        0         
7 439        180        0          187        0         
8 520        269        0          95         0         
9 397        126        32         90         0         
Store2
1 799        444        206        0          0         
10 881        571        302        0          0         
2 621        326        261        0          0         
3 711        403        238        0          0         
4 597        405        193        0          0         
5 661        473        180        0          0         
6 727        689        562        279        0         
7 647        451        220        0          0         
8 753        387        173        0          0         
9 507        314        161        0          0         
Store3
1 0          421        205        0          62        
10 0          490        204        0          214       
2 0          315        160        0          287       
3 0          499        321        0          222       
4 0          328        178        0          176       
5 0          510        284        0          190       
6 0          485        264        0          79        
7 0          422        118        0          128       
8 0          394        205        0          215       
9 0          393        210        0          307       
Store4
1 306        0          853        715        418       
10 200        0          841        577        393       
2 274        0          647        455        402       
3 232        0          844        658        365       
4 58         0          817        611        388       
5 150        0          747        642        526       
6 176        0          613        553        287       
7 243        0          932        776        573       
8 183        0          841        489        349       
9 182        0          609        442        442       
Store5
1 0          182        0          514        226       
10 0          79         0          562        227       
2 0          273        0          443        276       
3 0          156        0          322        33        
4 0          290        0          336        130       
5 0          251        0          339        216       
6 0          219        0          482        238       
7 0          207        0          243        177       
8 0          215        0          315        134       
9 0          185        12         243        212       

Shipments from (Basic) Vendor to Warehouse
0          0          1          0          1         

Shipments from (Fashion) Vendor to Warehouse
1          2          0          0          0         

Shipments from Warehouse to Stores
1 1          0          0          1          0         
2 1          0          0          0          1         
3 0          1          0          0          1         
4 0          0          1          0          0         
5 0          1          0          1          0         

No of part-time putaway workers:
0          1          1          0          1         

No of part-time picking workers:
0          0          1          2          2         
