Printing New Fashion Solution:

Inbound Fashion Solution (V F T):
1	1	3	5460
1	2	2	5520
1	3	3	4850
1	4	3	5420
1	5	2	4320
1	6	2	5045
1	7	3	5075
1	8	2	3820
1	9	3	5125
1	10	2	4440


Outbound Fashion Solution(S F T):
1	1	5	1450
1	2	5	1550
1	3	4	575
1	4	4	355
1	5	4	450
1	6	4	990
1	7	4	1655
1	8	5	1145
1	9	5	650
1	10	4	815
2	2	4	1165
2	3	4	1190
2	4	4	1220
2	5	4	930
2	6	4	495
2	7	4	860
2	8	4	1040
2	9	4	1515
2	10	4	765
3	1	5	625
3	2	5	790
3	3	5	445
3	4	4	825
3	5	4	425
3	6	4	1430
3	7	5	970
3	8	4	645
3	9	5	1320
3	10	4	895
4	1	4	1815
4	2	4	1285
4	3	5	1235
4	4	5	1375
4	5	4	1870
4	6	5	1105
4	7	4	770
4	8	4	710
4	9	5	1390
4	10	4	770
5	1	5	1570
5	2	4	730
5	3	5	1405
5	4	5	1645
5	5	3	645
5	6	5	1025
5	7	5	820
5	8	5	280
5	9	5	250
5	10	4	1195


Warehouse Fashion Inventory (W F T):
1	0		0		5460		3645		0	
2	0		5520		5520		2340		0	
3	0		0		4850		3085		0	
4	0		0		5420		3020		0	
5	0		4320		3675		0		0	
6	0		5045		5045		2130		0	
7	0		0		5075		1790		0	
8	0		3820		3820		1425		0	
9	0		0		5125		3610		0	
10	0		4440		4440		0		0	

Store Fashion Inventory (S F T):
Store1
1	0		0		0		1450	
2	0		0		0		1550	
3	0		0		575		575	
4	0		0		355		355	
5	0		0		450		450	
6	0		0		990		990	
7	0		0		1655		1655	
8	0		0		0		1145	
9	0		0		0		650	
10	0		0		815		815	
Store2
1	0		0		0		0	
2	0		0		1165		1165	
3	0		0		1190		1190	
4	0		0		1220		1220	
5	0		0		930		930	
6	0		0		495		495	
7	0		0		860		860	
8	0		0		1040		1040	
9	0		0		1515		1515	
10	0		0		765		765	
Store3
1	0		0		0		625	
2	0		0		0		790	
3	0		0		0		445	
4	0		0		825		825	
5	0		0		425		425	
6	0		0		1430		1430	
7	0		0		0		970	
8	0		0		645		645	
9	0		0		0		1320	
10	0		0		895		895	
Store4
1	0		0		1815		1815	
2	0		0		1285		1285	
3	0		0		0		1235	
4	0		0		0		1375	
5	0		0		1870		1870	
6	0		0		0		1105	
7	0		0		770		770	
8	0		0		710		710	
9	0		0		0		1390	
10	0		0		770		770	
Store5
1	0		0		0		1570	
2	0		0		730		730	
3	0		0		0		1405	
4	0		0		0		1645	
5	0		645		645		645	
6	0		0		0		1025	
7	0		0		0		820	
8	0		0		0		280	
9	0		0		0		250	
10	0		0		1195		1195	


Fashion Shipments from Vendor to Warehouse (V T):
0	0.7716134	0.3387833	0	

Printing New Basic Solution:

Inbound Solution (V P T):
1	1	1	2244
1	1	4	291
1	1	5	2624
1	2	1	514
1	2	4	3845
1	2	5	428
1	3	1	2414
1	3	4	1886
1	3	5	472
1	4	1	4368
1	4	4	708
1	4	5	473
1	5	1	1934
1	5	4	753
1	5	5	3013
1	6	1	3809
1	6	4	276
1	6	5	1106
1	7	1	866
1	7	4	3056
1	7	5	1310
1	8	1	2199
1	8	4	801
1	8	5	1870
1	9	1	373
1	9	4	1341
1	9	5	3130
1	10	4	510
1	10	5	4596


Outbound Solution(S P T):
1	1	1	936
1	2	1	985
1	3	1	1191
1	4	1	1478
1	5	1	1052
1	6	1	841
1	7	1	912
1	8	1	1089
1	9	1	1023
1	10	1	946
2	1	2	1038
2	2	2	835
2	3	2	927
2	4	2	932
2	5	2	1360
2	6	2	814
2	7	2	916
2	8	2	930
2	9	2	928
2	10	2	877
3	1	2	1174
3	2	2	831
3	3	2	636
3	4	2	934
3	5	2	1230
3	6	2	985
3	7	2	1068
3	8	2	1111
3	9	2	1141
3	10	2	1055
4	1	1	1249
4	2	1	1488
4	3	1	1106
4	4	1	1087
4	5	1	1149
4	6	1	1043
4	7	1	1040
4	8	1	890
4	9	1	940
4	10	1	1290
5	1	3	483
5	1	5	279
5	2	3	373
5	2	5	275
5	3	3	417
5	3	5	495
5	4	3	338
5	4	5	780
5	5	3	391
5	5	5	518
5	6	3	532
5	6	5	976
5	7	3	396
5	7	5	900
5	8	3	335
5	8	5	515
5	9	3	268
5	9	5	544
5	10	3	401
5	10	5	537


Warehouse Inventory (W P T):
1	2636		2695		483		0		291		2636	
2	3998		2039		373		0		3845		3998	
3	1863		1980		417		0		1886		1863	
4	401		2204		338		0		708		401	
5	3248		2981		391		0		753		3248	
6	406		2331		532		0		276		406	
7	3466		2380		396		0		3056		3466	
8	2156		2376		335		0		801		2156	
9	3927		2337		268		0		1341		3927	
10	4569		2333		401		0		510		4569	

Store Inventory (S P T):
Store1
1	0		763		562		380		265		0	
2	0		709		490		277		184		0	
3	0		878		701		428		158		0	
4	0		1177		877		594		310		0	
5	0		957		687		515		332		0	
6	0		609		416		276		183		0	
7	0		590		564		339		1		0	
8	0		756		527		286		244		0	
9	0		811		732		465		243		0	
10	0		762		493		348		265		0	
Store2
1	282		0		877		659		420		282	
2	2		0		615		308		178		2	
3	106		0		584		359		274		106	
4	143		0		660		433		230		143	
5	303		0		1059		817		540		303	
6	169		0		640		458		314		169	
7	153		0		768		532		263		153	
8	166		0		817		500		365		166	
9	125		0		763		594		284		125	
10	231		0		712		540		404		231	
Store3
1	358		0		915		766		582		358	
2	150		0		694		538		330		150	
3	167		0		418		341		341		167	
4	247		0		786		590		295		247	
5	233		0		986		799		490		233	
6	188		0		784		591		356		188	
7	168		0		722		520		348		168	
8	353		0		950		782		555		353	
9	351		0		934		830		580		351	
10	133		0		812		710		554		133	
Store4
1	0		1156		797		484		203		0	
2	0		1168		821		567		293		0	
3	0		963		720		479		130		0	
4	0		954		679		499		249		0	
5	0		860		553		361		87		0	
6	0		810		628		478		147		0	
7	0		769		405		399		205		0	
8	0		807		622		417		216		0	
9	0		784		524		321		198		0	
10	0		1078		737		466		150		0	
Store5
1	217		155		0		192		0		217	
2	275		0		0		232		0		275	
3	378		274		0		159		0		378	
4	578		347		0		170		0		578	
5	393		258		0		138		0		393	
6	721		418		0		326		0		721	
7	618		401		0		131		0		618	
8	323		202		0		177		0		323	
9	305		144		0		60		0		305	
10	329		168		0		202		0		329	


Shipments from Vendor to Warehouse (V T):
0.811638	0	0	0.5367673	0.8533499	

Shipments from Warehouse to Stores (S T):
1	1	0.445138
1	4	0.1091
1	5	0.09528667
2	2	0.410778
2	4	0.2122033
3	2	0.4394266
3	4	0.14107
3	5	0.06396
4	1	0.4921647
4	4	0.1833233
4	5	0.1192367
5	3	0.2023513
5	4	0.02695
5	5	0.3711633


Required Putaway workers (Sol T):
2	3	3	2	2	

No of required pickers (T):
6	5	2	7	7	

No of part-time putaway workers (T):
0	1	1	0	0	

No of part-time pickers (T):
1	0	0	2	2	

Best Putaway Technology: 1200
Best Picking Technology: 500

Required Fashion Putaway Hours:
0	19.2875	21.60833	0	0	

Required Basic Putaway Hours:
15.60083	0	0	11.2225	15.85167	

Required Total Putaway Hours:
15.60083	19.2875	21.60833	11.2225	15.85167	

No of required fashion pick hours:
0	0	1.29	54.77	42.09	

No of required basic pick hours:
43.47	39.444	7.868	0	11.638	

No of required total pick hours:
43.47	39.444	9.158	54.77	53.728	

List of all the costs: 
MHECost		324
PutawayTechCost		1060
PickingTechCost		3195
WhBasicInvCost		677.27
BasicInbCost		7733.279
WhFashionInvCost		926.2001
FashionInbCost		4188.012
PutawayCost		3680
StoreBasicInvCost		4476.15
StoreFashionInvCost		3887.5
OutboundCost		12377.75
PickingCost		9200
Total		51725.16

List of Top5 Technologies: 
Tech1		2	5	$ 51725.16
Tech2		2	4	$ 53921.02
Tech3		2	1	$ 89596.08
Tech4		3	1	$ 102425
Tech5		1	1	$ 102884
The start time is 12/17/2014 9:06:51 PM
The End time is 12/17/2014 9:06:58 PM
