Printing New Fashion Solution:

Inbound Fashion Solution (V F T):
1	1	2	5460
1	2	4	5520
1	3	4	4850
1	4	4	5420
1	5	2	4320
1	6	2	5045
1	7	4	5075
1	8	4	3820
1	9	2	5125
1	10	2	4440


Outbound Fashion Solution(S F T):
1	1	4	1450
1	2	5	1550
1	3	5	575
1	4	5	355
1	5	4	450
1	6	4	990
1	7	5	1655
1	8	5	1145
1	9	4	650
1	10	4	815
2	2	5	1165
2	3	5	1190
2	4	5	1220
2	5	3	930
2	6	3	495
2	7	5	860
2	8	5	1040
2	9	3	1515
2	10	3	765
3	1	4	625
3	2	5	790
3	3	5	445
3	4	5	825
3	5	3	425
3	6	4	1430
3	7	5	970
3	8	5	645
3	9	4	1320
3	10	3	895
4	1	3	1815
4	2	5	1285
4	3	5	1235
4	4	5	1375
4	5	3	1870
4	6	4	1105
4	7	5	770
4	8	5	710
4	9	4	1390
4	10	4	770
5	1	4	1570
5	2	5	730
5	3	5	1405
5	4	5	1645
5	5	4	645
5	6	4	1025
5	7	5	820
5	8	5	280
5	9	4	250
5	10	4	1195


Warehouse Fashion Inventory (W F T):
1	0		5460		3645		0		0	
2	0		0		0		5520		0	
3	0		0		0		4850		0	
4	0		0		0		5420		0	
5	0		4320		1095		0		0	
6	0		5045		4550		0		0	
7	0		0		0		5075		0	
8	0		0		0		3820		0	
9	0		5125		3610		0		0	
10	0		4440		2780		0		0	

Store Fashion Inventory (S F T):
Store1
1	0		0		1450		1450	
2	0		0		0		1550	
3	0		0		0		575	
4	0		0		0		355	
5	0		0		450		450	
6	0		0		990		990	
7	0		0		0		1655	
8	0		0		0		1145	
9	0		0		650		650	
10	0		0		815		815	
Store2
1	0		0		0		0	
2	0		0		0		1165	
3	0		0		0		1190	
4	0		0		0		1220	
5	0		930		930		930	
6	0		495		495		495	
7	0		0		0		860	
8	0		0		0		1040	
9	0		1515		1515		1515	
10	0		765		765		765	
Store3
1	0		0		625		625	
2	0		0		0		790	
3	0		0		0		445	
4	0		0		0		825	
5	0		425		425		425	
6	0		0		1430		1430	
7	0		0		0		970	
8	0		0		0		645	
9	0		0		1320		1320	
10	0		895		895		895	
Store4
1	0		1815		1815		1815	
2	0		0		0		1285	
3	0		0		0		1235	
4	0		0		0		1375	
5	0		1870		1870		1870	
6	0		0		1105		1105	
7	0		0		0		770	
8	0		0		0		710	
9	0		0		1390		1390	
10	0		0		770		770	
Store5
1	0		0		1570		1570	
2	0		0		0		730	
3	0		0		0		1405	
4	0		0		0		1645	
5	0		0		645		645	
6	0		0		1025		1025	
7	0		0		0		820	
8	0		0		0		280	
9	0		0		250		250	
10	0		0		1195		1195	


Fashion Shipments from Vendor to Warehouse (V T):
0	0.7483033	0	0.3620933	

Printing New Basic Solution:

Inbound Solution (V P T):
1	1	1	2206
1	1	3	2007
1	1	5	946
1	2	1	1721
1	2	3	483
1	2	5	2583
1	3	3	1401
1	3	5	3371
1	4	1	371
1	4	3	1839
1	4	5	3339
1	5	3	2260
1	5	5	3440
1	6	1	2452
1	6	3	1688
1	6	5	1051
1	7	1	1402
1	7	3	2895
1	7	5	935
1	8	1	2124
1	8	3	1329
1	8	5	1417
1	9	1	2179
1	9	3	2422
1	9	5	243
1	10	1	2672
1	10	3	1765
1	10	5	669


Outbound Solution(S P T):
1	1	1	556
1	1	4	115
1	1	5	265
1	2	1	708
1	2	4	93
1	2	5	184
1	3	1	763
1	3	4	270
1	3	5	158
1	4	1	884
1	4	4	284
1	4	5	310
1	5	1	537
1	5	4	183
1	5	5	332
1	6	1	565
1	6	4	93
1	6	5	183
1	7	1	573
1	7	4	338
1	7	5	1
1	8	1	803
1	8	4	42
1	8	5	244
1	9	1	558
1	9	4	222
1	9	5	243
1	10	1	598
1	10	4	83
1	10	5	265
2	1	2	1038
2	2	2	835
2	3	2	927
2	4	2	932
2	5	2	1360
2	6	2	814
2	7	2	916
2	8	2	930
2	9	2	928
2	10	2	877
3	1	1	617
3	1	3	373
3	1	4	184
3	2	1	287
3	2	3	336
3	2	4	208
3	3	1	385
3	3	3	251
3	4	1	395
3	4	3	244
3	4	4	295
3	5	1	477
3	5	3	444
3	5	4	309
3	6	1	389
3	6	3	361
3	6	4	235
3	7	1	514
3	7	3	382
3	7	4	172
3	8	1	514
3	8	3	370
3	8	4	227
3	9	1	558
3	9	3	333
3	9	4	250
3	10	1	376
3	10	3	523
3	10	4	156
4	1	3	765
4	1	4	484
4	2	3	921
4	2	4	567
4	3	3	627
4	3	4	479
4	4	3	588
4	4	4	499
4	5	3	788
4	5	4	361
4	6	3	565
4	6	4	478
4	7	3	641
4	7	4	399
4	8	3	473
4	8	4	417
4	9	3	619
4	9	4	321
4	10	3	824
4	10	4	466
5	1	2	762
5	2	2	648
5	3	2	912
5	4	2	1118
5	5	2	909
5	6	2	1508
5	7	2	1296
5	8	2	850
5	9	2	812
5	10	2	938


Warehouse Inventory (W P T):
1	767		1800		0		869		86		767	
2	2399		3125		1642		868		0		2399	
3	3213		2065		226		749		0		3213	
4	3029		2121		71		1078		0		3029	
5	3283		2269		0		1028		175		3283	
6	868		2366		44		806		0		868	
7	1897		2212		0		1872		963		1897	
8	1173		1980		200		686		0		1173	
9	677		1740		0		1470		677		677	
10	404		2102		287		705		0		404	

Store Inventory (S P T):
Store1
1	0		383		182		0		0		0	
2	0		432		213		0		0		0	
3	0		450		273		0		0		0	
4	0		583		283		0		0		0	
5	0		442		172		0		0		0	
6	0		333		140		0		0		0	
7	0		251		225		0		0		0	
8	0		470		241		0		0		0	
9	0		346		267		0		0		0	
10	0		414		145		0		0		0	
Store2
1	282		0		877		659		420		282	
2	2		0		615		308		178		2	
3	106		0		584		359		274		106	
4	143		0		660		433		230		143	
5	303		0		1059		817		540		303	
6	169		0		640		458		314		169	
7	153		0		768		532		263		153	
8	166		0		817		500		365		166	
9	125		0		763		594		284		125	
10	231		0		712		540		404		231	
Store3
1	0		259		0		224		224		0	
2	0		137		0		180		180		0	
3	0		218		0		174		174		0	
4	0		148		0		48		48		0	
5	0		244		0		257		257		0	
6	0		201		0		168		168		0	
7	0		346		0		180		180		0	
8	0		161		0		202		202		0	
9	0		207		0		229		229		0	
10	0		243		0		421		421		0	
Store4
1	452		359		0		452		655		452	
2	667		347		0		667		960		667	
3	386		243		0		386		516		386	
4	408		275		0		408		657		408	
5	596		307		0		596		683		596	
6	415		182		0		415		562		415	
7	635		364		0		635		840		635	
8	268		185		0		268		484		268	
9	416		260		0		416		614		416	
10	553		341		0		553		703		553	
Store5
1	62		0		607		316		124		62	
2	275		0		648		507		275		275	
3	104		0		638		380		221		104	
4	231		0		771		603		433		231	
5	135		0		651		398		260		135	
6	303		0		1090		884		558		303	
7	217		0		895		630		499		217	
8	121		0		648		490		313		121	
9	161		0		668		460		400		161	
10	161		0		770		571		369		161	


Shipments from Vendor to Warehouse (V T):
0.653478	0	0.74343	0	0.8048472	

Shipments from Warehouse to Stores (S T):
1	1	0.2753887
1	4	0.1860813
1	5	0.1880547
2	2	0.410778
2	3	0.12664
2	5	0.08556334
3	1	0.1839553
3	3	0.193786
3	4	0.211172
3	5	0.05554333
4	3	0.423042
4	4	0.2948627
4	5	0.07682
5	2	0.414248
5	4	0.1276
5	5	0.05861667


Required Putaway workers (Sol T):
2	3	2	3	2	

No of required pickers (T):
3	5	5	6	7	

No of part-time putaway workers (T):
0	1	0	1	0	

No of part-time pickers (T):
0	0	0	1	2	

Best Putaway Technology: 1200
Best Picking Technology: 500

Required Fashion Putaway Hours:
0	20.325	0	20.57083	0	

Required Basic Putaway Hours:
12.60583	0	15.07417	0	14.995	

Required Total Putaway Hours:
12.60583	20.325	15.07417	20.57083	14.995	

No of required fashion pick hours:
0	0	17.42	31.36	49.37	

No of required basic pick hours:
22.114	38.62	20.856	16.46	4.37	

No of required total pick hours:
22.114	38.62	38.276	47.82	53.74	

List of all the costs: 
MHECost		324
PutawayTechCost		1060
PickingTechCost		3195
WhBasicInvCost		539.9199
BasicInbCost		7733.279
WhFashionInvCost		647.55
FashionInbCost		4188.012
PutawayCost		3680
StoreBasicInvCost		3359.9
StoreFashionInvCost		4108.75
OutboundCost		13491.54
PickingCost		8720
Total		51047.95

List of Top5 Technologies: 
Tech1		2	5	$ 51047.95
Tech2		1	5	$ 53564.14
Tech3		1	1	$ 95059.46
Tech4		None	None	$ -
Tech5		None	None	$ -
The start time is 12/17/2014 9:07:13 PM
The End time is 12/17/2014 9:07:20 PM
