Printing New Fashion Solution:

Inbound Fashion Solution (V F T):
1	1	2	5460
1	2	4	5520
1	3	2	4850
1	4	4	5420
1	5	4	4320
1	6	4	5045
1	7	4	5075
1	8	2	3820
1	9	4	5125
1	10	4	4440


Outbound Fashion Solution(S F T):
1	1	5	1450
1	2	5	1550
1	3	5	575
1	4	5	355
1	5	5	450
1	6	5	990
1	7	5	1655
1	8	4	1145
1	9	5	650
1	10	5	815
2	2	5	1165
2	3	4	1190
2	4	5	1220
2	5	5	930
2	6	5	495
2	7	5	860
2	8	4	1040
2	9	5	1515
2	10	5	765
3	1	5	625
3	2	5	790
3	3	5	445
3	4	5	825
3	5	5	425
3	6	5	1430
3	7	5	970
3	8	5	645
3	9	5	1320
3	10	5	895
4	1	4	1815
4	2	5	1285
4	3	4	1235
4	4	5	1375
4	5	5	1870
4	6	5	1105
4	7	5	770
4	8	5	710
4	9	5	1390
4	10	5	770
5	1	4	1570
5	2	5	730
5	3	4	1405
5	4	5	1645
5	5	5	645
5	6	5	1025
5	7	5	820
5	8	5	280
5	9	5	250
5	10	5	1195


Warehouse Fashion Inventory (W F T):
1	0		5460		5460		2075		0	
2	0		0		0		5520		0	
3	0		4850		4850		1020		0	
4	0		0		0		5420		0	
5	0		0		0		4320		0	
6	0		0		0		5045		0	
7	0		0		0		5075		0	
8	0		3820		3820		1635		0	
9	0		0		0		5125		0	
10	0		0		0		4440		0	

Store Fashion Inventory (S F T):
Store1
1	0		0		0		1450	
2	0		0		0		1550	
3	0		0		0		575	
4	0		0		0		355	
5	0		0		0		450	
6	0		0		0		990	
7	0		0		0		1655	
8	0		0		1145		1145	
9	0		0		0		650	
10	0		0		0		815	
Store2
1	0		0		0		0	
2	0		0		0		1165	
3	0		0		1190		1190	
4	0		0		0		1220	
5	0		0		0		930	
6	0		0		0		495	
7	0		0		0		860	
8	0		0		1040		1040	
9	0		0		0		1515	
10	0		0		0		765	
Store3
1	0		0		0		625	
2	0		0		0		790	
3	0		0		0		445	
4	0		0		0		825	
5	0		0		0		425	
6	0		0		0		1430	
7	0		0		0		970	
8	0		0		0		645	
9	0		0		0		1320	
10	0		0		0		895	
Store4
1	0		0		1815		1815	
2	0		0		0		1285	
3	0		0		1235		1235	
4	0		0		0		1375	
5	0		0		0		1870	
6	0		0		0		1105	
7	0		0		0		770	
8	0		0		0		710	
9	0		0		0		1390	
10	0		0		0		770	
Store5
1	0		0		1570		1570	
2	0		0		0		730	
3	0		0		1405		1405	
4	0		0		0		1645	
5	0		0		0		645	
6	0		0		0		1025	
7	0		0		0		820	
8	0		0		0		280	
9	0		0		0		250	
10	0		0		0		1195	


Fashion Shipments from Vendor to Warehouse (V T):
0	0.2410267	0	0.86937	

Printing New Basic Solution:

Inbound Solution (V P T):
1	1	1	2995
1	1	3	2164
1	2	3	2008
1	2	5	2779
1	3	1	1417
1	3	3	1937
1	3	5	1418
1	4	3	2256
1	4	5	3293
1	5	1	1736
1	5	3	2227
1	5	5	1737
1	6	1	2552
1	6	3	2000
1	6	5	639
1	7	1	1916
1	7	3	2038
1	7	5	1278
1	8	1	1499
1	8	3	1871
1	8	5	1500
1	9	1	1756
1	9	3	1916
1	9	5	1172
1	10	1	997
1	10	3	1782
1	10	5	2327


Outbound Solution(S P T):
1	1	4	297
1	1	5	639
1	2	4	306
1	2	5	679
1	3	4	543
1	3	5	648
1	4	4	567
1	4	5	911
1	5	4	355
1	5	5	697
1	6	4	233
1	6	5	608
1	7	4	563
1	7	5	349
1	8	4	283
1	8	5	806
1	9	4	489
1	9	5	534
1	10	4	228
1	10	5	718
2	1	1	581
2	1	4	457
2	2	1	398
2	2	4	437
2	3	1	617
2	3	4	310
2	4	1	502
2	4	4	430
2	5	1	841
2	5	4	519
2	6	1	488
2	6	4	326
2	7	1	411
2	7	4	505
2	8	1	478
2	8	4	452
2	9	1	449
2	9	4	479
2	10	1	569
2	10	4	308
3	1	1	1174
3	2	1	831
3	3	1	636
3	4	1	934
3	5	1	1230
3	6	1	985
3	7	1	1068
3	8	1	1111
3	9	1	1141
3	10	1	1055
4	1	4	1249
4	2	4	1488
4	3	4	1106
4	4	4	1087
4	5	4	1149
4	6	4	1043
4	7	4	1040
4	8	4	890
4	9	4	940
4	10	4	1290
5	1	1	700
5	1	5	62
5	2	1	648
5	3	1	795
5	3	5	117
5	4	1	916
5	4	5	202
5	5	1	784
5	5	5	125
5	6	1	1253
5	6	5	255
5	7	1	1014
5	7	5	282
5	8	1	658
5	8	5	192
5	9	1	573
5	9	5	239
5	10	1	730
5	10	5	208


Warehouse Inventory (W P T):
1	0		540		540		2704		701		0	
2	2100		223		223		2231		0		2100	
3	653		22		22		1959		0		653	
4	2352		0		0		2256		172		2352	
5	1119		0		0		2227		204		1119	
6	174		0		0		2000		398		174	
7	647		70		70		2108		0		647	
8	748		0		0		1871		246		748	
9	407		0		0		1916		8		407	
10	1401		44		44		1826		0		1401	

Store Inventory (S P T):
Store1
1	556		383		182		0		182		556	
2	708		432		213		0		213		708	
3	763		450		273		0		273		763	
4	884		583		283		0		283		884	
5	537		442		172		0		172		537	
6	565		333		140		0		140		565	
7	573		251		225		0		225		573	
8	803		470		241		0		241		803	
9	558		346		267		0		267		558	
10	598		414		145		0		145		598	
Store2
1	80		379		218		0		218		80	
2	131		527		307		0		307		131	
3	57		568		225		0		225		57	
4	140		499		227		0		227		140	
5	5		543		242		0		242		5	
6	37		356		182		0		182		37	
7	126		384		236		0		236		126	
8	118		430		317		0		317		118	
9	10		334		169		0		169		10	
10	0		338		173		1		173		0	
Store3
1	0		816		557		408		224		0	
2	0		681		544		388		180		0	
3	0		469		251		174		174		0	
4	0		687		539		343		48		0	
5	0		997		753		566		257		0	
6	0		797		596		403		168		0	
7	0		900		554		352		180		0	
8	0		758		597		429		202		0	
9	0		790		583		479		229		0	
10	0		922		679		577		421		0	
Store4
1	765		672		313		0		968		765	
2	921		601		254		0		1214		921	
3	627		484		241		0		757		627	
4	588		455		180		0		837		588	
5	788		499		192		0		875		788	
6	565		332		150		0		712		565	
7	641		370		6		0		846		641	
8	473		390		205		0		689		473	
9	619		463		203		0		817		619	
10	824		612		271		0		974		824	
Store5
1	0		638		483		192		0		0	
2	0		373		373		232		0		0	
3	0		691		417		159		0		0	
4	0		685		338		170		0		0	
5	0		649		391		138		0		0	
6	0		950		532		326		0		0	
7	0		797		396		131		0		0	
8	0		537		335		177		0		0	
9	0		412		268		60		0		0	
10	0		569		401		202		0		0	


Shipments from Vendor to Warehouse (V T):
0.5649027	0	0.8662953	0	0.7705573	

Shipments from Warehouse to Stores (S T):
1	4	0.1954987
1	5	0.454026
2	1	0.2305593
2	4	0.2287653
2	5	0.1636567
3	1	0.4394266
3	5	0.20503
4	4	0.5230514
4	5	0.2716733
5	1	0.3451373
5	4	0.02986
5	5	0.2254673


Required Putaway workers (Sol T):
2	2	3	4	2	

No of required pickers (T):
3	0	0	4	6	

No of part-time putaway workers (T):
0	0	0	1	0	

No of part-time pickers (T):
0	0	0	0	2	

Best Putaway Technology: 1200
Best Picking Technology: 1000

Required Fashion Putaway Hours:
0	11.775	0	29.12083	0	

Required Basic Putaway Hours:
12.39	0	16.8325	0	13.4525	

Required Total Putaway Hours:
12.39	11.775	16.8325	29.12083	13.4525	

No of required fashion pick hours:
0	0	0	9.4	39.675	

No of required basic pick hours:
23.57	0	0	19.369	8.271	

No of required total pick hours:
23.57	0	0	28.769	47.946	

List of all the costs: 
MHECost		432
PutawayTechCost		1060
PickingTechCost		9130
WhBasicInvCost		342.26
BasicInbCost		7733.28
WhFashionInvCost		679.35
FashionInbCost		4188.012
PutawayCost		5040
StoreBasicInvCost		3933.65
StoreFashionInvCost		2923.75
OutboundCost		10789.85
PickingCost		6880
Total		53132.15

List of Top5 Technologies: 
Tech1		2	6	$ 53132.15
Tech2		3	6	$ 53631.74
Tech3		3	1	$ 118562.2
Tech4		4	1	$ 133292.7
Tech5		1	1	$ 135472.9
The start time is 12/17/2014 9:06:58 PM
The End time is 12/17/2014 9:07:01 PM
