Printing New Fashion Solution:

Inbound Fashion Solution (V F T):
1	1	4	5460
1	2	4	5520
1	3	1	4850
1	4	1	5420
1	5	4	4320
1	6	1	5045
1	7	1	5075
1	8	1	3820
1	9	4	5125
1	10	4	4440


Outbound Fashion Solution(S F T):
1	1	5	1450
1	2	5	1550
1	3	4	575
1	4	4	355
1	5	5	450
1	6	4	990
1	7	3	1655
1	8	4	1145
1	9	5	650
1	10	5	815
2	2	5	1165
2	3	3	1190
2	4	2	1220
2	5	5	930
2	6	2	495
2	7	3	860
2	8	3	1040
2	9	5	1515
2	10	5	765
3	1	5	625
3	2	5	790
3	3	3	445
3	4	3	825
3	5	5	425
3	6	3	1430
3	7	3	970
3	8	3	645
3	9	5	1320
3	10	5	895
4	1	5	1815
4	2	5	1285
4	3	2	1235
4	4	2	1375
4	5	5	1870
4	6	2	1105
4	7	2	770
4	8	2	710
4	9	5	1390
4	10	5	770
5	1	5	1570
5	2	5	730
5	3	4	1405
5	4	3	1645
5	5	5	645
5	6	4	1025
5	7	4	820
5	8	3	280
5	9	5	250
5	10	5	1195


Warehouse Fashion Inventory (W F T):
1	0		0		0		5460		0	
2	0		0		0		5520		0	
3	4850		3615		1980		0		0	
4	5420		2825		355		0		0	
5	0		0		0		4320		0	
6	5045		3445		2015		0		0	
7	5075		4305		820		0		0	
8	3820		3110		1145		0		0	
9	0		0		0		5125		0	
10	0		0		0		4440		0	

Store Fashion Inventory (S F T):
Store1
1	0		0		0		1450	
2	0		0		0		1550	
3	0		0		575		575	
4	0		0		355		355	
5	0		0		0		450	
6	0		0		990		990	
7	0		1655		1655		1655	
8	0		0		1145		1145	
9	0		0		0		650	
10	0		0		0		815	
Store2
1	0		0		0		0	
2	0		0		0		1165	
3	0		1190		1190		1190	
4	1220		1220		1220		1220	
5	0		0		0		930	
6	495		495		495		495	
7	0		860		860		860	
8	0		1040		1040		1040	
9	0		0		0		1515	
10	0		0		0		765	
Store3
1	0		0		0		625	
2	0		0		0		790	
3	0		445		445		445	
4	0		825		825		825	
5	0		0		0		425	
6	0		1430		1430		1430	
7	0		970		970		970	
8	0		645		645		645	
9	0		0		0		1320	
10	0		0		0		895	
Store4
1	0		0		0		1815	
2	0		0		0		1285	
3	1235		1235		1235		1235	
4	1375		1375		1375		1375	
5	0		0		0		1870	
6	1105		1105		1105		1105	
7	770		770		770		770	
8	710		710		710		710	
9	0		0		0		1390	
10	0		0		0		770	
Store5
1	0		0		0		1570	
2	0		0		0		730	
3	0		0		1405		1405	
4	0		1645		1645		1645	
5	0		0		0		645	
6	0		0		1025		1025	
7	0		0		820		820	
8	0		280		280		280	
9	0		0		0		250	
10	0		0		0		1195	


Fashion Shipments from Vendor to Warehouse (V T):
0.5404267	0	0	0.56997	

Printing New Basic Solution:

Inbound Solution (V P T):
1	1	2	2225
1	1	3	708
1	1	5	2226
1	2	2	1914
1	2	3	2394
1	2	5	479
1	3	2	1034
1	3	3	2185
1	3	5	1553
1	4	2	2587
1	4	3	1852
1	4	5	1110
1	5	2	799
1	5	3	1705
1	5	5	3196
1	6	2	2244
1	6	3	2385
1	6	5	562
1	7	2	2309
1	7	3	613
1	7	5	2310
1	8	2	292
1	8	3	1949
1	8	5	2629
1	9	2	3332
1	9	3	1141
1	9	5	371
1	10	2	1241
1	10	3	969
1	10	5	2896


Outbound Solution(S P T):
1	1	3	182
1	1	4	754
1	2	3	213
1	2	4	772
1	3	3	273
1	3	4	918
1	4	3	283
1	4	4	1195
1	5	3	172
1	5	4	880
1	6	3	140
1	6	4	701
1	7	3	225
1	7	4	687
1	8	3	241
1	8	4	848
1	9	3	267
1	9	4	756
1	10	3	145
1	10	4	801
2	1	2	1038
2	2	2	835
2	3	2	927
2	4	2	932
2	5	2	1360
2	6	2	814
2	7	2	916
2	8	2	930
2	9	2	928
2	10	2	877
3	1	1	1174
3	2	1	831
3	3	1	636
3	4	1	934
3	5	1	1230
3	6	1	985
3	7	1	1068
3	8	1	1111
3	9	1	1141
3	10	1	1055
4	1	2	936
4	1	5	313
4	2	2	1234
4	2	5	254
4	3	2	865
4	3	5	241
4	4	2	907
4	4	5	180
4	5	2	957
4	5	5	192
4	6	2	893
4	6	5	150
4	7	2	1034
4	7	5	6
4	8	2	685
4	8	5	205
4	9	2	737
4	9	5	203
4	10	2	1019
4	10	5	271
5	1	3	291
5	1	4	471
5	2	3	141
5	2	4	507
5	3	3	258
5	3	4	654
5	4	3	168
5	4	4	950
5	5	3	253
5	5	4	656
5	6	3	206
5	6	4	1302
5	7	3	265
5	7	4	1031
5	8	3	158
5	8	4	692
5	9	3	208
5	9	4	604
5	10	3	199
5	10	4	739


Warehouse Inventory (W P T):
1	1913		739		990		1225		0		1913	
2	986		155		0		2040		761		986	
3	1394		758		0		1654		82		1394	
4	934		0		748		2149		4		934	
5	3004		1774		256		1536		0		3004	
6	985		0		537		2576		573		985	
7	2304		1236		1595		1718		0		2304	
8	2434		1323		0		1550		10		2434	
9	1141		0		1667		2333		973		1141	
10	2625		1570		915		1540		0		2625	

Store Inventory (S P T):
Store1
1	374		201		0		0		639		374	
2	495		219		0		0		679		495	
3	490		177		0		0		648		490	
4	601		300		0		0		911		601	
5	365		270		0		0		697		365	
6	425		193		0		0		608		425	
7	348		26		0		0		349		348	
8	562		229		0		0		806		562	
9	291		79		0		0		534		291	
10	453		269		0		0		718		453	
Store2
1	282		0		877		659		420		282	
2	2		0		615		308		178		2	
3	106		0		584		359		274		106	
4	143		0		660		433		230		143	
5	303		0		1059		817		540		303	
6	169		0		640		458		314		169	
7	153		0		768		532		263		153	
8	166		0		817		500		365		166	
9	125		0		763		594		284		125	
10	231		0		712		540		404		231	
Store3
1	0		816		557		408		224		0	
2	0		681		544		388		180		0	
3	0		469		251		174		174		0	
4	0		687		539		343		48		0	
5	0		997		753		566		257		0	
6	0		797		596		403		168		0	
7	0		900		554		352		180		0	
8	0		758		597		429		202		0	
9	0		790		583		479		229		0	
10	0		922		679		577		421		0	
Store4
1	110		17		594		281		0		110	
2	320		0		887		633		359		320	
3	143		0		622		381		32		143	
4	133		0		632		452		202		133	
5	289		0		650		458		184		289	
6	233		0		711		561		230		233	
7	271		0		670		664		470		271	
8	83		0		500		295		94		83	
9	156		0		477		274		151		156	
10	212		0		678		407		91		212	
Store5
1	217		155		0		0		279		217	
2	275		0		0		0		275		275	
3	378		274		0		0		495		378	
4	578		347		0		0		780		578	
5	393		258		0		0		518		393	
6	721		418		0		0		976		721	
7	618		401		0		0		900		618	
8	323		202		0		0		515		323	
9	305		144		0		0		544		305	
10	329		168		0		0		537		329	


Shipments from Vendor to Warehouse (V T):
0	0.7890612	0.7100933	0	0.7026007	

Shipments from Warehouse to Stores (S T):
1	3	0.100274
1	4	0.458874
1	5	0.09037667
2	2	0.4496847
2	3	0.05542667
2	5	0.11787
3	1	0.4394266
3	3	0.1169367
3	5	0.08809333
4	2	0.5188547
4	5	0.27587
5	3	0.1156
5	4	0.398978
5	5	0.08588666


Required Putaway workers (Sol T):
3	2	2	3	2	

No of required pickers (T):
3	7	4	6	7	

No of part-time putaway workers (T):
1	0	0	1	0	

No of part-time pickers (T):
0	2	0	1	2	

Best Putaway Technology: 1200
Best Picking Technology: 500

Required Fashion Putaway Hours:
20.175	0	0	20.72083	0	

Required Basic Putaway Hours:
0	14.98083	13.25083	0	14.44333	

Required Total Putaway Hours:
20.175	14.98083	13.25083	20.72083	14.44333	

No of required fashion pick hours:
0	13.82	21.97	12.63	49.73	

No of required basic pick hours:
20.33	37.648	8.576	31.836	4.03	

No of required total pick hours:
20.33	51.468	30.546	44.466	53.76	

List of all the costs: 
MHECost		324
PutawayTechCost		1060
PickingTechCost		3195
WhBasicInvCost		527.07
BasicInbCost		7733.28
WhFashionInvCost		726.9
FashionInbCost		4188.012
PutawayCost		3680
StoreBasicInvCost		3860.25
StoreFashionInvCost		4904.5
OutboundCost		11985.57
PickingCost		9200
Total		51384.58

List of Top5 Technologies: 
Tech1		2	4	$ 53247.06
Tech2		2	5	$ 53795.35
Tech3		2	1	$ 93017.19
Tech4		1	1	$ 135228.3
Tech5		None	None	$ -
The start time is 12/17/2014 9:07:02 PM
The End time is 12/17/2014 9:07:09 PM
