Printing New Fashion Solution:

Inbound Fashion Solution (V F T):
1	1	3	5460
1	2	3	5520
1	3	1	4850
1	4	3	5420
1	5	3	4320
1	6	3	5045
1	7	1	5075
1	8	3	3820
1	9	1	5125
1	10	1	4440


Outbound Fashion Solution(S F T):
1	1	4	1450
1	2	5	1550
1	3	2	575
1	4	5	355
1	5	5	450
1	6	4	990
1	7	2	1655
1	8	5	1145
1	9	2	650
1	10	2	815
2	2	4	1165
2	3	3	1190
2	4	5	1220
2	5	4	930
2	6	5	495
2	7	3	860
2	8	5	1040
2	9	3	1515
2	10	3	765
3	1	5	625
3	2	5	790
3	3	4	445
3	4	5	825
3	5	5	425
3	6	5	1430
3	7	2	970
3	8	4	645
3	9	3	1320
3	10	2	895
4	1	4	1815
4	2	5	1285
4	3	4	1235
4	4	4	1375
4	5	5	1870
4	6	5	1105
4	7	4	770
4	8	4	710
4	9	4	1390
4	10	4	770
5	1	4	1570
5	2	5	730
5	3	4	1405
5	4	5	1645
5	5	4	645
5	6	5	1025
5	7	3	820
5	8	5	280
5	9	3	250
5	10	3	1195


Warehouse Fashion Inventory (W F T):
1	0		0		5460		625		0	
2	0		0		5520		4355		0	
3	4850		4275		3085		0		0	
4	0		0		5420		4045		0	
5	0		0		4320		2745		0	
6	0		0		5045		4055		0	
7	5075		2450		770		0		0	
8	0		0		3820		2465		0	
9	5125		4475		1390		0		0	
10	4440		2730		770		0		0	

Store Fashion Inventory (S F T):
Store1
1	0		0		1450		1450	
2	0		0		0		1550	
3	575		575		575		575	
4	0		0		0		355	
5	0		0		0		450	
6	0		0		990		990	
7	1655		1655		1655		1655	
8	0		0		0		1145	
9	650		650		650		650	
10	815		815		815		815	
Store2
1	0		0		0		0	
2	0		0		1165		1165	
3	0		1190		1190		1190	
4	0		0		0		1220	
5	0		0		930		930	
6	0		0		0		495	
7	0		860		860		860	
8	0		0		0		1040	
9	0		1515		1515		1515	
10	0		765		765		765	
Store3
1	0		0		0		625	
2	0		0		0		790	
3	0		0		445		445	
4	0		0		0		825	
5	0		0		0		425	
6	0		0		0		1430	
7	970		970		970		970	
8	0		0		645		645	
9	0		1320		1320		1320	
10	895		895		895		895	
Store4
1	0		0		1815		1815	
2	0		0		0		1285	
3	0		0		1235		1235	
4	0		0		1375		1375	
5	0		0		0		1870	
6	0		0		0		1105	
7	0		0		770		770	
8	0		0		710		710	
9	0		0		1390		1390	
10	0		0		770		770	
Store5
1	0		0		1570		1570	
2	0		0		0		730	
3	0		0		1405		1405	
4	0		0		0		1645	
5	0		0		645		645	
6	0		0		0		1025	
7	0		820		820		820	
8	0		0		0		280	
9	0		250		250		250	
10	0		1195		1195		1195	


Fashion Shipments from Vendor to Warehouse (V T):
0.2812767	0	0.82912	0	

Printing New Basic Solution:

Inbound Solution (V P T):
1	1	2	2288
1	1	4	1011
1	1	5	1860
1	2	2	1994
1	2	4	937
1	2	5	1856
1	3	2	2329
1	3	4	863
1	3	5	1580
1	4	2	2396
1	4	4	1202
1	4	5	1951
1	5	2	2426
1	5	4	1181
1	5	5	2093
1	6	2	2039
1	6	4	1129
1	6	5	2023
1	7	2	2219
1	7	4	1104
1	7	5	1909
1	8	2	1979
1	8	4	782
1	8	5	2109
1	9	2	1806
1	9	4	965
1	9	5	2073
1	10	2	2075
1	10	4	893
1	10	5	2138


Outbound Solution(S P T):
1	1	2	735
1	1	4	201
1	2	2	766
1	2	4	219
1	3	2	1014
1	3	4	177
1	4	2	1178
1	4	4	300
1	5	2	782
1	5	4	270
1	6	2	648
1	6	4	193
1	7	2	886
1	7	4	26
1	8	2	860
1	8	4	229
1	9	2	944
1	9	4	79
1	10	2	677
1	10	4	269
2	1	3	739
2	1	5	299
2	2	3	439
2	2	5	396
2	3	3	416
2	3	5	511
2	4	3	573
2	4	5	359
2	5	3	822
2	5	5	538
2	6	3	495
2	6	5	319
2	7	3	658
2	7	5	258
2	8	3	618
2	8	5	312
2	9	3	604
2	9	5	324
2	10	3	539
2	10	5	338
3	1	1	1174
3	2	1	831
3	3	1	636
3	4	1	934
3	5	1	1230
3	6	1	985
3	7	1	1068
3	8	1	1111
3	9	1	1141
3	10	1	1055
4	1	1	1046
4	1	5	203
4	2	1	1195
4	2	5	293
4	3	1	976
4	3	5	130
4	4	1	838
4	4	5	249
4	5	1	1062
4	5	5	87
4	6	1	896
4	6	5	147
4	7	1	835
4	7	5	205
4	8	1	674
4	8	5	216
4	9	1	742
4	9	5	198
4	10	1	1140
4	10	5	150
5	1	3	508
5	1	4	254
5	2	3	416
5	2	4	232
5	3	3	636
5	3	4	276
5	4	3	746
5	4	4	372
5	5	3	646
5	5	4	263
5	6	3	927
5	6	4	581
5	7	3	883
5	7	4	413
5	8	3	481
5	8	4	369
5	9	3	513
5	9	4	299
5	10	3	528
5	10	4	410


Warehouse Inventory (W P T):
1	2220		0		1553		306		862		2220	
2	2026		0		1228		373		859		2026	
3	1612		0		1315		263		673		1612	
4	1873		101		1319		0		530		1873	
5	2292		0		1644		176		824		2292	
6	1912		31		1422		0		355		1912	
7	2111		208		1541		0		665		2111	
8	1785		0		1119		20		204		1785	
9	2138		255		1117		0		587		2138	
10	2195		0		1398		331		545		2195	

Store Inventory (S P T):
Store1
1	173		0		534		352		438		173	
2	276		0		547		334		460		276	
3	313		0		837		564		471		313	
4	301		0		878		595		611		301	
5	95		0		512		340		427		95	
6	232		0		455		315		415		232	
7	322		0		860		635		323		322	
8	333		0		631		390		577		333	
9	212		0		865		598		455		212	
10	184		0		408		263		449		184	
Store2
1	443		161		0		521		282		443	
2	222		220		0		132		2		222	
3	449		343		0		191		106		449	
4	415		272		0		346		143		415	
5	604		301		0		580		303		604	
6	343		174		0		313		169		343	
7	301		148		0		422		153		301	
8	279		113		0		301		166		279	
9	290		165		0		435		125		290	
10	396		165		0		367		231		396	
Store3
1	0		816		557		408		224		0	
2	0		681		544		388		180		0	
3	0		469		251		174		174		0	
4	0		687		539		343		48		0	
5	0		997		753		566		257		0	
6	0		797		596		403		168		0	
7	0		900		554		352		180		0	
8	0		758		597		429		202		0	
9	0		790		583		479		229		0	
10	0		922		679		577		421		0	
Store4
1	0		953		594		281		0		0	
2	0		875		528		274		0		0	
3	0		833		590		349		0		0	
4	0		705		430		250		0		0	
5	0		773		466		274		0		0	
6	0		663		481		331		0		0	
7	0		564		200		194		0		0	
8	0		591		406		201		0		0	
9	0		586		326		123		0		0	
10	0		928		587		316		0		0	
Store5
1	217		155		0		217		279		217	
2	275		0		0		275		275		275	
3	378		274		0		378		495		378	
4	578		347		0		578		780		578	
5	393		258		0		393		518		393	
6	721		418		0		721		976		721	
7	618		401		0		618		900		618	
8	323		202		0		323		515		323	
9	305		144		0		305		544		305	
10	329		168		0		329		537		329	


Shipments from Vendor to Warehouse (V T):
0	0.9136866	0	0.439814	0.8482546	

Shipments from Warehouse to Stores (S T):
1	2	0.3999307
1	4	0.1577507
1	5	0.09184334
2	3	0.320792
2	4	0.06777
2	5	0.2344193
3	1	0.4394266
3	2	0.02029
3	3	0.03432
3	4	0.02737333
3	5	0.1230467
4	1	0.4116839
4	4	0.12511
4	5	0.2579307
5	3	0.2951427
5	4	0.2144453
5	5	0.09087666


Required Putaway workers (Sol T):
2	2	2	1	2	

No of required pickers (T):
5	4	6	6	6	

No of part-time putaway workers (T):
0	0	0	0	0	

No of part-time pickers (T):
1	0	2	2	2	

Best Putaway Technology: 2400
Best Picking Technology: 500

Required Fashion Putaway Hours:
8.120833	0	12.32708	0	0	

Required Basic Putaway Hours:
0	8.979584	0	4.194583	8.163333	

Required Total Putaway Hours:
8.120833	8.979584	12.32708	4.194583	8.163333	

No of required fashion pick hours:
0	11.12	15.83	34.62	36.58	

No of required basic pick hours:
39.138	16.98	24.374	10.864	11.064	

No of required total pick hours:
39.138	28.1	40.204	45.484	47.644	

List of all the costs: 
MHECost		370
PutawayTechCost		3540
PickingTechCost		3195
WhBasicInvCost		419.88
BasicInbCost		7733.28
WhFashionInvCost		873.1001
FashionInbCost		4188.012
PutawayCost		3200
StoreBasicInvCost		3993.8
StoreFashionInvCost		4944.75
OutboundCost		13978.27
PickingCost		8080
Total		54516.09

List of Top5 Technologies: 
Tech1		3	5	$ 54520.09
Tech2		1	5	$ 57013.79
Tech3		1	1	$ 94196.14
Tech4		None	None	$ -
Tech5		None	None	$ -
The start time is 12/17/2014 9:07:20 PM
The End time is 12/17/2014 9:07:24 PM
