Printing New Fashion Solution:

Inbound Fashion Solution (V F T):
1	1	2	5620
1	2	1	4220
1	3	2	3890
1	4	1	4630
1	5	1	5395
1	6	1	5725
1	7	2	5595
1	8	1	5105
1	9	2	5265
1	10	2	4775


Outbound Fashion Solution(S F T):
1	1	5	275
1	2	5	460
1	3	5	1035
1	4	5	1365
1	5	5	1250
1	6	5	615
1	7	5	1130
1	8	4	2140
1	9	4	880
1	10	5	620
2	1	5	1300
2	2	5	1415
2	3	5	410
2	4	4	1305
2	5	5	730
2	6	4	1925
2	7	5	555
2	8	4	985
2	9	4	1085
2	10	5	1260
3	1	5	1125
3	2	5	725
3	3	5	930
3	4	5	160
3	5	5	615
3	6	5	1545
3	7	5	1620
3	8	5	490
3	9	5	1530
3	10	5	1380
4	1	5	1405
4	2	4	770
4	3	5	960
4	4	4	825
4	5	5	1465
4	6	5	645
4	7	5	495
4	8	4	890
4	9	4	710
4	10	5	860
5	1	5	1515
5	2	5	850
5	3	5	555
5	4	5	975
5	5	5	1335
5	6	5	995
5	7	5	1795
5	8	4	600
5	9	4	1060
5	10	5	655


Warehouse Fashion Inventory (W F T):
1	0		5620		5620		5620		0	
2	4220		4220		4220		3450		0	
3	0		3890		3890		3890		0	
4	4630		4630		4630		2500		0	
5	5395		5395		5395		5395		0	
6	5725		5725		5725		3800		0	
7	0		5595		5595		5595		0	
8	5105		5105		5105		490		0	
9	0		5265		5265		1530		0	
10	0		4775		4775		4775		0	

Store Fashion Inventory (S F T):
Store1
1	0		0		0		275	
2	0		0		0		460	
3	0		0		0		1035	
4	0		0		0		1365	
5	0		0		0		1250	
6	0		0		0		615	
7	0		0		0		1130	
8	0		0		2140		2140	
9	0		0		880		880	
10	0		0		0		620	
Store2
1	0		0		0		1300	
2	0		0		0		1415	
3	0		0		0		410	
4	0		0		1305		1305	
5	0		0		0		730	
6	0		0		1925		1925	
7	0		0		0		555	
8	0		0		985		985	
9	0		0		1085		1085	
10	0		0		0		1260	
Store3
1	0		0		0		1125	
2	0		0		0		725	
3	0		0		0		930	
4	0		0		0		160	
5	0		0		0		615	
6	0		0		0		1545	
7	0		0		0		1620	
8	0		0		0		490	
9	0		0		0		1530	
10	0		0		0		1380	
Store4
1	0		0		0		1405	
2	0		0		770		770	
3	0		0		0		960	
4	0		0		825		825	
5	0		0		0		1465	
6	0		0		0		645	
7	0		0		0		495	
8	0		0		890		890	
9	0		0		710		710	
10	0		0		0		860	
Store5
1	0		0		0		1515	
2	0		0		0		850	
3	0		0		0		555	
4	0		0		0		975	
5	0		0		0		1335	
6	0		0		0		995	
7	0		0		0		1795	
8	0		0		600		600	
9	0		0		1060		1060	
10	0		0		0		655	


Fashion Shipments from Vendor to Warehouse (V T):
1.026713	0.8676066	0	0	

Printing New Basic Solution:

Inbound Solution (V P T):
1	1	4	2867
1	1	5	2076
1	2	4	2757
1	2	5	2670
1	3	4	2822
1	3	5	2949
1	4	4	2101
1	4	5	2240
1	5	4	2611
1	5	5	1741
1	6	4	3364
1	6	5	1264
1	7	4	3863
1	7	5	1562
1	8	4	1000
1	8	5	4003
1	9	4	4776
1	10	4	1295
1	10	5	4285


Outbound Solution(S P T):
1	1	4	981
1	2	4	1352
1	3	4	1344
1	4	4	525
1	5	4	518
1	6	4	987
1	7	4	995
1	8	4	883
1	9	4	974
1	10	4	1085
2	1	1	891
2	2	1	971
2	3	1	1304
2	4	1	1188
2	5	1	740
2	6	1	959
2	7	1	1078
2	8	1	1031
2	9	1	1122
2	10	1	1243
3	1	5	832
3	2	5	1375
3	3	5	1338
3	4	5	916
3	5	5	1020
3	6	5	998
3	7	5	1096
3	8	5	1138
3	9	5	943
3	10	5	1151
4	1	4	1302
4	2	4	890
4	3	4	814
4	4	4	730
4	5	4	1274
4	6	4	749
4	7	4	1085
4	8	4	965
4	9	4	807
4	10	4	1103
5	1	4	937
5	2	4	839
5	3	4	971
5	4	4	982
5	5	4	800
5	6	4	935
5	7	4	1171
5	8	4	986
5	9	4	930
5	10	4	998


Warehouse Inventory (W P T):
1	1244		353		353		353		0		1244	
2	1295		324		324		324		0		1295	
3	1611		307		307		307		0		1611	
4	1324		136		136		136		0		1324	
5	740		0		0		0		19		740	
6	959		0		0		0		693		959	
7	1078		0		0		0		612		1078	
8	2865		1834		1834		1834		0		2865	
9	1122		0		0		0		2065		1122	
10	3134		1891		1891		1891		0		3134	

Store Inventory (S P T):
Store1
1	571		515		350		0		694		571	
2	834		582		265		0		1074		834	
3	816		533		182		0		1014		816	
4	290		170		58		0		393		290	
5	313		291		141		0		512		313	
6	494		476		216		0		771		494	
7	593		361		231		0		772		593	
8	413		246		40		0		661		413	
9	533		300		93		0		725		533	
10	512		287		152		0		812		512	
Store2
1	0		830		533		366		194		0	
2	0		786		667		475		153		0	
3	0		1027		793		572		329		0	
4	0		910		797		594		302		0	
5	0		567		424		221		22		0	
6	0		739		641		523		242		0	
7	0		817		587		436		197		0	
8	0		730		525		396		171		0	
9	0		910		725		573		346		0	
10	0		1049		737		417		168		0	
Store3
1	714		485		310		127		0		714	
2	1143		880		535		239		0		1143	
3	1096		828		517		315		0		1096	
4	732		548		409		198		0		732	
5	754		632		409		286		0		754	
6	838		667		432		258		0		838	
7	849		688		339		86		0		849	
8	787		612		345		117		0		787	
9	793		608		502		277		0		793	
10	992		714		524		308		0		992	
Store4
1	854		611		248		0		1070		854	
2	439		225		133		0		610		439	
3	579		349		108		0		656		579	
4	347		196		58		0		531		347	
5	639		502		260		0		953		639	
6	512		264		182		0		708		512	
7	554		336		163		0		852		554	
8	508		288		173		0		684		508	
9	332		196		64		0		616		332	
10	544		366		119		0		855		544	
Store5
1	488		211		211		0		705		488	
2	802		485		354		0		802		802	
3	585		374		175		0		845		585	
4	574		342		130		0		873		574	
5	390		204		44		0		710		390	
6	515		303		156		0		851		515	
7	700		581		321		0		909		700	
8	597		390		271		0		796		597	
9	506		290		69		0		799		506	
10	468		160		8		0		753		468	


Shipments from Vendor to Warehouse (V T):
0	0	0	0.9051433	0.6566579	

Shipments from Warehouse to Stores (S T):
1	4	0.4213913
1	5	0.28576
2	1	0.3223847
2	4	0.2143667
2	5	0.2174267
3	5	0.7269692
4	4	0.422466
4	5	0.1705933
5	4	0.3283
5	5	0.3464633


Required Putaway workers (Sol T):
3	3	0	3	3	

No of required pickers (T):
2	0	0	6	6	

No of part-time putaway workers (T):
1	1	0	1	1	

No of part-time pickers (T):
0	0	0	2	2	

Best Putaway Technology: 1200
Best Picking Technology: 1000

Required Fashion Putaway Hours:
20.89583	20.95417	0	0	0	

Required Basic Putaway Hours:
0	0	0	22.88	18.99167	

Required Total Putaway Hours:
20.89583	20.95417	0	22.88	18.99167	

No of required fashion pick hours:
0	0	0	13.175	37.045	

No of required basic pick hours:
10.527	0	0	28.912	10.807	

No of required total pick hours:
10.527	0	0	42.087	47.852	

List of all the costs: 
MHECost		378
PutawayTechCost		1060
PickingTechCost		9130
WhBasicInvCost		332.96
BasicInbCost		2472.196
WhFashionInvCost		1625.6
FashionInbCost		5316.531
PutawayCost		4160
StoreBasicInvCost		4905.05
StoreFashionInvCost		3169.75
OutboundCost		7996.81
PickingCost		7360
Total		47906.89

List of Top5 Technologies: 
Tech1		2	6	$ 47906.89
Tech2		3	6	$ 48871.91
Tech3		3	3	$ 62206.89
Tech4		3	1	$ 109020.7
Tech5		1	1	$ 129467.5
The start time is 12/19/2014 6:10:25 PM
The End time is 12/19/2014 6:10:32 PM
