Printing New Fashion Solution:

Inbound Fashion Solution (V F T):
1	1	2	5620
1	2	2	4220
1	3	2	3890
1	4	2	4630
1	5	2	5395
1	6	3	5725
1	7	3	5595
1	8	3	5105
1	9	2	5265
1	10	3	4775


Outbound Fashion Solution(S F T):
1	1	5	275
1	2	4	460
1	3	5	1035
1	4	5	1365
1	5	5	1250
1	6	4	615
1	7	5	1130
1	8	4	2140
1	9	4	880
1	10	5	620
2	1	4	1300
2	2	4	1415
2	3	5	410
2	4	5	1305
2	5	5	730
2	6	4	1925
2	7	5	555
2	8	5	985
2	9	4	1085
2	10	5	1260
3	1	4	1125
3	2	4	725
3	3	5	930
3	4	5	160
3	5	5	615
3	6	5	1545
3	7	5	1620
3	8	4	490
3	9	4	1530
3	10	5	1380
4	1	5	1405
4	2	5	770
4	3	5	960
4	4	5	825
4	5	5	1465
4	6	5	645
4	7	5	495
4	8	5	890
4	9	5	710
4	10	5	860
5	1	5	1515
5	2	4	850
5	3	5	555
5	4	5	975
5	5	5	1335
5	6	5	995
5	7	5	1795
5	8	5	600
5	9	4	1060
5	10	5	655


Warehouse Fashion Inventory (W F T):
1	0		5620		5620		3195		0	
2	0		4220		4220		770		0	
3	0		3890		3890		3890		0	
4	0		4630		4630		4630		0	
5	0		5395		5395		5395		0	
6	0		0		5725		3185		0	
7	0		0		5595		5595		0	
8	0		0		5105		2475		0	
9	0		5265		5265		710		0	
10	0		0		4775		4775		0	

Store Fashion Inventory (S F T):
Store1
1	0		0		0		275	
2	0		0		460		460	
3	0		0		0		1035	
4	0		0		0		1365	
5	0		0		0		1250	
6	0		0		615		615	
7	0		0		0		1130	
8	0		0		2140		2140	
9	0		0		880		880	
10	0		0		0		620	
Store2
1	0		0		1300		1300	
2	0		0		1415		1415	
3	0		0		0		410	
4	0		0		0		1305	
5	0		0		0		730	
6	0		0		1925		1925	
7	0		0		0		555	
8	0		0		0		985	
9	0		0		1085		1085	
10	0		0		0		1260	
Store3
1	0		0		1125		1125	
2	0		0		725		725	
3	0		0		0		930	
4	0		0		0		160	
5	0		0		0		615	
6	0		0		0		1545	
7	0		0		0		1620	
8	0		0		490		490	
9	0		0		1530		1530	
10	0		0		0		1380	
Store4
1	0		0		0		1405	
2	0		0		0		770	
3	0		0		0		960	
4	0		0		0		825	
5	0		0		0		1465	
6	0		0		0		645	
7	0		0		0		495	
8	0		0		0		890	
9	0		0		0		710	
10	0		0		0		860	
Store5
1	0		0		0		1515	
2	0		0		850		850	
3	0		0		0		555	
4	0		0		0		975	
5	0		0		0		1335	
6	0		0		0		995	
7	0		0		0		1795	
8	0		0		0		600	
9	0		0		1060		1060	
10	0		0		0		655	


Fashion Shipments from Vendor to Warehouse (V T):
0	0.9446233	0.9496967	0	

Printing New Basic Solution:

Inbound Solution (V P T):
1	1	1	495
1	1	4	4448
1	2	1	5427
1	3	1	2886
1	3	4	2885
1	4	1	1303
1	4	4	3038
1	5	1	2612
1	5	4	1740
1	6	1	2314
1	6	4	2314
1	7	1	543
1	7	4	4882
1	8	1	2002
1	8	4	3001
1	9	1	4299
1	9	4	477
1	10	1	5022
1	10	4	558


Outbound Solution(S P T):
1	1	2	981
1	2	2	1352
1	3	2	1344
1	4	2	525
1	5	2	518
1	6	2	987
1	7	2	995
1	8	2	883
1	9	2	974
1	10	2	1085
2	1	1	891
2	2	1	971
2	3	1	1304
2	4	1	1188
2	5	1	740
2	6	1	959
2	7	1	1078
2	8	1	1031
2	9	1	1122
2	10	1	1243
3	1	4	832
3	2	4	1375
3	3	4	1338
3	4	4	916
3	5	4	1020
3	6	4	998
3	7	4	1096
3	8	4	1138
3	9	4	943
3	10	4	1151
4	1	1	1302
4	2	1	890
4	3	1	814
4	4	1	730
4	5	1	1274
4	6	1	749
4	7	1	1085
4	8	1	965
4	9	1	807
4	10	1	1103
5	1	4	937
5	2	4	839
5	3	4	971
5	4	4	982
5	5	4	800
5	6	4	935
5	7	4	1171
5	8	4	986
5	9	4	930
5	10	4	998


Warehouse Inventory (W P T):
1	2679		981		0		0		2679		2679	
2	0		3566		2214		2214		0		0	
3	576		1344		0		0		576		576	
4	1140		525		0		0		1140		1140	
5	0		598		80		80		0		0	
6	381		987		0		0		381		381	
7	2615		995		0		0		2615		2615	
8	877		883		0		0		877		877	
9	0		2370		1396		1396		0		0	
10	0		2676		1591		1591		0		0	

Store Inventory (S P T):
Store1
1	56		0		816		466		179		56	
2	252		0		1035		770		492		252	
3	283		0		993		811		481		283	
4	120		0		413		355		223		120	
5	22		0		368		227		221		22	
6	18		0		727		511		295		18	
7	232		0		865		634		411		232	
8	167		0		677		637		415		167	
9	233		0		767		674		425		233	
10	225		0		950		798		525		225	
Store2
1	0		830		533		366		194		0	
2	0		786		667		475		153		0	
3	0		1027		793		572		329		0	
4	0		910		797		594		302		0	
5	0		567		424		221		22		0	
6	0		739		641		523		242		0	
7	0		817		587		436		197		0	
8	0		730		525		396		171		0	
9	0		910		725		573		346		0	
10	0		1049		737		417		168		0	
Store3
1	587		358		183		0		705		587	
2	904		641		296		0		1136		904	
3	781		513		202		0		1023		781	
4	534		350		211		0		718		534	
5	468		346		123		0		734		468	
6	580		409		174		0		740		580	
7	763		602		253		0		1010		763	
8	670		495		228		0		1021		670	
9	516		331		225		0		666		516	
10	684		406		216		0		843		684	
Store4
1	0		1059		696		448		216		0	
2	0		676		584		451		171		0	
3	0		584		343		235		77		0	
4	0		579		441		383		184		0	
5	0		1137		895		635		314		0	
6	0		501		419		237		196		0	
7	0		867		694		531		298		0	
8	0		745		630		457		176		0	
9	0		671		539		475		284		0	
10	0		925		678		559		311		0	
Store5
1	488		211		211		0		705		488	
2	802		485		354		0		802		802	
3	585		374		175		0		845		585	
4	574		342		130		0		873		574	
5	390		204		44		0		710		390	
6	515		303		156		0		851		515	
7	700		581		321		0		909		700	
8	597		390		271		0		796		597	
9	506		290		69		0		799		506	
10	468		160		8		0		753		468	


Shipments from Vendor to Warehouse (V T):
0.9892066	0	0	0.5725946	0	

Shipments from Warehouse to Stores (S T):
1	2	0.3312046
1	4	0.1443333
1	5	0.2316133
2	1	0.3223847
2	4	0.2112067
2	5	0.2205867
3	4	0.4539026
3	5	0.2730667
4	1	0.2830094
4	5	0.31005
5	4	0.3606667
5	5	0.3140967


Required Putaway workers (Sol T):
3	4	3	3	0	

No of required pickers (T):
6	3	0	9	9	

No of part-time putaway workers (T):
0	1	0	0	0	

No of part-time pickers (T):
0	0	0	3	3	

Best Putaway Technology: 1200
Best Picking Technology: 500

Required Fashion Putaway Hours:
0	24.18333	17.66667	0	0	

Required Basic Putaway Hours:
22.41917	0	0	19.4525	0	

Required Total Putaway Hours:
22.41917	24.18333	17.66667	19.4525	0	

No of required fashion pick hours:
0	0	0	31.2	69.24	

No of required basic pick hours:
40.492	19.288	0	40.712	0	

No of required total pick hours:
40.492	19.288	0	71.912	69.24	

List of all the costs: 
MHECost		432
PutawayTechCost		1060
PickingTechCost		3195
WhBasicInvCost		420.23
BasicInbCost		2472.196
WhFashionInvCost		1138.6
FashionInbCost		4178.951
PutawayCost		5040
StoreBasicInvCost		5047.65
StoreFashionInvCost		3291
OutboundCost		9303.949
PickingCost		11040
Total		46619.58

List of Top5 Technologies: 
Tech1		2	5	$ 46619.58
Tech2		4	5	$ 48828.7
Tech3		1	5	$ 49202.57
Tech4		1	6	$ 50568.2
Tech5		1	1	$ 99522.08
The start time is 12/19/2014 6:10:25 PM
The End time is 12/19/2014 6:10:33 PM
