Printing New Fashion Solution:

Inbound Fashion Solution (V F T):
1	1	2	5620
1	2	3	4220
1	3	3	3890
1	4	3	4630
1	5	2	5395
1	6	2	5725
1	7	2	5595
1	8	3	5105
1	9	3	5265
1	10	2	4775


Outbound Fashion Solution(S F T):
1	1	5	275
1	2	4	460
1	3	4	1035
1	4	5	1365
1	5	5	1250
1	6	5	615
1	7	4	1130
1	8	5	2140
1	9	5	880
1	10	3	620
2	1	5	1300
2	2	4	1415
2	3	5	410
2	4	5	1305
2	5	5	730
2	6	5	1925
2	7	4	555
2	8	4	985
2	9	5	1085
2	10	4	1260
3	1	5	1125
3	2	5	725
3	3	5	930
3	4	5	160
3	5	5	615
3	6	5	1545
3	7	4	1620
3	8	5	490
3	9	5	1530
3	10	4	1380
4	1	5	1405
4	2	5	770
4	3	5	960
4	4	5	825
4	5	5	1465
4	6	5	645
4	7	3	495
4	8	5	890
4	9	5	710
4	10	3	860
5	1	5	1515
5	2	5	850
5	3	5	555
5	4	5	975
5	5	5	1335
5	6	5	995
5	7	4	1795
5	8	4	600
5	9	5	1060
5	10	4	655


Warehouse Fashion Inventory (W F T):
1	0		5620		5620		5620		0	
2	0		0		4220		2345		0	
3	0		0		3890		2855		0	
4	0		0		4630		4630		0	
5	0		5395		5395		5395		0	
6	0		5725		5725		5725		0	
7	0		5595		5100		0		0	
8	0		0		5105		3520		0	
9	0		0		5265		5265		0	
10	0		4775		3295		0		0	

Store Fashion Inventory (S F T):
Store1
1	0		0		0		275	
2	0		0		460		460	
3	0		0		1035		1035	
4	0		0		0		1365	
5	0		0		0		1250	
6	0		0		0		615	
7	0		0		1130		1130	
8	0		0		0		2140	
9	0		0		0		880	
10	0		620		620		620	
Store2
1	0		0		0		1300	
2	0		0		1415		1415	
3	0		0		0		410	
4	0		0		0		1305	
5	0		0		0		730	
6	0		0		0		1925	
7	0		0		555		555	
8	0		0		985		985	
9	0		0		0		1085	
10	0		0		1260		1260	
Store3
1	0		0		0		1125	
2	0		0		0		725	
3	0		0		0		930	
4	0		0		0		160	
5	0		0		0		615	
6	0		0		0		1545	
7	0		0		1620		1620	
8	0		0		0		490	
9	0		0		0		1530	
10	0		0		1380		1380	
Store4
1	0		0		0		1405	
2	0		0		0		770	
3	0		0		0		960	
4	0		0		0		825	
5	0		0		0		1465	
6	0		0		0		645	
7	0		495		495		495	
8	0		0		0		890	
9	0		0		0		710	
10	0		860		860		860	
Store5
1	0		0		0		1515	
2	0		0		0		850	
3	0		0		0		555	
4	0		0		0		975	
5	0		0		0		1335	
6	0		0		0		995	
7	0		0		1795		1795	
8	0		0		600		600	
9	0		0		0		1060	
10	0		0		655		655	


Fashion Shipments from Vendor to Warehouse (V T):
0	0.95823	0.9360901	0	

Printing New Basic Solution:

Inbound Solution (V P T):
1	1	1	3016
1	1	4	1927
1	2	1	3995
1	2	4	1432
1	3	1	4317
1	3	4	1454
1	4	4	4341
1	5	1	4352
1	6	1	2314
1	6	4	2314
1	7	1	2648
1	7	4	2777
1	8	1	1321
1	8	4	3682
1	9	1	956
1	9	4	3820
1	10	1	4576
1	10	4	1004


Outbound Solution(S P T):
1	1	3	981
1	2	3	1352
1	3	3	1344
1	4	3	525
1	5	3	518
1	6	3	987
1	7	3	995
1	8	3	883
1	9	3	974
1	10	3	1085
2	1	1	891
2	2	1	971
2	3	1	1304
2	4	1	1188
2	5	1	740
2	6	1	959
2	7	1	1078
2	8	1	1031
2	9	1	1122
2	10	1	1243
3	1	4	832
3	2	4	1375
3	3	4	1338
3	4	4	916
3	5	4	1020
3	6	4	998
3	7	4	1096
3	8	4	1138
3	9	4	943
3	10	4	1151
4	1	3	1302
4	2	3	890
4	3	3	814
4	4	3	730
4	5	3	1274
4	6	3	749
4	7	3	1085
4	8	3	965
4	9	3	807
4	10	3	1103
5	1	4	937
5	2	4	839
5	3	4	971
5	4	4	982
5	5	4	800
5	6	4	935
5	7	4	1171
5	8	4	986
5	9	4	930
5	10	4	998


Warehouse Inventory (W P T):
1	158		2283		2283		0		158		158	
2	0		3024		3024		782		0		0	
3	0		3013		3013		855		0		0	
4	2443		1255		1255		0		2443		2443	
5	0		3612		3612		1820		0		0	
6	381		1736		1736		0		381		381	
7	510		2080		2080		0		510		510	
8	1558		1848		1848		0		1558		1558	
9	1947		1781		1781		0		1947		1947	
10	0		3333		3333		1145		0		0	

Store Inventory (S P T):
Store1
1	221		165		0		631		344		221	
2	569		317		0		1087		809		569	
3	634		351		0		1162		832		634	
4	232		112		0		467		335		232	
5	172		150		0		377		371		172	
6	278		260		0		771		555		278	
7	362		130		0		764		541		362	
8	373		206		0		843		621		373	
9	440		207		0		881		632		440	
10	360		135		0		933		660		360	
Store2
1	0		830		533		366		194		0	
2	0		786		667		475		153		0	
3	0		1027		793		572		329		0	
4	0		910		797		594		302		0	
5	0		567		424		221		22		0	
6	0		739		641		523		242		0	
7	0		817		587		436		197		0	
8	0		730		525		396		171		0	
9	0		910		725		573		346		0	
10	0		1049		737		417		168		0	
Store3
1	587		358		183		0		705		587	
2	904		641		296		0		1136		904	
3	781		513		202		0		1023		781	
4	534		350		211		0		718		534	
5	468		346		123		0		734		468	
6	580		409		174		0		740		580	
7	763		602		253		0		1010		763	
8	670		495		228		0		1021		670	
9	516		331		225		0		666		516	
10	684		406		216		0		843		684	
Store4
1	606		363		0		1054		822		606	
2	306		92		0		757		477		306	
3	471		241		0		706		548		471	
4	289		138		0		672		473		289	
5	379		242		0		1014		693		379	
6	330		82		0		567		526		330	
7	391		173		0		922		689		391	
8	335		115		0		792		511		335	
9	268		132		0		743		552		268	
10	425		247		0		984		736		425	
Store5
1	488		211		211		0		705		488	
2	802		485		354		0		802		802	
3	585		374		175		0		845		585	
4	574		342		130		0		873		574	
5	390		204		44		0		710		390	
6	515		303		156		0		851		515	
7	700		581		321		0		909		700	
8	597		390		271		0		796		597	
9	506		290		69		0		799		506	
10	468		160		8		0		753		468	


Shipments from Vendor to Warehouse (V T):
0.908778	0	0	0.6530234	0	

Shipments from Warehouse to Stores (S T):
1	3	0.3584846
1	4	0.1280733
1	5	0.2205933
2	1	0.3223847
2	4	0.2057333
2	5	0.22606
3	4	0.4990893
3	5	0.22788
4	3	0.3502194
4	5	0.24284
5	4	0.4374766
5	5	0.2372867


Required Putaway workers (Sol T):
3	3	3	3	0	

No of required pickers (T):
3	0	6	9	9	

No of part-time putaway workers (T):
1	1	1	1	0	

No of part-time pickers (T):
0	0	0	3	3	

Best Putaway Technology: 1200
Best Picking Technology: 500

Required Fashion Putaway Hours:
0	22.59167	19.25833	0	0	

Required Basic Putaway Hours:
22.9125	0	0	18.95917	0	

Required Total Putaway Hours:
22.9125	22.59167	19.25833	18.95917	0	

No of required fashion pick hours:
0	0	3.95	25.78	70.71	

No of required basic pick hours:
21.054	0	38.726	40.712	0	

No of required total pick hours:
21.054	0	42.676	66.492	70.71	

List of all the costs: 
MHECost		378
PutawayTechCost		1060
PickingTechCost		3195
WhBasicInvCost		665.2599
BasicInbCost		2472.196
WhFashionInvCost		1107.1
FashionInbCost		4178.952
PutawayCost		4160
StoreBasicInvCost		5051.8
StoreFashionInvCost		3353
OutboundCost		9303.949
PickingCost		11040
Total		45965.26

List of Top5 Technologies: 
Tech1		2	5	$ 45965.26
Tech2		2	6	$ 50210.33
Tech3		1	6	$ 51565
Tech4		1	3	$ 60308.2
Tech5		1	2	$ 69909.59
The start time is 12/19/2014 6:10:25 PM
The End time is 12/19/2014 6:10:32 PM
