Printing New Fashion Solution:

Inbound Fashion Solution (V F T):
1	1	1	5620
1	2	1	4220
1	3	2	3890
1	4	2	4630
1	5	1	5395
1	6	2	5725
1	7	1	5595
1	8	2	5105
1	9	2	5265
1	10	1	4775


Outbound Fashion Solution(S F T):
1	1	3	275
1	2	5	460
1	3	4	1035
1	4	3	1365
1	5	4	1250
1	6	4	615
1	7	3	1130
1	8	4	2140
1	9	5	880
1	10	5	620
2	1	4	1300
2	2	5	1415
2	3	3	410
2	4	4	1305
2	5	5	730
2	6	5	1925
2	7	3	555
2	8	4	985
2	9	4	1085
2	10	5	1260
3	1	4	1125
3	2	5	725
3	3	3	930
3	4	3	160
3	5	5	615
3	6	4	1545
3	7	3	1620
3	8	3	490
3	9	3	1530
3	10	5	1380
4	1	4	1405
4	2	5	770
4	3	4	960
4	4	4	825
4	5	3	1465
4	6	4	645
4	7	5	495
4	8	3	890
4	9	5	710
4	10	5	860
5	1	4	1515
5	2	5	850
5	3	4	555
5	4	3	975
5	5	4	1335
5	6	3	995
5	7	3	1795
5	8	3	600
5	9	3	1060
5	10	5	655


Warehouse Fashion Inventory (W F T):
1	5620		5620		5345		0		0	
2	4220		4220		4220		4220		0	
3	0		3890		2550		0		0	
4	0		4630		2130		0		0	
5	5395		5395		3930		1345		0	
6	0		5725		4730		1925		0	
7	5595		5595		495		495		0	
8	0		5105		3125		0		0	
9	0		5265		2675		1590		0	
10	4775		4775		4775		4775		0	

Store Fashion Inventory (S F T):
Store1
1	0		275		275		275	
2	0		0		0		460	
3	0		0		1035		1035	
4	0		1365		1365		1365	
5	0		0		1250		1250	
6	0		0		615		615	
7	0		1130		1130		1130	
8	0		0		2140		2140	
9	0		0		0		880	
10	0		0		0		620	
Store2
1	0		0		1300		1300	
2	0		0		0		1415	
3	0		410		410		410	
4	0		0		1305		1305	
5	0		0		0		730	
6	0		0		0		1925	
7	0		555		555		555	
8	0		0		985		985	
9	0		0		1085		1085	
10	0		0		0		1260	
Store3
1	0		0		1125		1125	
2	0		0		0		725	
3	0		930		930		930	
4	0		160		160		160	
5	0		0		0		615	
6	0		0		1545		1545	
7	0		1620		1620		1620	
8	0		490		490		490	
9	0		1530		1530		1530	
10	0		0		0		1380	
Store4
1	0		0		1405		1405	
2	0		0		0		770	
3	0		0		960		960	
4	0		0		825		825	
5	0		1465		1465		1465	
6	0		0		645		645	
7	0		0		0		495	
8	0		890		890		890	
9	0		0		0		710	
10	0		0		0		860	
Store5
1	0		0		1515		1515	
2	0		0		0		850	
3	0		0		555		555	
4	0		975		975		975	
5	0		0		1335		1335	
6	0		995		995		995	
7	0		1795		1795		1795	
8	0		600		600		600	
9	0		1060		1060		1060	
10	0		0		0		655	


Fashion Shipments from Vendor to Warehouse (V T):
0.9699767	0.9243433	0	0	

Printing New Basic Solution:

Inbound Solution (V P T):
1	1	3	988
1	1	5	3955
1	2	3	1628
1	2	5	3799
1	3	3	2885
1	3	5	2886
1	4	3	3038
1	4	5	1303
1	5	3	1740
1	5	5	2612
1	6	3	2314
1	6	5	2314
1	7	3	2712
1	7	5	2713
1	8	3	500
1	8	5	4503
1	9	3	4776
1	10	3	2790
1	10	5	2790


Outbound Solution(S P T):
1	1	3	571
1	1	5	410
1	2	3	834
1	2	5	518
1	3	3	816
1	3	5	528
1	4	3	290
1	4	5	235
1	5	3	313
1	5	5	205
1	6	3	494
1	6	5	493
1	7	3	593
1	7	5	402
1	8	3	413
1	8	5	470
1	9	3	533
1	9	5	441
1	10	3	512
1	10	5	573
2	1	2	358
2	1	4	339
2	1	5	194
2	2	2	304
2	2	4	514
2	2	5	153
2	3	2	511
2	3	4	464
2	3	5	329
2	4	2	391
2	4	4	495
2	4	5	302
2	5	2	316
2	5	4	402
2	5	5	22
2	6	2	318
2	6	4	399
2	6	5	242
2	7	2	491
2	7	4	390
2	7	5	197
2	8	2	506
2	8	4	354
2	8	5	171
2	9	2	397
2	9	4	379
2	9	5	346
2	10	2	506
2	10	4	569
2	10	5	168
3	1	1	714
3	1	5	118
3	2	1	1143
3	2	5	232
3	3	1	1096
3	3	5	242
3	4	1	732
3	4	5	184
3	5	1	754
3	5	5	266
3	6	1	838
3	6	5	160
3	7	1	849
3	7	5	247
3	8	1	787
3	8	5	351
3	9	1	793
3	9	5	150
3	10	1	992
3	10	5	159
4	1	1	838
4	1	3	248
4	1	5	216
4	2	1	586
4	2	3	133
4	2	5	171
4	3	1	629
4	3	3	108
4	3	5	77
4	4	1	488
4	4	3	58
4	4	5	184
4	5	1	700
4	5	3	260
4	5	5	314
4	6	1	371
4	6	3	182
4	6	5	196
4	7	1	624
4	7	3	163
4	7	5	298
4	8	1	616
4	8	3	173
4	8	5	176
4	9	1	459
4	9	3	64
4	9	5	284
4	10	1	673
4	10	3	119
4	10	5	311
5	1	3	277
5	1	4	443
5	1	5	217
5	2	3	448
5	2	4	391
5	3	3	410
5	3	4	301
5	3	5	260
5	4	3	444
5	4	4	239
5	4	5	299
5	5	3	346
5	5	4	134
5	5	5	320
5	6	3	359
5	6	4	240
5	6	5	336
5	7	3	379
5	7	4	583
5	7	5	209
5	8	3	326
5	8	4	461
5	8	5	199
5	9	3	437
5	9	4	200
5	9	5	293
5	10	3	460
5	10	4	253
5	10	5	285


Warehouse Inventory (W P T):
1	2800		1248		890		782		0		2800	
2	2725		996		692		905		0		2725	
3	2236		511		0		1551		786		2236	
4	1611		391		0		2246		1512		1611	
5	1770		316		0		821		285		1770	
6	1527		318		0		1279		640		1527	
7	1964		491		0		1577		604		1964	
8	3136		1733		1227		815		0		3136	
9	1649		397		0		3742		3163		1649	
10	2171		506		0		1699		877		2171	

Store Inventory (S P T):
Store1
1	287		231		66		287		0		287	
2	569		317		0		569		291		569	
3	634		351		0		634		304		634	
4	232		112		0		232		100		232	
5	172		150		0		172		166		172	
6	278		260		0		278		62		278	
7	362		130		0		362		139		362	
8	373		206		0		373		151		373	
9	440		207		0		440		191		440	
10	360		135		0		360		87		360	
Store2
1	167		106		167		0		167		167	
2	192		7		192		0		192		192	
3	277		0		277		56		277		277	
4	278		0		278		75		278		278	
5	203		30		203		0		203		203	
6	220		0		220		102		220		220	
7	261		0		261		110		261		261	
8	301		0		301		172		301		301	
9	212		0		212		60		212		212	
10	320		126		320		0		320		320	
Store3
1	0		485		310		127		0		0	
2	0		880		535		239		0		0	
3	0		828		517		315		0		0	
4	0		548		409		198		0		0	
5	0		632		409		286		0		0	
6	0		667		432		258		0		0	
7	0		688		339		86		0		0	
8	0		612		345		117		0		0	
9	0		608		502		277		0		0	
10	0		714		524		308		0		0	
Store4
1	0		595		232		232		0		0	
2	0		372		280		280		0		0	
3	0		399		158		158		0		0	
4	0		337		199		199		0		0	
5	0		563		321		321		0		0	
6	0		123		41		41		0		0	
7	0		406		233		233		0		0	
8	0		396		281		281		0		0	
9	0		323		191		191		0		0	
10	0		495		248		248		0		0	
Store5
1	277		0		0		66		277		277	
2	448		131		0		94		448		448	
3	410		199		0		235		410		410	
4	444		212		0		314		444		444	
5	346		160		0		302		346		346	
6	359		147		0		203		359		359	
7	379		260		0		58		379		379	
8	326		119		0		55		326		326	
9	437		221		0		368		437		437	
10	460		152		0		452		460		460	


Shipments from Vendor to Warehouse (V T):
0	0	0.743266	0	0.8185353	

Shipments from Warehouse to Stores (S T):
1	3	0.337326
1	4	0.1511733
1	5	0.218652
2	2	0.1210253
2	3	0.04605
2	4	0.2805613
2	5	0.3065414
3	1	0.28074
3	3	0.1883667
3	4	0.08017
3	5	0.1776927
4	1	0.1788467
4	3	0.09828066
4	4	0.1227867
4	5	0.1931453
5	3	0.3699693
5	4	0.1612307
5	5	0.1435633


Required Putaway workers (Sol T):
3	3	3	0	3	

No of required pickers (T):
4	2	7	7	7	

No of part-time putaway workers (T):
1	1	1	0	1	

No of part-time pickers (T):
0	0	2	2	2	

Best Putaway Technology: 1200
Best Picking Technology: 500

Required Fashion Putaway Hours:
21.3375	20.5125	0	0	0	

Required Basic Putaway Hours:
0	0	19.47583	0	22.39583	

Required Total Putaway Hours:
21.3375	20.5125	19.47583	0	22.39583	

No of required fashion pick hours:
0	0	32.49	39.25	28.7	

No of required basic pick hours:
29.364	8.196	21.526	15.1	26.306	

No of required total pick hours:
29.364	8.196	54.016	54.35	55.006	

List of all the costs: 
MHECost		378
PutawayTechCost		1060
PickingTechCost		3195
WhBasicInvCost		545.89
BasicInbCost		2472.196
WhFashionInvCost		1241.5
FashionInbCost		4178.952
PutawayCost		4160
StoreBasicInvCost		2614.95
StoreFashionInvCost		5116.75
OutboundCost		13250.91
PickingCost		9440
Total		47654.14

List of Top5 Technologies: 
Tech1		2	5	$ 47654.14
Tech2		2	6	$ 53414.2
Tech3		2	1	$ 81914.2
Tech4		1	1	$ 95448.28
Tech5		None	None	$ -
The start time is 12/19/2014 6:10:25 PM
The End time is 12/19/2014 6:10:33 PM
