Printing New Fashion Solution:

Inbound Fashion Solution (V F T):
1	1	4	5620
1	2	2	4220
1	3	3	3890
1	4	3	4630
1	5	2	5395
1	6	2	5725
1	7	2	5595
1	8	4	5105
1	9	4	5265
1	10	3	4775


Outbound Fashion Solution(S F T):
1	1	5	275
1	2	4	460
1	3	5	1035
1	4	5	1365
1	5	4	1250
1	6	4	615
1	7	4	1130
1	8	5	2140
1	9	5	880
1	10	5	620
2	1	5	1300
2	2	3	1415
2	3	5	410
2	4	4	1305
2	5	3	730
2	6	4	1925
2	7	4	555
2	8	5	985
2	9	5	1085
2	10	4	1260
3	1	5	1125
3	2	4	725
3	3	4	930
3	4	4	160
3	5	4	615
3	6	4	1545
3	7	4	1620
3	8	5	490
3	9	5	1530
3	10	5	1380
4	1	5	1405
4	2	4	770
4	3	5	960
4	4	4	825
4	5	4	1465
4	6	4	645
4	7	3	495
4	8	5	890
4	9	5	710
4	10	4	860
5	1	5	1515
5	2	4	850
5	3	5	555
5	4	5	975
5	5	4	1335
5	6	4	995
5	7	4	1795
5	8	5	600
5	9	5	1060
5	10	5	655


Warehouse Fashion Inventory (W F T):
1	0		0		0		5620		0	
2	0		4220		2805		0		0	
3	0		0		3890		2960		0	
4	0		0		4630		2340		0	
5	0		5395		4665		0		0	
6	0		5725		5725		0		0	
7	0		5595		5100		0		0	
8	0		0		0		5105		0	
9	0		0		0		5265		0	
10	0		0		4775		2655		0	

Store Fashion Inventory (S F T):
Store1
1	0		0		0		275	
2	0		0		460		460	
3	0		0		0		1035	
4	0		0		0		1365	
5	0		0		1250		1250	
6	0		0		615		615	
7	0		0		1130		1130	
8	0		0		0		2140	
9	0		0		0		880	
10	0		0		0		620	
Store2
1	0		0		0		1300	
2	0		1415		1415		1415	
3	0		0		0		410	
4	0		0		1305		1305	
5	0		730		730		730	
6	0		0		1925		1925	
7	0		0		555		555	
8	0		0		0		985	
9	0		0		0		1085	
10	0		0		1260		1260	
Store3
1	0		0		0		1125	
2	0		0		725		725	
3	0		0		930		930	
4	0		0		160		160	
5	0		0		615		615	
6	0		0		1545		1545	
7	0		0		1620		1620	
8	0		0		0		490	
9	0		0		0		1530	
10	0		0		0		1380	
Store4
1	0		0		0		1405	
2	0		0		770		770	
3	0		0		0		960	
4	0		0		825		825	
5	0		0		1465		1465	
6	0		0		645		645	
7	0		495		495		495	
8	0		0		0		890	
9	0		0		0		710	
10	0		0		860		860	
Store5
1	0		0		0		1515	
2	0		0		850		850	
3	0		0		0		555	
4	0		0		0		975	
5	0		0		1335		1335	
6	0		0		995		995	
7	0		0		1795		1795	
8	0		0		0		600	
9	0		0		0		1060	
10	0		0		0		655	


Fashion Shipments from Vendor to Warehouse (V T):
0	0.9329566	0.5969467	0.3644167	

Printing New Basic Solution:

Inbound Solution (V P T):
1	1	1	4943
1	2	1	3798
1	2	5	1629
1	3	1	577
1	3	5	5194
1	4	5	4341
1	5	1	2611
1	5	5	1741
1	6	1	4628
1	7	1	3797
1	7	5	1628
1	8	1	5003
1	9	5	4776
1	10	1	3348
1	10	5	2232


Outbound Solution(S P T):
1	1	1	981
1	2	1	1352
1	3	1	1344
1	4	1	525
1	5	1	518
1	6	1	987
1	7	1	995
1	8	1	883
1	9	1	974
1	10	1	1085
2	1	3	891
2	2	3	971
2	3	3	1304
2	4	3	1188
2	5	3	740
2	6	3	959
2	7	3	1078
2	8	3	1031
2	9	3	1122
2	10	3	1243
3	1	2	832
3	2	2	1375
3	3	2	1338
3	4	2	916
3	5	2	1020
3	6	2	998
3	7	2	1096
3	8	2	1138
3	9	2	943
3	10	2	1151
4	1	3	1302
4	2	3	890
4	3	3	814
4	4	3	730
4	5	3	1274
4	6	3	749
4	7	3	1085
4	8	3	965
4	9	3	807
4	10	3	1103
5	1	1	937
5	2	1	839
5	3	1	971
5	4	1	982
5	5	1	800
5	6	1	935
5	7	1	1171
5	8	1	986
5	9	1	930
5	10	1	998


Warehouse Inventory (W P T):
1	0		3025		2193		0		0		0	
2	1629		3236		1861		0		0		1629	
3	5194		3456		2118		0		0		5194	
4	4341		2834		1918		0		0		4341	
5	1741		3034		2014		0		0		1741	
6	0		2706		1708		0		0		0	
7	1628		3259		2163		0		0		1628	
8	0		3134		1996		0		0		0	
9	4776		2872		1929		0		0		4776	
10	2232		3497		2346		0		0		2232	

Store Inventory (S P T):
Store1
1	0		925		760		410		123		0	
2	0		1100		783		518		240		0	
3	0		1061		710		528		198		0	
4	0		405		293		235		103		0	
5	0		496		346		205		199		0	
6	0		969		709		493		277		0	
7	0		763		633		402		179		0	
8	0		716		510		470		248		0	
9	0		741		534		441		192		0	
10	0		860		725		573		300		0	
Store2
1	358		297		0		724		552		358	
2	304		119		0		779		457		304	
3	511		234		0		1083		840		511	
4	391		113		0		985		693		391	
5	316		143		0		537		338		316	
6	318		98		0		841		560		318	
7	491		230		0		927		688		491	
8	506		205		0		902		677		506	
9	397		185		0		970		743		397	
10	506		312		0		923		674		506	
Store3
1	229		0		657		474		347		229	
2	263		0		1030		734		495		263	
3	268		0		1027		825		510		268	
4	184		0		777		566		368		184	
5	122		0		797		674		388		122	
6	171		0		763		589		331		171	
7	161		0		747		494		408		161	
8	175		0		871		643		526		175	
9	185		0		837		612		335		185	
10	278		0		961		745		437		278	
Store4
1	606		363		0		1054		822		606	
2	306		92		0		757		477		306	
3	471		241		0		706		548		471	
4	289		138		0		672		473		289	
5	379		242		0		1014		693		379	
6	330		82		0		567		526		330	
7	391		173		0		922		689		391	
8	335		115		0		792		511		335	
9	268		132		0		743		552		268	
10	425		247		0		984		736		425	
Store5
1	0		660		660		449		217		0	
2	0		522		391		37		0		0	
3	0		760		561		386		260		0	
4	0		750		538		408		299		0	
5	0		614		454		410		320		0	
6	0		723		576		420		336		0	
7	0		1052		792		471		209		0	
8	0		779		660		389		199		0	
9	0		714		493		424		293		0	
10	0		690		538		530		285		0	


Shipments from Vendor to Warehouse (V T):
0.8312439	0	0	0	0.7305573	

Shipments from Warehouse to Stores (S T):
1	1	0.3312046
1	4	0.1445267
1	5	0.23142
2	3	0.4218547
2	4	0.2444533
2	5	0.08786999
3	2	0.3422493
3	4	0.25633
3	5	0.12839
4	3	0.3123794
4	4	0.18617
4	5	0.09451
5	1	0.2829533
5	4	0.2254433
5	5	0.1663667


Required Putaway workers (Sol T):
3	3	2	2	3	

No of required pickers (T):
5	3	6	6	6	

No of part-time putaway workers (T):
1	1	0	0	1	

No of part-time pickers (T):
1	0	2	2	2	

Best Putaway Technology: 1200
Best Picking Technology: 500

Required Fashion Putaway Hours:
0	17.44583	11.07917	13.325	0	

Required Basic Putaway Hours:
23.92083	0	0	0	17.95083	

Required Total Putaway Hours:
23.92083	17.44583	11.07917	13.325	17.95083	

No of required fashion pick hours:
0	0	5.28	47.27	47.89	

No of required basic pick hours:
38.386	21.614	40.492	0	0	

No of required total pick hours:
38.386	21.614	45.772	47.27	47.89	

List of all the costs: 
MHECost		351
PutawayTechCost		1060
PickingTechCost		3195
WhBasicInvCost		728.3999
BasicInbCost		2472.196
WhFashionInvCost		764.7
FashionInbCost		5316.532
PutawayCost		3920
StoreBasicInvCost		5071.8
StoreFashionInvCost		3956.75
OutboundCost		11388.56
PickingCost		8080
Total		46304.94

List of Top5 Technologies: 
Tech1		2	5	$ 46304.94
Tech2		2	4	$ 49207.88
Tech3		3	4	$ 50435.05
Tech4		3	6	$ 53857.05
Tech5		3	3	$ 57229.85
The start time is 12/19/2014 6:10:25 PM
The End time is 12/19/2014 6:10:35 PM
