WarehouseVolume:[
(1)	[100000000]
]
StoreVolume:[
(1)	[10000000]
(2)	[10000000]
(3)	[10000000]
(4)	[10000000]
(5)	[10000000]
]
StoreDemand:[
(1	1	1)	[56]
(1	1	2)	[165]
(1	1	3)	[350]
(1	1	4)	[287]
(1	1	5)	[123]
(1	2	1)	[252]
(1	2	2)	[317]
(1	2	3)	[265]
(1	2	4)	[278]
(1	2	5)	[240]
(1	3	1)	[283]
(1	3	2)	[351]
(1	3	3)	[182]
(1	3	4)	[330]
(1	3	5)	[198]
(1	4	1)	[120]
(1	4	2)	[112]
(1	4	3)	[58]
(1	4	4)	[132]
(1	4	5)	[103]
(1	5	1)	[22]
(1	5	2)	[150]
(1	5	3)	[141]
(1	5	4)	[6]
(1	5	5)	[199]
(1	6	1)	[18]
(1	6	2)	[260]
(1	6	3)	[216]
(1	6	4)	[216]
(1	6	5)	[277]
(1	7	1)	[232]
(1	7	2)	[130]
(1	7	3)	[231]
(1	7	4)	[223]
(1	7	5)	[179]
(1	8	1)	[167]
(1	8	2)	[206]
(1	8	3)	[40]
(1	8	4)	[222]
(1	8	5)	[248]
(1	9	1)	[233]
(1	9	2)	[207]
(1	9	3)	[93]
(1	9	4)	[249]
(1	9	5)	[192]
(1	10	1)	[225]
(1	10	2)	[135]
(1	10	3)	[152]
(1	10	4)	[273]
(1	10	5)	[300]
(2	1	1)	[61]
(2	1	2)	[297]
(2	1	3)	[167]
(2	1	4)	[172]
(2	1	5)	[194]
(2	2	1)	[185]
(2	2	2)	[119]
(2	2	3)	[192]
(2	2	4)	[322]
(2	2	5)	[153]
(2	3	1)	[277]
(2	3	2)	[234]
(2	3	3)	[221]
(2	3	4)	[243]
(2	3	5)	[329]
(2	4	1)	[278]
(2	4	2)	[113]
(2	4	3)	[203]
(2	4	4)	[292]
(2	4	5)	[302]
(2	5	1)	[173]
(2	5	2)	[143]
(2	5	3)	[203]
(2	5	4)	[199]
(2	5	5)	[22]
(2	6	1)	[220]
(2	6	2)	[98]
(2	6	3)	[118]
(2	6	4)	[281]
(2	6	5)	[242]
(2	7	1)	[261]
(2	7	2)	[230]
(2	7	3)	[151]
(2	7	4)	[239]
(2	7	5)	[197]
(2	8	1)	[301]
(2	8	2)	[205]
(2	8	3)	[129]
(2	8	4)	[225]
(2	8	5)	[171]
(2	9	1)	[212]
(2	9	2)	[185]
(2	9	3)	[152]
(2	9	4)	[227]
(2	9	5)	[346]
(2	10	1)	[194]
(2	10	2)	[312]
(2	10	3)	[320]
(2	10	4)	[249]
(2	10	5)	[168]
(3	1	1)	[229]
(3	1	2)	[175]
(3	1	3)	[183]
(3	1	4)	[127]
(3	1	5)	[118]
(3	2	1)	[263]
(3	2	2)	[345]
(3	2	3)	[296]
(3	2	4)	[239]
(3	2	5)	[232]
(3	3	1)	[268]
(3	3	2)	[311]
(3	3	3)	[202]
(3	3	4)	[315]
(3	3	5)	[242]
(3	4	1)	[184]
(3	4	2)	[139]
(3	4	3)	[211]
(3	4	4)	[198]
(3	4	5)	[184]
(3	5	1)	[122]
(3	5	2)	[223]
(3	5	3)	[123]
(3	5	4)	[286]
(3	5	5)	[266]
(3	6	1)	[171]
(3	6	2)	[235]
(3	6	3)	[174]
(3	6	4)	[258]
(3	6	5)	[160]
(3	7	1)	[161]
(3	7	2)	[349]
(3	7	3)	[253]
(3	7	4)	[86]
(3	7	5)	[247]
(3	8	1)	[175]
(3	8	2)	[267]
(3	8	3)	[228]
(3	8	4)	[117]
(3	8	5)	[351]
(3	9	1)	[185]
(3	9	2)	[106]
(3	9	3)	[225]
(3	9	4)	[277]
(3	9	5)	[150]
(3	10	1)	[278]
(3	10	2)	[190]
(3	10	3)	[216]
(3	10	4)	[308]
(3	10	5)	[159]
(4	1	1)	[243]
(4	1	2)	[363]
(4	1	3)	[248]
(4	1	4)	[232]
(4	1	5)	[216]
(4	2	1)	[214]
(4	2	2)	[92]
(4	2	3)	[133]
(4	2	4)	[280]
(4	2	5)	[171]
(4	3	1)	[230]
(4	3	2)	[241]
(4	3	3)	[108]
(4	3	4)	[158]
(4	3	5)	[77]
(4	4	1)	[151]
(4	4	2)	[138]
(4	4	3)	[58]
(4	4	4)	[199]
(4	4	5)	[184]
(4	5	1)	[137]
(4	5	2)	[242]
(4	5	3)	[260]
(4	5	4)	[321]
(4	5	5)	[314]
(4	6	1)	[248]
(4	6	2)	[82]
(4	6	3)	[182]
(4	6	4)	[41]
(4	6	5)	[196]
(4	7	1)	[218]
(4	7	2)	[173]
(4	7	3)	[163]
(4	7	4)	[233]
(4	7	5)	[298]
(4	8	1)	[220]
(4	8	2)	[115]
(4	8	3)	[173]
(4	8	4)	[281]
(4	8	5)	[176]
(4	9	1)	[136]
(4	9	2)	[132]
(4	9	3)	[64]
(4	9	4)	[191]
(4	9	5)	[284]
(4	10	1)	[178]
(4	10	2)	[247]
(4	10	3)	[119]
(4	10	4)	[248]
(4	10	5)	[311]
(5	1	1)	[277]
(5	1	2)	[0]
(5	1	3)	[211]
(5	1	4)	[232]
(5	1	5)	[217]
(5	2	1)	[317]
(5	2	2)	[131]
(5	2	3)	[354]
(5	2	4)	[37]
(5	2	5)	[0]
(5	3	1)	[211]
(5	3	2)	[199]
(5	3	3)	[175]
(5	3	4)	[126]
(5	3	5)	[260]
(5	4	1)	[232]
(5	4	2)	[212]
(5	4	3)	[130]
(5	4	4)	[109]
(5	4	5)	[299]
(5	5	1)	[186]
(5	5	2)	[160]
(5	5	3)	[44]
(5	5	4)	[90]
(5	5	5)	[320]
(5	6	1)	[212]
(5	6	2)	[147]
(5	6	3)	[156]
(5	6	4)	[84]
(5	6	5)	[336]
(5	7	1)	[119]
(5	7	2)	[260]
(5	7	3)	[321]
(5	7	4)	[262]
(5	7	5)	[209]
(5	8	1)	[207]
(5	8	2)	[119]
(5	8	3)	[271]
(5	8	4)	[190]
(5	8	5)	[199]
(5	9	1)	[216]
(5	9	2)	[221]
(5	9	3)	[69]
(5	9	4)	[131]
(5	9	5)	[293]
(5	10	1)	[308]
(5	10	2)	[152]
(5	10	3)	[8]
(5	10	4)	[245]
(5	10	5)	[285]
]
FixedCostVendorToWarehouse:[
(1	1)	[110.96]
]
FixedCostWarehouseToStore:[
(1	1)	[66.13]
(1	2)	[45.59]
(1	3)	[126.26]
(1	4)	[85.67]
(1	5)	[110.96]
]
Variable_FixedCostVendorToWarehouse:[
(1	1)	[598.03]
]
VariableCostVendorToWarehouse:[
(1	1)	[0.045]
]
Variable_FixedCostWarehouseToStore:[
(1	1)	[492.45]
(1	2)	[441.14]
(1	3)	[622.3]
(1	4)	[541.39]
(1	5)	[598.03]
]
VariableCostWarehouseToStore:[
(1	1)	[0.034]
(1	2)	[0.027]
(1	3)	[0.047]
(1	4)	[0.041]
(1	5)	[0.045]
]
ProductVolume:[
(1)	[0.97]
(2)	[0.99]
(3)	[0.6]
(4)	[0.3]
(5)	[0.6]
(6)	[0.28]
(7)	[0.03]
(8)	[0.2]
(9)	[0.97]
(10)	[0.03]
]
ProductWeight:[
(1)	[0.5]
(2)	[0.99]
(3)	[0.75]
(4)	[0.11]
(5)	[0.16]
(6)	[0.42]
(7)	[0.26]
(8)	[0.27]
(9)	[0.74]
(10)	[0.33]
]
MapVendorToProduct:[
(1	1)	[1]
(1	2)	[1]
(1	3)	[1]
(1	4)	[1]
(1	5)	[1]
(1	6)	[1]
(1	7)	[1]
(1	8)	[1]
(1	9)	[1]
(1	10)	[1]
]
LeadTimeWarehouseToStores:[
(1	1)	[0]
(1	2)	[0]
(1	3)	[0]
(1	4)	[0]
(1	5)	[0]
]
StoreDemandForFashionProducts:[
(1	1)	[275]
(1	2)	[460]
(1	3)	[1035]
(1	4)	[1365]
(1	5)	[1250]
(1	6)	[615]
(1	7)	[1130]
(1	8)	[2140]
(1	9)	[880]
(1	10)	[620]
(2	1)	[1300]
(2	2)	[1415]
(2	3)	[410]
(2	4)	[1305]
(2	5)	[730]
(2	6)	[1925]
(2	7)	[555]
(2	8)	[985]
(2	9)	[1085]
(2	10)	[1260]
(3	1)	[1125]
(3	2)	[725]
(3	3)	[930]
(3	4)	[160]
(3	5)	[615]
(3	6)	[1545]
(3	7)	[1620]
(3	8)	[490]
(3	9)	[1530]
(3	10)	[1380]
(4	1)	[1405]
(4	2)	[770]
(4	3)	[960]
(4	4)	[825]
(4	5)	[1465]
(4	6)	[645]
(4	7)	[495]
(4	8)	[890]
(4	9)	[710]
(4	10)	[860]
(5	1)	[1515]
(5	2)	[850]
(5	3)	[555]
(5	4)	[975]
(5	5)	[1335]
(5	6)	[995]
(5	7)	[1795]
(5	8)	[600]
(5	9)	[1060]
(5	10)	[655]
]
FixedCostFashionVendorToWarehouse:[
(1	1)	[253.17]
]
Variable_FixedCostFashionVendorToWarehouse:[
(1	1)	[884.41]
]
VariableCostFashionVendorToWarehouse:[
(1	1)	[0.067]
]
FashionProductVolume:[
(1)	[0.95]
(2)	[0.06]
(3)	[0.43]
(4)	[0.79]
(5)	[0.72]
(6)	[0.56]
(7)	[0.83]
(8)	[0.49]
(9)	[0.41]
(10)	[0.29]
]
FashionProductWeight:[
(1)	[0.19]
(2)	[0.91]
(3)	[0.48]
(4)	[0.85]
(5)	[0.28]
(6)	[0.64]
(7)	[0.89]
(8)	[0.48]
(9)	[0.37]
(10)	[0.66]
]
MapFashionVendorToProduct:[
(1	1)	[1]
(1	2)	[1]
(1	3)	[1]
(1	4)	[1]
(1	5)	[1]
(1	6)	[1]
(1	7)	[1]
(1	8)	[1]
(1	9)	[1]
(1	10)	[1]
]
