Printing New Fashion Solution:

Inbound Fashion Solution (V F T):
1	1	4	2345
1	2	4	1915
1	3	4	2750
1	4	4	2015
1	5	4	1720
1	6	4	1735
1	7	4	1650
1	8	4	2545
1	9	4	1935
1	10	4	1765
1	11	4	2065
1	12	4	2325
1	13	4	2160
1	14	4	2255
1	15	4	2220
1	16	4	2055
1	17	4	1770
1	18	4	2065
1	19	4	2045
1	20	4	1975
1	21	4	2075
1	22	4	1985
1	23	4	1980
1	24	4	2085
1	25	4	1610
2	26	1	2220
2	27	1	1980
2	28	1	1825
2	29	1	1665
2	30	1	1770
2	31	1	2255
2	32	1	1745
2	33	1	2245
2	34	1	1725
2	35	1	2030
2	36	1	2395
2	37	1	2060
2	38	1	2480
2	39	1	2065
2	40	1	2170
2	41	1	2430
2	42	1	1900
2	43	1	1810
2	44	1	1305
2	45	1	2160
2	46	1	1960
2	47	1	2410
2	48	1	1975
2	49	1	1885
2	50	1	1810


Outbound Fashion Solution(S F T):
1	1	5	235
1	2	5	80
1	3	5	235
1	4	5	335
1	5	5	305
1	6	5	185
1	7	5	100
1	8	5	230
1	9	5	200
1	10	5	160
1	11	5	230
1	12	5	240
1	13	5	250
1	14	5	265
1	15	5	140
1	16	5	295
1	17	5	175
1	18	5	255
1	19	5	210
1	20	5	40
1	21	5	95
1	22	5	310
1	23	5	160
1	24	5	30
1	25	5	105
1	26	3	200
1	27	4	190
1	28	2	220
1	30	3	300
1	31	3	145
1	32	2	300
1	33	3	285
1	34	2	185
1	35	2	165
1	36	3	95
1	37	3	395
1	38	2	345
1	40	4	275
1	41	2	90
1	42	3	145
1	43	4	115
1	44	3	130
1	45	4	365
1	46	3	175
1	47	3	235
1	48	3	155
1	49	3	185
1	50	3	110
2	1	5	200
2	2	5	135
2	3	5	300
2	4	5	120
2	5	5	70
2	6	5	235
2	7	5	90
2	8	5	335
2	9	5	165
2	10	5	195
2	11	5	195
2	12	5	135
2	13	5	160
2	14	5	45
2	15	5	320
2	16	5	240
2	17	5	160
2	18	5	75
2	19	5	270
2	20	5	225
2	21	5	100
2	22	5	160
2	23	5	265
2	24	5	205
2	25	5	140
2	26	4	170
2	27	4	195
2	28	3	185
2	29	4	290
2	30	4	275
2	31	4	180
2	33	3	255
2	34	4	175
2	35	4	240
2	36	4	295
2	37	2	285
2	38	3	340
2	39	2	300
2	40	3	80
2	41	3	290
2	42	3	270
2	43	4	70
2	44	4	220
2	45	4	300
2	46	3	125
2	47	4	310
2	48	3	190
2	49	3	145
2	50	2	280
3	1	5	165
3	2	5	235
3	3	5	205
3	4	5	185
3	5	5	195
3	6	5	245
3	7	5	55
3	8	5	265
3	9	5	210
3	10	5	270
3	11	5	125
3	12	5	275
3	13	5	340
3	14	5	305
3	15	5	145
3	16	5	245
3	17	5	140
3	18	5	105
3	19	5	165
3	20	5	225
3	21	5	155
3	22	5	295
3	23	5	165
3	24	5	250
3	25	5	105
3	26	2	195
3	27	2	235
3	28	3	125
3	29	3	165
3	30	4	195
3	31	4	165
3	32	4	110
3	33	3	150
3	34	3	165
3	35	4	230
3	36	2	285
3	37	2	240
3	38	3	230
3	39	4	250
3	40	4	405
3	41	2	275
3	42	3	145
3	43	4	260
3	44	3	210
3	45	2	140
3	46	4	210
3	47	3	235
3	48	4	180
3	49	2	160
3	50	4	235
4	1	5	105
4	2	5	145
4	3	5	250
4	4	5	215
4	5	5	115
4	6	5	40
4	7	5	225
4	8	5	225
4	9	5	145
4	10	5	80
4	11	5	200
4	12	5	235
4	13	5	210
4	14	5	90
4	15	5	245
4	16	5	160
4	17	5	200
4	18	5	250
4	19	5	315
4	21	5	210
4	22	5	245
4	23	5	65
4	24	5	270
4	25	5	400
4	26	3	150
4	27	2	300
4	28	2	305
4	29	3	100
4	30	3	270
4	31	3	330
4	32	3	185
4	33	2	225
4	34	3	200
4	35	2	195
4	36	3	305
4	37	3	215
4	38	2	210
4	39	3	205
4	40	4	225
4	41	3	245
4	42	4	190
4	43	3	255
4	44	4	150
4	45	4	260
4	46	4	170
4	47	4	235
4	48	2	235
4	49	3	190
4	50	2	95
5	1	5	60
5	2	5	200
5	3	5	275
5	4	5	195
5	5	5	205
5	6	5	175
5	7	5	170
5	8	5	275
5	9	5	315
5	10	5	305
5	11	5	205
5	12	5	260
5	13	5	65
5	14	5	240
5	15	5	175
5	16	5	260
5	17	5	105
5	18	5	160
5	19	5	220
5	20	5	125
5	21	5	130
5	22	5	120
5	23	5	315
5	24	5	235
5	25	5	100
5	26	3	380
5	27	3	155
5	28	3	140
5	29	3	290
5	30	3	245
5	31	3	135
5	32	3	190
5	33	3	270
5	34	3	275
5	35	3	120
5	36	3	240
5	37	3	225
5	38	2	90
5	39	3	230
5	40	3	205
5	41	3	265
5	42	3	175
5	43	2	180
5	44	3	115
5	45	2	275
5	46	2	220
5	47	2	125
5	48	2	165
5	49	2	100
5	50	3	145
6	1	5	515
6	2	5	185
6	3	5	205
6	4	5	120
6	5	5	50
6	6	5	165
6	7	5	155
6	8	5	295
6	9	5	270
6	10	5	240
6	11	5	215
6	12	5	310
6	13	5	410
6	14	5	370
6	15	5	260
6	16	5	175
6	17	5	130
6	18	5	315
6	19	5	220
6	20	5	320
6	21	5	295
6	22	5	105
6	23	5	185
6	24	5	335
6	25	5	150
6	26	3	160
6	27	4	180
6	28	3	190
6	29	4	190
6	30	2	100
6	31	3	290
6	32	3	225
6	33	3	355
6	34	3	270
6	35	4	240
6	36	3	205
6	37	4	200
6	38	3	220
6	39	3	155
6	40	4	210
6	41	2	350
6	42	3	45
6	43	2	280
6	44	3	145
6	45	3	130
6	46	4	190
6	47	4	390
6	48	4	125
6	49	4	310
6	50	4	220
7	1	5	260
7	2	5	200
7	3	5	345
7	4	5	250
7	5	5	110
7	6	5	205
7	7	5	170
7	8	5	345
7	9	5	85
7	10	5	120
7	11	5	245
7	12	5	230
7	13	5	115
7	14	5	155
7	15	5	70
7	16	5	195
7	17	5	250
7	18	5	305
7	19	5	245
7	20	5	310
7	21	5	230
7	22	5	270
7	23	5	240
7	24	5	150
7	25	5	200
7	26	3	195
7	27	3	215
7	28	4	80
7	29	3	125
7	30	2	65
7	31	4	265
7	32	3	230
7	33	4	145
7	34	2	25
7	35	2	160
7	36	4	260
7	37	2	185
7	38	3	200
7	39	2	240
7	40	3	40
7	41	3	265
7	42	3	235
7	43	3	220
7	44	3	205
7	45	4	305
7	46	4	180
7	47	4	345
7	48	3	145
7	49	4	340
7	50	4	155
8	1	5	240
8	2	5	225
8	3	5	325
8	4	5	285
8	5	5	195
8	6	5	120
8	7	5	185
8	8	5	145
8	9	5	155
8	11	5	285
8	12	5	265
8	13	5	185
8	14	5	240
8	15	5	180
8	16	5	145
8	17	5	235
8	18	5	145
8	19	5	165
8	20	5	220
8	21	5	200
8	22	5	235
8	23	5	200
8	24	5	175
8	25	5	175
8	26	4	400
8	27	2	255
8	28	2	240
8	29	3	115
8	30	3	90
8	31	3	135
8	32	2	220
8	33	4	235
8	34	4	120
8	35	4	215
8	36	2	240
8	37	4	5
8	38	4	160
8	39	4	270
8	40	2	180
8	41	4	115
8	42	2	185
8	43	3	95
8	44	4	45
8	45	4	220
8	46	4	285
8	47	3	145
8	48	3	230
8	49	3	65
8	50	2	300
9	1	5	395
9	2	5	360
9	3	5	380
9	4	5	125
9	5	5	255
9	6	5	195
9	7	5	225
9	8	5	205
9	9	5	130
9	10	5	195
9	11	5	170
9	12	5	230
9	13	5	220
9	14	5	350
9	15	5	405
9	16	5	135
9	17	5	50
9	18	5	230
9	19	5	50
9	20	5	225
9	21	5	355
9	22	5	130
9	23	5	135
9	24	5	300
9	25	5	60
9	26	3	200
9	27	2	115
9	28	3	270
9	29	3	140
9	30	3	115
9	31	3	345
9	32	3	185
9	33	3	165
9	34	3	230
9	35	3	225
9	36	2	35
9	37	3	50
9	38	3	330
9	39	3	175
9	40	3	205
9	41	3	330
9	42	2	340
9	43	3	220
9	44	3	25
9	45	2	65
9	46	3	110
9	47	3	255
9	48	3	285
9	49	3	260
9	50	3	125
10	1	5	170
10	2	5	150
10	3	5	230
10	4	5	185
10	5	5	220
10	6	5	170
10	7	5	275
10	8	5	225
10	9	5	260
10	10	5	200
10	11	5	195
10	12	5	145
10	13	5	205
10	14	5	195
10	15	5	280
10	16	5	205
10	17	5	325
10	18	5	225
10	19	5	185
10	20	5	285
10	21	5	305
10	22	5	115
10	23	5	250
10	24	5	135
10	25	5	175
10	26	4	170
10	27	3	140
10	28	2	70
10	29	4	250
10	30	4	115
10	31	2	265
10	32	3	100
10	33	4	160
10	34	4	80
10	35	3	240
10	36	4	435
10	37	4	260
10	38	4	355
10	39	2	240
10	40	3	345
10	41	3	205
10	42	3	170
10	43	4	115
10	44	3	60
10	45	2	100
10	46	4	295
10	47	2	135
10	48	4	265
10	49	2	130
10	50	3	145


Warehouse Fashion Inventory (W F T):
1	0		0		0		2345		0	
2	0		0		0		1915		0	
3	0		0		0		2750		0	
4	0		0		0		2015		0	
5	0		0		0		1720		0	
6	0		0		0		1735		0	
7	0		0		0		1650		0	
8	0		0		0		2545		0	
9	0		0		0		1935		0	
10	0		0		0		1765		0	
11	0		0		0		2065		0	
12	0		0		0		2325		0	
13	0		0		0		2160		0	
14	0		0		0		2255		0	
15	0		0		0		2220		0	
16	0		0		0		2055		0	
17	0		0		0		1770		0	
18	0		0		0		2065		0	
19	0		0		0		2045		0	
20	0		0		0		1975		0	
21	0		0		0		2075		0	
22	0		0		0		1985		0	
23	0		0		0		1980		0	
24	0		0		0		2085		0	
25	0		0		0		1610		0	
26	2220		2025		740		0		0	
27	1980		1075		565		0		0	
28	1825		990		80		0		0	
29	1665		1665		730		0		0	
30	1770		1605		585		0		0	
31	2255		1990		610		0		0	
32	1745		1225		110		0		0	
33	2245		2020		540		0		0	
34	1725		1515		375		0		0	
35	2030		1510		925		0		0	
36	2395		1835		990		0		0	
37	2060		1350		465		0		0	
38	2480		1835		515		0		0	
39	2065		1285		520		0		0	
40	2170		1990		1115		0		0	
41	2430		1715		115		0		0	
42	1900		1375		190		0		0	
43	1810		1350		560		0		0	
44	1305		1305		415		0		0	
45	2160		1580		1450		0		0	
46	1960		1740		1330		0		0	
47	2410		2150		1280		0		0	
48	1975		1575		570		0		0	
49	1885		1495		650		0		0	
50	1810		1135		610		0		0	

Store Fashion Inventory (S F T):
Store1
1	0		0		0		235	
2	0		0		0		80	
3	0		0		0		235	
4	0		0		0		335	
5	0		0		0		305	
6	0		0		0		185	
7	0		0		0		100	
8	0		0		0		230	
9	0		0		0		200	
10	0		0		0		160	
11	0		0		0		230	
12	0		0		0		240	
13	0		0		0		250	
14	0		0		0		265	
15	0		0		0		140	
16	0		0		0		295	
17	0		0		0		175	
18	0		0		0		255	
19	0		0		0		210	
20	0		0		0		40	
21	0		0		0		95	
22	0		0		0		310	
23	0		0		0		160	
24	0		0		0		30	
25	0		0		0		105	
26	0		200		200		200	
27	0		0		190		190	
28	220		220		220		220	
29	0		0		0		0	
30	0		300		300		300	
31	0		145		145		145	
32	300		300		300		300	
33	0		285		285		285	
34	185		185		185		185	
35	165		165		165		165	
36	0		95		95		95	
37	0		395		395		395	
38	345		345		345		345	
39	0		0		0		0	
40	0		0		275		275	
41	90		90		90		90	
42	0		145		145		145	
43	0		0		115		115	
44	0		130		130		130	
45	0		0		365		365	
46	0		175		175		175	
47	0		235		235		235	
48	0		155		155		155	
49	0		185		185		185	
50	0		110		110		110	
Store2
1	0		0		0		200	
2	0		0		0		135	
3	0		0		0		300	
4	0		0		0		120	
5	0		0		0		70	
6	0		0		0		235	
7	0		0		0		90	
8	0		0		0		335	
9	0		0		0		165	
10	0		0		0		195	
11	0		0		0		195	
12	0		0		0		135	
13	0		0		0		160	
14	0		0		0		45	
15	0		0		0		320	
16	0		0		0		240	
17	0		0		0		160	
18	0		0		0		75	
19	0		0		0		270	
20	0		0		0		225	
21	0		0		0		100	
22	0		0		0		160	
23	0		0		0		265	
24	0		0		0		205	
25	0		0		0		140	
26	0		0		170		170	
27	0		0		195		195	
28	0		185		185		185	
29	0		0		290		290	
30	0		0		275		275	
31	0		0		180		180	
32	0		0		0		0	
33	0		255		255		255	
34	0		0		175		175	
35	0		0		240		240	
36	0		0		295		295	
37	285		285		285		285	
38	0		340		340		340	
39	300		300		300		300	
40	0		80		80		80	
41	0		290		290		290	
42	0		270		270		270	
43	0		0		70		70	
44	0		0		220		220	
45	0		0		300		300	
46	0		125		125		125	
47	0		0		310		310	
48	0		190		190		190	
49	0		145		145		145	
50	280		280		280		280	
Store3
1	0		0		0		165	
2	0		0		0		235	
3	0		0		0		205	
4	0		0		0		185	
5	0		0		0		195	
6	0		0		0		245	
7	0		0		0		55	
8	0		0		0		265	
9	0		0		0		210	
10	0		0		0		270	
11	0		0		0		125	
12	0		0		0		275	
13	0		0		0		340	
14	0		0		0		305	
15	0		0		0		145	
16	0		0		0		245	
17	0		0		0		140	
18	0		0		0		105	
19	0		0		0		165	
20	0		0		0		225	
21	0		0		0		155	
22	0		0		0		295	
23	0		0		0		165	
24	0		0		0		250	
25	0		0		0		105	
26	195		195		195		195	
27	235		235		235		235	
28	0		125		125		125	
29	0		165		165		165	
30	0		0		195		195	
31	0		0		165		165	
32	0		0		110		110	
33	0		150		150		150	
34	0		165		165		165	
35	0		0		230		230	
36	285		285		285		285	
37	240		240		240		240	
38	0		230		230		230	
39	0		0		250		250	
40	0		0		405		405	
41	275		275		275		275	
42	0		145		145		145	
43	0		0		260		260	
44	0		210		210		210	
45	140		140		140		140	
46	0		0		210		210	
47	0		235		235		235	
48	0		0		180		180	
49	160		160		160		160	
50	0		0		235		235	
Store4
1	0		0		0		105	
2	0		0		0		145	
3	0		0		0		250	
4	0		0		0		215	
5	0		0		0		115	
6	0		0		0		40	
7	0		0		0		225	
8	0		0		0		225	
9	0		0		0		145	
10	0		0		0		80	
11	0		0		0		200	
12	0		0		0		235	
13	0		0		0		210	
14	0		0		0		90	
15	0		0		0		245	
16	0		0		0		160	
17	0		0		0		200	
18	0		0		0		250	
19	0		0		0		315	
20	0		0		0		0	
21	0		0		0		210	
22	0		0		0		245	
23	0		0		0		65	
24	0		0		0		270	
25	0		0		0		400	
26	0		150		150		150	
27	300		300		300		300	
28	305		305		305		305	
29	0		100		100		100	
30	0		270		270		270	
31	0		330		330		330	
32	0		185		185		185	
33	225		225		225		225	
34	0		200		200		200	
35	195		195		195		195	
36	0		305		305		305	
37	0		215		215		215	
38	210		210		210		210	
39	0		205		205		205	
40	0		0		225		225	
41	0		245		245		245	
42	0		0		190		190	
43	0		255		255		255	
44	0		0		150		150	
45	0		0		260		260	
46	0		0		170		170	
47	0		0		235		235	
48	235		235		235		235	
49	0		190		190		190	
50	95		95		95		95	
Store5
1	0		0		0		60	
2	0		0		0		200	
3	0		0		0		275	
4	0		0		0		195	
5	0		0		0		205	
6	0		0		0		175	
7	0		0		0		170	
8	0		0		0		275	
9	0		0		0		315	
10	0		0		0		305	
11	0		0		0		205	
12	0		0		0		260	
13	0		0		0		65	
14	0		0		0		240	
15	0		0		0		175	
16	0		0		0		260	
17	0		0		0		105	
18	0		0		0		160	
19	0		0		0		220	
20	0		0		0		125	
21	0		0		0		130	
22	0		0		0		120	
23	0		0		0		315	
24	0		0		0		235	
25	0		0		0		100	
26	0		380		380		380	
27	0		155		155		155	
28	0		140		140		140	
29	0		290		290		290	
30	0		245		245		245	
31	0		135		135		135	
32	0		190		190		190	
33	0		270		270		270	
34	0		275		275		275	
35	0		120		120		120	
36	0		240		240		240	
37	0		225		225		225	
38	90		90		90		90	
39	0		230		230		230	
40	0		205		205		205	
41	0		265		265		265	
42	0		175		175		175	
43	180		180		180		180	
44	0		115		115		115	
45	275		275		275		275	
46	220		220		220		220	
47	125		125		125		125	
48	165		165		165		165	
49	100		100		100		100	
50	0		145		145		145	
Store6
1	0		0		0		515	
2	0		0		0		185	
3	0		0		0		205	
4	0		0		0		120	
5	0		0		0		50	
6	0		0		0		165	
7	0		0		0		155	
8	0		0		0		295	
9	0		0		0		270	
10	0		0		0		240	
11	0		0		0		215	
12	0		0		0		310	
13	0		0		0		410	
14	0		0		0		370	
15	0		0		0		260	
16	0		0		0		175	
17	0		0		0		130	
18	0		0		0		315	
19	0		0		0		220	
20	0		0		0		320	
21	0		0		0		295	
22	0		0		0		105	
23	0		0		0		185	
24	0		0		0		335	
25	0		0		0		150	
26	0		160		160		160	
27	0		0		180		180	
28	0		190		190		190	
29	0		0		190		190	
30	100		100		100		100	
31	0		290		290		290	
32	0		225		225		225	
33	0		355		355		355	
34	0		270		270		270	
35	0		0		240		240	
36	0		205		205		205	
37	0		0		200		200	
38	0		220		220		220	
39	0		155		155		155	
40	0		0		210		210	
41	350		350		350		350	
42	0		45		45		45	
43	280		280		280		280	
44	0		145		145		145	
45	0		130		130		130	
46	0		0		190		190	
47	0		0		390		390	
48	0		0		125		125	
49	0		0		310		310	
50	0		0		220		220	
Store7
1	0		0		0		260	
2	0		0		0		200	
3	0		0		0		345	
4	0		0		0		250	
5	0		0		0		110	
6	0		0		0		205	
7	0		0		0		170	
8	0		0		0		345	
9	0		0		0		85	
10	0		0		0		120	
11	0		0		0		245	
12	0		0		0		230	
13	0		0		0		115	
14	0		0		0		155	
15	0		0		0		70	
16	0		0		0		195	
17	0		0		0		250	
18	0		0		0		305	
19	0		0		0		245	
20	0		0		0		310	
21	0		0		0		230	
22	0		0		0		270	
23	0		0		0		240	
24	0		0		0		150	
25	0		0		0		200	
26	0		195		195		195	
27	0		215		215		215	
28	0		0		80		80	
29	0		125		125		125	
30	65		65		65		65	
31	0		0		265		265	
32	0		230		230		230	
33	0		0		145		145	
34	25		25		25		25	
35	160		160		160		160	
36	0		0		260		260	
37	185		185		185		185	
38	0		200		200		200	
39	240		240		240		240	
40	0		40		40		40	
41	0		265		265		265	
42	0		235		235		235	
43	0		220		220		220	
44	0		205		205		205	
45	0		0		305		305	
46	0		0		180		180	
47	0		0		345		345	
48	0		145		145		145	
49	0		0		340		340	
50	0		0		155		155	
Store8
1	0		0		0		240	
2	0		0		0		225	
3	0		0		0		325	
4	0		0		0		285	
5	0		0		0		195	
6	0		0		0		120	
7	0		0		0		185	
8	0		0		0		145	
9	0		0		0		155	
10	0		0		0		0	
11	0		0		0		285	
12	0		0		0		265	
13	0		0		0		185	
14	0		0		0		240	
15	0		0		0		180	
16	0		0		0		145	
17	0		0		0		235	
18	0		0		0		145	
19	0		0		0		165	
20	0		0		0		220	
21	0		0		0		200	
22	0		0		0		235	
23	0		0		0		200	
24	0		0		0		175	
25	0		0		0		175	
26	0		0		400		400	
27	255		255		255		255	
28	240		240		240		240	
29	0		115		115		115	
30	0		90		90		90	
31	0		135		135		135	
32	220		220		220		220	
33	0		0		235		235	
34	0		0		120		120	
35	0		0		215		215	
36	240		240		240		240	
37	0		0		5		5	
38	0		0		160		160	
39	0		0		270		270	
40	180		180		180		180	
41	0		0		115		115	
42	185		185		185		185	
43	0		95		95		95	
44	0		0		45		45	
45	0		0		220		220	
46	0		0		285		285	
47	0		145		145		145	
48	0		230		230		230	
49	0		65		65		65	
50	300		300		300		300	
Store9
1	0		0		0		395	
2	0		0		0		360	
3	0		0		0		380	
4	0		0		0		125	
5	0		0		0		255	
6	0		0		0		195	
7	0		0		0		225	
8	0		0		0		205	
9	0		0		0		130	
10	0		0		0		195	
11	0		0		0		170	
12	0		0		0		230	
13	0		0		0		220	
14	0		0		0		350	
15	0		0		0		405	
16	0		0		0		135	
17	0		0		0		50	
18	0		0		0		230	
19	0		0		0		50	
20	0		0		0		225	
21	0		0		0		355	
22	0		0		0		130	
23	0		0		0		135	
24	0		0		0		300	
25	0		0		0		60	
26	0		200		200		200	
27	115		115		115		115	
28	0		270		270		270	
29	0		140		140		140	
30	0		115		115		115	
31	0		345		345		345	
32	0		185		185		185	
33	0		165		165		165	
34	0		230		230		230	
35	0		225		225		225	
36	35		35		35		35	
37	0		50		50		50	
38	0		330		330		330	
39	0		175		175		175	
40	0		205		205		205	
41	0		330		330		330	
42	340		340		340		340	
43	0		220		220		220	
44	0		25		25		25	
45	65		65		65		65	
46	0		110		110		110	
47	0		255		255		255	
48	0		285		285		285	
49	0		260		260		260	
50	0		125		125		125	
Store10
1	0		0		0		170	
2	0		0		0		150	
3	0		0		0		230	
4	0		0		0		185	
5	0		0		0		220	
6	0		0		0		170	
7	0		0		0		275	
8	0		0		0		225	
9	0		0		0		260	
10	0		0		0		200	
11	0		0		0		195	
12	0		0		0		145	
13	0		0		0		205	
14	0		0		0		195	
15	0		0		0		280	
16	0		0		0		205	
17	0		0		0		325	
18	0		0		0		225	
19	0		0		0		185	
20	0		0		0		285	
21	0		0		0		305	
22	0		0		0		115	
23	0		0		0		250	
24	0		0		0		135	
25	0		0		0		175	
26	0		0		170		170	
27	0		140		140		140	
28	70		70		70		70	
29	0		0		250		250	
30	0		0		115		115	
31	265		265		265		265	
32	0		100		100		100	
33	0		0		160		160	
34	0		0		80		80	
35	0		240		240		240	
36	0		0		435		435	
37	0		0		260		260	
38	0		0		355		355	
39	240		240		240		240	
40	0		345		345		345	
41	0		205		205		205	
42	0		170		170		170	
43	0		0		115		115	
44	0		60		60		60	
45	100		100		100		100	
46	0		0		295		295	
47	135		135		135		135	
48	0		0		265		265	
49	130		130		130		130	
50	0		145		145		145	


Fashion Shipments from Vendor to Warehouse (V T):
0	0	0	1.980097	
1.839367	0	0	0	

Printing New Basic Solution:

Inbound Solution (V P T):
1	1	3	1985
1	1	5	221
1	2	3	1159
1	2	5	774
1	3	5	1923
1	4	3	995
1	4	5	996
1	5	3	1451
1	5	5	622
1	6	3	1986
1	6	5	221
1	7	3	2169
1	8	3	2018
1	9	3	1337
1	9	5	574
1	10	3	1066
1	10	5	1067
1	11	3	842
1	11	5	1265
1	12	3	1140
1	12	5	760
1	13	3	711
1	13	5	1067
1	14	5	1778
1	15	3	201
1	15	5	1818
1	16	3	1722
2	17	2	1837
2	18	2	1943
2	19	2	2071
2	20	2	2058
2	21	2	2005
2	22	2	1958
2	23	2	1937
2	24	2	1874
2	25	2	1967
2	26	2	2098
2	27	2	2019
2	28	2	2086
2	29	2	1890
2	30	2	2210
2	31	2	1961
2	32	2	1921
3	33	5	2054
3	34	3	1654
3	34	5	413
3	35	3	395
3	35	5	1576
3	36	3	1441
3	36	5	160
3	37	3	1496
3	37	5	374
3	38	3	1480
3	38	5	634
3	39	5	1972
3	40	3	781
3	40	5	1170
3	41	3	397
3	41	5	1585
3	42	3	1164
3	42	5	775
3	43	3	1252
3	43	5	834
3	44	3	764
3	44	5	1146
3	45	3	772
3	45	5	1156
3	46	5	1926
3	47	3	1599
3	47	5	399
3	48	3	1122
3	48	5	747
3	49	5	1903
3	50	3	763
3	50	5	1144


Outbound Solution(S P T):
1	1	2	57
1	1	3	102
1	1	4	56
1	1	5	70
1	2	2	59
1	2	3	20
1	2	4	53
1	2	5	35
1	3	2	36
1	3	3	97
1	3	4	44
1	3	5	38
1	4	2	40
1	4	3	55
1	4	4	47
1	4	5	56
1	5	2	63
1	5	3	111
1	5	4	5
1	5	5	49
1	6	2	32
1	6	3	73
1	6	4	35
1	6	5	55
1	7	2	23
1	7	3	101
1	7	4	34
1	7	5	39
1	8	2	36
1	8	3	40
1	8	4	60
1	8	5	51
1	9	2	56
1	9	3	89
1	9	4	19
1	9	5	36
1	10	2	55
1	10	3	74
1	10	4	37
1	10	5	40
1	11	2	30
1	11	3	123
1	11	4	51
1	11	5	51
1	12	2	43
1	12	3	68
1	12	4	51
1	12	5	35
1	13	2	45
1	13	3	31
1	13	4	70
1	13	5	18
1	14	2	48
1	14	3	63
1	14	4	51
1	14	5	40
1	15	2	51
1	15	3	70
1	15	4	26
1	15	5	47
1	16	2	39
1	16	3	59
1	16	4	19
1	16	5	20
1	17	2	33
1	17	3	78
1	17	4	34
1	17	5	54
1	18	2	35
1	18	3	67
1	18	4	60
1	18	5	35
1	19	2	59
1	19	3	103
1	19	4	36
1	19	5	29
1	20	2	50
1	20	3	55
1	20	4	24
1	20	5	24
1	21	2	63
1	21	3	39
1	21	4	57
1	21	5	66
1	22	2	41
1	22	3	85
1	22	4	46
1	22	5	28
1	23	2	39
1	23	3	117
1	23	4	37
1	23	5	24
1	24	2	57
1	24	3	77
1	24	4	28
1	24	5	45
1	25	2	54
1	25	3	81
1	25	4	62
1	25	5	67
1	26	2	30
1	26	3	73
1	26	5	34
1	27	2	28
1	27	3	121
1	27	4	49
1	27	5	29
1	28	2	30
1	28	3	81
1	28	4	43
1	28	5	57
1	29	2	24
1	29	3	100
1	29	4	58
1	29	5	54
1	30	2	37
1	30	3	72
1	30	4	46
1	30	5	33
1	31	2	51
1	31	3	68
1	31	4	32
1	31	5	26
1	32	2	43
1	32	3	60
1	32	4	42
1	32	5	53
1	33	2	7
1	33	3	116
1	33	4	13
1	33	5	71
1	34	2	32
1	34	3	77
1	34	4	35
1	34	5	59
1	35	2	44
1	35	3	49
1	35	4	42
1	35	5	58
1	36	2	17
1	36	3	117
1	36	4	27
1	36	5	35
1	37	2	43
1	37	3	103
1	37	4	19
1	37	5	30
1	38	2	39
1	38	3	54
1	38	4	23
1	38	5	40
1	39	2	3
1	39	3	87
1	39	4	34
1	39	5	33
1	40	2	16
1	40	3	106
1	40	4	76
1	40	5	40
1	41	2	19
1	41	3	84
1	41	4	48
1	41	5	41
1	42	2	60
1	42	3	74
1	42	4	26
1	42	5	14
1	43	2	28
1	43	3	54
1	43	4	62
1	43	5	31
1	44	2	49
1	44	3	93
1	44	4	30
1	44	5	34
1	45	2	49
1	45	3	90
1	45	4	44
1	45	5	11
1	46	2	53
1	46	3	60
1	46	4	27
1	46	5	25
1	47	2	5
1	47	3	86
1	47	4	42
1	47	5	45
1	48	3	102
1	48	4	34
1	48	5	36
1	49	2	18
1	49	3	62
1	49	4	29
1	49	5	47
1	50	2	51
1	50	3	70
1	50	4	46
1	50	5	28
2	1	2	57
2	1	3	93
2	1	4	81
2	2	2	44
2	2	3	104
2	2	4	56
2	3	2	12
2	3	3	95
2	3	4	95
2	4	2	21
2	4	3	73
2	4	4	80
2	5	2	53
2	5	3	50
2	5	4	54
2	6	2	55
2	6	3	82
2	6	4	101
2	7	2	38
2	7	3	84
2	7	4	83
2	8	2	51
2	8	3	72
2	8	4	77
2	9	2	36
2	9	3	85
2	9	4	106
2	10	2	57
2	10	3	125
2	10	4	121
2	11	2	33
2	11	3	66
2	11	4	101
2	12	2	56
2	12	3	85
2	12	4	45
2	13	2	46
2	13	3	88
2	13	4	45
2	14	2	54
2	14	3	77
2	14	4	75
2	15	2	56
2	15	3	53
2	15	4	96
2	16	2	23
2	16	3	45
2	16	4	50
2	17	2	9
2	17	3	84
2	17	4	99
2	18	2	51
2	18	3	54
2	18	4	73
2	19	2	38
2	19	3	112
2	19	4	103
2	20	2	47
2	20	3	57
2	20	4	85
2	21	2	18
2	21	3	72
2	21	4	93
2	22	2	30
2	22	3	12
2	22	4	72
2	23	2	47
2	23	3	61
2	23	4	99
2	24	2	35
2	24	3	81
2	24	4	92
2	25	2	38
2	25	3	67
2	25	4	42
2	26	2	66
2	26	3	103
2	26	4	77
2	27	2	16
2	27	3	75
2	27	4	94
2	28	2	45
2	28	3	81
2	28	4	96
2	29	2	53
2	29	3	77
2	29	4	62
2	30	2	50
2	30	3	80
2	30	4	77
2	31	2	45
2	31	3	28
2	31	4	84
2	32	2	49
2	32	3	72
2	32	4	84
2	33	2	12
2	33	3	102
2	33	4	112
2	34	2	43
2	34	3	89
2	34	4	85
2	35	2	42
2	35	3	55
2	35	4	58
2	36	2	40
2	36	3	82
2	36	4	42
2	37	2	47
2	37	3	68
2	37	4	65
2	38	2	25
2	38	3	119
2	38	4	79
2	39	2	46
2	39	3	129
2	39	4	72
2	40	2	41
2	40	3	98
2	40	4	56
2	41	2	49
2	41	3	85
2	41	4	87
2	42	2	13
2	42	3	85
2	42	4	95
2	43	2	25
2	43	3	104
2	43	4	79
2	44	2	2
2	44	3	74
2	44	4	49
2	45	2	28
2	45	3	103
2	45	4	70
2	46	2	39
2	46	3	71
2	46	4	52
2	47	2	18
2	47	3	60
2	47	4	111
2	48	2	31
2	48	3	74
2	48	4	68
2	49	2	42
2	49	3	54
2	49	4	75
2	50	2	75
2	50	3	91
2	50	4	93
3	1	2	53
3	1	3	48
3	1	4	79
3	2	2	13
3	2	3	48
3	2	4	150
3	3	2	23
3	3	3	60
3	3	4	122
3	4	2	58
3	4	3	39
3	4	4	117
3	5	2	28
3	5	3	45
3	5	4	146
3	6	2	14
3	6	3	59
3	6	4	150
3	7	2	24
3	7	3	47
3	7	4	119
3	8	2	51
3	8	3	28
3	8	4	149
3	9	2	31
3	9	3	33
3	9	4	78
3	10	2	33
3	10	3	21
3	10	4	141
3	11	2	53
3	11	3	48
3	11	4	97
3	12	2	61
3	12	3	20
3	12	4	107
3	13	2	31
3	13	3	9
3	13	4	92
3	14	2	40
3	14	3	40
3	14	4	106
3	15	2	51
3	15	3	53
3	15	4	123
3	16	2	41
3	16	3	48
3	16	4	132
3	17	2	51
3	17	3	17
3	17	4	131
3	18	2	31
3	18	3	28
3	18	4	134
3	19	2	66
3	19	3	62
3	19	4	126
3	20	2	20
3	20	3	48
3	20	4	137
3	21	2	32
3	21	3	64
3	21	4	127
3	22	2	22
3	22	3	42
3	22	4	138
3	23	2	27
3	23	3	38
3	23	4	131
3	24	2	34
3	24	3	32
3	24	4	105
3	25	2	35
3	25	3	16
3	25	4	84
3	26	2	73
3	26	3	57
3	26	4	106
3	27	2	52
3	27	3	47
3	27	4	122
3	28	2	59
3	28	3	21
3	28	4	136
3	29	2	63
3	29	3	38
3	29	4	70
3	30	2	75
3	30	3	41
3	30	4	149
3	31	2	46
3	31	3	49
3	31	4	97
3	32	2	47
3	32	3	42
3	32	4	135
3	33	2	72
3	33	3	61
3	33	4	74
3	34	2	66
3	34	3	33
3	34	4	117
3	35	2	31
3	35	3	21
3	35	4	103
3	36	2	32
3	36	3	27
3	36	4	48
3	37	2	33
3	37	3	84
3	37	4	71
3	38	2	62
3	38	3	38
3	38	4	145
3	39	2	6
3	39	3	56
3	39	4	99
3	40	2	17
3	40	3	7
3	40	4	154
3	41	2	49
3	41	3	44
3	41	4	155
3	42	2	32
3	42	3	55
3	42	4	149
3	43	2	47
3	43	3	36
3	43	4	123
3	44	2	32
3	44	3	31
3	44	4	110
3	45	2	52
3	45	3	63
3	45	4	111
3	46	2	59
3	46	3	10
3	46	4	119
3	47	2	31
3	47	3	33
3	47	4	57
3	48	2	34
3	48	3	48
3	48	4	120
3	49	2	51
3	49	3	44
3	49	4	111
3	50	2	54
3	50	3	72
3	50	4	125
4	1	2	46
4	1	3	55
4	1	4	137
4	2	2	46
4	2	3	11
4	2	4	143
4	3	2	48
4	3	3	21
4	3	4	117
4	4	2	26
4	4	3	34
4	4	4	101
4	5	2	49
4	5	3	24
4	5	4	144
4	6	2	46
4	6	3	59
4	6	4	143
4	7	2	33
4	7	3	53
4	7	4	145
4	8	2	72
4	8	3	9
4	8	4	124
4	9	2	23
4	9	3	67
4	9	4	101
4	10	2	32
4	10	3	71
4	10	4	110
4	11	2	60
4	11	3	62
4	11	4	143
4	12	2	38
4	12	3	21
4	12	4	119
4	13	2	58
4	13	3	85
4	13	4	85
4	14	2	40
4	14	3	13
4	14	4	99
4	15	2	41
4	15	3	31
4	15	4	96
4	16	2	27
4	16	3	50
4	16	4	51
4	17	2	18
4	17	3	27
4	17	4	147
4	18	2	48
4	18	4	116
4	19	2	40
4	19	3	24
4	19	4	87
4	20	2	74
4	20	3	25
4	20	4	103
4	21	2	67
4	21	3	38
4	21	4	142
4	22	2	25
4	22	3	42
4	22	4	192
4	23	2	50
4	23	3	82
4	23	4	126
4	24	2	48
4	24	3	35
4	24	4	140
4	25	2	64
4	25	3	16
4	25	4	57
4	26	2	31
4	26	3	33
4	26	4	130
4	27	2	25
4	27	3	41
4	27	4	95
4	28	2	65
4	28	3	36
4	28	4	143
4	29	2	34
4	29	3	46
4	29	4	137
4	30	2	35
4	30	3	86
4	30	4	95
4	31	2	52
4	31	3	48
4	31	4	134
4	32	2	38
4	32	3	36
4	32	4	113
4	33	2	39
4	33	3	55
4	33	4	97
4	34	2	46
4	34	3	14
4	34	4	106
4	35	2	15
4	35	3	29
4	35	4	101
4	36	2	34
4	36	3	17
4	36	4	36
4	37	2	45
4	37	3	50
4	37	4	119
4	38	2	19
4	38	3	34
4	38	4	136
4	39	2	18
4	39	3	16
4	39	4	120
4	40	2	13
4	40	3	20
4	40	4	117
4	41	2	33
4	41	3	13
4	41	4	115
4	42	2	48
4	42	3	41
4	42	4	147
4	43	2	45
4	43	3	37
4	43	4	91
4	44	2	53
4	44	3	26
4	44	4	125
4	45	2	38
4	45	3	40
4	45	4	144
4	46	2	38
4	46	3	34
4	46	4	124
4	47	2	63
4	47	3	43
4	47	4	138
4	48	2	48
4	48	3	75
4	48	4	113
4	49	2	19
4	49	3	6
4	49	4	128
4	50	2	19
4	50	3	26
4	50	4	105
5	1	2	71
5	1	3	78
5	1	5	94
5	2	2	82
5	2	3	46
5	2	5	122
5	3	2	83
5	3	3	17
5	3	5	77
5	4	2	78
5	4	3	66
5	4	5	60
5	5	2	61
5	5	3	64
5	5	5	115
5	6	2	92
5	6	3	28
5	6	5	115
5	7	2	85
5	7	3	15
5	7	5	65
5	8	2	94
5	8	3	28
5	8	5	87
5	9	2	90
5	9	3	54
5	9	5	75
5	10	2	63
5	10	3	33
5	10	5	105
5	11	2	81
5	11	3	30
5	11	5	86
5	12	2	91
5	12	3	42
5	12	5	60
5	13	2	86
5	13	3	64
5	13	5	46
5	14	2	58
5	14	3	52
5	14	5	68
5	15	2	84
5	15	3	28
5	15	5	86
5	16	2	48
5	16	3	35
5	16	5	68
5	17	2	77
5	17	3	41
5	17	5	48
5	18	2	65
5	18	3	50
5	18	5	91
5	19	2	75
5	19	3	49
5	19	5	84
5	20	2	77
5	20	3	76
5	20	5	82
5	21	2	90
5	21	3	40
5	21	5	68
5	22	2	75
5	22	3	52
5	22	5	76
5	23	2	42
5	23	3	32
5	23	5	70
5	24	2	79
5	24	3	5
5	24	5	52
5	25	2	88
5	25	3	9
5	25	5	72
5	26	2	86
5	26	3	26
5	26	5	100
5	27	2	91
5	27	3	37
5	27	5	95
5	28	2	32
5	28	3	37
5	28	5	80
5	29	2	77
5	29	3	17
5	29	5	30
5	30	2	67
5	30	3	48
5	30	5	98
5	31	2	81
5	31	3	39
5	31	5	99
5	32	2	54
5	32	3	63
5	32	5	103
5	33	2	71
5	33	3	24
5	33	5	62
5	34	2	59
5	34	3	49
5	34	5	91
5	35	2	74
5	35	3	29
5	35	5	112
5	36	2	8
5	36	3	33
5	36	5	58
5	37	2	81
5	37	3	16
5	37	5	61
5	38	2	19
5	38	3	50
5	38	5	115
5	39	2	126
5	39	3	47
5	39	5	118
5	40	2	122
5	40	3	47
5	40	5	52
5	41	2	68
5	41	3	45
5	41	5	98
5	42	2	73
5	42	3	27
5	42	5	83
5	43	2	98
5	43	3	62
5	43	5	121
5	44	2	90
5	44	3	41
5	44	5	60
5	45	2	64
5	45	3	66
5	45	5	80
5	46	2	80
5	46	3	27
5	46	5	106
5	47	2	87
5	47	3	43
5	47	5	104
5	48	2	84
5	48	3	26
5	48	5	93
5	49	2	103
5	49	3	36
5	49	5	82
5	50	2	86
5	50	3	23
5	50	5	80
6	1	2	74
6	1	3	25
6	1	4	94
6	2	2	48
6	2	3	31
6	2	4	57
6	3	2	133
6	3	3	28
6	3	4	90
6	4	2	106
6	4	3	7
6	4	4	64
6	5	2	69
6	5	3	51
6	5	4	74
6	6	2	61
6	6	3	73
6	6	4	79
6	7	2	88
6	7	3	46
6	7	4	56
6	8	2	94
6	8	3	64
6	8	4	63
6	9	2	88
6	9	3	43
6	9	4	77
6	10	2	93
6	10	3	48
6	10	4	99
6	11	2	53
6	11	3	48
6	11	4	106
6	12	2	98
6	12	3	27
6	12	4	71
6	13	2	83
6	13	3	36
6	13	4	72
6	14	2	76
6	14	3	36
6	14	4	62
6	15	2	92
6	15	3	21
6	15	4	92
6	16	2	53
6	16	3	61
6	16	4	63
6	17	2	91
6	17	3	46
6	17	4	66
6	18	2	104
6	18	3	18
6	18	4	71
6	19	2	85
6	19	3	26
6	19	4	65
6	20	2	66
6	20	3	30
6	20	4	16
6	21	2	88
6	21	3	56
6	21	4	58
6	22	2	107
6	22	3	54
6	22	4	56
6	23	2	60
6	23	3	36
6	23	4	65
6	24	2	68
6	24	3	19
6	24	4	99
6	25	2	68
6	25	3	61
6	25	4	90
6	26	2	130
6	26	3	35
6	26	4	74
6	27	2	72
6	27	3	59
6	27	4	92
6	28	2	54
6	28	3	41
6	28	4	107
6	29	2	78
6	29	3	21
6	29	4	52
6	30	2	100
6	30	3	62
6	30	4	106
6	31	2	81
6	31	3	26
6	31	4	86
6	32	2	71
6	32	3	35
6	32	4	75
6	33	2	63
6	33	3	76
6	33	4	67
6	34	2	74
6	34	3	38
6	34	4	98
6	35	2	93
6	35	3	43
6	35	4	121
6	36	2	123
6	36	3	44
6	36	4	93
6	37	2	56
6	37	3	31
6	37	4	88
6	38	2	69
6	38	3	13
6	38	4	114
6	39	2	102
6	39	3	29
6	39	4	67
6	40	2	94
6	40	3	17
6	40	4	73
6	41	2	41
6	41	3	54
6	41	4	53
6	42	2	68
6	42	3	76
6	42	4	54
6	43	2	99
6	43	3	26
6	43	4	70
6	44	2	69
6	44	3	61
6	44	4	134
6	45	2	119
6	45	3	26
6	45	4	97
6	46	2	74
6	46	3	37
6	46	4	99
6	47	2	72
6	47	3	42
6	47	4	76
6	48	2	43
6	48	3	35
6	48	4	103
6	49	2	70
6	49	3	59
6	49	4	119
6	50	2	89
6	50	3	42
6	50	4	58
7	1	2	46
7	1	3	67
7	1	4	109
7	1	5	40
7	2	2	29
7	2	3	46
7	2	4	68
7	2	5	29
7	3	2	52
7	3	3	26
7	3	4	57
7	3	5	49
7	4	2	47
7	4	3	51
7	4	4	90
7	4	5	43
7	5	2	40
7	5	3	44
7	5	4	113
7	5	5	45
7	6	2	34
7	6	3	38
7	6	4	90
7	6	5	62
7	7	2	80
7	7	3	40
7	7	4	75
7	7	5	48
7	8	2	56
7	8	3	41
7	8	4	51
7	8	5	20
7	9	2	20
7	9	3	24
7	9	4	79
7	9	5	31
7	10	2	19
7	10	3	50
7	10	4	63
7	10	5	58
7	11	2	35
7	11	3	48
7	11	4	85
7	11	5	20
7	12	2	25
7	12	3	43
7	12	4	72
7	12	5	41
7	13	2	33
7	13	3	38
7	13	4	101
7	13	5	62
7	14	2	45
7	14	3	52
7	14	4	68
7	14	5	31
7	15	2	23
7	15	3	41
7	15	4	88
7	15	5	61
7	16	2	47
7	16	3	52
7	16	4	95
7	16	5	36
7	17	2	52
7	17	3	28
7	17	4	62
7	17	5	46
7	18	2	45
7	18	3	25
7	18	4	74
7	18	5	27
7	19	2	55
7	19	3	50
7	19	4	111
7	19	5	18
7	20	2	41
7	20	3	16
7	20	4	137
7	20	5	46
7	21	2	52
7	21	3	16
7	21	4	133
7	21	5	44
7	22	2	28
7	22	3	45
7	22	4	88
7	22	5	50
7	23	2	42
7	23	3	57
7	23	4	46
7	23	5	64
7	24	2	21
7	24	3	29
7	24	4	83
7	24	5	48
7	25	2	43
7	25	3	54
7	25	4	65
7	25	5	51
7	26	2	53
7	26	3	42
7	26	4	97
7	26	5	65
7	27	2	35
7	27	3	47
7	27	4	63
7	27	5	39
7	28	2	50
7	28	3	23
7	28	4	69
7	28	5	50
7	29	2	44
7	29	3	19
7	29	4	72
7	29	5	55
7	30	2	28
7	30	3	34
7	30	4	77
7	30	5	68
7	31	2	51
7	31	3	33
7	31	4	44
7	31	5	52
7	32	2	45
7	32	3	32
7	32	4	45
7	32	5	45
7	33	2	41
7	33	3	35
7	33	4	110
7	33	5	14
7	34	2	45
7	34	3	15
7	34	4	54
7	34	5	50
7	35	2	46
7	35	3	44
7	35	4	86
7	35	5	18
7	36	2	57
7	36	3	21
7	36	4	34
7	36	5	41
7	37	2	30
7	37	3	63
7	37	4	69
7	37	5	10
7	38	2	41
7	38	3	1
7	38	4	110
7	38	5	57
7	39	2	33
7	39	3	34
7	39	4	86
7	39	5	56
7	40	2	48
7	40	3	48
7	40	4	90
7	40	5	17
7	41	2	48
7	41	3	43
7	41	4	65
7	41	5	31
7	42	2	70
7	42	3	21
7	42	4	85
7	42	5	50
7	43	2	46
7	43	3	52
7	43	4	55
7	43	5	41
7	44	2	28
7	44	3	32
7	44	4	51
7	44	5	23
7	45	2	49
7	45	3	23
7	45	4	63
7	45	5	31
7	46	2	42
7	46	3	21
7	46	4	77
7	46	5	40
7	47	2	42
7	47	3	70
7	47	4	120
7	47	5	42
7	48	2	46
7	48	3	19
7	48	4	107
7	48	5	17
7	49	2	19
7	49	3	73
7	49	4	70
7	49	5	53
7	50	2	36
7	50	3	18
7	50	4	79
7	50	5	42
8	1	2	36
8	1	3	29
8	1	4	36
8	1	5	74
8	2	2	56
8	2	3	27
8	2	4	7
8	2	5	95
8	3	2	26
8	3	3	48
8	3	4	43
8	3	5	58
8	4	2	48
8	4	3	35
8	4	4	49
8	4	5	93
8	5	2	63
8	5	3	42
8	5	4	22
8	5	5	76
8	6	2	65
8	6	3	25
8	6	4	7
8	6	5	81
8	7	2	50
8	7	3	37
8	7	4	62
8	7	5	111
8	8	2	58
8	8	3	31
8	8	4	21
8	8	5	87
8	9	2	31
8	9	3	29
8	9	4	21
8	9	5	67
8	10	2	43
8	10	3	14
8	10	4	29
8	10	5	109
8	11	2	12
8	11	3	66
8	11	4	46
8	11	5	120
8	12	2	57
8	12	3	10
8	12	4	50
8	12	5	91
8	13	2	9
8	13	3	28
8	13	4	22
8	13	5	39
8	14	2	51
8	14	3	34
8	14	4	15
8	14	5	35
8	15	2	72
8	15	3	36
8	15	4	44
8	15	5	105
8	16	2	33
8	16	3	40
8	16	4	27
8	16	5	110
8	17	2	36
8	17	4	26
8	17	5	85
8	18	2	37
8	18	3	25
8	18	4	45
8	18	5	100
8	19	2	62
8	19	3	4
8	19	4	57
8	19	5	103
8	20	2	39
8	20	3	85
8	20	4	38
8	20	5	140
8	21	2	17
8	21	3	28
8	21	4	47
8	21	5	43
8	22	2	27
8	22	3	48
8	22	4	30
8	22	5	78
8	23	2	52
8	23	3	41
8	23	4	39
8	23	5	75
8	24	2	42
8	24	3	35
8	24	4	24
8	24	5	59
8	25	2	53
8	25	3	49
8	25	4	38
8	25	5	94
8	26	2	37
8	26	3	19
8	26	4	24
8	26	5	103
8	27	2	58
8	27	3	40
8	27	4	27
8	27	5	61
8	28	2	30
8	28	3	47
8	28	4	37
8	28	5	96
8	29	2	74
8	29	3	37
8	29	4	21
8	29	5	118
8	30	2	31
8	30	3	45
8	30	4	50
8	30	5	83
8	31	2	52
8	31	3	37
8	31	4	41
8	31	5	65
8	32	2	27
8	32	3	40
8	32	4	28
8	32	5	54
8	33	2	58
8	33	3	61
8	33	4	19
8	33	5	77
8	34	2	56
8	34	3	54
8	34	4	54
8	34	5	86
8	35	2	34
8	35	3	29
8	35	4	49
8	35	5	125
8	36	2	38
8	36	3	25
8	36	4	24
8	36	5	80
8	37	2	44
8	37	3	23
8	37	4	12
8	37	5	96
8	38	2	58
8	38	3	48
8	38	4	57
8	38	5	109
8	39	2	17
8	39	3	24
8	39	4	30
8	39	5	80
8	40	2	45
8	40	3	56
8	40	4	38
8	40	5	75
8	41	2	47
8	41	3	66
8	41	4	37
8	41	5	85
8	42	2	48
8	42	3	18
8	42	4	25
8	42	5	49
8	43	2	48
8	43	3	41
8	43	4	52
8	43	5	68
8	44	2	39
8	44	3	64
8	44	4	50
8	44	5	59
8	45	2	26
8	45	3	7
8	45	4	49
8	45	5	65
8	46	2	35
8	46	3	37
8	46	4	49
8	46	5	112
8	47	2	57
8	47	3	25
8	47	4	36
8	47	5	74
8	48	2	77
8	48	3	34
8	48	4	44
8	48	5	80
8	49	2	20
8	49	3	14
8	49	4	50
8	49	5	75
8	50	2	30
8	50	3	33
8	50	4	18
8	50	5	53
9	1	2	90
9	1	3	24
9	1	5	89
9	2	2	114
9	2	3	15
9	2	5	109
9	3	2	60
9	3	3	15
9	3	5	64
9	4	2	98
9	4	3	68
9	4	5	65
9	5	2	84
9	5	3	15
9	5	5	101
9	6	2	73
9	6	3	57
9	6	5	92
9	7	2	105
9	7	3	34
9	7	5	99
9	8	2	72
9	8	3	43
9	8	5	101
9	9	2	111
9	9	3	42
9	9	5	86
9	10	2	102
9	10	3	48
9	10	5	74
9	11	2	30
9	11	3	40
9	11	5	71
9	12	2	98
9	12	3	24
9	12	5	55
9	13	2	101
9	13	3	18
9	13	5	62
9	14	2	86
9	14	3	8
9	14	5	81
9	15	2	76
9	15	3	6
9	15	5	57
9	16	2	87
9	16	3	29
9	16	5	80
9	17	2	67
9	17	3	60
9	17	5	92
9	18	2	94
9	18	3	49
9	18	5	75
9	19	2	71
9	19	3	77
9	19	5	56
9	20	2	53
9	20	3	32
9	20	5	55
9	21	2	94
9	21	3	55
9	21	5	41
9	22	2	102
9	22	3	40
9	22	5	69
9	23	2	31
9	23	3	20
9	23	5	87
9	24	2	63
9	24	3	51
9	24	5	71
9	25	2	110
9	25	3	33
9	25	5	81
9	26	2	61
9	26	3	20
9	26	5	126
9	27	2	96
9	27	3	58
9	27	5	73
9	28	2	80
9	28	3	30
9	28	5	79
9	29	2	92
9	29	3	26
9	29	5	79
9	30	2	70
9	30	3	55
9	30	5	96
9	31	2	95
9	31	3	46
9	31	5	57
9	32	2	77
9	32	3	59
9	32	5	79
9	33	2	90
9	33	3	57
9	33	5	87
9	34	2	82
9	34	3	40
9	34	5	133
9	35	2	82
9	35	3	42
9	35	5	93
9	36	2	34
9	36	3	39
9	36	5	64
9	37	2	116
9	37	3	24
9	37	5	95
9	38	2	95
9	38	3	43
9	38	5	83
9	39	2	114
9	39	3	31
9	39	5	87
9	40	2	69
9	40	3	43
9	40	5	68
9	41	2	51
9	41	3	37
9	41	5	47
9	42	2	38
9	42	3	27
9	42	5	65
9	43	2	108
9	43	3	37
9	43	5	61
9	44	2	49
9	44	3	40
9	44	5	99
9	45	2	54
9	45	3	28
9	45	5	67
9	46	2	95
9	46	3	15
9	46	5	67
9	47	2	33
9	47	3	59
9	47	5	85
9	48	2	49
9	48	3	23
9	48	5	74
9	49	2	53
9	49	3	62
9	49	5	47
9	50	2	59
9	50	3	52
9	50	5	52
10	1	2	22
10	1	3	43
10	1	4	42
10	1	5	89
10	2	2	47
10	2	3	23
10	2	4	41
10	2	5	59
10	3	2	31
10	3	3	15
10	3	4	38
10	3	5	105
10	4	2	49
10	4	3	53
10	4	4	50
10	4	5	24
10	5	2	70
10	5	3	8
10	5	4	34
10	5	5	61
10	6	2	41
10	6	3	46
10	6	4	81
10	6	5	63
10	7	2	54
10	7	3	51
10	7	4	53
10	7	5	92
10	8	2	17
10	8	3	46
10	8	4	35
10	8	5	89
10	9	2	36
10	9	3	33
10	9	4	37
10	9	5	77
10	10	2	58
10	10	3	41
10	10	4	42
10	10	5	25
10	11	2	66
10	11	3	55
10	11	4	43
10	11	5	48
10	12	2	41
10	12	3	35
10	12	4	57
10	12	5	63
10	13	2	26
10	13	3	42
10	13	4	45
10	13	5	62
10	14	2	39
10	14	3	23
10	14	4	60
10	14	5	52
10	15	2	52
10	15	3	21
10	15	4	55
10	15	5	85
10	16	2	34
10	16	3	26
10	16	4	54
10	16	5	40
10	17	2	11
10	17	3	32
10	17	4	24
10	17	5	65
10	18	2	16
10	18	3	48
10	18	4	44
10	18	5	108
10	19	2	42
10	19	3	39
10	19	4	23
10	19	5	34
10	20	2	54
10	20	3	71
10	20	4	54
10	20	5	101
10	21	2	47
10	21	3	54
10	21	5	56
10	22	3	53
10	22	4	38
10	22	5	67
10	23	2	56
10	23	3	35
10	23	4	16
10	23	5	93
10	24	2	50
10	24	3	37
10	24	4	44
10	24	5	86
10	25	2	35
10	25	3	39
10	25	4	37
10	25	5	114
10	26	2	37
10	26	3	44
10	26	4	54
10	26	5	52
10	27	2	17
10	27	3	32
10	27	4	46
10	27	5	87
10	28	2	45
10	28	3	40
10	28	4	52
10	28	5	114
10	29	2	22
10	29	3	25
10	29	5	115
10	30	2	57
10	30	3	11
10	30	4	47
10	30	5	101
10	31	2	64
10	31	3	34
10	31	4	39
10	31	5	79
10	32	2	24
10	32	3	78
10	32	4	43
10	32	5	30
10	33	2	43
10	33	3	35
10	33	4	53
10	33	5	80
10	34	2	31
10	34	3	33
10	34	4	28
10	34	5	95
10	35	2	46
10	35	3	31
10	35	4	53
10	35	5	73
10	36	2	57
10	36	3	51
10	36	4	35
10	36	5	88
10	37	2	31
10	37	3	31
10	37	4	46
10	37	5	70
10	38	2	64
10	38	3	39
10	38	4	29
10	38	5	87
10	39	2	23
10	39	3	45
10	39	4	43
10	39	5	61
10	40	2	35
10	40	3	18
10	40	4	29
10	40	5	106
10	41	2	48
10	41	3	33
10	41	4	61
10	41	5	102
10	42	2	53
10	42	3	19
10	42	4	51
10	42	5	100
10	43	2	55
10	43	3	43
10	43	4	43
10	43	5	98
10	44	2	44
10	44	3	51
10	44	4	27
10	44	5	91
10	45	2	29
10	45	3	30
10	45	4	36
10	45	5	76
10	46	2	17
10	46	3	40
10	46	4	40
10	46	5	105
10	47	2	35
10	47	3	49
10	47	4	29
10	47	5	86
10	48	2	19
10	48	3	40
10	48	4	9
10	48	5	64
10	49	2	33
10	49	3	49
10	49	4	26
10	49	5	104
10	50	2	64
10	50	3	20
10	50	4	27
10	50	5	91


Warehouse Inventory (W P T):
1	552		552		0		1421		787		552	
2	538		538		0		788		213		538	
3	1532		1532		1028		606		0		1532	
4	655		655		84		598		0		655	
5	580		580		0		997		405		580	
6	513		513		0		1446		760		513	
7	580		580		0		1661		1034		580	
8	601		601		0		1616		1036		601	
9	522		522		0		838		320		522	
10	656		656		101		642		0		656	
11	869		869		416		672		0		869	
12	608		608		0		765		193		608	
13	778		778		260		532		0		778	
14	1471		1471		934		536		0		1471	
15	1377		1377		779		620		0		1377	
16	432		432		0		1277		786		432	
17	0		0		1392		979		390		0	
18	0		0		1417		1053		436		0	
19	0		0		1478		932		324		0	
20	0		0		1537		1042		448		0	
21	0		0		1437		975		318		0	
22	0		0		1501		1028		368		0	
23	0		0		1491		972		413		0	
24	0		0		1377		976		361		0	
25	0		0		1379		954		479		0	
26	0		0		1494		1042		480		0	
27	0		0		1529		972		384		0	
28	0		0		1596		1159		476		0	
29	0		0		1329		923		451		0	
30	0		0		1660		1126		479		0	
31	0		0		1343		935		378		0	
32	0		0		1446		929		364		0	
33	1663		1663		1167		545		0		1663	
34	534		534		0		1212		635		534	
35	1097		1097		590		613		0		1097	
36	440		440		0		985		646		440	
37	526		526		0		1003		514		526	
38	491		491		0		1041		348		491	
39	1537		1537		1049		551		0		1537	
40	812		812		312		633		0		812	
41	1181		1181		728		621		0		1181	
42	503		503		0		721		89		503	
43	599		599		0		760		185		599	
44	780		780		325		576		0		780	
45	826		826		318		614		0		826	
46	1471		1471		939		587		0		1471	
47	443		443		0		1089		480		443	
48	431		431		0		646		48		431	
49	1495		1495		1067		608		0		1495	
50	798		798		235		551		0		798	

Store Inventory (S P T):
Store1
1	53		0		0		53		53		53	
2	20		0		0		20		20		20	
3	40		0		0		40		40		40	
4	12		0		0		12		12		12	
5	41		0		0		41		41		41	
6	41		0		0		41		41		41	
7	52		0		0		52		52		52	
8	17		0		0		17		17		17	
9	44		0		0		44		44		44	
10	41		0		0		41		41		41	
11	73		0		0		73		73		73	
12	23		0		0		23		23		23	
13	1		0		0		1		1		1	
14	37		0		0		37		37		37	
15	16		0		0		16		16		16	
16	44		0		0		44		44		44	
17	19		0		0		19		19		19	
18	44		0		0		44		44		44	
19	64		0		0		64		64		64	
20	24		0		0		24		24		24	
21	39		0		0		39		39		39	
22	28		0		0		28		28		28	
23	52		0		0		52		52		52	
24	54		0		0		54		54		54	
25	25		0		0		25		25		25	
26	45		0		0		45		45		45	
27	49		0		0		49		49		49	
28	51		0		0		51		51		51	
29	31		0		0		31		31		31	
30	40		0		0		40		40		40	
31	38		0		0		38		38		38	
32	23		0		0		23		23		23	
33	56		0		0		56		56		56	
34	38		0		0		38		38		38	
35	20		0		0		20		20		20	
36	49		0		0		49		49		49	
37	44		0		0		44		44		44	
38	18		0		0		18		18		18	
39	52		0		0		52		52		52	
40	24		0		0		24		24		24	
41	34		0		0		34		34		34	
42	40		0		0		40		40		40	
43	18		0		0		18		18		18	
44	52		0		0		52		52		52	
45	33		0		0		33		33		33	
46	41		0		0		41		41		41	
47	42		0		0		42		42		42	
48	59		0		0		59		59		59	
49	34		0		0		34		34		34	
50	43		0		0		43		43		43	
Store2
1	56		0		0		56		97		56	
2	65		0		0		65		114		65	
3	37		0		0		37		99		37	
4	48		0		0		48		70		48	
5	35		0		0		35		63		35	
6	36		0		0		36		88		36	
7	35		0		0		35		85		35	
8	42		0		0		42		82		42	
9	60		0		0		60		94		60	
10	40		0		0		40		95		40	
11	41		0		0		41		91		41	
12	25		0		0		25		45		25	
13	40		0		0		40		72		40	
14	39		0		0		39		74		39	
15	18		0		0		18		66		18	
16	45		0		0		45		57		45	
17	35		0		0		35		84		35	
18	19		0		0		19		60		19	
19	39		0		0		39		85		39	
20	25		0		0		25		70		25	
21	28		0		0		28		69		28	
22	5		0		0		5		54		5	
23	36		0		0		36		85		36	
24	49		0		0		49		114		49	
25	40		0		0		40		61		40	
26	51		0		0		51		96		51	
27	37		0		0		37		80		37	
28	30		0		0		30		82		30	
29	29		0		0		29		54		29	
30	48		0		0		48		89		48	
31	3		0		0		3		40		3	
32	50		0		0		50		76		50	
33	22		0		0		22		74		22	
34	35		0		0		35		80		35	
35	40		0		0		40		73		40	
36	36		0		0		36		61		36	
37	49		0		0		49		88		49	
38	56		0		0		56		105		56	
39	68		0		0		68		105		68	
40	54		0		0		54		109		54	
41	31		0		0		31		66		31	
42	42		0		0		42		64		42	
43	52		0		0		52		91		52	
44	33		0		0		33		39		33	
45	62		0		0		62		94		62	
46	33		0		0		33		68		33	
47	29		0		0		29		85		29	
48	38		0		0		38		92		38	
49	22		0		0		22		63		22	
50	36		0		0		36		68		36	
Store3
1	29		0		0		0		74		29	
2	41		0		0		0		99		41	
3	55		0		0		0		84		55	
4	40		0		0		0		75		40	
5	35		0		0		0		78		35	
6	62		0		0		0		102		62	
7	35		0		0		0		79		35	
8	34		0		0		0		86		34	
9	51		0		0		0		61		51	
10	54		0		0		0		79		54	
11	27		0		0		0		66		27	
12	56		0		0		0		75		56	
13	13		0		0		0		58		13	
14	37		0		0		0		94		37	
15	22		0		0		0		71		22	
16	10		0		0		0		66		10	
17	47		0		0		0		97		47	
18	43		0		0		0		102		43	
19	38		0		0		0		66		38	
20	22		0		0		0		81		22	
21	62		0		0		0		90		62	
22	45		0		0		0		102		45	
23	54		0		0		0		100		54	
24	31		0		0		0		70		31	
25	32		0		0		0		54		32	
26	43		0		0		0		86		43	
27	34		0		0		0		71		34	
28	56		0		0		0		81		56	
29	28		0		0		0		40		28	
30	36		0		0		0		106		36	
31	47		0		0		0		69		47	
32	33		0		0		0		68		33	
33	8		0		0		0		48		8	
34	46		0		0		0		98		46	
35	42		0		0		0		70		42	
36	10		0		0		0		24		10	
37	15		0		0		0		42		15	
38	59		0		0		0		116		59	
39	25		0		0		0		48		25	
40	47		0		0		0		114		47	
41	56		0		0		0		75		56	
42	35		0		0		0		79		35	
43	49		0		0		0		87		49	
44	35		0		0		0		70		35	
45	52		0		0		0		83		52	
46	45		0		0		0		81		45	
47	41		0		0		0		52		41	
48	62		0		0		0		119		62	
49	43		0		0		0		61		43	
50	34		0		0		0		92		34	
Store4
1	68		0		0		0		121		68	
2	64		0		0		0		110		64	
3	57		0		0		0		93		57	
4	47		0		0		0		71		47	
5	64		0		0		0		86		64	
6	36		0		0		0		85		36	
7	39		0		0		0		106		39	
8	23		0		0		0		99		23	
9	20		0		0		0		60		20	
10	29		0		0		0		80		29	
11	32		0		0		0		97		32	
12	26		0		0		0		98		26	
13	23		0		0		0		34		23	
14	41		0		0		0		76		41	
15	49		0		0		0		67		49	
16	18		0		0		0		37		18	
17	42		0		0		0		83		42	
18	42		0		0		0		68		42	
19	50		0		0		0		67		50	
20	34		0		0		0		65		34	
21	46		0		0		0		94		46	
22	62		0		0		0		128		62	
23	70		0		0		0		104		70	
24	30		0		0		0		70		30	
25	24		0		0		0		39		24	
26	35		0		0		0		76		35	
27	31		0		0		0		65		31	
28	49		0		0		0		102		49	
29	45		0		0		0		76		45	
30	47		0		0		0		64		47	
31	39		0		0		0		75		39	
32	36		0		0		0		86		36	
33	21		0		0		0		57		21	
34	18		0		0		0		62		18	
35	33		0		0		0		71		33	
36	24		0		0		0		36		24	
37	35		0		0		0		84		35	
38	36		0		0		0		100		36	
39	52		0		0		0		88		52	
40	43		0		0		0		73		43	
41	37		0		0		0		71		37	
42	44		0		0		0		78		44	
43	31		0		0		0		72		31	
44	48		0		0		0		80		48	
45	33		0		0		0		71		33	
46	50		0		0		0		61		50	
47	39		0		0		0		104		39	
48	53		0		0		0		81		53	
49	46		0		0		0		86		46	
50	50		0		0		0		73		50	
Store5
1	46		14		46		46		0		46	
2	73		39		73		73		0		73	
3	45		0		45		45		20		45	
4	36		0		36		36		15		36	
5	66		27		66		66		0		66	
6	48		9		48		48		0		48	
7	43		0		43		43		18		43	
8	60		25		60		60		0		60	
9	47		0		47		47		17		47	
10	55		26		55		55		0		55	
11	43		3		43		43		0		43	
12	46		0		46		46		14		46	
13	75		0		75		75		50		75	
14	28		0		28		28		16		28	
15	51		29		51		51		0		51	
16	47		18		47		47		0		47	
17	37		0		37		37		19		37	
18	54		20		54		54		0		54	
19	43		15		43		43		0		43	
20	73		0		73		73		49		73	
21	55		0		55		55		27		55	
22	47		23		47		47		0		47	
23	32		13		32		32		0		32	
24	50		0		50		50		10		50	
25	45		0		45		45		8		45	
26	43		13		43		43		0		43	
27	64		0		64		64		11		64	
28	32		13		32		32		0		32	
29	30		6		30		30		0		30	
30	51		12		51		51		0		51	
31	55		32		55		55		0		55	
32	55		21		55		55		0		55	
33	17		12		17		17		0		17	
34	53		23		53		53		0		53	
35	62		13		62		62		0		62	
36	10		2		10		10		0		10	
37	57		15		57		57		0		57	
38	50		31		50		50		0		50	
39	68		0		68		68		24		68	
40	65		0		65		65		52		65	
41	48		12		48		48		0		48	
42	33		0		33		33		3		33	
43	77		57		77		77		0		77	
44	39		0		39		39		35		39	
45	52		41		52		52		0		52	
46	46		10		46		46		0		46	
47	68		0		68		68		9		68	
48	54		22		54		54		0		54	
49	59		0		59		59		11		59	
50	49		8		49		49		0		49	
Store6
1	27		0		27		27		66		27	
2	48		0		48		48		79		48	
3	82		0		82		82		172		82	
4	69		0		69		69		102		69	
5	21		0		21		21		49		21	
6	28		0		28		28		58		28	
7	35		0		35		35		61		35	
8	32		0		32		32		69		32	
9	43		0		43		43		85		43	
10	58		0		58		58		99		58	
11	14		0		14		14		60		14	
12	44		0		44		44		102		44	
13	53		0		53		53		91		53	
14	35		0		35		35		58		35	
15	51		0		51		51		110		51	
16	15		0		15		15		63		15	
17	45		0		45		45		71		45	
18	70		0		70		70		124		70	
19	44		0		44		44		80		44	
20	56		0		56		56		56		56	
21	51		0		51		51		87		51	
22	67		0		67		67		94		67	
23	30		0		30		30		71		30	
24	45		0		45		45		102		45	
25	31		0		31		31		63		31	
26	74		0		74		74		115		74	
27	27		0		27		27		66		27	
28	14		0		14		14		57		14	
29	61		0		61		61		91		61	
30	68		0		68		68		116		68	
31	50		0		50		50		100		50	
32	29		0		29		29		50		29	
33	48		0		48		48		75		48	
34	54		0		54		54		108		54	
35	35		0		35		35		107		35	
36	53		0		53		53		116		53	
37	26		0		26		26		87		26	
38	31		0		31		31		98		31	
39	63		0		63		63		83		63	
40	56		0		56		56		109		56	
41	17		0		17		17		52		17	
42	22		0		22		22		48		22	
43	55		0		55		55		92		55	
44	22		0		22		22		98		22	
45	51		0		51		51		93		51	
46	59		0		59		59		101		59	
47	51		0		51		51		84		51	
48	26		0		26		26		68		26	
49	32		0		32		32		69		32	
50	57		0		57		57		72		57	
Store7
1	59		0		0		0		59		59	
2	10		0		0		0		10		10	
3	27		0		0		0		27		27	
4	42		0		0		0		42		42	
5	52		0		0		0		52		52	
6	37		0		0		0		37		37	
7	65		0		0		0		65		65	
8	35		0		0		0		35		35	
9	24		0		0		0		24		24	
10	23		0		0		0		23		23	
11	35		0		0		0		35		35	
12	54		0		0		0		54		54	
13	56		0		0		0		56		56	
14	46		0		0		0		46		46	
15	46		0		0		0		46		46	
16	38		0		0		0		38		38	
17	41		0		0		0		41		41	
18	58		0		0		0		58		58	
19	37		0		0		0		37		37	
20	67		0		0		0		67		67	
21	85		0		0		0		85		85	
22	53		0		0		0		53		53	
23	23		0		0		0		23		23	
24	36		0		0		0		36		36	
25	56		0		0		0		56		56	
26	53		0		0		0		53		53	
27	29		0		0		0		29		29	
28	33		0		0		0		33		33	
29	36		0		0		0		36		36	
30	44		0		0		0		44		44	
31	22		0		0		0		22		22	
32	9		0		0		0		9		9	
33	67		0		0		0		67		67	
34	18		0		0		0		18		18	
35	59		0		0		0		59		59	
36	34		0		0		0		34		34	
37	30		0		0		0		30		30	
38	47		0		0		0		47		47	
39	42		0		0		0		42		42	
40	44		0		0		0		44		44	
41	20		0		0		0		20		20	
42	24		0		0		0		24		24	
43	35		0		0		0		35		35	
44	30		0		0		0		30		30	
45	49		0		0		0		49		49	
46	41		0		0		0		41		41	
47	64		0		0		0		64		64	
48	54		0		0		0		54		54	
49	48		0		0		0		48		48	
50	40		0		0		0		40		40	
Store8
1	37		0		0		0		0		37	
2	61		0		0		0		0		61	
3	22		0		0		0		0		22	
4	31		0		0		0		0		31	
5	35		0		0		0		0		35	
6	39		0		0		0		0		39	
7	70		0		0		0		0		70	
8	40		0		0		0		0		40	
9	39		0		0		0		0		39	
10	73		0		0		0		0		73	
11	52		0		0		0		0		52	
12	57		0		0		0		0		57	
13	29		0		0		0		0		29	
14	22		0		0		0		0		22	
15	62		0		0		0		0		62	
16	56		0		0		0		0		56	
17	51		0		0		0		0		51	
18	62		0		0		0		0		62	
19	56		0		0		0		0		56	
20	62		0		0		0		0		62	
21	43		0		0		0		0		43	
22	31		0		0		0		0		31	
23	26		0		0		0		0		26	
24	25		0		0		0		0		25	
25	57		0		0		0		0		57	
26	46		0		0		0		0		46	
27	35		0		0		0		0		35	
28	49		0		0		0		0		49	
29	57		0		0		0		0		57	
30	58		0		0		0		0		58	
31	27		0		0		0		0		27	
32	32		0		0		0		0		32	
33	40		0		0		0		0		40	
34	30		0		0		0		0		30	
35	66		0		0		0		0		66	
36	34		0		0		0		0		34	
37	66		0		0		0		0		66	
38	60		0		0		0		0		60	
39	29		0		0		0		0		29	
40	33		0		0		0		0		33	
41	45		0		0		0		0		45	
42	16		0		0		0		0		16	
43	36		0		0		0		0		36	
44	32		0		0		0		0		32	
45	28		0		0		0		0		28	
46	53		0		0		0		0		53	
47	29		0		0		0		0		29	
48	37		0		0		0		0		37	
49	31		0		0		0		0		31	
50	13		0		0		0		0		13	
Store9
1	42		6		42		42		0		42	
2	58		2		58		58		0		58	
3	31		6		31		31		0		31	
4	42		0		42		42		9		42	
5	80		42		80		80		0		80	
6	31		0		31		31		7		31	
7	65		0		65		65		8		65	
8	47		0		47		47		1		47	
9	69		0		69		69		18		69	
10	47		4		47		47		0		47	
11	50		25		50		50		0		50	
12	62		0		62		62		21		62	
13	44		0		44		44		28		44	
14	43		9		43		43		0		43	
15	45		0		45		45		29		45	
16	47		0		47		47		13		47	
17	43		9		43		43		0		43	
18	45		0		45		45		23		45	
19	41		0		41		41		5		41	
20	32		24		32		32		0		32	
21	47		0		47		47		28		47	
22	55		0		55		55		48		55	
23	44		15		44		44		0		44	
24	46		19		46		46		0		46	
25	69		13		69		69		0		69	
26	35		8		35		35		0		35	
27	41		3		41		41		0		41	
28	30		4		30		30		0		30	
29	52		27		52		52		0		52	
30	27		4		27		27		0		27	
31	56		3		56		56		0		56	
32	60		32		60		60		0		60	
33	48		0		48		48		5		48	
34	59		33		59		59		0		59	
35	41		8		41		41		0		41	
36	18		18		18		18		0		18	
37	58		0		58		58		21		58	
38	59		0		59		59		13		59	
39	58		0		58		58		25		58	
40	36		0		36		36		2		36	
41	28		0		28		28		13		28	
42	42		12		42		42		0		42	
43	54		0		54		54		39		54	
44	53		33		53		53		0		53	
45	41		0		41		41		16		41	
46	45		0		45		45		27		45	
47	36		12		36		36		0		36	
48	50		50		50		50		0		50	
49	18		10		18		18		0		18	
50	15		0		15		15		4		15	
Store10
1	41		0		0		0		0		41	
2	38		0		0		0		0		38	
3	36		0		0		0		0		36	
4	20		0		0		0		0		20	
5	20		0		0		0		0		20	
6	18		0		0		0		0		18	
7	40		0		0		0		0		40	
8	64		0		0		0		0		64	
9	20		0		0		0		0		20	
10	18		0		0		0		0		18	
11	16		0		0		0		0		16	
12	35		0		0		0		0		35	
13	39		0		0		0		0		39	
14	27		0		0		0		0		27	
15	32		0		0		0		0		32	
16	28		0		0		0		0		28	
17	25		0		0		0		0		25	
18	56		0		0		0		0		56	
19	34		0		0		0		0		34	
20	60		0		0		0		0		60	
21	13		0		0		0		0		13	
22	32		0		0		0		0		32	
23	53		0		0		0		0		53	
24	47		0		0		0		0		47	
25	54		0		0		0		0		54	
26	33		0		0		0		0		33	
27	30		0		0		0		0		30	
28	64		0		0		0		0		64	
29	53		0		0		0		0		53	
30	41		0		0		0		0		41	
31	26		0		0		0		0		26	
32	24		0		0		0		0		24	
33	52		0		0		0		0		52	
34	39		0		0		0		0		39	
35	52		0		0		0		0		52	
36	34		0		0		0		0		34	
37	16		0		0		0		0		16	
38	54		0		0		0		0		54	
39	42		0		0		0		0		42	
40	45		0		0		0		0		45	
41	65		0		0		0		0		65	
42	59		0		0		0		0		59	
43	33		0		0		0		0		33	
44	36		0		0		0		0		36	
45	22		0		0		0		0		22	
46	51		0		0		0		0		51	
47	49		0		0		0		0		49	
48	45		0		0		0		0		45	
49	59		0		0		0		0		59	
50	52		0		0		0		0		52	


Shipments from Vendor to Warehouse (V T):
0	0	0.6652613	0	0.412526	
0	0.9631507	0	0	0	
0	0	0.5686706	0	0.955074	

Shipments from Warehouse to Stores (S T):
1	2	0.11153
1	3	0.2427647
1	4	0.1050253
1	5	0.261274
2	2	0.11659
2	3	0.2106093
2	4	0.2339693
2	5	0.16925
3	2	0.132488
3	3	0.123048
3	4	0.2886473
3	5	0.1887433
4	2	0.1388807
4	3	0.1582647
4	4	0.2467414
4	5	0.1920267
5	2	0.1839427
5	3	0.203836
5	5	0.3399234
6	2	0.1720946
6	3	0.1643873
6	4	0.2261913
6	5	0.2349533
7	2	0.104504
7	3	0.1413407
7	4	0.2265573
7	5	0.2682773
8	2	0.148844
8	3	0.09574667
8	4	0.128756
8	5	0.34479
9	2	0.1670913
9	3	0.2135653
9	5	0.3612267
10	2	0.1080653
10	3	0.117824
10	4	0.165104
10	5	0.347272


Required Putaway workers (Sol T):
3	2	2	3	2	

No of required pickers (T):
0	5	6	6	9	

No of part-time putaway workers (T):
1	0	0	1	0	

No of part-time pickers (T):
0	0	0	0	3	

Best Putaway Technology: 2400
Best Picking Technology: 1000

Required Fashion Putaway Hours:
20.94792	0	0	21.26875	0	

Required Basic Putaway Hours:
0	13.26458	14.10917	0	13.7725	

Required Total Putaway Hours:
20.94792	13.26458	14.10917	21.26875	13.7725	

No of required fashion pick hours:
0	10.94	23.3	16.035	51.045	

No of required basic pick hours:
0	25.988	23.232	29.34	20.191	

No of required total pick hours:
0	36.928	46.532	45.375	71.236	

List of all the costs: 
MHECost		444
PutawayTechCost		3540
PickingTechCost		9130
WhBasicInvCost		1489.16
BasicInbCost		8270.973
WhFashionInvCost		1566.9
FashionInbCost		7536.141
PutawayCost		3680
StoreBasicInvCost		3014.95
StoreFashionInvCost		9838.75
OutboundCost		30669.32
PickingCost		10320
Total		89500.19

List of Top5 Technologies: 
Tech1		3	6	$ 89500.19
Tech2		3	5	$ 99530.01
Tech3		3	1	$ 164775.6
Tech4		4	1	$ 186951.5
Tech5		1	1	$ 192462.5
The start time is 12/30/2014 5:05:46 AM
The End time is 12/30/2014 5:06:48 AM
