Printing New Fashion Solution:

Inbound Fashion Solution (V F T):
1	1	4	2345
1	2	4	1915
1	3	4	2750
1	4	4	2015
1	5	4	1720
1	6	4	1735
1	7	4	1650
1	8	4	2545
1	9	4	1935
1	10	4	1765
1	11	4	2065
1	12	4	2325
1	13	4	2160
1	14	4	2255
1	15	4	2220
1	16	4	2055
1	17	4	1770
1	18	4	2065
1	19	4	2045
1	20	4	1975
1	21	4	2075
1	22	4	1985
1	23	4	1980
1	24	4	2085
1	25	4	1610
2	26	1	2220
2	27	1	1980
2	28	1	1825
2	29	1	1665
2	30	1	1770
2	31	1	2255
2	32	1	1745
2	33	1	2245
2	34	1	1725
2	35	1	2030
2	36	1	2395
2	37	1	2060
2	38	1	2480
2	39	1	2065
2	40	1	2170
2	41	1	2430
2	42	1	1900
2	43	1	1810
2	44	1	1305
2	45	1	2160
2	46	1	1960
2	47	1	2410
2	48	1	1975
2	49	1	1885
2	50	1	1810


Outbound Fashion Solution(S F T):
1	1	5	235
1	2	5	80
1	3	5	235
1	4	5	335
1	5	5	305
1	6	5	185
1	7	5	100
1	8	5	230
1	9	5	200
1	10	5	160
1	11	5	230
1	12	5	240
1	13	5	250
1	14	5	265
1	15	5	140
1	16	5	295
1	17	5	175
1	18	5	255
1	19	5	210
1	20	5	40
1	21	5	95
1	22	5	310
1	23	5	160
1	24	5	30
1	25	5	105
1	26	2	200
1	27	2	190
1	28	3	220
1	30	3	300
1	31	3	145
1	32	3	300
1	33	4	285
1	34	2	185
1	35	3	165
1	36	2	95
1	37	3	395
1	38	3	345
1	40	4	275
1	41	4	90
1	42	2	145
1	43	4	115
1	44	3	130
1	45	4	365
1	46	3	175
1	47	3	235
1	48	2	155
1	49	2	185
1	50	3	110
2	1	5	200
2	2	5	135
2	3	5	300
2	4	5	120
2	5	5	70
2	6	5	235
2	7	5	90
2	8	5	335
2	9	5	165
2	10	5	195
2	11	5	195
2	12	5	135
2	13	5	160
2	14	5	45
2	15	5	320
2	16	5	240
2	17	5	160
2	18	5	75
2	19	5	270
2	20	5	225
2	21	5	100
2	22	5	160
2	23	5	265
2	24	5	205
2	25	5	140
2	26	3	170
2	27	3	195
2	28	3	185
2	29	4	290
2	30	4	275
2	31	3	180
2	33	2	255
2	34	2	175
2	35	4	240
2	36	3	295
2	37	4	285
2	38	3	340
2	39	4	300
2	40	4	80
2	41	3	290
2	42	4	270
2	43	3	70
2	44	2	220
2	45	2	300
2	46	3	125
2	47	2	310
2	48	4	190
2	49	4	145
2	50	4	280
3	1	5	165
3	2	5	235
3	3	5	205
3	4	5	185
3	5	5	195
3	6	5	245
3	7	5	55
3	8	5	265
3	9	5	210
3	10	5	270
3	11	5	125
3	12	5	275
3	13	5	340
3	14	5	305
3	15	5	145
3	16	5	245
3	17	5	140
3	18	5	105
3	19	5	165
3	20	5	225
3	21	5	155
3	22	5	295
3	23	5	165
3	24	5	250
3	25	5	105
3	26	2	195
3	27	3	235
3	28	3	125
3	29	3	165
3	30	3	195
3	31	4	165
3	32	2	110
3	33	4	150
3	34	4	165
3	35	4	230
3	36	4	285
3	37	4	240
3	38	4	230
3	39	2	250
3	40	4	405
3	41	4	275
3	42	2	145
3	43	4	260
3	44	3	210
3	45	4	140
3	46	3	210
3	47	4	235
3	48	3	180
3	49	3	160
3	50	3	235
4	1	5	105
4	2	5	145
4	3	5	250
4	4	5	215
4	5	5	115
4	6	5	40
4	7	5	225
4	8	5	225
4	9	5	145
4	10	5	80
4	11	5	200
4	12	5	235
4	13	5	210
4	14	5	90
4	15	5	245
4	16	5	160
4	17	5	200
4	18	5	250
4	19	5	315
4	21	5	210
4	22	5	245
4	23	5	65
4	24	5	270
4	25	5	400
4	26	4	150
4	27	3	300
4	28	3	305
4	29	3	100
4	30	3	270
4	31	3	330
4	32	4	185
4	33	3	225
4	34	3	200
4	35	4	195
4	36	4	305
4	37	3	215
4	38	3	210
4	39	3	205
4	40	3	225
4	41	4	245
4	42	3	190
4	43	3	255
4	44	3	150
4	45	3	260
4	46	3	170
4	47	3	235
4	48	3	235
4	49	4	190
4	50	4	95
5	1	5	60
5	2	5	200
5	3	5	275
5	4	5	195
5	5	5	205
5	6	5	175
5	7	5	170
5	8	5	275
5	9	5	315
5	10	5	305
5	11	5	205
5	12	5	260
5	13	5	65
5	14	5	240
5	15	5	175
5	16	5	260
5	17	5	105
5	18	5	160
5	19	5	220
5	20	5	125
5	21	5	130
5	22	5	120
5	23	5	315
5	24	5	235
5	25	5	100
5	26	3	380
5	27	2	155
5	28	2	140
5	29	4	290
5	30	3	245
5	31	3	135
5	32	4	190
5	33	3	270
5	34	3	275
5	35	3	120
5	36	3	240
5	37	3	225
5	38	3	90
5	39	4	230
5	40	2	205
5	41	2	265
5	42	3	175
5	43	4	180
5	44	4	115
5	45	3	275
5	46	2	220
5	47	3	125
5	48	3	165
5	49	4	100
5	50	4	145
6	1	5	515
6	2	5	185
6	3	5	205
6	4	5	120
6	5	5	50
6	6	5	165
6	7	5	155
6	8	5	295
6	9	5	270
6	10	5	240
6	11	5	215
6	12	5	310
6	13	5	410
6	14	5	370
6	15	5	260
6	16	5	175
6	17	5	130
6	18	5	315
6	19	5	220
6	20	5	320
6	21	5	295
6	22	5	105
6	23	5	185
6	24	5	335
6	25	5	150
6	26	3	160
6	27	3	180
6	28	2	190
6	29	4	190
6	30	3	100
6	31	3	290
6	32	4	225
6	33	3	355
6	34	2	270
6	35	3	240
6	36	3	205
6	37	3	200
6	38	3	220
6	39	4	155
6	40	4	210
6	41	3	350
6	42	3	45
6	43	3	280
6	44	3	145
6	45	4	130
6	46	3	190
6	47	3	390
6	48	2	125
6	49	3	310
6	50	2	220
7	1	5	260
7	2	5	200
7	3	5	345
7	4	5	250
7	5	5	110
7	6	5	205
7	7	5	170
7	8	5	345
7	9	5	85
7	10	5	120
7	11	5	245
7	12	5	230
7	13	5	115
7	14	5	155
7	15	5	70
7	16	5	195
7	17	5	250
7	18	5	305
7	19	5	245
7	20	5	310
7	21	5	230
7	22	5	270
7	23	5	240
7	24	5	150
7	25	5	200
7	26	4	195
7	27	3	215
7	28	4	80
7	29	4	125
7	30	2	65
7	31	4	265
7	32	3	230
7	33	4	145
7	34	4	25
7	35	2	160
7	36	3	260
7	37	4	185
7	38	2	200
7	39	3	240
7	40	3	40
7	41	4	265
7	42	3	235
7	43	2	220
7	44	3	205
7	45	4	305
7	46	2	180
7	47	2	345
7	48	2	145
7	49	3	340
7	50	4	155
8	1	5	240
8	2	5	225
8	3	5	325
8	4	5	285
8	5	5	195
8	6	5	120
8	7	5	185
8	8	5	145
8	9	5	155
8	11	5	285
8	12	5	265
8	13	5	185
8	14	5	240
8	15	5	180
8	16	5	145
8	17	5	235
8	18	5	145
8	19	5	165
8	20	5	220
8	21	5	200
8	22	5	235
8	23	5	200
8	24	5	175
8	25	5	175
8	26	3	400
8	27	2	255
8	28	2	240
8	29	3	115
8	30	3	90
8	31	2	135
8	32	3	220
8	33	3	235
8	34	2	120
8	35	3	215
8	36	2	240
8	37	3	5
8	38	3	160
8	39	2	270
8	40	3	180
8	41	3	115
8	42	3	185
8	43	3	95
8	44	3	45
8	45	3	220
8	46	3	285
8	47	2	145
8	48	3	230
8	49	2	65
8	50	2	300
9	1	5	395
9	2	5	360
9	3	5	380
9	4	5	125
9	5	5	255
9	6	5	195
9	7	5	225
9	8	5	205
9	9	5	130
9	10	5	195
9	11	5	170
9	12	5	230
9	13	5	220
9	14	5	350
9	15	5	405
9	16	5	135
9	17	5	50
9	18	5	230
9	19	5	50
9	20	5	225
9	21	5	355
9	22	5	130
9	23	5	135
9	24	5	300
9	25	5	60
9	26	3	200
9	27	4	115
9	28	4	270
9	29	3	140
9	30	2	115
9	31	3	345
9	32	4	185
9	33	2	165
9	34	4	230
9	35	3	225
9	36	3	35
9	37	3	50
9	38	2	330
9	39	2	175
9	40	3	205
9	41	3	330
9	42	3	340
9	43	4	220
9	44	2	25
9	45	4	65
9	46	4	110
9	47	3	255
9	48	3	285
9	49	3	260
9	50	3	125
10	1	5	170
10	2	5	150
10	3	5	230
10	4	5	185
10	5	5	220
10	6	5	170
10	7	5	275
10	8	5	225
10	9	5	260
10	10	5	200
10	11	5	195
10	12	5	145
10	13	5	205
10	14	5	195
10	15	5	280
10	16	5	205
10	17	5	325
10	18	5	225
10	19	5	185
10	20	5	285
10	21	5	305
10	22	5	115
10	23	5	250
10	24	5	135
10	25	5	175
10	26	3	170
10	27	3	140
10	28	2	70
10	29	2	250
10	30	3	115
10	31	3	265
10	32	3	100
10	33	2	160
10	34	3	80
10	35	3	240
10	36	3	435
10	37	3	260
10	38	3	355
10	39	3	240
10	40	3	345
10	41	3	205
10	42	3	170
10	43	3	115
10	44	3	60
10	45	3	100
10	46	3	295
10	47	2	135
10	48	3	265
10	49	3	130
10	50	3	145


Warehouse Fashion Inventory (W F T):
1	0		0		0		2345		0	
2	0		0		0		1915		0	
3	0		0		0		2750		0	
4	0		0		0		2015		0	
5	0		0		0		1720		0	
6	0		0		0		1735		0	
7	0		0		0		1650		0	
8	0		0		0		2545		0	
9	0		0		0		1935		0	
10	0		0		0		1765		0	
11	0		0		0		2065		0	
12	0		0		0		2325		0	
13	0		0		0		2160		0	
14	0		0		0		2255		0	
15	0		0		0		2220		0	
16	0		0		0		2055		0	
17	0		0		0		1770		0	
18	0		0		0		2065		0	
19	0		0		0		2045		0	
20	0		0		0		1975		0	
21	0		0		0		2075		0	
22	0		0		0		1985		0	
23	0		0		0		1980		0	
24	0		0		0		2085		0	
25	0		0		0		1610		0	
26	2220		1825		345		0		0	
27	1980		1380		115		0		0	
28	1825		1185		350		0		0	
29	1665		1415		895		0		0	
30	1770		1590		275		0		0	
31	2255		2120		430		0		0	
32	1745		1635		785		0		0	
33	2245		1665		580		0		0	
34	1725		975		420		0		0	
35	2030		1870		665		0		0	
36	2395		2060		590		0		0	
37	2060		2060		710		0		0	
38	2480		1950		230		0		0	
39	2065		1370		685		0		0	
40	2170		1965		970		0		0	
41	2430		2165		875		0		0	
42	1900		1610		270		0		0	
43	1810		1590		775		0		0	
44	1305		1060		115		0		0	
45	2160		1860		1005		0		0	
46	1960		1560		110		0		0	
47	2410		1475		235		0		0	
48	1975		1550		190		0		0	
49	1885		1635		435		0		0	
50	1810		1290		675		0		0	

Store Fashion Inventory (S F T):
Store1
1	0		0		0		235	
2	0		0		0		80	
3	0		0		0		235	
4	0		0		0		335	
5	0		0		0		305	
6	0		0		0		185	
7	0		0		0		100	
8	0		0		0		230	
9	0		0		0		200	
10	0		0		0		160	
11	0		0		0		230	
12	0		0		0		240	
13	0		0		0		250	
14	0		0		0		265	
15	0		0		0		140	
16	0		0		0		295	
17	0		0		0		175	
18	0		0		0		255	
19	0		0		0		210	
20	0		0		0		40	
21	0		0		0		95	
22	0		0		0		310	
23	0		0		0		160	
24	0		0		0		30	
25	0		0		0		105	
26	200		200		200		200	
27	190		190		190		190	
28	0		220		220		220	
29	0		0		0		0	
30	0		300		300		300	
31	0		145		145		145	
32	0		300		300		300	
33	0		0		285		285	
34	185		185		185		185	
35	0		165		165		165	
36	95		95		95		95	
37	0		395		395		395	
38	0		345		345		345	
39	0		0		0		0	
40	0		0		275		275	
41	0		0		90		90	
42	145		145		145		145	
43	0		0		115		115	
44	0		130		130		130	
45	0		0		365		365	
46	0		175		175		175	
47	0		235		235		235	
48	155		155		155		155	
49	185		185		185		185	
50	0		110		110		110	
Store2
1	0		0		0		200	
2	0		0		0		135	
3	0		0		0		300	
4	0		0		0		120	
5	0		0		0		70	
6	0		0		0		235	
7	0		0		0		90	
8	0		0		0		335	
9	0		0		0		165	
10	0		0		0		195	
11	0		0		0		195	
12	0		0		0		135	
13	0		0		0		160	
14	0		0		0		45	
15	0		0		0		320	
16	0		0		0		240	
17	0		0		0		160	
18	0		0		0		75	
19	0		0		0		270	
20	0		0		0		225	
21	0		0		0		100	
22	0		0		0		160	
23	0		0		0		265	
24	0		0		0		205	
25	0		0		0		140	
26	0		170		170		170	
27	0		195		195		195	
28	0		185		185		185	
29	0		0		290		290	
30	0		0		275		275	
31	0		180		180		180	
32	0		0		0		0	
33	255		255		255		255	
34	175		175		175		175	
35	0		0		240		240	
36	0		295		295		295	
37	0		0		285		285	
38	0		340		340		340	
39	0		0		300		300	
40	0		0		80		80	
41	0		290		290		290	
42	0		0		270		270	
43	0		70		70		70	
44	220		220		220		220	
45	300		300		300		300	
46	0		125		125		125	
47	310		310		310		310	
48	0		0		190		190	
49	0		0		145		145	
50	0		0		280		280	
Store3
1	0		0		0		165	
2	0		0		0		235	
3	0		0		0		205	
4	0		0		0		185	
5	0		0		0		195	
6	0		0		0		245	
7	0		0		0		55	
8	0		0		0		265	
9	0		0		0		210	
10	0		0		0		270	
11	0		0		0		125	
12	0		0		0		275	
13	0		0		0		340	
14	0		0		0		305	
15	0		0		0		145	
16	0		0		0		245	
17	0		0		0		140	
18	0		0		0		105	
19	0		0		0		165	
20	0		0		0		225	
21	0		0		0		155	
22	0		0		0		295	
23	0		0		0		165	
24	0		0		0		250	
25	0		0		0		105	
26	195		195		195		195	
27	0		235		235		235	
28	0		125		125		125	
29	0		165		165		165	
30	0		195		195		195	
31	0		0		165		165	
32	110		110		110		110	
33	0		0		150		150	
34	0		0		165		165	
35	0		0		230		230	
36	0		0		285		285	
37	0		0		240		240	
38	0		0		230		230	
39	250		250		250		250	
40	0		0		405		405	
41	0		0		275		275	
42	145		145		145		145	
43	0		0		260		260	
44	0		210		210		210	
45	0		0		140		140	
46	0		210		210		210	
47	0		0		235		235	
48	0		180		180		180	
49	0		160		160		160	
50	0		235		235		235	
Store4
1	0		0		0		105	
2	0		0		0		145	
3	0		0		0		250	
4	0		0		0		215	
5	0		0		0		115	
6	0		0		0		40	
7	0		0		0		225	
8	0		0		0		225	
9	0		0		0		145	
10	0		0		0		80	
11	0		0		0		200	
12	0		0		0		235	
13	0		0		0		210	
14	0		0		0		90	
15	0		0		0		245	
16	0		0		0		160	
17	0		0		0		200	
18	0		0		0		250	
19	0		0		0		315	
20	0		0		0		0	
21	0		0		0		210	
22	0		0		0		245	
23	0		0		0		65	
24	0		0		0		270	
25	0		0		0		400	
26	0		0		150		150	
27	0		300		300		300	
28	0		305		305		305	
29	0		100		100		100	
30	0		270		270		270	
31	0		330		330		330	
32	0		0		185		185	
33	0		225		225		225	
34	0		200		200		200	
35	0		0		195		195	
36	0		0		305		305	
37	0		215		215		215	
38	0		210		210		210	
39	0		205		205		205	
40	0		225		225		225	
41	0		0		245		245	
42	0		190		190		190	
43	0		255		255		255	
44	0		150		150		150	
45	0		260		260		260	
46	0		170		170		170	
47	0		235		235		235	
48	0		235		235		235	
49	0		0		190		190	
50	0		0		95		95	
Store5
1	0		0		0		60	
2	0		0		0		200	
3	0		0		0		275	
4	0		0		0		195	
5	0		0		0		205	
6	0		0		0		175	
7	0		0		0		170	
8	0		0		0		275	
9	0		0		0		315	
10	0		0		0		305	
11	0		0		0		205	
12	0		0		0		260	
13	0		0		0		65	
14	0		0		0		240	
15	0		0		0		175	
16	0		0		0		260	
17	0		0		0		105	
18	0		0		0		160	
19	0		0		0		220	
20	0		0		0		125	
21	0		0		0		130	
22	0		0		0		120	
23	0		0		0		315	
24	0		0		0		235	
25	0		0		0		100	
26	0		380		380		380	
27	155		155		155		155	
28	140		140		140		140	
29	0		0		290		290	
30	0		245		245		245	
31	0		135		135		135	
32	0		0		190		190	
33	0		270		270		270	
34	0		275		275		275	
35	0		120		120		120	
36	0		240		240		240	
37	0		225		225		225	
38	0		90		90		90	
39	0		0		230		230	
40	205		205		205		205	
41	265		265		265		265	
42	0		175		175		175	
43	0		0		180		180	
44	0		0		115		115	
45	0		275		275		275	
46	220		220		220		220	
47	0		125		125		125	
48	0		165		165		165	
49	0		0		100		100	
50	0		0		145		145	
Store6
1	0		0		0		515	
2	0		0		0		185	
3	0		0		0		205	
4	0		0		0		120	
5	0		0		0		50	
6	0		0		0		165	
7	0		0		0		155	
8	0		0		0		295	
9	0		0		0		270	
10	0		0		0		240	
11	0		0		0		215	
12	0		0		0		310	
13	0		0		0		410	
14	0		0		0		370	
15	0		0		0		260	
16	0		0		0		175	
17	0		0		0		130	
18	0		0		0		315	
19	0		0		0		220	
20	0		0		0		320	
21	0		0		0		295	
22	0		0		0		105	
23	0		0		0		185	
24	0		0		0		335	
25	0		0		0		150	
26	0		160		160		160	
27	0		180		180		180	
28	190		190		190		190	
29	0		0		190		190	
30	0		100		100		100	
31	0		290		290		290	
32	0		0		225		225	
33	0		355		355		355	
34	270		270		270		270	
35	0		240		240		240	
36	0		205		205		205	
37	0		200		200		200	
38	0		220		220		220	
39	0		0		155		155	
40	0		0		210		210	
41	0		350		350		350	
42	0		45		45		45	
43	0		280		280		280	
44	0		145		145		145	
45	0		0		130		130	
46	0		190		190		190	
47	0		390		390		390	
48	125		125		125		125	
49	0		310		310		310	
50	220		220		220		220	
Store7
1	0		0		0		260	
2	0		0		0		200	
3	0		0		0		345	
4	0		0		0		250	
5	0		0		0		110	
6	0		0		0		205	
7	0		0		0		170	
8	0		0		0		345	
9	0		0		0		85	
10	0		0		0		120	
11	0		0		0		245	
12	0		0		0		230	
13	0		0		0		115	
14	0		0		0		155	
15	0		0		0		70	
16	0		0		0		195	
17	0		0		0		250	
18	0		0		0		305	
19	0		0		0		245	
20	0		0		0		310	
21	0		0		0		230	
22	0		0		0		270	
23	0		0		0		240	
24	0		0		0		150	
25	0		0		0		200	
26	0		0		195		195	
27	0		215		215		215	
28	0		0		80		80	
29	0		0		125		125	
30	65		65		65		65	
31	0		0		265		265	
32	0		230		230		230	
33	0		0		145		145	
34	0		0		25		25	
35	160		160		160		160	
36	0		260		260		260	
37	0		0		185		185	
38	200		200		200		200	
39	0		240		240		240	
40	0		40		40		40	
41	0		0		265		265	
42	0		235		235		235	
43	220		220		220		220	
44	0		205		205		205	
45	0		0		305		305	
46	180		180		180		180	
47	345		345		345		345	
48	145		145		145		145	
49	0		340		340		340	
50	0		0		155		155	
Store8
1	0		0		0		240	
2	0		0		0		225	
3	0		0		0		325	
4	0		0		0		285	
5	0		0		0		195	
6	0		0		0		120	
7	0		0		0		185	
8	0		0		0		145	
9	0		0		0		155	
10	0		0		0		0	
11	0		0		0		285	
12	0		0		0		265	
13	0		0		0		185	
14	0		0		0		240	
15	0		0		0		180	
16	0		0		0		145	
17	0		0		0		235	
18	0		0		0		145	
19	0		0		0		165	
20	0		0		0		220	
21	0		0		0		200	
22	0		0		0		235	
23	0		0		0		200	
24	0		0		0		175	
25	0		0		0		175	
26	0		400		400		400	
27	255		255		255		255	
28	240		240		240		240	
29	0		115		115		115	
30	0		90		90		90	
31	135		135		135		135	
32	0		220		220		220	
33	0		235		235		235	
34	120		120		120		120	
35	0		215		215		215	
36	240		240		240		240	
37	0		5		5		5	
38	0		160		160		160	
39	270		270		270		270	
40	0		180		180		180	
41	0		115		115		115	
42	0		185		185		185	
43	0		95		95		95	
44	0		45		45		45	
45	0		220		220		220	
46	0		285		285		285	
47	145		145		145		145	
48	0		230		230		230	
49	65		65		65		65	
50	300		300		300		300	
Store9
1	0		0		0		395	
2	0		0		0		360	
3	0		0		0		380	
4	0		0		0		125	
5	0		0		0		255	
6	0		0		0		195	
7	0		0		0		225	
8	0		0		0		205	
9	0		0		0		130	
10	0		0		0		195	
11	0		0		0		170	
12	0		0		0		230	
13	0		0		0		220	
14	0		0		0		350	
15	0		0		0		405	
16	0		0		0		135	
17	0		0		0		50	
18	0		0		0		230	
19	0		0		0		50	
20	0		0		0		225	
21	0		0		0		355	
22	0		0		0		130	
23	0		0		0		135	
24	0		0		0		300	
25	0		0		0		60	
26	0		200		200		200	
27	0		0		115		115	
28	0		0		270		270	
29	0		140		140		140	
30	115		115		115		115	
31	0		345		345		345	
32	0		0		185		185	
33	165		165		165		165	
34	0		0		230		230	
35	0		225		225		225	
36	0		35		35		35	
37	0		50		50		50	
38	330		330		330		330	
39	175		175		175		175	
40	0		205		205		205	
41	0		330		330		330	
42	0		340		340		340	
43	0		0		220		220	
44	25		25		25		25	
45	0		0		65		65	
46	0		0		110		110	
47	0		255		255		255	
48	0		285		285		285	
49	0		260		260		260	
50	0		125		125		125	
Store10
1	0		0		0		170	
2	0		0		0		150	
3	0		0		0		230	
4	0		0		0		185	
5	0		0		0		220	
6	0		0		0		170	
7	0		0		0		275	
8	0		0		0		225	
9	0		0		0		260	
10	0		0		0		200	
11	0		0		0		195	
12	0		0		0		145	
13	0		0		0		205	
14	0		0		0		195	
15	0		0		0		280	
16	0		0		0		205	
17	0		0		0		325	
18	0		0		0		225	
19	0		0		0		185	
20	0		0		0		285	
21	0		0		0		305	
22	0		0		0		115	
23	0		0		0		250	
24	0		0		0		135	
25	0		0		0		175	
26	0		170		170		170	
27	0		140		140		140	
28	70		70		70		70	
29	250		250		250		250	
30	0		115		115		115	
31	0		265		265		265	
32	0		100		100		100	
33	160		160		160		160	
34	0		80		80		80	
35	0		240		240		240	
36	0		435		435		435	
37	0		260		260		260	
38	0		355		355		355	
39	0		240		240		240	
40	0		345		345		345	
41	0		205		205		205	
42	0		170		170		170	
43	0		115		115		115	
44	0		60		60		60	
45	0		100		100		100	
46	0		295		295		295	
47	135		135		135		135	
48	0		265		265		265	
49	0		130		130		130	
50	0		145		145		145	


Fashion Shipments from Vendor to Warehouse (V T):
0	0	0	1.980097	
1.839367	0	0	0	

Printing New Basic Solution:

Inbound Solution (V P T):
1	1	3	1545
1	1	5	661
1	2	3	580
1	2	5	1353
1	3	3	962
1	3	5	961
1	4	3	1394
1	4	5	597
1	5	3	1037
1	5	5	1036
1	6	3	2207
1	7	3	1953
1	7	5	216
1	8	3	2018
1	9	3	1338
1	9	5	573
1	10	3	854
1	10	5	1279
1	11	3	422
1	11	5	1685
1	12	3	1140
1	12	5	760
1	13	3	1067
1	13	5	711
1	14	3	534
1	14	5	1244
1	15	3	1616
1	15	5	403
1	16	3	1722
2	17	2	1837
2	18	2	1943
2	19	2	2071
2	20	2	2058
2	21	2	2005
2	22	2	1958
2	23	2	1937
2	24	2	1874
2	25	2	1967
2	26	2	2098
2	27	2	2019
2	28	2	2086
2	29	2	1890
2	30	2	2210
2	31	2	1961
2	32	2	1921
3	33	2	1027
3	33	3	1027
3	34	2	621
3	34	3	1446
3	35	2	1577
3	35	3	394
3	36	2	1441
3	36	3	160
3	37	2	374
3	37	3	1496
3	38	2	1269
3	38	3	845
3	39	2	395
3	39	3	1577
3	40	2	391
3	40	3	1560
3	41	2	1982
3	42	2	1164
3	42	3	775
3	43	2	1461
3	43	3	625
3	44	2	382
3	44	3	1528
3	45	2	579
3	45	3	1349
3	46	2	1349
3	46	3	577
3	47	2	1199
3	47	3	799
3	48	3	1869
3	49	2	762
3	49	3	1141
3	50	2	1526
3	50	3	381


Outbound Solution(S P T):
1	1	2	57
1	1	3	49
1	1	4	179
1	2	2	59
1	2	4	108
1	3	2	36
1	3	3	57
1	3	4	122
1	4	2	40
1	4	3	43
1	4	4	115
1	5	2	63
1	5	3	70
1	5	4	95
1	6	2	32
1	6	3	32
1	6	4	131
1	7	2	23
1	7	3	49
1	7	4	125
1	8	2	36
1	8	3	23
1	8	4	128
1	9	2	56
1	9	3	45
1	9	4	99
1	10	2	55
1	10	3	33
1	10	4	118
1	11	2	30
1	11	3	50
1	11	4	175
1	12	2	43
1	12	3	45
1	12	4	109
1	13	2	45
1	13	3	30
1	13	4	89
1	14	2	48
1	14	3	26
1	14	4	128
1	15	2	51
1	15	3	54
1	15	4	89
1	16	2	39
1	16	3	15
1	16	4	83
1	17	2	33
1	17	3	59
1	17	4	107
1	18	2	35
1	18	3	23
1	18	4	139
1	19	2	59
1	19	3	39
1	19	4	129
1	20	2	50
1	20	3	31
1	20	4	72
1	21	2	63
1	21	4	162
1	22	2	41
1	22	3	57
1	22	4	102
1	23	2	39
1	23	3	65
1	23	4	113
1	24	2	57
1	24	3	23
1	24	4	127
1	25	2	54
1	25	3	56
1	25	4	154
1	26	2	30
1	26	3	28
1	26	4	79
1	27	2	28
1	27	3	72
1	27	4	127
1	28	2	30
1	28	3	30
1	28	4	151
1	29	2	24
1	29	3	69
1	29	4	143
1	30	2	37
1	30	3	32
1	30	4	119
1	31	2	51
1	31	3	30
1	31	4	96
1	32	2	43
1	32	3	37
1	32	4	118
1	33	2	7
1	33	3	60
1	33	4	140
1	34	2	32
1	34	3	39
1	34	4	132
1	35	2	44
1	35	3	29
1	35	4	120
1	36	2	17
1	36	3	68
1	36	4	111
1	37	2	43
1	37	3	59
1	37	4	93
1	38	2	39
1	38	3	36
1	38	4	81
1	39	2	3
1	39	3	35
1	39	4	119
1	40	2	16
1	40	3	82
1	40	4	140
1	41	2	19
1	41	3	50
1	41	4	123
1	42	2	60
1	42	3	34
1	42	4	80
1	43	2	28
1	43	3	36
1	43	4	111
1	44	2	49
1	44	3	41
1	44	4	116
1	45	2	49
1	45	3	57
1	45	4	88
1	46	2	53
1	46	3	19
1	46	4	93
1	47	2	5
1	47	3	44
1	47	4	129
1	48	3	43
1	48	4	129
1	49	2	18
1	49	3	28
1	49	4	110
1	50	2	51
1	50	3	27
1	50	4	117
2	1	2	194
2	1	3	37
2	2	2	165
2	2	3	39
2	3	2	144
2	3	3	58
2	4	2	149
2	4	3	25
2	5	2	142
2	5	3	15
2	6	2	192
2	6	3	46
2	7	2	156
2	7	3	49
2	8	2	170
2	8	3	30
2	9	2	202
2	9	3	25
2	10	2	218
2	10	3	85
2	11	2	175
2	11	3	25
2	12	2	126
2	12	3	60
2	13	2	131
2	13	3	48
2	14	2	168
2	14	3	38
2	15	2	170
2	15	3	35
2	16	2	118
2	17	2	143
2	17	3	49
2	18	2	143
2	18	3	35
2	19	2	180
2	19	3	73
2	20	2	157
2	20	3	32
2	21	2	139
2	21	3	44
2	22	2	107
2	22	3	7
2	23	2	182
2	23	3	25
2	24	2	176
2	24	3	32
2	25	2	120
2	25	3	27
2	26	2	194
2	26	3	52
2	27	2	147
2	27	3	38
2	28	2	171
2	28	3	51
2	29	2	144
2	29	3	48
2	30	2	175
2	30	3	32
2	31	2	132
2	31	3	25
2	32	2	183
2	32	3	22
2	33	2	146
2	33	3	80
2	34	2	163
2	34	3	54
2	35	2	140
2	35	3	15
2	36	2	118
2	36	3	46
2	37	2	161
2	37	3	19
2	38	2	160
2	38	3	63
2	39	2	186
2	39	3	61
2	40	2	151
2	40	3	44
2	41	2	167
2	41	3	54
2	42	2	150
2	42	3	43
2	43	2	156
2	43	3	52
2	44	2	84
2	44	3	41
2	45	2	160
2	45	3	41
2	46	2	124
2	46	3	38
2	47	2	158
2	47	3	31
2	48	2	137
2	48	3	36
2	49	2	139
2	49	3	32
2	50	2	204
2	50	3	55
3	1	2	98
3	1	3	48
3	1	4	34
3	2	2	71
3	2	3	48
3	2	4	92
3	3	2	52
3	3	3	60
3	3	4	93
3	4	2	93
3	4	3	39
3	4	4	82
3	5	2	71
3	5	3	45
3	5	4	103
3	6	2	54
3	6	3	59
3	6	4	110
3	7	2	68
3	7	3	47
3	7	4	75
3	8	2	103
3	8	3	28
3	8	4	97
3	9	2	41
3	9	3	33
3	9	4	68
3	10	2	58
3	10	3	21
3	10	4	116
3	11	2	92
3	11	3	48
3	11	4	58
3	12	2	80
3	12	3	20
3	12	4	88
3	13	2	76
3	13	3	9
3	13	4	47
3	14	2	97
3	14	3	40
3	14	4	49
3	15	2	100
3	15	3	53
3	15	4	74
3	16	2	97
3	16	3	48
3	16	4	76
3	17	2	101
3	17	3	17
3	17	4	81
3	18	2	90
3	18	3	28
3	18	4	75
3	19	2	94
3	19	3	62
3	19	4	98
3	20	2	79
3	20	3	48
3	20	4	78
3	21	2	60
3	21	3	64
3	21	4	99
3	22	2	79
3	22	3	42
3	22	4	81
3	23	2	73
3	23	3	38
3	23	4	85
3	24	2	73
3	24	3	32
3	24	4	66
3	25	2	57
3	25	3	16
3	25	4	62
3	26	2	116
3	26	3	57
3	26	4	63
3	27	2	89
3	27	3	47
3	27	4	85
3	28	2	84
3	28	3	21
3	28	4	111
3	29	2	75
3	29	3	38
3	29	4	58
3	30	2	145
3	30	3	41
3	30	4	79
3	31	2	68
3	31	3	49
3	31	4	75
3	32	2	82
3	32	3	42
3	32	4	100
3	33	2	112
3	33	3	61
3	33	4	34
3	34	2	118
3	34	3	33
3	34	4	65
3	35	2	59
3	35	3	21
3	35	4	75
3	36	2	46
3	36	3	27
3	36	4	34
3	37	2	60
3	37	3	84
3	37	4	44
3	38	2	119
3	38	3	38
3	38	4	88
3	39	2	29
3	39	3	56
3	39	4	76
3	40	2	84
3	40	3	7
3	40	4	87
3	41	2	68
3	41	3	44
3	41	4	136
3	42	2	76
3	42	3	55
3	42	4	105
3	43	2	85
3	43	3	36
3	43	4	85
3	44	2	67
3	44	3	31
3	44	4	75
3	45	2	83
3	45	3	63
3	45	4	80
3	46	2	95
3	46	3	10
3	46	4	83
3	47	2	42
3	47	3	33
3	47	4	46
3	48	2	91
3	48	3	48
3	48	4	63
3	49	2	69
3	49	3	44
3	49	4	93
3	50	2	112
3	50	3	72
3	50	4	67
4	1	2	46
4	1	3	55
4	1	4	137
4	2	2	46
4	2	3	11
4	2	4	143
4	3	2	48
4	3	3	21
4	3	4	117
4	4	2	26
4	4	3	34
4	4	4	101
4	5	2	49
4	5	3	24
4	5	4	144
4	6	2	46
4	6	3	59
4	6	4	143
4	7	2	33
4	7	3	53
4	7	4	145
4	8	2	72
4	8	3	9
4	8	4	124
4	9	2	23
4	9	3	67
4	9	4	101
4	10	2	32
4	10	3	71
4	10	4	110
4	11	2	60
4	11	3	62
4	11	4	143
4	12	2	38
4	12	3	21
4	12	4	119
4	13	2	58
4	13	3	85
4	13	4	85
4	14	2	40
4	14	3	13
4	14	4	99
4	15	2	41
4	15	3	31
4	15	4	96
4	16	2	27
4	16	3	50
4	16	4	51
4	17	2	18
4	17	3	27
4	17	4	147
4	18	2	48
4	18	4	116
4	19	2	40
4	19	3	24
4	19	4	87
4	20	2	74
4	20	3	25
4	20	4	103
4	21	2	67
4	21	3	38
4	21	4	142
4	22	2	25
4	22	3	42
4	22	4	192
4	23	2	50
4	23	3	82
4	23	4	126
4	24	2	48
4	24	3	35
4	24	4	140
4	25	2	64
4	25	3	16
4	25	4	57
4	26	2	31
4	26	3	33
4	26	4	130
4	27	2	25
4	27	3	41
4	27	4	95
4	28	2	65
4	28	3	36
4	28	4	143
4	29	2	34
4	29	3	46
4	29	4	137
4	30	2	35
4	30	3	86
4	30	4	95
4	31	2	52
4	31	3	48
4	31	4	134
4	32	2	38
4	32	3	36
4	32	4	113
4	33	2	39
4	33	3	55
4	33	4	97
4	34	2	46
4	34	3	14
4	34	4	106
4	35	2	15
4	35	3	29
4	35	4	101
4	36	2	34
4	36	3	17
4	36	4	36
4	37	2	45
4	37	3	50
4	37	4	119
4	38	2	19
4	38	3	34
4	38	4	136
4	39	2	18
4	39	3	16
4	39	4	120
4	40	2	13
4	40	3	20
4	40	4	117
4	41	2	33
4	41	3	13
4	41	4	115
4	42	2	48
4	42	3	41
4	42	4	147
4	43	2	45
4	43	3	37
4	43	4	91
4	44	2	53
4	44	3	26
4	44	4	125
4	45	2	38
4	45	3	40
4	45	4	144
4	46	2	38
4	46	3	34
4	46	4	124
4	47	2	63
4	47	3	43
4	47	4	138
4	48	2	48
4	48	3	75
4	48	4	113
4	49	2	19
4	49	3	6
4	49	4	128
4	50	2	19
4	50	3	26
4	50	4	105
5	1	2	39
5	1	3	78
5	1	4	126
5	2	2	48
5	2	3	46
5	2	4	156
5	3	2	38
5	3	3	17
5	3	4	122
5	4	2	42
5	4	3	66
5	4	4	96
5	5	2	22
5	5	3	64
5	5	4	154
5	6	2	53
5	6	3	28
5	6	4	154
5	7	2	42
5	7	3	15
5	7	4	108
5	8	2	59
5	8	3	28
5	8	4	122
5	9	2	43
5	9	3	54
5	9	4	122
5	10	2	34
5	10	3	33
5	10	4	134
5	11	2	41
5	11	3	30
5	11	4	126
5	12	2	45
5	12	3	42
5	12	4	106
5	13	2	11
5	13	3	64
5	13	4	121
5	14	2	30
5	14	3	52
5	14	4	96
5	15	2	62
5	15	3	28
5	15	4	108
5	16	2	19
5	16	3	35
5	16	4	97
5	17	2	40
5	17	3	41
5	17	4	85
5	18	2	31
5	18	3	50
5	18	4	125
5	19	2	47
5	19	3	49
5	19	4	112
5	20	2	4
5	20	3	76
5	20	4	155
5	21	2	35
5	21	3	40
5	21	4	123
5	22	2	51
5	22	3	52
5	22	4	100
5	23	2	23
5	23	3	32
5	23	4	89
5	24	2	29
5	24	3	5
5	24	4	102
5	25	2	43
5	25	3	9
5	25	4	117
5	26	2	56
5	26	3	26
5	26	4	130
5	27	2	27
5	27	3	37
5	27	4	159
5	28	2	13
5	28	3	37
5	28	4	99
5	29	2	53
5	29	3	17
5	29	4	54
5	30	2	28
5	30	3	48
5	30	4	137
5	31	2	58
5	31	3	39
5	31	4	122
5	32	2	20
5	32	3	63
5	32	4	137
5	33	2	66
5	33	3	24
5	33	4	67
5	34	2	29
5	34	3	49
5	34	4	121
5	35	2	25
5	35	3	29
5	35	4	161
5	36	3	33
5	36	4	66
5	37	2	39
5	37	3	16
5	37	4	103
5	38	3	50
5	38	4	134
5	39	2	58
5	39	3	47
5	39	4	186
5	40	2	57
5	40	3	47
5	40	4	117
5	41	2	32
5	41	3	45
5	41	4	134
5	42	2	40
5	42	3	27
5	42	4	116
5	43	2	78
5	43	3	62
5	43	4	141
5	44	2	51
5	44	3	41
5	44	4	99
5	45	2	53
5	45	3	66
5	45	4	91
5	46	2	44
5	46	3	27
5	46	4	142
5	47	2	19
5	47	3	43
5	47	4	172
5	48	2	52
5	48	3	26
5	48	4	125
5	49	2	44
5	49	3	36
5	49	4	141
5	50	2	45
5	50	3	23
5	50	4	121
6	1	2	47
6	1	3	25
6	1	4	82
6	1	5	39
6	2	3	31
6	2	4	74
6	2	5	31
6	3	2	51
6	3	3	28
6	3	4	82
6	3	5	90
6	4	2	37
6	4	3	7
6	4	4	100
6	4	5	33
6	5	2	48
6	5	3	51
6	5	4	67
6	5	5	28
6	6	2	33
6	6	3	73
6	6	4	77
6	6	5	30
6	7	2	53
6	7	3	46
6	7	4	65
6	7	5	26
6	8	2	62
6	8	3	64
6	8	4	58
6	8	5	37
6	9	2	45
6	9	3	43
6	9	4	78
6	9	5	42
6	10	2	35
6	10	3	48
6	10	4	116
6	10	5	41
6	11	2	39
6	11	3	48
6	11	4	74
6	11	5	46
6	12	2	54
6	12	3	27
6	12	4	57
6	12	5	58
6	13	2	30
6	13	3	36
6	13	4	87
6	13	5	38
6	14	2	41
6	14	3	36
6	14	4	74
6	14	5	23
6	15	2	41
6	15	3	21
6	15	4	84
6	15	5	59
6	16	2	38
6	16	3	61
6	16	4	30
6	16	5	48
6	17	2	46
6	17	3	46
6	17	4	85
6	17	5	26
6	18	2	34
6	18	3	18
6	18	4	87
6	18	5	54
6	19	2	41
6	19	3	26
6	19	4	73
6	19	5	36
6	20	2	10
6	20	3	30
6	20	4	72
6	21	2	37
6	21	3	56
6	21	4	73
6	21	5	36
6	22	2	40
6	22	3	54
6	22	4	96
6	22	5	27
6	23	2	30
6	23	3	36
6	23	4	54
6	23	5	41
6	24	2	23
6	24	3	19
6	24	4	87
6	24	5	57
6	25	2	37
6	25	3	61
6	25	4	89
6	25	5	32
6	26	2	56
6	26	3	35
6	26	4	107
6	26	5	41
6	27	2	45
6	27	3	59
6	27	4	80
6	27	5	39
6	28	2	40
6	28	3	41
6	28	4	78
6	28	5	43
6	29	2	17
6	29	3	21
6	29	4	83
6	29	5	30
6	30	2	32
6	30	3	62
6	30	4	126
6	30	5	48
6	31	2	31
6	31	3	26
6	31	4	86
6	31	5	50
6	32	2	42
6	32	3	35
6	32	4	83
6	32	5	21
6	33	2	15
6	33	3	76
6	33	4	88
6	33	5	27
6	34	2	20
6	34	3	38
6	34	4	98
6	34	5	54
6	35	2	58
6	35	3	43
6	35	4	84
6	35	5	72
6	36	2	70
6	36	3	44
6	36	4	83
6	36	5	63
6	37	2	30
6	37	3	31
6	37	4	53
6	37	5	61
6	38	2	38
6	38	3	13
6	38	4	78
6	38	5	67
6	39	2	39
6	39	3	29
6	39	4	110
6	39	5	20
6	40	2	38
6	40	3	17
6	40	4	76
6	40	5	53
6	41	2	24
6	41	3	54
6	41	4	35
6	41	5	35
6	42	2	46
6	42	3	76
6	42	4	50
6	42	5	26
6	43	2	44
6	43	3	26
6	43	4	88
6	43	5	37
6	44	2	47
6	44	3	61
6	44	4	80
6	44	5	76
6	45	2	68
6	45	3	26
6	45	4	106
6	45	5	42
6	46	2	15
6	46	3	37
6	46	4	116
6	46	5	42
6	47	2	21
6	47	3	42
6	47	4	94
6	47	5	33
6	48	2	17
6	48	3	35
6	48	4	87
6	48	5	42
6	49	2	38
6	49	3	59
6	49	4	114
6	49	5	37
6	50	2	32
6	50	3	42
6	50	4	100
6	50	5	15
7	1	2	46
7	1	3	107
7	1	4	109
7	2	2	29
7	2	3	75
7	2	4	68
7	3	2	52
7	3	3	75
7	3	4	57
7	4	2	47
7	4	3	94
7	4	4	90
7	5	2	40
7	5	3	89
7	5	4	113
7	6	2	34
7	6	3	100
7	6	4	90
7	7	2	80
7	7	3	88
7	7	4	75
7	8	2	56
7	8	3	61
7	8	4	51
7	9	2	20
7	9	3	55
7	9	4	79
7	10	2	19
7	10	3	108
7	10	4	63
7	11	2	35
7	11	3	68
7	11	4	85
7	12	2	25
7	12	3	84
7	12	4	72
7	13	2	33
7	13	3	100
7	13	4	101
7	14	2	45
7	14	3	83
7	14	4	68
7	15	2	23
7	15	3	102
7	15	4	88
7	16	2	47
7	16	3	88
7	16	4	95
7	17	2	52
7	17	3	74
7	17	4	62
7	18	2	45
7	18	3	52
7	18	4	74
7	19	2	55
7	19	3	68
7	19	4	111
7	20	2	41
7	20	3	62
7	20	4	137
7	21	2	52
7	21	3	60
7	21	4	133
7	22	2	28
7	22	3	95
7	22	4	88
7	23	2	42
7	23	3	121
7	23	4	46
7	24	2	21
7	24	3	77
7	24	4	83
7	25	2	43
7	25	3	105
7	25	4	65
7	26	2	53
7	26	3	107
7	26	4	97
7	27	2	35
7	27	3	86
7	27	4	63
7	28	2	50
7	28	3	73
7	28	4	69
7	29	2	44
7	29	3	74
7	29	4	72
7	30	2	28
7	30	3	102
7	30	4	77
7	31	2	51
7	31	3	85
7	31	4	44
7	32	2	45
7	32	3	77
7	32	4	45
7	33	2	41
7	33	3	49
7	33	4	110
7	34	2	45
7	34	3	65
7	34	4	54
7	35	2	46
7	35	3	62
7	35	4	86
7	36	2	57
7	36	3	62
7	36	4	34
7	37	2	30
7	37	3	73
7	37	4	69
7	38	2	41
7	38	3	58
7	38	4	110
7	39	2	33
7	39	3	90
7	39	4	86
7	40	2	48
7	40	3	65
7	40	4	90
7	41	2	48
7	41	3	74
7	41	4	65
7	42	2	70
7	42	3	71
7	42	4	85
7	43	2	46
7	43	3	93
7	43	4	55
7	44	2	28
7	44	3	55
7	44	4	51
7	45	2	49
7	45	3	54
7	45	4	63
7	46	2	42
7	46	3	61
7	46	4	77
7	47	2	42
7	47	3	112
7	47	4	120
7	48	2	46
7	48	3	36
7	48	4	107
7	49	2	19
7	49	3	126
7	49	4	70
7	50	2	36
7	50	3	60
7	50	4	79
8	1	2	109
8	1	3	29
8	1	5	37
8	2	2	124
8	2	3	27
8	2	5	34
8	3	2	91
8	3	3	48
8	3	5	36
8	4	2	128
8	4	3	35
8	4	5	62
8	5	2	120
8	5	3	42
8	5	5	41
8	6	2	111
8	6	3	25
8	6	5	42
8	7	2	182
8	7	3	37
8	7	5	41
8	8	2	119
8	8	3	31
8	8	5	47
8	9	2	91
8	9	3	29
8	9	5	28
8	10	2	145
8	10	3	14
8	10	5	36
8	11	2	110
8	11	3	66
8	11	5	68
8	12	2	164
8	12	3	10
8	12	5	34
8	13	2	60
8	13	3	28
8	13	5	10
8	14	2	88
8	14	3	34
8	14	5	13
8	15	2	178
8	15	3	36
8	15	5	43
8	16	2	116
8	16	3	40
8	16	5	54
8	17	2	113
8	17	5	34
8	18	2	144
8	18	3	25
8	18	5	38
8	19	2	175
8	19	3	4
8	19	5	47
8	20	2	139
8	20	3	85
8	20	5	78
8	21	2	107
8	21	3	28
8	22	2	88
8	22	3	48
8	22	5	47
8	23	2	117
8	23	3	41
8	23	5	49
8	24	2	91
8	24	3	35
8	24	5	34
8	25	2	148
8	25	3	49
8	25	5	37
8	26	2	107
8	26	3	19
8	26	5	57
8	27	2	120
8	27	3	40
8	27	5	26
8	28	2	116
8	28	3	47
8	28	5	47
8	29	2	152
8	29	3	37
8	29	5	61
8	30	2	139
8	30	3	45
8	30	5	25
8	31	2	120
8	31	3	37
8	31	5	38
8	32	2	87
8	32	3	40
8	32	5	22
8	33	2	117
8	33	3	61
8	33	5	37
8	34	2	140
8	34	3	54
8	34	5	56
8	35	2	149
8	35	3	29
8	35	5	59
8	36	2	96
8	36	3	25
8	36	5	46
8	37	2	122
8	37	3	23
8	37	5	30
8	38	2	175
8	38	3	48
8	38	5	49
8	39	2	76
8	39	3	24
8	39	5	51
8	40	2	116
8	40	3	56
8	40	5	42
8	41	2	129
8	41	3	66
8	41	5	40
8	42	2	89
8	42	3	18
8	42	5	33
8	43	2	136
8	43	3	41
8	43	5	32
8	44	2	121
8	44	3	64
8	44	5	27
8	45	2	103
8	45	3	7
8	45	5	37
8	46	2	137
8	46	3	37
8	46	5	59
8	47	2	122
8	47	3	25
8	47	5	45
8	48	2	158
8	48	3	34
8	48	5	43
8	49	2	101
8	49	3	14
8	49	5	44
8	50	2	61
8	50	3	33
8	50	5	40
9	1	2	54
9	1	3	102
9	1	4	47
9	2	2	58
9	2	3	129
9	2	4	51
9	3	2	35
9	3	3	71
9	3	4	33
9	4	2	56
9	4	3	143
9	4	4	32
9	5	2	46
9	5	3	133
9	5	4	21
9	6	2	42
9	6	3	112
9	6	4	68
9	7	2	40
9	7	3	156
9	7	4	42
9	8	2	25
9	8	3	136
9	8	4	55
9	9	2	42
9	9	3	162
9	9	4	35
9	10	2	59
9	10	3	138
9	10	4	27
9	11	2	5
9	11	3	115
9	11	4	21
9	12	2	36
9	12	3	127
9	12	4	14
9	13	2	57
9	13	3	78
9	13	4	46
9	14	2	52
9	14	3	85
9	14	4	38
9	15	2	31
9	15	3	67
9	15	4	41
9	16	2	40
9	16	3	110
9	16	4	46
9	17	2	33
9	17	3	137
9	17	4	49
9	18	2	49
9	18	3	116
9	18	4	53
9	19	2	30
9	19	3	154
9	19	4	20
9	20	2	45
9	20	3	72
9	20	4	23
9	21	2	47
9	21	3	121
9	21	4	22
9	22	2	47
9	22	3	102
9	22	4	62
9	23	2	2
9	23	3	93
9	23	4	43
9	24	2	36
9	24	3	124
9	24	4	25
9	25	2	54
9	25	3	158
9	25	4	12
9	26	2	34
9	26	3	82
9	26	4	91
9	27	2	58
9	27	3	137
9	27	4	32
9	28	2	54
9	28	3	86
9	28	4	49
9	29	2	67
9	29	3	103
9	29	4	27
9	30	2	47
9	30	3	105
9	30	4	69
9	31	2	42
9	31	3	155
9	31	4	1
9	32	2	49
9	32	3	147
9	32	4	19
9	33	2	42
9	33	3	148
9	33	4	44
9	34	2	56
9	34	3	125
9	34	4	74
9	35	2	49
9	35	3	116
9	35	4	52
9	36	2	34
9	36	3	57
9	36	4	46
9	37	2	58
9	37	3	119
9	37	4	58
9	38	2	36
9	38	3	148
9	38	4	37
9	39	2	56
9	39	3	122
9	39	4	54
9	40	2	33
9	40	3	113
9	40	4	34
9	41	2	23
9	41	3	80
9	41	4	32
9	42	2	8
9	42	3	99
9	42	4	23
9	43	2	54
9	43	3	106
9	43	4	46
9	44	2	29
9	44	3	113
9	44	4	46
9	45	2	13
9	45	3	94
9	45	4	42
9	46	2	50
9	46	3	78
9	46	4	49
9	47	2	9
9	47	3	119
9	47	4	49
9	48	2	49
9	48	3	73
9	48	4	24
9	49	2	45
9	49	3	88
9	49	4	29
9	50	2	44
9	50	3	78
9	50	4	41
10	1	2	153
10	1	3	43
10	2	2	147
10	2	3	23
10	3	2	174
10	3	3	15
10	4	2	123
10	4	3	53
10	5	2	165
10	5	3	8
10	6	2	185
10	6	3	46
10	7	2	199
10	7	3	51
10	8	2	141
10	8	3	46
10	9	2	150
10	9	3	33
10	10	2	125
10	10	3	41
10	11	2	157
10	11	3	55
10	12	2	161
10	12	3	35
10	13	2	133
10	13	3	42
10	14	2	151
10	14	3	23
10	15	2	192
10	15	3	21
10	16	2	128
10	16	3	26
10	17	2	100
10	17	3	32
10	18	2	168
10	18	3	48
10	19	2	99
10	19	3	39
10	20	2	209
10	20	3	71
10	21	2	103
10	21	3	54
10	22	2	105
10	22	3	53
10	23	2	165
10	23	3	35
10	24	2	180
10	24	3	37
10	25	2	186
10	25	3	39
10	26	2	143
10	26	3	44
10	27	2	150
10	27	3	32
10	28	2	211
10	28	3	40
10	29	2	137
10	29	3	25
10	30	2	205
10	30	3	11
10	31	2	182
10	31	3	34
10	32	2	97
10	32	3	78
10	33	2	176
10	33	3	35
10	34	2	154
10	34	3	33
10	35	2	172
10	35	3	31
10	36	2	180
10	36	3	51
10	37	2	147
10	37	3	31
10	38	2	180
10	38	3	39
10	39	2	127
10	39	3	45
10	40	2	170
10	40	3	18
10	41	2	211
10	41	3	33
10	42	2	204
10	42	3	19
10	43	2	196
10	43	3	43
10	44	2	162
10	44	3	51
10	45	2	141
10	45	3	30
10	46	2	162
10	46	3	40
10	47	2	150
10	47	3	49
10	48	2	92
10	48	3	40
10	49	2	163
10	49	3	49
10	50	2	182
10	50	3	20


Warehouse Inventory (W P T):
1	843		843		0		972		258		843	
2	1288		1288		541		692		0		1288	
3	835		835		114		626		0		835	
4	741		741		0		855		239		741	
5	967		967		201		697		0		967	
6	782		782		0		1627		854		782	
7	876		876		0		1362		727		876	
8	843		843		0		1562		927		843	
9	713		713		0		792		210		713	
10	1202		1202		422		684		0		1202	
11	1571		1571		827		682		0		1571	
12	772		772		0		669		104		772	
13	663		663		29		576		0		663	
14	1208		1208		448		552		0		1208	
15	889		889		0		1168		588		889	
16	669		669		0		1249		771		669	
17	0		0		1158		676		60		0	
18	0		0		1156		761		92		0	
19	0		0		1251		713		83		0	
20	0		0		1250		718		78		0	
21	0		0		1295		790		36		0	
22	0		0		1347		795		74		0	
23	0		0		1214		646		90		0	
24	0		0		1140		721		91		0	
25	0		0		1161		625		69		0	
26	0		0		1278		795		98		0	
27	0		0		1295		706		65		0	
28	0		0		1252		790		90		0	
29	0		0		1143		665		91		0	
30	0		0		1339		775		73		0	
31	0		0		1174		646		88		0	
32	0		0		1235		658		43		0	
33	0		0		266		644		64		0	
34	182		182		0		942		292		182	
35	0		0		820		810		131		0	
36	0		0		789		519		109		0	
37	361		361		0		991		452		361	
38	0		0		462		780		116		0	
39	230		230		0		1052		301		230	
40	335		335		0		1091		430		335	
41	0		0		1228		715		75		0	
42	0		0		373		665		59		0	
43	0		0		593		686		69		0	
44	309		309		0		1004		412		309	
45	178		178		0		871		257		178	
46	0		0		589		785		101		0	
47	0		0		568		826		78		0	
48	690		690		0		1423		775		690	
49	0		0		107		766		81		0	
50	0		0		740		685		55		0	

Store Inventory (S P T):
Store1
1	53		0		0		0		123		53	
2	20		0		0		0		55		20	
3	40		0		0		0		78		40	
4	12		0		0		0		68		12	
5	41		0		0		0		90		41	
6	41		0		0		0		96		41	
7	52		0		0		0		91		52	
8	17		0		0		0		68		17	
9	44		0		0		0		80		44	
10	41		0		0		0		81		41	
11	73		0		0		0		124		73	
12	23		0		0		0		58		23	
13	1		0		0		0		19		1	
14	37		0		0		0		77		37	
15	16		0		0		0		63		16	
16	44		0		0		0		64		44	
17	19		0		0		0		73		19	
18	44		0		0		0		79		44	
19	64		0		0		0		93		64	
20	24		0		0		0		48		24	
21	39		0		0		0		105		39	
22	28		0		0		0		56		28	
23	52		0		0		0		76		52	
24	54		0		0		0		99		54	
25	25		0		0		0		92		25	
26	45		0		0		0		79		45	
27	49		0		0		0		78		49	
28	51		0		0		0		108		51	
29	31		0		0		0		85		31	
30	40		0		0		0		73		40	
31	38		0		0		0		64		38	
32	23		0		0		0		76		23	
33	56		0		0		0		127		56	
34	38		0		0		0		97		38	
35	20		0		0		0		78		20	
36	49		0		0		0		84		49	
37	44		0		0		0		74		44	
38	18		0		0		0		58		18	
39	52		0		0		0		85		52	
40	24		0		0		0		64		24	
41	34		0		0		0		75		34	
42	40		0		0		0		54		40	
43	18		0		0		0		49		18	
44	52		0		0		0		86		52	
45	33		0		0		0		44		33	
46	41		0		0		0		66		41	
47	42		0		0		0		87		42	
48	59		0		0		0		95		59	
49	34		0		0		0		81		34	
50	43		0		0		0		71		43	
Store2
1	56		0		137		137		97		56	
2	65		0		121		121		114		65	
3	37		0		132		132		99		37	
4	48		0		128		128		70		48	
5	35		0		89		89		63		35	
6	36		0		137		137		88		36	
7	35		0		118		118		85		35	
8	42		0		119		119		82		42	
9	60		0		166		166		94		60	
10	40		0		161		161		95		40	
11	41		0		142		142		91		41	
12	25		0		70		70		45		25	
13	40		0		85		85		72		40	
14	39		0		114		114		74		39	
15	18		0		114		114		66		18	
16	45		0		95		95		57		45	
17	35		0		134		134		84		35	
18	19		0		92		92		60		19	
19	39		0		142		142		85		39	
20	25		0		110		110		70		25	
21	28		0		121		121		69		28	
22	5		0		77		77		54		5	
23	36		0		135		135		85		36	
24	49		0		141		141		114		49	
25	40		0		82		82		61		40	
26	51		0		128		128		96		51	
27	37		0		131		131		80		37	
28	30		0		126		126		82		30	
29	29		0		91		91		54		29	
30	48		0		125		125		89		48	
31	3		0		87		87		40		3	
32	50		0		134		134		76		50	
33	22		0		134		134		74		22	
34	35		0		120		120		80		35	
35	40		0		98		98		73		40	
36	36		0		78		78		61		36	
37	49		0		114		114		88		49	
38	56		0		135		135		105		56	
39	68		0		140		140		105		68	
40	54		0		110		110		109		54	
41	31		0		118		118		66		31	
42	42		0		137		137		64		42	
43	52		0		131		131		91		52	
44	33		0		82		82		39		33	
45	62		0		132		132		94		62	
46	33		0		85		85		68		33	
47	29		0		140		140		85		29	
48	38		0		106		106		92		38	
49	22		0		97		97		63		22	
50	36		0		129		129		68		36	
Store3
1	29		0		45		45		74		29	
2	41		0		58		58		99		41	
3	55		0		29		29		84		55	
4	40		0		35		35		75		40	
5	35		0		43		43		78		35	
6	62		0		40		40		102		62	
7	35		0		44		44		79		35	
8	34		0		52		52		86		34	
9	51		0		10		10		61		51	
10	54		0		25		25		79		54	
11	27		0		39		39		66		27	
12	56		0		19		19		75		56	
13	13		0		45		45		58		13	
14	37		0		57		57		94		37	
15	22		0		49		49		71		22	
16	10		0		56		56		66		10	
17	47		0		50		50		97		47	
18	43		0		59		59		102		43	
19	38		0		28		28		66		38	
20	22		0		59		59		81		22	
21	62		0		28		28		90		62	
22	45		0		57		57		102		45	
23	54		0		46		46		100		54	
24	31		0		39		39		70		31	
25	32		0		22		22		54		32	
26	43		0		43		43		86		43	
27	34		0		37		37		71		34	
28	56		0		25		25		81		56	
29	28		0		12		12		40		28	
30	36		0		70		70		106		36	
31	47		0		22		22		69		47	
32	33		0		35		35		68		33	
33	8		0		40		40		48		8	
34	46		0		52		52		98		46	
35	42		0		28		28		70		42	
36	10		0		14		14		24		10	
37	15		0		27		27		42		15	
38	59		0		57		57		116		59	
39	25		0		23		23		48		25	
40	47		0		67		67		114		47	
41	56		0		19		19		75		56	
42	35		0		44		44		79		35	
43	49		0		38		38		87		49	
44	35		0		35		35		70		35	
45	52		0		31		31		83		52	
46	45		0		36		36		81		45	
47	41		0		11		11		52		41	
48	62		0		57		57		119		62	
49	43		0		18		18		61		43	
50	34		0		58		58		92		34	
Store4
1	68		0		0		0		121		68	
2	64		0		0		0		110		64	
3	57		0		0		0		93		57	
4	47		0		0		0		71		47	
5	64		0		0		0		86		64	
6	36		0		0		0		85		36	
7	39		0		0		0		106		39	
8	23		0		0		0		99		23	
9	20		0		0		0		60		20	
10	29		0		0		0		80		29	
11	32		0		0		0		97		32	
12	26		0		0		0		98		26	
13	23		0		0		0		34		23	
14	41		0		0		0		76		41	
15	49		0		0		0		67		49	
16	18		0		0		0		37		18	
17	42		0		0		0		83		42	
18	42		0		0		0		68		42	
19	50		0		0		0		67		50	
20	34		0		0		0		65		34	
21	46		0		0		0		94		46	
22	62		0		0		0		128		62	
23	70		0		0		0		104		70	
24	30		0		0		0		70		30	
25	24		0		0		0		39		24	
26	35		0		0		0		76		35	
27	31		0		0		0		65		31	
28	49		0		0		0		102		49	
29	45		0		0		0		76		45	
30	47		0		0		0		64		47	
31	39		0		0		0		75		39	
32	36		0		0		0		86		36	
33	21		0		0		0		57		21	
34	18		0		0		0		62		18	
35	33		0		0		0		71		33	
36	24		0		0		0		36		24	
37	35		0		0		0		84		35	
38	36		0		0		0		100		36	
39	52		0		0		0		88		52	
40	43		0		0		0		73		43	
41	37		0		0		0		71		37	
42	44		0		0		0		78		44	
43	31		0		0		0		72		31	
44	48		0		0		0		80		48	
45	33		0		0		0		71		33	
46	50		0		0		0		61		50	
47	39		0		0		0		104		39	
48	53		0		0		0		81		53	
49	46		0		0		0		86		46	
50	50		0		0		0		73		50	
Store5
1	32		0		0		0		80		32	
2	34		0		0		0		83		34	
3	45		0		0		0		97		45	
4	36		0		0		0		75		36	
5	39		0		0		0		88		39	
6	39		0		0		0		106		39	
7	43		0		0		0		83		43	
8	35		0		0		0		62		35	
9	47		0		0		0		92		47	
10	29		0		0		0		79		29	
11	40		0		0		0		83		40	
12	46		0		0		0		74		46	
13	75		0		0		0		96		75	
14	28		0		0		0		84		28	
15	22		0		0		0		57		22	
16	29		0		0		0		50		29	
17	37		0		0		0		67		37	
18	34		0		0		0		71		34	
19	28		0		0		0		69		28	
20	73		0		0		0		131		73	
21	55		0		0		0		95		55	
22	24		0		0		0		53		24	
23	19		0		0		0		57		19	
24	50		0		0		0		62		50	
25	45		0		0		0		80		45	
26	30		0		0		0		87		30	
27	64		0		0		0		106		64	
28	19		0		0		0		67		19	
29	24		0		0		0		24		24	
30	39		0		0		0		86		39	
31	23		0		0		0		67		23	
32	34		0		0		0		82		34	
33	5		0		0		0		50		5	
34	30		0		0		0		68		30	
35	49		0		0		0		99		49	
36	8		0		0		0		56		8	
37	42		0		0		0		46		42	
38	19		0		0		0		84		19	
39	68		0		0		0		142		68	
40	65		0		0		0		104		65	
41	36		0		0		0		86		36	
42	33		0		0		0		86		33	
43	20		0		0		0		64		20	
44	39		0		0		0		95		39	
45	11		0		0		0		39		11	
46	36		0		0		0		96		36	
47	68		0		0		0		113		68	
48	32		0		0		0		71		32	
49	59		0		0		0		93		59	
50	41		0		0		0		72		41	
Store6
1	27		0		0		0		27		27	
2	48		0		0		0		48		48	
3	82		0		0		0		82		82	
4	69		0		0		0		69		69	
5	21		0		0		0		21		21	
6	28		0		0		0		28		28	
7	35		0		0		0		35		35	
8	32		0		0		0		32		32	
9	43		0		0		0		43		43	
10	58		0		0		0		58		58	
11	14		0		0		0		14		14	
12	44		0		0		0		44		44	
13	53		0		0		0		53		53	
14	35		0		0		0		35		35	
15	51		0		0		0		51		51	
16	15		0		0		0		15		15	
17	45		0		0		0		45		45	
18	70		0		0		0		70		70	
19	44		0		0		0		44		44	
20	56		0		0		0		56		56	
21	51		0		0		0		51		51	
22	67		0		0		0		67		67	
23	30		0		0		0		30		30	
24	45		0		0		0		45		45	
25	31		0		0		0		31		31	
26	74		0		0		0		74		74	
27	27		0		0		0		27		27	
28	14		0		0		0		14		14	
29	61		0		0		0		61		61	
30	68		0		0		0		68		68	
31	50		0		0		0		50		50	
32	29		0		0		0		29		29	
33	48		0		0		0		48		48	
34	54		0		0		0		54		54	
35	35		0		0		0		35		35	
36	53		0		0		0		53		53	
37	26		0		0		0		26		26	
38	31		0		0		0		31		31	
39	63		0		0		0		63		63	
40	56		0		0		0		56		56	
41	17		0		0		0		17		17	
42	22		0		0		0		22		22	
43	55		0		0		0		55		55	
44	22		0		0		0		22		22	
45	51		0		0		0		51		51	
46	59		0		0		0		59		59	
47	51		0		0		0		51		51	
48	26		0		0		0		26		26	
49	32		0		0		0		32		32	
50	57		0		0		0		57		57	
Store7
1	59		0		0		40		99		59	
2	10		0		0		29		39		10	
3	27		0		0		49		76		27	
4	42		0		0		43		85		42	
5	52		0		0		45		97		52	
6	37		0		0		62		99		37	
7	65		0		0		48		113		65	
8	35		0		0		20		55		35	
9	24		0		0		31		55		24	
10	23		0		0		58		81		23	
11	35		0		0		20		55		35	
12	54		0		0		41		95		54	
13	56		0		0		62		118		56	
14	46		0		0		31		77		46	
15	46		0		0		61		107		46	
16	38		0		0		36		74		38	
17	41		0		0		46		87		41	
18	58		0		0		27		85		58	
19	37		0		0		18		55		37	
20	67		0		0		46		113		67	
21	85		0		0		44		129		85	
22	53		0		0		50		103		53	
23	23		0		0		64		87		23	
24	36		0		0		48		84		36	
25	56		0		0		51		107		56	
26	53		0		0		65		118		53	
27	29		0		0		39		68		29	
28	33		0		0		50		83		33	
29	36		0		0		55		91		36	
30	44		0		0		68		112		44	
31	22		0		0		52		74		22	
32	9		0		0		45		54		9	
33	67		0		0		14		81		67	
34	18		0		0		50		68		18	
35	59		0		0		18		77		59	
36	34		0		0		41		75		34	
37	30		0		0		10		40		30	
38	47		0		0		57		104		47	
39	42		0		0		56		98		42	
40	44		0		0		17		61		44	
41	20		0		0		31		51		20	
42	24		0		0		50		74		24	
43	35		0		0		41		76		35	
44	30		0		0		23		53		30	
45	49		0		0		31		80		49	
46	41		0		0		40		81		41	
47	64		0		0		42		106		64	
48	54		0		0		17		71		54	
49	48		0		0		53		101		48	
50	40		0		0		42		82		40	
Store8
1	37		0		73		73		37		37	
2	61		0		68		68		61		61	
3	22		0		65		65		22		22	
4	31		0		80		80		31		31	
5	35		0		57		57		35		35	
6	39		0		46		46		39		39	
7	70		0		132		132		70		70	
8	40		0		61		61		40		40	
9	39		0		60		60		39		39	
10	73		0		102		102		73		73	
11	52		0		98		98		52		52	
12	57		0		107		107		57		57	
13	29		0		51		51		29		29	
14	22		0		37		37		22		22	
15	62		0		106		106		62		62	
16	56		0		83		83		56		56	
17	51		0		77		77		51		51	
18	62		0		107		107		62		62	
19	56		0		113		113		56		56	
20	62		0		100		100		62		62	
21	43		0		90		90		43		43	
22	31		0		61		61		31		31	
23	26		0		65		65		26		26	
24	25		0		49		49		25		25	
25	57		0		95		95		57		57	
26	46		0		70		70		46		46	
27	35		0		62		62		35		35	
28	49		0		86		86		49		49	
29	57		0		78		78		57		57	
30	58		0		108		108		58		58	
31	27		0		68		68		27		27	
32	32		0		60		60		32		32	
33	40		0		59		59		40		40	
34	30		0		84		84		30		30	
35	66		0		115		115		66		66	
36	34		0		58		58		34		34	
37	66		0		78		78		66		66	
38	60		0		117		117		60		60	
39	29		0		59		59		29		29	
40	33		0		71		71		33		33	
41	45		0		82		82		45		45	
42	16		0		41		41		16		16	
43	36		0		88		88		36		36	
44	32		0		82		82		32		32	
45	28		0		77		77		28		28	
46	53		0		102		102		53		53	
47	29		0		65		65		29		29	
48	37		0		81		81		37		37	
49	31		0		81		81		31		31	
50	13		0		31		31		13		13	
Store9
1	36		0		0		78		83		36	
2	56		0		0		114		107		56	
3	25		0		0		56		58		25	
4	42		0		0		75		74		42	
5	38		0		0		118		59		38	
6	31		0		0		55		99		31	
7	65		0		0		122		107		65	
8	47		0		0		93		102		47	
9	69		0		0		120		104		69	
10	43		0		0		90		70		43	
11	25		0		0		75		46		25	
12	62		0		0		103		76		62	
13	44		0		0		60		90		44	
14	34		0		0		77		72		34	
15	45		0		0		61		86		45	
16	47		0		0		81		93		47	
17	34		0		0		77		83		34	
18	45		0		0		67		98		45	
19	41		0		0		77		61		41	
20	8		0		0		40		31		8	
21	47		0		0		66		69		47	
22	55		0		0		62		117		55	
23	29		0		0		73		72		29	
24	27		0		0		73		52		27	
25	56		0		0		125		68		56	
26	27		0		0		62		118		27	
27	38		0		0		79		70		38	
28	26		0		0		56		75		26	
29	25		0		0		77		52		25	
30	23		0		0		50		92		23	
31	53		0		0		109		54		53	
32	28		0		0		88		47		28	
33	48		0		0		91		92		48	
34	26		0		0		85		100		26	
35	33		0		0		74		85		33	
36	0		0		0		18		46		0	
37	58		0		0		95		116		58	
38	59		0		0		105		96		59	
39	58		0		0		91		112		58	
40	36		0		0		70		70		36	
41	28		0		0		43		60		28	
42	30		0		0		72		53		30	
43	54		0		0		69		100		54	
44	20		0		0		73		66		20	
45	41		0		0		66		83		41	
46	45		0		0		63		94		45	
47	24		0		0		60		73		24	
48	0		0		0		50		24		0	
49	8		0		0		26		37		8	
50	15		0		0		26		56		15	
Store10
1	41		0		131		131		89		41	
2	38		0		100		100		59		38	
3	36		0		143		143		105		36	
4	20		0		74		74		24		20	
5	20		0		95		95		61		20	
6	18		0		144		144		63		18	
7	40		0		145		145		92		40	
8	64		0		124		124		89		64	
9	20		0		114		114		77		20	
10	18		0		67		67		25		18	
11	16		0		91		91		48		16	
12	35		0		120		120		63		35	
13	39		0		107		107		62		39	
14	27		0		112		112		52		27	
15	32		0		140		140		85		32	
16	28		0		94		94		40		28	
17	25		0		89		89		65		25	
18	56		0		152		152		108		56	
19	34		0		57		57		34		34	
20	60		0		155		155		101		60	
21	13		0		56		56		56		13	
22	32		0		105		105		67		32	
23	53		0		109		109		93		53	
24	47		0		130		130		86		47	
25	54		0		151		151		114		54	
26	33		0		106		106		52		33	
27	30		0		133		133		87		30	
28	64		0		166		166		114		64	
29	53		0		115		115		115		53	
30	41		0		148		148		101		41	
31	26		0		118		118		79		26	
32	24		0		73		73		30		24	
33	52		0		133		133		80		52	
34	39		0		123		123		95		39	
35	52		0		126		126		73		52	
36	34		0		123		123		88		34	
37	16		0		116		116		70		16	
38	54		0		116		116		87		54	
39	42		0		104		104		61		42	
40	45		0		135		135		106		45	
41	65		0		163		163		102		65	
42	59		0		151		151		100		59	
43	33		0		141		141		98		33	
44	36		0		118		118		91		36	
45	22		0		112		112		76		22	
46	51		0		145		145		105		51	
47	49		0		115		115		86		49	
48	45		0		73		73		64		45	
49	59		0		130		130		104		59	
50	52		0		118		118		91		52	


Shipments from Vendor to Warehouse (V T):
0	0	0.7102947	0	0.3674927	
0	0.9631507	0	0	0	
0	0.7841994	0.7395452	0	0	

Shipments from Warehouse to Stores (S T):
1	2	0.1063967
1	3	0.1753674
1	4	0.2505201
1	5	0.18831
2	2	0.331862
2	3	0.1423333
2	4	0.08697332
2	5	0.16925
3	2	0.16577
3	3	0.138608
3	4	0.2398053
3	5	0.1887433
4	2	0.07120734
4	3	0.2201447
4	4	0.2525347
4	5	0.1920267
5	2	0.1027247
5	3	0.1696193
5	4	0.2671547
5	5	0.1882033
6	2	0.1025067
6	3	0.215284
6	4	0.1751007
6	5	0.3047354
7	2	0.1271373
7	3	0.2078713
7	4	0.2083373
7	5	0.1973333
8	2	0.2966094
8	3	0.1515767
8	5	0.2699507
9	2	0.105942
9	3	0.291758
9	4	0.1207933
9	5	0.22339
10	2	0.3110347
10	3	0.223954
10	5	0.2032767


Required Putaway workers (Sol T):
3	3	2	3	1	

No of required pickers (T):
0	6	7	6	7	

No of part-time putaway workers (T):
1	1	0	1	0	

No of part-time pickers (T):
0	1	2	1	2	

Best Putaway Technology: 2400
Best Picking Technology: 1000

Required Fashion Putaway Hours:
20.94792	0	0	21.26875	0	

Required Basic Putaway Hours:
0	20.55583	15.8075	0	4.782917	

Required Total Putaway Hours:
20.94792	20.55583	15.8075	21.26875	4.782917	

No of required fashion pick hours:
0	9.415	28.13	12.73	51.045	

No of required basic pick hours:
0	37.676	25.243	31.744	4.088	

No of required total pick hours:
0	47.091	53.373	44.474	55.133	

List of all the costs: 
MHECost		481
PutawayTechCost		3540
PickingTechCost		9130
WhBasicInvCost		1143.55
BasicInbCost		8270.974
WhFashionInvCost		1549.1
FashionInbCost		7536.141
PutawayCost		3920
StoreBasicInvCost		4830.7
StoreFashionInvCost		9927.75
OutboundCost		30868.82
PickingCost		9440
Total		90638.03

List of Top5 Technologies: 
Tech1		3	6	$ 90638.03
Tech2		4	6	$ 93781.06
Tech3		4	5	$ 100954.1
Tech4		4	3	$ 112854.7
Tech5		4	1	$ 180144.3
The start time is 12/30/2014 5:05:46 AM
The End time is 12/30/2014 5:06:55 AM
