Printing New Fashion Solution:

Inbound Fashion Solution (V F T):
1	1	3	5350
1	2	3	4495
1	3	2	3705
1	4	2	5245
1	5	2	4475
1	6	3	5085
1	7	3	5780
1	8	2	5780
1	9	3	4225
1	10	2	5105


Outbound Fashion Solution(S F T):
1	1	4	1695
1	2	5	1380
1	3	4	515
1	4	4	1330
1	5	4	570
1	6	4	1030
1	7	4	1210
1	8	4	1085
1	9	5	190
1	10	4	1255
2	1	5	1010
2	2	5	935
2	3	4	735
2	4	3	1570
2	5	3	1005
2	6	5	1920
2	7	5	930
2	8	3	1200
2	9	4	655
2	10	3	1485
3	1	5	1190
3	2	5	970
3	3	4	440
3	4	4	980
3	5	4	1345
3	6	5	700
3	7	5	615
3	8	4	1140
3	9	5	1105
3	10	4	625
4	1	5	1030
4	2	5	770
4	3	4	1175
4	4	4	635
4	5	3	1400
4	6	4	1235
4	7	5	1955
4	8	4	1070
4	9	4	1655
4	10	4	935
5	1	4	425
5	2	4	440
5	3	4	840
5	4	3	730
5	5	4	155
5	6	5	200
5	7	5	1070
5	8	3	1285
5	9	5	620
5	10	4	805


Warehouse Fashion Inventory (W F T):
1	0		0		5350		3230		0	
2	0		0		4495		4055		0	
3	0		3705		3705		0		0	
4	0		5245		2945		0		0	
5	0		4475		2070		0		0	
6	0		0		5085		2820		0	
7	0		0		5780		4570		0	
8	0		5780		3295		0		0	
9	0		0		4225		1915		0	
10	0		5105		3620		0		0	

Store Fashion Inventory (S F T):
Store1
1	0		0		1695		1695	
2	0		0		0		1380	
3	0		0		515		515	
4	0		0		1330		1330	
5	0		0		570		570	
6	0		0		1030		1030	
7	0		0		1210		1210	
8	0		0		1085		1085	
9	0		0		0		190	
10	0		0		1255		1255	
Store2
1	0		0		0		1010	
2	0		0		0		935	
3	0		0		735		735	
4	0		1570		1570		1570	
5	0		1005		1005		1005	
6	0		0		0		1920	
7	0		0		0		930	
8	0		1200		1200		1200	
9	0		0		655		655	
10	0		1485		1485		1485	
Store3
1	0		0		0		1190	
2	0		0		0		970	
3	0		0		440		440	
4	0		0		980		980	
5	0		0		1345		1345	
6	0		0		0		700	
7	0		0		0		615	
8	0		0		1140		1140	
9	0		0		0		1105	
10	0		0		625		625	
Store4
1	0		0		0		1030	
2	0		0		0		770	
3	0		0		1175		1175	
4	0		0		635		635	
5	0		1400		1400		1400	
6	0		0		1235		1235	
7	0		0		0		1955	
8	0		0		1070		1070	
9	0		0		1655		1655	
10	0		0		935		935	
Store5
1	0		0		425		425	
2	0		0		440		440	
3	0		0		840		840	
4	0		730		730		730	
5	0		0		155		155	
6	0		0		0		200	
7	0		0		0		1070	
8	0		1285		1285		1285	
9	0		0		0		620	
10	0		0		805		805	


Fashion Shipments from Vendor to Warehouse (V T):
0	0.9838501	0.84108	0	

Printing New Basic Solution:

Inbound Solution (V P T):
1	1	1	2695
1	1	4	1148
1	1	5	1148
1	2	1	630
1	2	4	4870
1	3	1	613
1	3	4	1002
1	3	5	4011
1	4	1	2764
1	4	4	1105
1	4	5	737
1	5	1	2844
1	5	4	977
1	5	5	1466
1	6	1	2672
1	6	4	961
1	6	5	962
1	7	1	1048
1	7	4	1421
1	7	5	3318
1	8	1	525
1	8	4	3221
1	8	5	1381
1	9	1	1218
1	9	4	1629
1	9	5	1630
1	10	1	3337
1	10	4	1065
1	10	5	119


Outbound Solution(S P T):
1	1	2	1285
1	2	2	1080
1	3	2	1058
1	4	2	843
1	5	2	1270
1	6	2	864
1	7	2	1214
1	8	2	1390
1	9	2	1017
1	10	2	838
2	1	2	627
2	1	5	187
2	2	2	622
2	2	5	306
2	3	2	602
2	3	5	518
2	4	2	346
2	4	5	239
2	5	2	371
2	5	5	381
2	6	2	844
2	6	5	479
2	7	2	767
2	7	5	478
2	8	2	597
2	8	5	351
2	9	2	514
2	9	5	222
2	10	2	633
2	10	5	388
3	1	1	926
3	2	1	1296
3	3	1	1397
3	4	1	1389
3	5	1	1208
3	6	1	756
3	7	1	1124
3	8	1	1248
3	9	1	905
3	10	1	925
4	1	3	1201
4	2	3	1110
4	3	3	1082
4	4	3	1042
4	5	3	1019
4	6	3	915
4	7	3	930
4	8	3	669
4	9	3	858
4	10	3	957
5	1	3	448
5	1	5	317
5	2	3	723
5	2	5	363
5	3	3	540
5	3	5	429
5	4	3	419
5	4	5	328
5	5	3	469
5	5	5	569
5	6	3	462
5	6	5	275
5	7	3	739
5	7	5	535
5	8	3	507
5	8	5	365
5	9	3	626
5	9	5	335
5	10	3	465
5	10	5	315


Warehouse Inventory (W P T):
1	1792		3561		1649		0		1148		1792	
2	4201		3535		1833		0		4870		4201	
3	4066		3282		1622		0		1002		4066	
4	1275		2650		1461		0		1105		1275	
5	1493		3129		1488		0		977		1493	
6	1169		3085		1377		0		961		1169	
7	3726		3650		1669		0		1421		3726	
8	3886		3163		1176		0		3221		3886	
9	2702		3015		1484		0		1629		2702	
10	481		2893		1422		0		1065		481	

Store Inventory (S P T):
Store1
1	304		0		992		756		679		304	
2	200		0		880		626		375		200	
3	332		0		858		720		573		332	
4	153		0		717		566		491		153	
5	210		0		940		744		531		210	
6	221		0		623		446		440		221	
7	260		0		982		602		357		260	
8	234		0		1019		740		430		234	
9	263		0		744		650		558		263	
10	187		0		637		442		326		187	
Store2
1	229		0		469		229		176		229	
2	166		0		395		166		45		166	
3	205		63		454		205		0		205	
4	146		0		249		146		99		146	
5	212		50		240		212		0		212	
6	220		0		461		220		52		220	
7	275		0		532		275		30		275	
8	246		0		360		246		47		246	
9	222		0		409		222		160		222	
10	229		112		420		229		0		229	
Store3
1	0		643		513		347		108		0	
2	0		961		792		504		299		0	
3	0		1141		755		407		186		0	
4	0		1189		974		611		249		0	
5	0		967		678		494		266		0	
6	0		613		382		300		119		0	
7	0		808		595		473		238		0	
8	0		1089		892		567		336		0	
9	0		674		503		256		147		0	
10	0		671		467		467		232		0	
Store4
1	467		124		0		895		746		467	
2	454		290		0		749		590		454	
3	247		161		0		804		516		247	
4	446		197		0		910		670		446	
5	508		201		0		856		659		508	
6	333		142		0		667		528		333	
7	403		222		0		691		615		403	
8	399		251		0		537		537		399	
9	356		65		0		628		487		356	
10	332		144		0		776		578		332	
Store5
1	171		51		0		283		86		171	
2	378		239		0		532		308		378	
3	318		77		0		343		155		318	
4	183		68		0		284		71		183	
5	447		163		0		321		36		447	
6	294		167		0		365		217		294	
7	588		329		0		581		305		588	
8	346		164		0		302		119		346	
9	386		170		0		421		302		386	
10	305		168		0		226		48		305	


Shipments from Vendor to Warehouse (V T):
0.5628887	0	0	0.560936	0.617452	

Shipments from Warehouse to Stores (S T):
1	2	0.3688066
1	4	0.3162933
1	5	0.08378
2	2	0.1930307
2	3	0.23203
2	4	0.02664
2	5	0.2992027
3	1	0.3976246
3	4	0.1853967
3	5	0.1354867
4	3	0.3920267
4	4	0.2001733
4	5	0.1621033
5	3	0.274074
5	4	0.09247667
5	5	0.2070613


Required Putaway workers (Sol T):
2	3	3	2	2	

No of required pickers (T):
3	5	6	6	6	

No of part-time putaway workers (T):
0	1	1	0	0	

No of part-time pickers (T):
0	1	2	2	2	

Best Putaway Technology: 1200
Best Picking Technology: 500

Required Fashion Putaway Hours:
0	20.25833	20.77917	0	0	

Required Basic Putaway Hours:
15.28833	0	0	14.49917	12.31	

Required Total Putaway Hours:
15.28833	20.25833	20.77917	14.49917	12.31	

No of required fashion pick hours:
0	0	17.35	47.96	33.18	

No of required basic pick hours:
22.348	33.564	30.362	0	14.76	

No of required total pick hours:
22.348	33.564	47.712	47.96	47.94	

List of all the costs: 
MHECost		324
PutawayTechCost		1060
PickingTechCost		3195
WhBasicInvCost		893.34
BasicInbCost		3716.968
WhFashionInvCost		814.7001
FashionInbCost		4109.215
PutawayCost		3680
StoreBasicInvCost		4117.1
StoreFashionInvCost		4528.75
OutboundCost		12705.6
PickingCost		8080
Total		47224.67

List of Top5 Technologies: 
Tech1		2	5	$ 47224.67
Tech2		2	4	$ 53728
Tech3		2	1	$ 86305.8
Tech4		4	1	$ 103241.7
Tech5		1	1	$ 104692.2
The start time is 12/23/2014 4:50:18 PM
The End time is 12/23/2014 4:50:27 PM
