Printing New Fashion Solution:

Inbound Fashion Solution (V F T):
1	1	4	4585
1	2	2	5015
1	3	2	6505
1	4	4	4295
1	5	4	3685
1	6	4	4810
1	7	4	5250
1	8	4	5610
1	9	2	5510
1	10	2	6870


Outbound Fashion Solution(S F T):
1	1	5	1200
1	2	4	695
1	3	3	1540
1	4	5	1050
1	5	5	570
1	6	5	585
1	7	5	980
1	8	5	1135
1	9	4	895
1	10	3	1190
2	1	5	25
2	2	4	800
2	3	4	1510
2	4	5	1025
2	5	5	440
2	6	5	810
2	7	5	700
2	8	5	450
2	9	4	1055
2	10	4	1085
3	1	5	785
3	2	4	815
3	3	3	840
3	4	5	725
3	5	5	915
3	6	5	1030
3	7	5	1235
3	8	5	1480
3	9	3	1485
3	10	4	1785
4	1	5	1135
4	2	4	1360
4	3	4	1515
4	4	5	470
4	5	5	950
4	6	5	1290
4	7	5	1105
4	8	5	1470
4	9	4	910
4	10	4	1490
5	1	5	1440
5	2	3	1345
5	3	3	1100
5	4	5	1025
5	5	5	810
5	6	5	1095
5	7	5	1230
5	8	5	1075
5	9	3	1165
5	10	3	1320


Warehouse Fashion Inventory (W F T):
1	0		0		0		4585		0	
2	0		5015		3670		0		0	
3	0		6505		3025		0		0	
4	0		0		0		4295		0	
5	0		0		0		3685		0	
6	0		0		0		4810		0	
7	0		0		0		5250		0	
8	0		0		0		5610		0	
9	0		5510		2860		0		0	
10	0		6870		4360		0		0	

Store Fashion Inventory (S F T):
Store1
1	0		0		0		1200	
2	0		0		695		695	
3	0		1540		1540		1540	
4	0		0		0		1050	
5	0		0		0		570	
6	0		0		0		585	
7	0		0		0		980	
8	0		0		0		1135	
9	0		0		895		895	
10	0		1190		1190		1190	
Store2
1	0		0		0		25	
2	0		0		800		800	
3	0		0		1510		1510	
4	0		0		0		1025	
5	0		0		0		440	
6	0		0		0		810	
7	0		0		0		700	
8	0		0		0		450	
9	0		0		1055		1055	
10	0		0		1085		1085	
Store3
1	0		0		0		785	
2	0		0		815		815	
3	0		840		840		840	
4	0		0		0		725	
5	0		0		0		915	
6	0		0		0		1030	
7	0		0		0		1235	
8	0		0		0		1480	
9	0		1485		1485		1485	
10	0		0		1785		1785	
Store4
1	0		0		0		1135	
2	0		0		1360		1360	
3	0		0		1515		1515	
4	0		0		0		470	
5	0		0		0		950	
6	0		0		0		1290	
7	0		0		0		1105	
8	0		0		0		1470	
9	0		0		910		910	
10	0		0		1490		1490	
Store5
1	0		0		0		1440	
2	0		1345		1345		1345	
3	0		1100		1100		1100	
4	0		0		0		1025	
5	0		0		0		810	
6	0		0		0		1095	
7	0		0		0		1230	
8	0		0		0		1075	
9	0		1165		1165		1165	
10	0		1320		1320		1320	


Fashion Shipments from Vendor to Warehouse (V T):
0	0.7714067	0	0.89078	

Printing New Basic Solution:

Inbound Solution (V P T):
1	1	1	2034
1	1	3	3052
1	2	1	3453
1	2	3	1480
1	3	1	2008
1	3	3	3012
1	4	1	4932
1	5	1	507
1	5	3	4564
1	6	1	510
1	6	3	4599
1	7	1	2285
1	7	3	2286
1	8	1	2621
1	8	3	2622
1	9	1	1879
1	9	3	2819
1	10	1	2452
1	10	3	2452


Outbound Solution(S P T):
1	1	3	298
1	1	4	782
1	2	3	274
1	2	4	856
1	3	3	109
1	3	4	728
1	4	3	264
1	4	4	647
1	5	3	216
1	5	4	673
1	6	3	153
1	6	4	698
1	7	3	193
1	7	4	753
1	8	3	165
1	8	4	1048
1	9	3	283
1	9	4	563
1	10	3	185
1	10	4	910
2	1	1	854
2	1	5	189
2	2	1	815
2	2	5	102
2	3	1	990
2	3	5	250
2	4	1	750
2	4	5	191
2	5	1	545
2	5	5	295
2	6	1	900
2	6	5	112
2	7	1	1014
2	7	5	132
2	8	1	960
2	8	5	251
2	9	1	743
2	9	5	65
2	10	1	859
2	10	5	233
3	1	3	1221
3	2	3	1123
3	3	3	933
3	4	3	972
3	5	3	1074
3	6	3	1273
3	7	3	845
3	8	3	783
3	9	3	855
3	10	3	1111
4	1	1	600
4	1	4	119
4	2	1	900
4	2	4	219
4	3	1	754
4	3	4	187
4	4	1	810
4	4	4	138
4	5	1	815
4	5	4	384
4	6	1	638
4	6	4	72
4	7	1	732
4	7	4	101
4	8	1	867
4	8	4	309
4	9	1	935
4	9	4	257
4	10	1	828
4	10	4	162
5	1	3	387
5	1	5	636
5	2	3	274
5	2	5	370
5	3	3	331
5	3	5	738
5	4	3	554
5	4	5	606
5	5	3	505
5	5	5	564
5	6	3	493
5	6	5	770
5	7	3	343
5	7	5	458
5	8	3	480
5	8	5	380
5	9	3	518
5	9	5	479
5	10	3	307
5	10	5	309


Warehouse Inventory (W P T):
1	0		580		580		1726		825		0	
2	0		1738		1738		1547		472		0	
3	0		264		264		1903		988		0	
4	0		3372		3372		1582		797		0	
5	853		0		0		2769		1712		853	
6	1028		0		0		2680		1910		1028	
7	0		539		539		1444		590		0	
8	0		794		794		1988		631		0	
9	0		201		201		1364		544		0	
10	0		765		765		1614		542		0	

Store Inventory (S P T):
Store1
1	424		226		0		0		594		424	
2	433		254		0		0		594		433	
3	373		197		0		0		538		373	
4	400		206		0		0		571		400	
5	351		190		0		0		598		351	
6	497		207		0		0		588		497	
7	478		229		0		0		642		478	
8	429		154		0		0		722		429	
9	409		238		0		0		540		409	
10	487		243		0		0		673		487	
Store2
1	0		513		423		295		0		0	
2	0		609		461		285		0		0	
3	0		813		667		457		0		0	
4	0		538		374		208		0		0	
5	0		444		199		148		0		0	
6	0		723		429		215		0		0	
7	0		738		462		178		0		0	
8	0		753		576		322		0		0	
9	0		597		356		233		0		0	
10	0		711		481		210		0		0	
Store3
1	591		309		0		1129		790		591	
2	440		168		0		827		698		440	
3	516		323		0		772		722		516	
4	450		175		0		667		579		450	
5	438		155		0		829		539		438	
6	559		302		0		976		727		559	
7	248		150		0		702		488		248	
8	234		116		0		592		459		234	
9	223		205		0		611		470		223	
10	483		254		0		821		631		483	
Store4
1	0		469		451		241		241		0	
2	0		635		343		165		165		0	
3	0		662		405		266		266		0	
4	0		540		267		114		114		0	
5	0		660		495		247		247		0	
6	0		629		386		194		194		0	
7	0		708		523		203		203		0	
8	0		569		327		227		227		0	
9	0		726		414		170		170		0	
10	0		572		401		273		273		0	
Store5
1	309		203		0		206		0		309	
2	366		200		0		21		0		366	
3	364		214		0		235		0		364	
4	421		252		0		366		0		421	
5	306		141		0		319		0		306	
6	570		239		0		290		0		570	
7	264		253		0		118		0		264	
8	316		55		0		322		0		316	
9	200		0		0		215		0		200	
10	167		167		0		170		0		167	


Shipments from Vendor to Warehouse (V T):
0.733244	0	0.9183321	0	0	

Shipments from Warehouse to Stores (S T):
1	3	0.1541373
1	4	0.3191267
1	5	0.1692467
2	1	0.281214
2	4	0.14815
2	5	0.1699127
3	3	0.4325407
3	4	0.06273667
3	5	0.1915767
4	1	0.2698527
4	4	0.2365173
4	5	0.2095033
5	3	0.2896426
5	5	0.3796054


Required Putaway workers (Sol T):
3	3	3	3	0	

No of required pickers (T):
5	0	7	6	9	

No of part-time putaway workers (T):
1	1	1	1	0	

No of part-time pickers (T):
0	0	1	0	3	

Best Putaway Technology: 1200
Best Picking Technology: 500

Required Fashion Putaway Hours:
0	19.91667	0	23.52917	0	

Required Basic Putaway Hours:
18.90083	0	22.405	0	0	

Required Total Putaway Hours:
18.90083	19.91667	22.405	23.52917	0	

No of required fashion pick hours:
0	0	19.97	27.83	56.47	

No of required basic pick hours:
32.618	0	33.044	19.212	14.26	

No of required total pick hours:
32.618	0	53.014	47.042	70.73	

List of all the costs: 
MHECost		378
PutawayTechCost		1060
PickingTechCost		3195
WhBasicInvCost		460.15
BasicInbCost		5403.568
WhFashionInvCost		660.5
FashionInbCost		4389.387
PutawayCost		4160
StoreBasicInvCost		3396.1
StoreFashionInvCost		4301
OutboundCost		11406.03
PickingCost		10560
Total		49369.73

List of Top5 Technologies: 
Tech1		2	6	$ 50613.08
Tech2		2	5	$ 52949.41
Tech3		2	1	$ 90645.82
Tech4		1	1	$ 115542.6
Tech5		None	None	$ -
The start time is 12/17/2014 2:44:50 PM
The End time is 12/17/2014 2:44:57 PM
