Printing New Fashion Solution:

Inbound Fashion Solution (V F T):
1	1	3	4585
1	2	3	5015
1	3	3	6505
1	4	4	4295
1	5	4	3685
1	6	3	4810
1	7	4	5250
1	8	3	5610
1	9	4	5510
1	10	4	6870


Outbound Fashion Solution(S F T):
1	1	5	1200
1	2	5	695
1	3	5	1540
1	4	5	1050
1	5	5	570
1	6	5	585
1	7	5	980
1	8	5	1135
1	9	5	895
1	10	5	1190
2	1	5	25
2	2	5	800
2	3	5	1510
2	4	5	1025
2	5	5	440
2	6	5	810
2	7	5	700
2	8	5	450
2	9	5	1055
2	10	5	1085
3	1	5	785
3	2	5	815
3	3	5	840
3	4	5	725
3	5	5	915
3	6	5	1030
3	7	5	1235
3	8	5	1480
3	9	5	1485
3	10	5	1785
4	1	4	1135
4	2	5	1360
4	3	4	1515
4	4	5	470
4	5	5	950
4	6	4	1290
4	7	5	1105
4	8	5	1470
4	9	5	910
4	10	5	1490
5	1	4	1440
5	2	5	1345
5	3	5	1100
5	4	5	1025
5	5	5	810
5	6	5	1095
5	7	5	1230
5	8	4	1075
5	9	5	1165
5	10	5	1320


Warehouse Fashion Inventory (W F T):
1	0		0		4585		2010		0	
2	0		0		5015		5015		0	
3	0		0		6505		4990		0	
4	0		0		0		4295		0	
5	0		0		0		3685		0	
6	0		0		4810		3520		0	
7	0		0		0		5250		0	
8	0		0		5610		4535		0	
9	0		0		0		5510		0	
10	0		0		0		6870		0	

Store Fashion Inventory (S F T):
Store1
1	0		0		0		1200	
2	0		0		0		695	
3	0		0		0		1540	
4	0		0		0		1050	
5	0		0		0		570	
6	0		0		0		585	
7	0		0		0		980	
8	0		0		0		1135	
9	0		0		0		895	
10	0		0		0		1190	
Store2
1	0		0		0		25	
2	0		0		0		800	
3	0		0		0		1510	
4	0		0		0		1025	
5	0		0		0		440	
6	0		0		0		810	
7	0		0		0		700	
8	0		0		0		450	
9	0		0		0		1055	
10	0		0		0		1085	
Store3
1	0		0		0		785	
2	0		0		0		815	
3	0		0		0		840	
4	0		0		0		725	
5	0		0		0		915	
6	0		0		0		1030	
7	0		0		0		1235	
8	0		0		0		1480	
9	0		0		0		1485	
10	0		0		0		1785	
Store4
1	0		0		1135		1135	
2	0		0		0		1360	
3	0		0		1515		1515	
4	0		0		0		470	
5	0		0		0		950	
6	0		0		1290		1290	
7	0		0		0		1105	
8	0		0		0		1470	
9	0		0		0		910	
10	0		0		0		1490	
Store5
1	0		0		1440		1440	
2	0		0		0		1345	
3	0		0		0		1100	
4	0		0		0		1025	
5	0		0		0		810	
6	0		0		0		1095	
7	0		0		0		1230	
8	0		0		1075		1075	
9	0		0		0		1165	
10	0		0		0		1320	


Fashion Shipments from Vendor to Warehouse (V T):
0	0	0.9415	0.7206867	

Printing New Basic Solution:

Inbound Solution (V P T):
1	1	1	5086
1	2	1	1973
1	2	2	2960
1	3	1	502
1	3	2	4518
1	4	1	1479
1	4	2	3453
1	5	1	5071
1	6	1	3576
1	6	2	1533
1	7	1	1371
1	7	2	3200
1	8	1	1048
1	8	2	4195
1	9	1	3758
1	9	2	940
1	10	1	2452
1	10	2	2452


Outbound Solution(S P T):
1	1	1	1080
1	2	1	1130
1	3	1	837
1	4	1	911
1	5	1	889
1	6	1	851
1	7	1	946
1	8	1	1213
1	9	1	846
1	10	1	1095
2	1	2	1043
2	2	2	917
2	3	2	1240
2	4	2	941
2	5	2	840
2	6	2	1012
2	7	2	1146
2	8	2	1211
2	9	2	808
2	10	2	1092
3	1	2	1221
3	2	2	1123
3	3	2	933
3	4	2	972
3	5	2	1074
3	6	2	1273
3	7	2	845
3	8	2	783
3	9	2	855
3	10	2	1111
4	1	4	719
4	2	4	1119
4	3	4	941
4	4	4	948
4	5	4	1199
4	6	4	710
4	7	4	833
4	8	4	1176
4	9	4	1192
4	10	4	990
5	1	4	1023
5	2	4	644
5	3	4	1069
5	4	4	1160
5	5	4	1069
5	6	4	1263
5	7	4	801
5	8	4	860
5	9	4	997
5	10	4	616


Warehouse Inventory (W P T):
1	0		4006		1742		1742		0		0	
2	0		843		1763		1763		0		0	
3	335		0		2345		2345		335		335	
4	0		568		2108		2108		0		0	
5	0		4182		2268		2268		0		0	
6	0		2725		1973		1973		0		0	
7	0		425		1634		1634		0		0	
8	165		0		2201		2201		165		165	
9	0		2912		2189		2189		0		0	
10	0		1357		1606		1606		0		0	

Store Inventory (S P T):
Store1
1	0		882		656		358		170		0	
2	0		951		697		423		161		0	
3	0		661		464		355		165		0	
4	0		717		511		247		171		0	
5	0		728		538		322		247		0	
6	0		561		354		201		91		0	
7	0		697		468		275		164		0	
8	0		938		784		619		293		0	
9	0		675		437		154		131		0	
10	0		851		608		423		186		0	
Store2
1	341		0		953		825		530		341	
2	206		0		769		593		308		206	
3	177		0		1094		884		427		177	
4	212		0		777		611		403		212	
5	101		0		595		544		396		101	
6	177		0		718		504		289		177	
7	276		0		870		586		408		276	
8	207		0		1034		780		458		207	
9	146		0		567		444		211		146	
10	148		0		862		591		381		148	
Store3
1	282		0		912		820		481		282	
2	272		0		955		659		530		272	
3	193		0		610		449		399		193	
4	275		0		797		492		404		275	
5	283		0		919		674		384		283	
6	257		0		971		674		425		257	
7	98		0		695		552		338		98	
8	118		0		667		476		343		118	
9	18		0		650		406		265		18	
10	229		0		857		567		377		229	
Store4
1	359		228		210		0		600		359	
2	735		470		178		0		900		735	
3	488		396		139		0		754		488	
4	696		426		153		0		810		696	
5	568		413		248		0		815		568	
6	444		435		192		0		638		444	
7	529		505		320		0		732		529	
8	640		342		100		0		867		640	
9	765		556		244		0		935		765	
10	555		299		128		0		828		555	
Store5
1	490		384		181		0		817		490	
2	619		453		253		0		623		619	
3	460		310		96		0		834		460	
4	609		440		188		0		794		609	
5	492		327		186		0		750		492	
6	773		442		203		0		973		773	
7	489		478		225		0		683		489	
8	474		213		158		0		538		474	
9	503		303		303		0		782		503	
10	304		304		137		0		446		304	


Shipments from Vendor to Warehouse (V T):
0.8369727	0.8146033	0	0	0	

Shipments from Warehouse to Stores (S T):
1	1	0.331184
1	5	0.3113267
2	2	0.3444833
2	5	0.2547933
3	2	0.3382507
3	5	0.3486033
4	4	0.5038701
4	5	0.2120033
5	4	0.3816547
5	5	0.2875933


Required Putaway workers (Sol T):
3	3	3	3	0	

No of required pickers (T):
2	3	0	4	6	

No of part-time putaway workers (T):
1	1	1	1	0	

No of part-time pickers (T):
0	0	0	0	2	

Best Putaway Technology: 1200
Best Picking Technology: 1000

Required Fashion Putaway Hours:
0	0	22.10417	21.34167	0	

Required Basic Putaway Hours:
21.93	19.37583	0	0	0	

Required Total Putaway Hours:
21.93	19.37583	22.10417	21.34167	0	

No of required fashion pick hours:
0	0	0	6.455	45.68	

No of required basic pick hours:
9.798	20.44	0	19.329	0	

No of required total pick hours:
9.798	20.44	0	25.784	45.68	

List of all the costs: 
MHECost		378
PutawayTechCost		1060
PickingTechCost		9130
WhBasicInvCost		576.7601
BasicInbCost		5403.568
WhFashionInvCost		722.05
FashionInbCost		4389.387
PutawayCost		4160
StoreBasicInvCost		4809.35
StoreFashionInvCost		2929.5
OutboundCost		8968.52
PickingCost		6880
Total		49407.14

List of Top5 Technologies: 
Tech1		2	6	$ 49407.14
Tech2		2	5	$ 49726.52
Tech3		3	1	$ 135747.7
Tech4		2	1	$ 136862.1
Tech5		1	1	$ 137365.4
The start time is 12/17/2014 2:44:57 PM
The End time is 12/17/2014 2:45:02 PM
