Results from Tech10
Putaway Technology: 1200.0
Picking Technology: 500.0

Full-Time Putaway workers: 2.0
Full-Time Picking workers: 4.0

Cost Breakdown:
	MHECost              $378.00
	PutawayTechCost      $1,060.00
	PickingTechCost      $3,195.00
	WhBasicInvCost       $483.52
	BasicInbCost         $2,472.20
	WhFashionInvCost     $1,142.70
	FashionInbCost       $4,178.95
	PutawayCost          $4,160.00
	StoreBasicInvCost    $2,772.80
	StoreFashionInvCost  $5,486.00
	OutboundCost         $7,549.65
	PickingCost          $7,840.00
	Total                $40,718.82


Printing New Fashion Solution:

Inbound Fashion Solution
1 	1 	2 	5620
1 	10 	2 	4775
1 	2 	1 	4220
1 	3 	1 	3890
1 	4 	1 	4630
1 	5 	2 	5395
1 	6 	2 	5725
1 	7 	2 	5595
1 	8 	1 	5105
1 	9 	1 	5265

Outbound Solution
1 	1 	4 	275
1 	10 	4 	620
1 	2 	2 	460
1 	3 	2 	1035
1 	4 	2 	1365
1 	5 	4 	1250
1 	6 	4 	615
1 	7 	4 	1130
1 	8 	2 	2140
1 	9 	4 	880
2 	1 	5 	1300
2 	10 	5 	1260
2 	2 	5 	1415
2 	3 	5 	410
2 	4 	5 	1305
2 	5 	5 	730
2 	6 	5 	1925
2 	7 	5 	555
2 	8 	5 	985
2 	9 	5 	1085
3 	1 	5 	1125
3 	10 	5 	1380
3 	2 	2 	725
3 	3 	2 	930
3 	4 	2 	160
3 	5 	5 	615
3 	6 	5 	1545
3 	7 	5 	1620
3 	8 	5 	490
3 	9 	2 	1530
4 	1 	4 	1405
4 	10 	4 	860
4 	2 	4 	770
4 	3 	4 	960
4 	4 	4 	825
4 	5 	4 	1465
4 	6 	4 	645
4 	7 	4 	495
4 	8 	4 	890
4 	9 	4 	710
5 	1 	3 	1515
5 	10 	3 	655
5 	2 	3 	850
5 	3 	3 	555
5 	4 	3 	975
5 	5 	3 	1335
5 	6 	3 	995
5 	7 	3 	1795
5 	8 	3 	600
5 	9 	3 	1060

Store Inventory
Store1
1 0          0          0          275        275       
1 0          0          0          620        620       
1 0          460        460        460        460       
1 0          1035       1035       1035       1035      
1 0          1365       1365       1365       1365      
1 0          0          0          1250       1250      
1 0          0          0          615        615       
1 0          0          0          1130       1130      
1 0          2140       2140       2140       2140      
1 0          0          0          880        880       
Store2
1 0          0          0          0          1300      
1 0          0          0          0          1260      
1 0          0          0          0          1415      
1 0          0          0          0          410       
1 0          0          0          0          1305      
1 0          0          0          0          730       
1 0          0          0          0          1925      
1 0          0          0          0          555       
1 0          0          0          0          985       
1 0          0          0          0          1085      
Store3
1 0          0          0          0          1125      
1 0          0          0          0          1380      
1 0          725        725        725        725       
1 0          930        930        930        930       
1 0          160        160        160        160       
1 0          0          0          0          615       
1 0          0          0          0          1545      
1 0          0          0          0          1620      
1 0          0          0          0          490       
1 0          1530       1530       1530       1530      
Store4
1 0          0          0          1405       1405      
1 0          0          0          860        860       
1 0          0          0          770        770       
1 0          0          0          960        960       
1 0          0          0          825        825       
1 0          0          0          1465       1465      
1 0          0          0          645        645       
1 0          0          0          495        495       
1 0          0          0          890        890       
1 0          0          0          710        710       
Store5
1 0          0          1515       1515       1515      
1 0          0          655        655        655       
1 0          0          850        850        850       
1 0          0          555        555        555       
1 0          0          975        975        975       
1 0          0          1335       1335       1335      
1 0          0          995        995        995       
1 0          0          1795       1795       1795      
1 0          0          600        600        600       
1 0          0          1060       1060       1060      

Shipments from (Basic) Vendor to Warehouse
1          1          0          0          0         

Printing New Basic Solution:


Inbound Solution
1 	1 	1 	0
1 	1 	2 	0
1 	1 	3 	1851
1 	1 	4 	0
1 	1 	5 	3092
1 	10 	1 	0
1 	10 	2 	0
1 	10 	3 	2355
1 	10 	4 	0
1 	10 	5 	3225
1 	2 	1 	0
1 	2 	2 	0
1 	2 	3 	2060
1 	2 	4 	0
1 	2 	5 	3367
1 	3 	1 	0
1 	3 	2 	0
1 	3 	3 	2017
1 	3 	4 	0
1 	3 	5 	3754
1 	4 	1 	0
1 	4 	2 	0
1 	4 	3 	1720
1 	4 	4 	0
1 	4 	5 	2621
1 	5 	1 	0
1 	5 	2 	0
1 	5 	3 	1662
1 	5 	4 	0
1 	5 	5 	2690
1 	6 	1 	0
1 	6 	2 	0
1 	6 	3 	1683
1 	6 	4 	0
1 	6 	5 	2945
1 	7 	1 	0
1 	7 	2 	0
1 	7 	3 	2336
1 	7 	4 	0
1 	7 	5 	3089
1 	8 	1 	0
1 	8 	2 	0
1 	8 	3 	2080
1 	8 	4 	0
1 	8 	5 	2923
1 	9 	1 	0
1 	9 	2 	0
1 	9 	3 	3682
1 	9 	4 	0
1 	9 	5 	1094

Outbound Solution
Store1
1 0          515        0          466        0         
10 0          287        0          798        0         
2 0          582        0          770        0         
3 0          533        0          811        0         
4 0          170        0          355        0         
5 0          291        0          227        0         
6 0          476        0          511        0         
7 0          361        0          634        0         
8 0          246        0          637        0         
9 0          389        0          585        0         
Store2
1 697        0          0          0          194       
10 1075       0          0          0          168       
2 818        0          0          0          153       
3 975        0          0          0          329       
4 886        0          0          0          302       
5 718        0          0          0          22        
6 717        0          0          0          242       
7 881        0          0          0          197       
8 860        0          0          0          171       
9 776        0          0          0          346       
Store3
1 0          485        0          0          347       
10 0          714        0          0          437       
2 0          894        0          0          481       
3 0          828        0          0          510       
4 0          548        0          0          368       
5 0          632        0          0          388       
6 0          667        0          0          331       
7 0          688        0          0          408       
8 0          612        0          0          526       
9 0          608        0          0          335       
Store4
1 854        0          0          448        0         
10 544        0          0          559        0         
2 439        0          0          451        0         
3 579        0          0          235        0         
4 347        0          0          383        0         
5 639        0          0          635        0         
6 512        0          0          237        0         
7 554        0          0          531        0         
8 508        0          0          457        0         
9 332        0          0          475        0         
Store5
1 0          0          937        0          0         
10 0          0          998        0          0         
2 0          0          839        0          0         
3 0          0          971        0          0         
4 0          0          982        0          0         
5 0          0          800        0          0         
6 0          0          935        0          0         
7 0          0          1171       0          0         
8 0          0          986        0          0         
9 0          0          930        0          0         

Warehouse Inventory
1 1000       0          914        0          2551      
10 1001       0          1357       0          2620      
2 1476       0          1221       0          2733      
3 1361       0          1046       0          2915      
4 718        0          738        0          1951      
5 923        0          862        0          2280      
6 1143       0          748        0          2372      
7 1049       0          1165       0          2484      
8 858        0          1094       0          2226      
9 997        0          2752       1692       2105      

Store Inventory
Store1
1 0          350        0          179        56        
10 0          152        0          525        225       
2 0          265        0          492        252       
3 0          182        0          481        283       
4 0          58         0          223        120       
5 0          141        0          221        22        
6 0          216        0          295        18        
7 0          231        0          411        232       
8 0          40         0          415        167       
9 0          182        89         425        233       
Store2
1 636        339        172        0          0         
10 881        569        249        0          0         
2 633        514        322        0          0         
3 698        464        243        0          0         
4 608        495        292        0          0         
5 545        402        199        0          0         
6 497        399        281        0          0         
7 620        390        239        0          0         
8 559        354        225        0          0         
9 564        379        227        0          0         
Store3
1 0          310        127        0          229       
10 0          524        308        0          278       
2 0          549        253        14         263       
3 0          517        315        0          268       
4 0          409        198        0          184       
5 0          409        286        0          122       
6 0          432        258        0          171       
7 0          339        86         0          161       
8 0          345        117        0          175       
9 0          502        277        0          185       
Store4
1 611        248        0          216        0         
10 366        119        0          311        0         
2 225        133        0          171        0         
3 349        108        0          77         0         
4 196        58         0          184        0         
5 502        260        0          314        0         
6 264        182        0          196        0         
7 336        163        0          298        0         
8 288        173        0          176        0         
9 196        64         0          284        0         
Store5
1 0          0          726        494        277       
10 152        0          990        745        460       
2 131        0          485        448        448       
3 199        0          796        670        410       
4 212        0          852        743        444       
5 160        0          756        666        346       
6 147        0          779        695        359       
7 260        0          850        588        379       
8 119        0          715        525        326       
9 221        0          861        730        437       

Shipments from (Basic) Vendor to Warehouse
0          0          1          0          1         

Shipments from (Fashion) Vendor to Warehouse
1          1          0          0          0         

Shipments from Warehouse to Stores
1 0          1          0          1          0         
2 1          0          0          0          1         
3 0          1          0          0          1         
4 1          0          0          1          0         
5 0          0          1          0          0         

No of part-time putaway workers:
1          1          1          0          1         

No of part-time picking workers:
0          1          1          2          2         
