Printing New Fashion Solution:

Inbound Fashion Solution (V F T):
1	1	3	4915
1	2	2	5355
1	3	3	4770
1	4	2	4955
1	5	2	4730
1	6	3	3425
1	7	3	5400
1	8	2	5270
1	9	3	4360
1	10	2	3790


Outbound Fashion Solution(S F T):
1	1	5	1085
1	2	3	1125
1	3	5	590
1	4	3	1095
1	5	4	265
1	6	4	430
1	7	4	1640
1	8	5	1160
1	9	5	915
1	10	4	990
2	1	4	825
2	2	3	925
2	3	5	1230
2	4	4	1110
2	5	3	1395
2	6	4	150
2	7	4	875
2	8	4	700
2	9	4	855
2	10	4	865
3	1	5	1200
3	2	4	1120
3	3	4	370
3	4	4	710
3	5	4	580
3	6	4	935
3	7	4	940
3	8	5	1060
3	9	5	450
3	10	4	710
4	1	4	575
4	2	3	1170
4	3	4	1450
4	4	3	930
4	5	4	775
4	6	4	775
4	7	5	1080
4	8	5	1480
4	9	5	630
4	10	3	375
5	1	5	1230
5	2	4	1015
5	3	5	1130
5	4	4	1110
5	5	4	1715
5	6	4	1135
5	7	5	865
5	8	5	870
5	9	5	1510
5	10	4	850


Warehouse Fashion Inventory (W F T):
1	0		0		4915		3515		0	
2	0		5355		2135		0		0	
3	0		0		4770		2950		0	
4	0		4955		2930		0		0	
5	0		4730		3335		0		0	
6	0		0		3425		0		0	
7	0		0		5400		1945		0	
8	0		5270		5270		4570		0	
9	0		0		4360		3505		0	
10	0		3790		3415		0		0	

Store Fashion Inventory (S F T):
Store1
1	0		0		0		1085	
2	0		1125		1125		1125	
3	0		0		0		590	
4	0		1095		1095		1095	
5	0		0		265		265	
6	0		0		430		430	
7	0		0		1640		1640	
8	0		0		0		1160	
9	0		0		0		915	
10	0		0		990		990	
Store2
1	0		0		825		825	
2	0		925		925		925	
3	0		0		0		1230	
4	0		0		1110		1110	
5	0		1395		1395		1395	
6	0		0		150		150	
7	0		0		875		875	
8	0		0		700		700	
9	0		0		855		855	
10	0		0		865		865	
Store3
1	0		0		0		1200	
2	0		0		1120		1120	
3	0		0		370		370	
4	0		0		710		710	
5	0		0		580		580	
6	0		0		935		935	
7	0		0		940		940	
8	0		0		0		1060	
9	0		0		0		450	
10	0		0		710		710	
Store4
1	0		0		575		575	
2	0		1170		1170		1170	
3	0		0		1450		1450	
4	0		930		930		930	
5	0		0		775		775	
6	0		0		775		775	
7	0		0		0		1080	
8	0		0		0		1480	
9	0		0		0		630	
10	0		375		375		375	
Store5
1	0		0		0		1230	
2	0		0		1015		1015	
3	0		0		0		1130	
4	0		0		1110		1110	
5	0		0		1715		1715	
6	0		0		1135		1135	
7	0		0		0		865	
8	0		0		0		870	
9	0		0		0		1510	
10	0		0		850		850	


Fashion Shipments from Vendor to Warehouse (V T):
0	0.8483434	0.96031	0	

Printing New Basic Solution:

Inbound Solution (V P T):
1	1	1	2832
1	1	5	2090
1	2	1	3730
1	2	5	1649
1	3	1	1526
1	3	5	3784
1	4	1	4197
1	4	5	352
1	5	1	3608
1	5	5	2117
1	6	1	3587
1	6	5	1774
1	7	1	1521
1	7	5	2736
1	8	1	3827
1	8	5	1559
1	9	1	882
1	9	5	4282
1	10	1	1283
1	10	5	3487


Outbound Solution(S P T):
1	1	3	285
1	1	5	808
1	2	3	567
1	2	5	505
1	3	3	575
1	3	5	603
1	4	3	328
1	4	5	558
1	5	3	568
1	5	5	733
1	6	3	439
1	6	5	809
1	7	3	208
1	7	5	612
1	8	3	399
1	8	5	480
1	9	3	461
1	9	5	592
1	10	3	193
1	10	5	795
2	1	1	956
2	2	1	957
2	3	1	1085
2	4	1	935
2	5	1	833
2	6	1	940
2	7	1	876
2	8	1	1109
2	9	1	1141
2	10	1	913
3	1	1	900
3	2	1	1144
3	3	1	938
3	4	1	731
3	5	1	981
3	6	1	1136
3	7	1	904
3	8	1	1228
3	9	1	1051
3	10	1	918
4	1	3	1065
4	2	3	1089
4	3	3	1163
4	4	3	777
4	5	3	1147
4	6	3	955
4	7	3	946
4	8	3	979
4	9	3	1049
4	10	3	1071
5	1	2	908
5	2	2	1117
5	3	2	946
5	4	2	1220
5	5	2	1463
5	6	2	1082
5	7	2	711
5	8	2	1191
5	9	2	870
5	10	2	880


Warehouse Inventory (W P T):
1	1282		2258		1350		0		0		1282	
2	1144		2773		1656		0		0		1144	
3	3181		2684		1738		0		0		3181	
4	0		2531		1311		206		206		0	
5	1384		3178		1715		0		0		1384	
6	965		2476		1394		0		0		965	
7	2124		1865		1154		0		0		2124	
8	1079		2569		1378		0		0		1079	
9	3690		2380		1510		0		0		3690	
10	2692		2144		1264		0		0		2692	

Store Inventory (S P T):
Store1
1	580		297		0		113		0		580	
2	298		46		0		291		0		298	
3	405		306		0		249		0		405	
4	400		156		0		196		0		400	
5	482		181		0		170		0		482	
6	597		433		0		214		0		597	
7	394		188		0		119		0		394	
8	342		302		0		269		0		342	
9	330		117		0		292		0		330	
10	564		220		0		135		0		564	
Store2
1	0		743		481		319		291		0	
2	0		848		611		385		160		0	
3	0		807		682		572		365		0	
4	0		855		706		346		252		0	
5	0		620		496		443		301		0	
6	0		753		590		375		141		0	
7	0		588		322		213		137		0	
8	0		910		645		481		176		0	
9	0		968		780		441		323		0	
10	0		791		562		453		275		0	
Store3
1	0		599		430		226		68		0	
2	0		1015		794		395		233		0	
3	0		804		544		461		176		0	
4	0		473		402		345		152		0	
5	0		871		732		455		255		0	
6	0		843		562		416		416		0	
7	0		646		440		328		235		0	
8	0		1043		797		467		251		0	
9	0		784		523		291		138		0	
10	0		727		586		334		143		0	
Store4
1	417		261		0		945		683		417	
2	378		135		0		898		569		378	
3	646		303		0		1022		913		646	
4	394		172		0		649		473		394	
5	259		165		0		923		603		259	
6	246		144		0		776		509		246	
7	345		177		0		774		512		345	
8	372		212		0		795		545		372	
9	389		150		0		854		628		389	
10	442		255		0		801		713		442	
Store5
1	146		0		664		514		333		146	
2	238		0		1078		706		456		238	
3	316		0		841		803		548		316	
4	160		0		1024		721		344		160	
5	356		0		1221		905		613		356	
6	179		0		937		592		382		179	
7	187		0		649		561		454		187	
8	216		0		743		550		418		216	
9	279		0		731		561		468		279	
10	208		0		873		663		359		208	


Shipments from Vendor to Warehouse (V T):
0.976244	0	0	0	0.887956	

Shipments from Warehouse to Stores (S T):
1	3	0.243312
1	4	0.1101233
1	5	0.3783473
2	1	0.3611253
2	3	0.10302
2	4	0.1883733
2	5	0.07954
3	1	0.367904
3	4	0.2009667
3	5	0.07531333
4	3	0.4747926
4	4	0.156
4	5	0.1143133
5	2	0.374442
5	4	0.2054267
5	5	0.2398533


Required Putaway workers (Sol T):
3	3	3	0	3	

No of required pickers (T):
5	3	6	6	6	

No of part-time putaway workers (T):
1	1	1	0	1	

No of part-time pickers (T):
1	0	2	2	2	

Best Putaway Technology: 1200
Best Picking Technology: 500

Required Fashion Putaway Hours:
0	20.08333	19.05833	0	0	

Required Basic Putaway Hours:
22.49417	0	0	0	19.85833	

Required Total Putaway Hours:
22.49417	20.08333	19.05833	0	19.85833	

No of required fashion pick hours:
0	0	14.03	46.94	32.97	

No of required basic pick hours:
39.352	20.776	28.528	0	12.99	

No of required total pick hours:
39.352	20.776	42.558	46.94	45.96	

List of all the costs: 
MHECost		378
PutawayTechCost		1060
PickingTechCost		3195
WhBasicInvCost		572.81
BasicInbCost		4613.622
WhFashionInvCost		805.4
FashionInbCost		3693.398
PutawayCost		4160
StoreBasicInvCost		4536.85
StoreFashionInvCost		4223.5
OutboundCost		17078.09
PickingCost		8080
Total		52396.67

List of Top5 Technologies: 
Tech1		2	5	$ 52396.67
Tech2		2	6	$ 54532.73
Tech3		2	4	$ 59444.52
Tech4		2	1	$ 92500.91
Tech5		1	1	$ 133999.4
The start time is 12/19/2014 12:05:23 PM
The End time is 12/19/2014 12:05:33 PM
