Printing New Fashion Solution:

Inbound Fashion Solution (V F T):
1	1	2	4915
1	2	2	5355
1	3	4	4770
1	4	4	4955
1	5	2	4730
1	6	2	3425
1	7	4	5400
1	8	2	5270
1	9	2	4360
1	10	4	3790


Outbound Fashion Solution(S F T):
1	1	4	1085
1	2	3	1125
1	3	5	590
1	4	5	1095
1	5	5	265
1	6	5	430
1	7	5	1640
1	8	5	1160
1	9	5	915
1	10	5	990
2	1	4	825
2	2	4	925
2	3	5	1230
2	4	5	1110
2	5	5	1395
2	6	5	150
2	7	5	875
2	8	4	700
2	9	4	855
2	10	5	865
3	1	4	1200
3	2	4	1120
3	3	5	370
3	4	5	710
3	5	5	580
3	6	4	935
3	7	5	940
3	8	4	1060
3	9	5	450
3	10	5	710
4	1	4	575
4	2	4	1170
4	3	5	1450
4	4	5	930
4	5	5	775
4	6	5	775
4	7	5	1080
4	8	4	1480
4	9	4	630
4	10	5	375
5	1	4	1230
5	2	3	1015
5	3	5	1130
5	4	5	1110
5	5	5	1715
5	6	5	1135
5	7	5	865
5	8	5	870
5	9	5	1510
5	10	5	850


Warehouse Fashion Inventory (W F T):
1	0		4915		4915		0		0	
2	0		5355		3215		0		0	
3	0		0		0		4770		0	
4	0		0		0		4955		0	
5	0		4730		4730		4730		0	
6	0		3425		3425		2490		0	
7	0		0		0		5400		0	
8	0		5270		5270		2030		0	
9	0		4360		4360		2875		0	
10	0		0		0		3790		0	

Store Fashion Inventory (S F T):
Store1
1	0		0		1085		1085	
2	0		1125		1125		1125	
3	0		0		0		590	
4	0		0		0		1095	
5	0		0		0		265	
6	0		0		0		430	
7	0		0		0		1640	
8	0		0		0		1160	
9	0		0		0		915	
10	0		0		0		990	
Store2
1	0		0		825		825	
2	0		0		925		925	
3	0		0		0		1230	
4	0		0		0		1110	
5	0		0		0		1395	
6	0		0		0		150	
7	0		0		0		875	
8	0		0		700		700	
9	0		0		855		855	
10	0		0		0		865	
Store3
1	0		0		1200		1200	
2	0		0		1120		1120	
3	0		0		0		370	
4	0		0		0		710	
5	0		0		0		580	
6	0		0		935		935	
7	0		0		0		940	
8	0		0		1060		1060	
9	0		0		0		450	
10	0		0		0		710	
Store4
1	0		0		575		575	
2	0		0		1170		1170	
3	0		0		0		1450	
4	0		0		0		930	
5	0		0		0		775	
6	0		0		0		775	
7	0		0		0		1080	
8	0		0		1480		1480	
9	0		0		630		630	
10	0		0		0		375	
Store5
1	0		0		1230		1230	
2	0		1015		1015		1015	
3	0		0		0		1130	
4	0		0		0		1110	
5	0		0		0		1715	
6	0		0		0		1135	
7	0		0		0		865	
8	0		0		0		870	
9	0		0		0		1510	
10	0		0		0		850	


Fashion Shipments from Vendor to Warehouse (V T):
0	0.9547668	0	0.8538867	

Printing New Basic Solution:

Inbound Solution (V P T):
1	1	1	2240
1	1	3	2682
1	2	1	2195
1	2	3	3184
1	3	1	1933
1	3	3	3377
1	4	1	2930
1	4	3	1619
1	5	1	1717
1	5	3	4008
1	6	1	1823
1	6	3	3538
1	7	1	3027
1	7	3	1230
1	8	1	3038
1	8	3	2348
1	9	1	3512
1	9	3	1652
1	10	1	2270
1	10	3	2500


Outbound Solution(S P T):
1	1	3	582
1	1	5	511
1	2	3	613
1	2	5	459
1	3	3	881
1	3	5	297
1	4	3	484
1	4	5	402
1	5	3	749
1	5	5	552
1	6	3	872
1	6	5	376
1	7	3	396
1	7	5	424
1	8	3	701
1	8	5	178
1	9	3	578
1	9	5	475
1	10	3	413
1	10	5	575
2	1	4	956
2	2	4	957
2	3	4	1085
2	4	4	935
2	5	4	833
2	6	4	940
2	7	4	876
2	8	4	1109
2	9	4	1141
2	10	4	913
3	1	1	441
3	1	4	459
3	2	1	853
3	2	4	291
3	3	1	519
3	3	4	419
3	4	1	280
3	4	4	451
3	5	1	671
3	5	4	310
3	6	1	843
3	6	4	293
3	7	1	553
3	7	4	351
3	8	1	827
3	8	4	401
3	9	1	631
3	9	4	420
3	10	1	536
3	10	4	382
4	1	1	803
4	1	4	262
4	2	1	760
4	2	4	329
4	3	1	1054
4	3	4	109
4	4	1	601
4	4	4	176
4	5	1	827
4	5	4	320
4	6	1	688
4	6	4	267
4	7	1	684
4	7	4	262
4	8	1	729
4	8	4	250
4	9	1	823
4	9	4	226
4	10	1	983
4	10	4	88
5	1	1	390
5	1	3	337
5	1	4	181
5	2	1	277
5	2	3	590
5	2	4	250
5	3	1	421
5	3	3	270
5	3	4	255
5	4	1	356
5	4	3	487
5	4	4	377
5	5	1	598
5	5	3	573
5	5	4	292
5	6	1	324
5	6	3	548
5	6	4	210
5	7	1	249
5	7	3	355
5	7	4	107
5	8	1	664
5	8	3	395
5	8	4	132
5	9	1	418
5	9	3	359
5	9	4	93
5	10	1	215
5	10	3	361
5	10	4	304


Warehouse Inventory (W P T):
1	0		606		606		2369		511		0	
2	0		305		305		2286		459		0	
3	61		0		0		2226		358		61	
4	0		1693		1693		2341		402		0	
5	379		0		0		2686		931		379	
6	32		0		0		2118		408		32	
7	0		1541		1541		2020		424		0	
8	0		818		818		2070		178		0	
9	0		1640		1640		2355		475		0	
10	0		536		536		2262		575		0	

Store Inventory (S P T):
Store1
1	580		297		0		410		297		580	
2	298		46		0		337		46		298	
3	405		306		0		555		306		405	
4	400		156		0		352		156		400	
5	482		181		0		351		181		482	
6	597		433		0		647		433		597	
7	394		188		0		307		188		394	
8	342		302		0		571		302		342	
9	330		117		0		409		117		330	
10	564		220		0		355		220		564	
Store2
1	637		424		162		0		928		637	
2	572		463		226		0		732		572	
3	513		235		110		0		878		513	
4	589		509		360		0		841		589	
5	390		177		53		0		691		390	
6	565		378		215		0		706		565	
7	663		375		109		0		800		663	
8	628		429		164		0		804		628	
9	700		527		339		0		1023		700	
10	460		338		109		0		735		460	
Store3
1	233		373		204		0		301		233	
2	0		724		503		104		233		0	
3	0		385		125		42		176		0	
4	106		128		57		0		258		106	
5	0		561		422		145		255		0	
6	0		550		269		123		416		0	
7	23		318		112		0		258		23	
8	0		642		396		66		251		0	
9	129		493		232		0		267		129	
10	48		393		252		0		191		48	
Store4
1	0		647		386		266		266		0	
2	0		517		382		191		191		0	
3	0		711		408		267		267		0	
4	0		379		207		79		79		0	
5	0		733		568		344		344		0	
6	0		586		442		263		263		0	
7	0		516		339		167		167		0	
8	0		569		357		173		173		0	
9	0		584		434		239		239		0	
10	0		796		541		271		271		0	
Store5
1	0		244		0		187		187		0	
2	0		39		0		218		218		0	
3	0		105		0		232		232		0	
4	0		196		0		184		184		0	
5	0		242		0		257		257		0	
6	0		145		0		203		203		0	
7	0		62		0		267		267		0	
8	0		448		0		202		202		0	
9	0		139		0		189		189		0	
10	0		7		0		151		151		0	


Shipments from Vendor to Warehouse (V T):
0.8942066	0	0.9699934	0	0	

Shipments from Warehouse to Stores (S T):
1	3	0.2794713
1	4	0.02676333
1	5	0.425548
2	4	0.4791487
2	5	0.25291
3	1	0.228724
3	4	0.2533933
3	5	0.1620667
4	1	0.2975146
4	4	0.2052347
4	5	0.2423567
5	1	0.1361947
5	3	0.19728
5	4	0.1139373
5	5	0.37231


Required Putaway workers (Sol T):
3	3	3	2	0	

No of required pickers (T):
5	0	4	8	9	

No of part-time putaway workers (T):
1	1	1	0	0	

No of part-time pickers (T):
0	0	0	2	3	

Best Putaway Technology: 1200
Best Picking Technology: 500

Required Fashion Putaway Hours:
0	23.37917	0	15.7625	0	

Required Basic Putaway Hours:
20.57083	0	21.78167	0	0	

Required Total Putaway Hours:
20.57083	23.37917	21.78167	15.7625	0	

No of required fashion pick hours:
0	0	4.28	27.58	62.08	

No of required basic pick hours:
36.036	0	21.088	36.024	8.498	

No of required total pick hours:
36.036	0	25.368	63.604	70.578	

List of all the costs: 
MHECost		351
PutawayTechCost		1060
PickingTechCost		3195
WhBasicInvCost		422.0399
BasicInbCost		4613.622
WhFashionInvCost		850.1
FashionInbCost		3693.398
PutawayCost		3920
StoreBasicInvCost		3196.4
StoreFashionInvCost		3252
OutboundCost		16067.46
PickingCost		10800
Total		51421.02

List of Top5 Technologies: 
Tech1		2	5	$ 51421.02
Tech2		3	5	$ 54448.3
Tech3		3	4	$ 61717.31
Tech4		3	1	$ 94644.91
Tech5		2	1	$ 98694.45
The start time is 12/19/2014 12:05:23 PM
The End time is 12/19/2014 12:05:32 PM
