WarehouseVolume:[
(1)	[100000000]
]
StoreVolume:[
(1)	[10000000]
(2)	[10000000]
(3)	[10000000]
(4)	[10000000]
(5)	[10000000]
]
StoreDemand:[
(1	1	1)	[283]
(1	1	2)	[297]
(1	1	3)	[172]
(1	1	4)	[113]
(1	1	5)	[228]
(1	2	1)	[252]
(1	2	2)	[46]
(1	2	3)	[276]
(1	2	4)	[291]
(1	2	5)	[207]
(1	3	1)	[99]
(1	3	2)	[306]
(1	3	3)	[326]
(1	3	4)	[249]
(1	3	5)	[198]
(1	4	1)	[244]
(1	4	2)	[156]
(1	4	3)	[132]
(1	4	4)	[196]
(1	4	5)	[158]
(1	5	1)	[301]
(1	5	2)	[181]
(1	5	3)	[398]
(1	5	4)	[170]
(1	5	5)	[251]
(1	6	1)	[164]
(1	6	2)	[433]
(1	6	3)	[225]
(1	6	4)	[214]
(1	6	5)	[212]
(1	7	1)	[206]
(1	7	2)	[188]
(1	7	3)	[89]
(1	7	4)	[119]
(1	7	5)	[218]
(1	8	1)	[40]
(1	8	2)	[302]
(1	8	3)	[130]
(1	8	4)	[269]
(1	8	5)	[138]
(1	9	1)	[213]
(1	9	2)	[117]
(1	9	3)	[169]
(1	9	4)	[292]
(1	9	5)	[262]
(1	10	1)	[344]
(1	10	2)	[220]
(1	10	3)	[58]
(1	10	4)	[135]
(1	10	5)	[231]
(2	1	1)	[213]
(2	1	2)	[262]
(2	1	3)	[162]
(2	1	4)	[28]
(2	1	5)	[291]
(2	2	1)	[109]
(2	2	2)	[237]
(2	2	3)	[226]
(2	2	4)	[225]
(2	2	5)	[160]
(2	3	1)	[278]
(2	3	2)	[125]
(2	3	3)	[110]
(2	3	4)	[207]
(2	3	5)	[365]
(2	4	1)	[80]
(2	4	2)	[149]
(2	4	3)	[360]
(2	4	4)	[94]
(2	4	5)	[252]
(2	5	1)	[213]
(2	5	2)	[124]
(2	5	3)	[53]
(2	5	4)	[142]
(2	5	5)	[301]
(2	6	1)	[187]
(2	6	2)	[163]
(2	6	3)	[215]
(2	6	4)	[234]
(2	6	5)	[141]
(2	7	1)	[288]
(2	7	2)	[266]
(2	7	3)	[109]
(2	7	4)	[76]
(2	7	5)	[137]
(2	8	1)	[199]
(2	8	2)	[265]
(2	8	3)	[164]
(2	8	4)	[305]
(2	8	5)	[176]
(2	9	1)	[173]
(2	9	2)	[188]
(2	9	3)	[339]
(2	9	4)	[118]
(2	9	5)	[323]
(2	10	1)	[122]
(2	10	2)	[229]
(2	10	3)	[109]
(2	10	4)	[178]
(2	10	5)	[275]
(3	1	1)	[301]
(3	1	2)	[169]
(3	1	3)	[204]
(3	1	4)	[158]
(3	1	5)	[68]
(3	2	1)	[129]
(3	2	2)	[221]
(3	2	3)	[399]
(3	2	4)	[162]
(3	2	5)	[233]
(3	3	1)	[134]
(3	3	2)	[260]
(3	3	3)	[83]
(3	3	4)	[285]
(3	3	5)	[176]
(3	4	1)	[258]
(3	4	2)	[71]
(3	4	3)	[57]
(3	4	4)	[193]
(3	4	5)	[152]
(3	5	1)	[110]
(3	5	2)	[139]
(3	5	3)	[277]
(3	5	4)	[200]
(3	5	5)	[255]
(3	6	1)	[293]
(3	6	2)	[281]
(3	6	3)	[146]
(3	6	4)	[0]
(3	6	5)	[416]
(3	7	1)	[258]
(3	7	2)	[206]
(3	7	3)	[112]
(3	7	4)	[93]
(3	7	5)	[235]
(3	8	1)	[185]
(3	8	2)	[246]
(3	8	3)	[330]
(3	8	4)	[216]
(3	8	5)	[251]
(3	9	1)	[267]
(3	9	2)	[261]
(3	9	3)	[232]
(3	9	4)	[153]
(3	9	5)	[138]
(3	10	1)	[191]
(3	10	2)	[141]
(3	10	3)	[252]
(3	10	4)	[191]
(3	10	5)	[143]
(4	1	1)	[156]
(4	1	2)	[261]
(4	1	3)	[120]
(4	1	4)	[262]
(4	1	5)	[266]
(4	2	1)	[243]
(4	2	2)	[135]
(4	2	3)	[191]
(4	2	4)	[329]
(4	2	5)	[191]
(4	3	1)	[343]
(4	3	2)	[303]
(4	3	3)	[141]
(4	3	4)	[109]
(4	3	5)	[267]
(4	4	1)	[222]
(4	4	2)	[172]
(4	4	3)	[128]
(4	4	4)	[176]
(4	4	5)	[79]
(4	5	1)	[94]
(4	5	2)	[165]
(4	5	3)	[224]
(4	5	4)	[320]
(4	5	5)	[344]
(4	6	1)	[102]
(4	6	2)	[144]
(4	6	3)	[179]
(4	6	4)	[267]
(4	6	5)	[263]
(4	7	1)	[168]
(4	7	2)	[177]
(4	7	3)	[172]
(4	7	4)	[262]
(4	7	5)	[167]
(4	8	1)	[160]
(4	8	2)	[212]
(4	8	3)	[184]
(4	8	4)	[250]
(4	8	5)	[173]
(4	9	1)	[239]
(4	9	2)	[150]
(4	9	3)	[195]
(4	9	4)	[226]
(4	9	5)	[239]
(4	10	1)	[187]
(4	10	2)	[255]
(4	10	3)	[270]
(4	10	4)	[88]
(4	10	5)	[271]
(5	1	1)	[146]
(5	1	2)	[244]
(5	1	3)	[150]
(5	1	4)	[181]
(5	1	5)	[187]
(5	2	1)	[238]
(5	2	2)	[39]
(5	2	3)	[372]
(5	2	4)	[250]
(5	2	5)	[218]
(5	3	1)	[316]
(5	3	2)	[105]
(5	3	3)	[38]
(5	3	4)	[255]
(5	3	5)	[232]
(5	4	1)	[160]
(5	4	2)	[196]
(5	4	3)	[303]
(5	4	4)	[377]
(5	4	5)	[184]
(5	5	1)	[356]
(5	5	2)	[242]
(5	5	3)	[316]
(5	5	4)	[292]
(5	5	5)	[257]
(5	6	1)	[179]
(5	6	2)	[145]
(5	6	3)	[345]
(5	6	4)	[210]
(5	6	5)	[203]
(5	7	1)	[187]
(5	7	2)	[62]
(5	7	3)	[88]
(5	7	4)	[107]
(5	7	5)	[267]
(5	8	1)	[216]
(5	8	2)	[448]
(5	8	3)	[193]
(5	8	4)	[132]
(5	8	5)	[202]
(5	9	1)	[279]
(5	9	2)	[139]
(5	9	3)	[170]
(5	9	4)	[93]
(5	9	5)	[189]
(5	10	1)	[208]
(5	10	2)	[7]
(5	10	3)	[210]
(5	10	4)	[304]
(5	10	5)	[151]
]
FixedCostVendorToWarehouse:[
(1	1)	[297.11]
]
FixedCostWarehouseToStore:[
(1	1)	[401.77]
(1	2)	[143.71]
(1	3)	[110.96]
(1	4)	[126.26]
(1	5)	[75.28]
]
Variable_FixedCostVendorToWarehouse:[
(1	1)	[975.07]
]
VariableCostVendorToWarehouse:[
(1	1)	[0.074]
]
Variable_FixedCostWarehouseToStore:[
(1	1)	[1185.2]
(1	2)	[659.96]
(1	3)	[598.03]
(1	4)	[622.3]
(1	5)	[521.43]
]
VariableCostWarehouseToStore:[
(1	1)	[0.09]
(1	2)	[0.05]
(1	3)	[0.045]
(1	4)	[0.047]
(1	5)	[0.036]
]
ProductVolume:[
(1)	[0.1]
(2)	[0.76]
(3)	[0.77]
(4)	[0.14]
(5)	[0.36]
(6)	[0.62]
(7)	[0.2]
(8)	[0.82]
(9)	[0.63]
(10)	[0.91]
]
ProductWeight:[
(1)	[0.47]
(2)	[0.57]
(3)	[0.68]
(4)	[0.54]
(5)	[0.18]
(6)	[0.78]
(7)	[0.39]
(8)	[0.61]
(9)	[0.4]
(10)	[0.9]
]
MapVendorToProduct:[
(1	1)	[1]
(1	2)	[1]
(1	3)	[1]
(1	4)	[1]
(1	5)	[1]
(1	6)	[1]
(1	7)	[1]
(1	8)	[1]
(1	9)	[1]
(1	10)	[1]
]
LeadTimeWarehouseToStores:[
(1	1)	[0]
(1	2)	[0]
(1	3)	[0]
(1	4)	[0]
(1	5)	[0]
]
StoreDemandForFashionProducts:[
(1	1)	[1085]
(1	2)	[1125]
(1	3)	[590]
(1	4)	[1095]
(1	5)	[265]
(1	6)	[430]
(1	7)	[1640]
(1	8)	[1160]
(1	9)	[915]
(1	10)	[990]
(2	1)	[825]
(2	2)	[925]
(2	3)	[1230]
(2	4)	[1110]
(2	5)	[1395]
(2	6)	[150]
(2	7)	[875]
(2	8)	[700]
(2	9)	[855]
(2	10)	[865]
(3	1)	[1200]
(3	2)	[1120]
(3	3)	[370]
(3	4)	[710]
(3	5)	[580]
(3	6)	[935]
(3	7)	[940]
(3	8)	[1060]
(3	9)	[450]
(3	10)	[710]
(4	1)	[575]
(4	2)	[1170]
(4	3)	[1450]
(4	4)	[930]
(4	5)	[775]
(4	6)	[775]
(4	7)	[1080]
(4	8)	[1480]
(4	9)	[630]
(4	10)	[375]
(5	1)	[1230]
(5	2)	[1015]
(5	3)	[1130]
(5	4)	[1110]
(5	5)	[1715]
(5	6)	[1135]
(5	7)	[865]
(5	8)	[870]
(5	9)	[1510]
(5	10)	[850]
]
FixedCostFashionVendorToWarehouse:[
(1	1)	[217.05]
]
Variable_FixedCostFashionVendorToWarehouse:[
(1	1)	[802.19]
]
VariableCostFashionVendorToWarehouse:[
(1	1)	[0.061]
]
FashionProductVolume:[
(1)	[0.06]
(2)	[0.14]
(3)	[0.4]
(4)	[0.2]
(5)	[0.21]
(6)	[0.25]
(7)	[0.96]
(8)	[0.12]
(9)	[0.66]
(10)	[0.33]
]
FashionProductWeight:[
(1)	[0.37]
(2)	[0.63]
(3)	[0.97]
(4)	[0.72]
(5)	[0.69]
(6)	[0.24]
(7)	[0.7]
(8)	[0.32]
(9)	[0.77]
(10)	[0.22]
]
MapFashionVendorToProduct:[
(1	1)	[1]
(1	2)	[1]
(1	3)	[1]
(1	4)	[1]
(1	5)	[1]
(1	6)	[1]
(1	7)	[1]
(1	8)	[1]
(1	9)	[1]
(1	10)	[1]
]
