Printing New Fashion Solution:

Inbound Fashion Solution (V F T):
1	1	1	1730
1	2	1	2290
1	3	1	1645
1	4	1	2025
1	5	1	1785
1	6	1	2130
1	7	1	1860
1	8	1	2305
1	9	1	1820
1	10	1	2335
1	11	1	2275
1	12	1	2020
1	13	1	1765
1	14	1	1970
1	15	1	1975
1	16	1	1950
1	17	1	2010
1	18	1	2245
1	19	1	1590
1	20	1	2135
1	21	1	2205
1	22	1	1930
1	23	1	1915
1	24	1	1600
1	25	1	1650
2	26	4	1870
2	27	4	1780
2	28	4	1685
2	29	4	1870
2	30	4	1810
2	31	4	2265
2	32	4	1920
2	33	4	1915
2	34	4	2290
2	35	4	1805
2	36	4	2330
2	37	4	2265
2	38	4	2130
2	39	4	2445
2	40	4	1965
2	41	4	1860
2	42	4	1855
2	43	4	2020
2	44	4	1780
2	45	4	1915
2	46	4	2290
2	47	4	2070
2	48	4	2465
2	49	4	1905
2	50	4	1820


Outbound Fashion Solution(S F T):
1	1	4	160
1	2	4	190
1	3	2	170
1	4	3	220
1	5	2	135
1	6	3	170
1	7	3	275
1	8	2	185
1	9	3	255
1	10	4	125
1	11	4	235
1	12	4	220
1	13	2	215
1	14	2	220
1	15	3	125
1	16	3	255
1	17	3	140
1	18	4	240
1	19	3	180
1	20	2	65
1	21	2	130
1	22	3	20
1	23	3	85
1	24	4	160
1	25	4	85
1	26	5	215
1	27	5	110
1	28	5	215
1	29	5	195
1	30	5	225
1	31	5	265
1	32	5	340
1	33	5	180
1	34	5	280
1	35	5	85
1	36	5	240
1	37	5	165
1	38	5	220
1	39	5	260
1	40	5	170
1	41	5	220
1	42	5	210
1	43	5	145
1	44	5	210
1	45	5	160
1	46	5	285
1	47	5	250
1	48	5	230
1	49	5	125
1	50	5	95
2	1	4	95
2	2	4	255
2	3	4	250
2	4	4	85
2	5	2	175
2	6	2	160
2	7	3	155
2	8	2	215
2	9	4	185
2	10	4	280
2	11	4	185
2	12	3	155
2	13	2	100
2	14	4	160
2	15	4	195
2	16	3	250
2	17	4	215
2	18	2	45
2	19	2	135
2	20	4	300
2	21	3	230
2	22	3	135
2	23	4	220
2	24	4	140
2	25	4	165
2	26	5	310
2	27	5	195
2	28	5	180
2	29	5	195
2	30	5	195
2	31	5	290
2	32	5	170
2	33	5	240
2	34	5	205
2	35	5	260
2	36	5	130
2	37	5	75
2	38	5	25
2	39	5	160
2	40	5	115
2	41	5	130
2	42	5	105
2	43	5	155
2	44	5	235
2	45	5	235
2	46	5	255
2	47	5	125
2	48	5	320
2	49	5	125
2	50	5	185
3	1	2	165
3	2	4	335
3	3	3	95
3	4	3	230
3	5	2	145
3	6	4	290
3	7	4	240
3	8	4	225
3	9	2	180
3	10	2	215
3	11	4	215
3	12	2	120
3	13	4	230
3	14	4	160
3	15	2	225
3	16	3	240
3	17	4	190
3	18	4	245
3	19	4	325
3	20	2	185
3	21	4	155
3	22	4	160
3	23	2	130
3	24	2	115
3	25	4	165
3	26	5	105
3	27	5	110
3	28	5	315
3	29	5	175
3	30	5	250
3	31	5	160
3	32	5	205
3	33	5	110
3	34	5	265
3	35	5	270
3	36	5	225
3	37	5	195
3	38	5	335
3	39	5	265
3	40	5	240
3	41	5	250
3	42	5	185
3	43	5	270
3	44	5	230
3	45	5	160
3	46	5	110
3	47	5	225
3	48	5	300
3	49	5	365
3	50	5	160
4	1	4	165
4	2	3	260
4	3	4	225
4	4	4	295
4	5	3	310
4	6	4	200
4	7	2	110
4	8	4	220
4	9	3	230
4	10	4	155
4	11	2	210
4	12	4	180
4	13	3	240
4	14	2	315
4	15	2	140
4	16	3	230
4	17	4	295
4	18	3	160
4	19	4	250
4	20	3	230
4	21	3	325
4	22	2	245
4	23	3	370
4	24	3	55
4	25	3	260
4	26	5	215
4	27	5	100
4	28	5	150
4	29	5	125
4	30	5	205
4	31	5	170
4	32	5	175
4	33	5	245
4	34	5	250
4	35	5	200
4	36	5	275
4	37	5	160
4	38	5	230
4	39	5	225
4	40	5	215
4	41	5	245
4	42	5	210
4	43	5	100
4	44	5	190
4	45	5	210
4	46	5	210
4	47	5	310
4	48	5	275
4	49	5	250
4	50	5	195
5	1	3	255
5	2	4	295
5	3	3	50
5	4	4	325
5	5	2	210
5	6	2	275
5	7	3	95
5	8	2	340
5	9	3	210
5	10	4	385
5	11	3	175
5	12	3	195
5	13	2	200
5	14	4	95
5	15	2	110
5	16	3	165
5	17	4	185
5	18	3	365
5	19	3	55
5	20	2	155
5	21	3	140
5	22	3	215
5	23	3	245
5	24	2	80
5	25	4	225
5	26	5	305
5	27	5	155
5	28	5	40
5	29	5	235
5	30	5	115
5	31	5	235
5	32	5	105
5	33	5	175
5	34	5	155
5	35	5	35
5	36	5	325
5	37	5	115
5	38	5	155
5	39	5	95
5	40	5	295
5	41	5	325
5	42	5	65
5	43	5	55
5	44	5	180
5	45	5	155
5	46	5	295
5	47	5	160
5	48	5	380
5	49	5	250
5	50	5	185
6	1	3	215
6	2	2	190
6	3	2	170
6	4	2	175
6	5	3	160
6	6	2	170
6	7	3	250
6	8	2	185
6	9	3	100
6	10	2	320
6	11	3	355
6	12	2	175
6	13	3	120
6	14	3	125
6	15	3	240
6	16	2	235
6	17	3	280
6	18	3	225
6	19	3	85
6	20	3	285
6	21	2	225
6	22	2	190
6	23	2	50
6	24	3	385
6	25	3	155
6	26	5	250
6	27	5	280
6	28	5	220
6	29	5	185
6	30	5	135
6	31	5	190
6	32	5	180
6	33	5	135
6	34	5	230
6	35	5	160
6	36	5	60
6	37	5	115
6	38	5	190
6	39	5	405
6	40	5	235
6	41	5	235
6	42	5	265
6	43	5	350
6	44	5	100
6	45	5	55
6	46	5	110
6	47	5	165
6	48	5	160
6	49	5	240
6	50	5	230
7	1	3	270
7	2	3	190
7	3	4	235
7	4	2	245
7	5	2	80
7	6	3	235
7	7	4	125
7	8	4	105
7	9	2	30
7	10	3	65
7	11	3	195
7	12	2	270
7	13	3	225
7	14	3	215
7	15	3	315
7	16	3	200
7	17	3	240
7	18	4	280
7	19	4	140
7	20	4	230
7	21	4	270
7	22	4	270
7	23	4	215
7	24	3	190
7	25	4	105
7	27	5	250
7	28	5	80
7	29	5	220
7	30	5	145
7	31	5	280
7	32	5	195
7	33	5	290
7	34	5	190
7	35	5	170
7	36	5	300
7	37	5	315
7	38	5	340
7	39	5	355
7	40	5	255
7	41	5	130
7	42	5	240
7	43	5	110
7	44	5	85
7	45	5	160
7	46	5	320
7	47	5	180
7	48	5	125
7	49	5	110
7	50	5	175
8	1	3	135
8	2	4	125
8	3	3	90
8	4	3	255
8	5	4	235
8	6	2	125
8	7	3	220
8	8	3	265
8	9	4	135
8	10	3	225
8	11	2	150
8	12	3	115
8	13	3	195
8	14	4	170
8	15	4	225
8	16	3	95
8	17	4	115
8	18	4	195
8	19	4	175
8	20	3	325
8	21	3	240
8	22	2	160
8	23	3	200
8	24	2	215
8	25	3	175
8	26	5	205
8	27	5	230
8	28	5	210
8	29	5	200
8	30	5	165
8	31	5	185
8	32	5	130
8	33	5	195
8	34	5	280
8	35	5	250
8	36	5	285
8	37	5	405
8	38	5	210
8	39	5	215
8	40	5	165
8	41	5	75
8	42	5	165
8	43	5	240
8	44	5	170
8	45	5	210
8	46	5	235
8	47	5	270
8	48	5	100
8	49	5	50
8	50	5	160
9	1	2	185
9	2	2	250
9	3	2	95
9	4	3	130
9	5	4	145
9	6	3	140
9	7	2	215
9	8	4	275
9	9	2	255
9	10	4	485
9	11	2	280
9	12	2	375
9	13	2	150
9	14	4	335
9	15	2	260
9	16	2	105
9	17	4	235
9	18	4	315
9	19	2	60
9	20	2	190
9	21	4	315
9	22	4	350
9	23	2	190
9	24	3	10
9	25	3	135
9	26	5	140
9	27	5	125
9	28	5	80
9	29	5	110
9	30	5	200
9	31	5	215
9	32	5	270
9	33	5	145
9	34	5	215
9	35	5	310
9	36	5	155
9	37	5	180
9	38	5	190
9	39	5	250
9	40	5	195
9	41	5	145
9	42	5	230
9	43	5	305
9	44	5	195
9	45	5	260
9	46	5	200
9	47	5	120
9	48	5	340
9	49	5	230
9	50	5	295
10	1	3	85
10	2	3	200
10	3	4	265
10	4	3	65
10	5	4	190
10	6	3	365
10	7	4	175
10	8	4	290
10	9	4	240
10	10	2	80
10	11	4	275
10	12	4	215
10	13	3	90
10	14	3	175
10	15	4	140
10	16	3	175
10	17	3	115
10	18	3	175
10	19	3	185
10	20	3	170
10	21	3	175
10	22	2	185
10	23	2	210
10	24	3	250
10	25	3	180
10	26	5	125
10	27	5	225
10	28	5	195
10	29	5	230
10	30	5	175
10	31	5	275
10	32	5	150
10	33	5	200
10	34	5	220
10	35	5	65
10	36	5	335
10	37	5	540
10	38	5	235
10	39	5	215
10	40	5	80
10	41	5	105
10	42	5	180
10	43	5	290
10	44	5	185
10	45	5	310
10	46	5	270
10	47	5	265
10	48	5	235
10	49	5	160
10	50	5	140


Warehouse Fashion Inventory (W F T):
1	1730		1380		420		0		0	
2	2290		1850		1200		0		0	
3	1645		1210		975		0		0	
4	2025		1605		705		0		0	
5	1785		1040		570		0		0	
6	2130		1400		490		0		0	
7	1860		1535		540		0		0	
8	2305		1380		1115		0		0	
9	1820		1355		560		0		0	
10	2335		1720		1430		0		0	
11	2275		1635		910		0		0	
12	2020		1080		615		0		0	
13	1765		1100		230		0		0	
14	1970		1435		920		0		0	
15	1975		1240		560		0		0	
16	1950		1610		0		0		0	
17	2010		2010		1235		0		0	
18	2245		2200		1275		0		0	
19	1590		1395		890		0		0	
20	2135		1540		530		0		0	
21	2205		1850		740		0		0	
22	1930		1150		780		0		0	
23	1915		1335		435		0		0	
24	1600		1190		300		0		0	
25	1650		1650		745		0		0	
26	0		0		0		1870		0	
27	0		0		0		1780		0	
28	0		0		0		1685		0	
29	0		0		0		1870		0	
30	0		0		0		1810		0	
31	0		0		0		2265		0	
32	0		0		0		1920		0	
33	0		0		0		1915		0	
34	0		0		0		2290		0	
35	0		0		0		1805		0	
36	0		0		0		2330		0	
37	0		0		0		2265		0	
38	0		0		0		2130		0	
39	0		0		0		2445		0	
40	0		0		0		1965		0	
41	0		0		0		1860		0	
42	0		0		0		1855		0	
43	0		0		0		2020		0	
44	0		0		0		1780		0	
45	0		0		0		1915		0	
46	0		0		0		2290		0	
47	0		0		0		2070		0	
48	0		0		0		2465		0	
49	0		0		0		1905		0	
50	0		0		0		1820		0	

Store Fashion Inventory (S F T):
Store1
1	0		0		160		160	
2	0		0		190		190	
3	170		170		170		170	
4	0		220		220		220	
5	135		135		135		135	
6	0		170		170		170	
7	0		275		275		275	
8	185		185		185		185	
9	0		255		255		255	
10	0		0		125		125	
11	0		0		235		235	
12	0		0		220		220	
13	215		215		215		215	
14	220		220		220		220	
15	0		125		125		125	
16	0		255		255		255	
17	0		140		140		140	
18	0		0		240		240	
19	0		180		180		180	
20	65		65		65		65	
21	130		130		130		130	
22	0		20		20		20	
23	0		85		85		85	
24	0		0		160		160	
25	0		0		85		85	
26	0		0		0		215	
27	0		0		0		110	
28	0		0		0		215	
29	0		0		0		195	
30	0		0		0		225	
31	0		0		0		265	
32	0		0		0		340	
33	0		0		0		180	
34	0		0		0		280	
35	0		0		0		85	
36	0		0		0		240	
37	0		0		0		165	
38	0		0		0		220	
39	0		0		0		260	
40	0		0		0		170	
41	0		0		0		220	
42	0		0		0		210	
43	0		0		0		145	
44	0		0		0		210	
45	0		0		0		160	
46	0		0		0		285	
47	0		0		0		250	
48	0		0		0		230	
49	0		0		0		125	
50	0		0		0		95	
Store2
1	0		0		95		95	
2	0		0		255		255	
3	0		0		250		250	
4	0		0		85		85	
5	175		175		175		175	
6	160		160		160		160	
7	0		155		155		155	
8	215		215		215		215	
9	0		0		185		185	
10	0		0		280		280	
11	0		0		185		185	
12	0		155		155		155	
13	100		100		100		100	
14	0		0		160		160	
15	0		0		195		195	
16	0		250		250		250	
17	0		0		215		215	
18	45		45		45		45	
19	135		135		135		135	
20	0		0		300		300	
21	0		230		230		230	
22	0		135		135		135	
23	0		0		220		220	
24	0		0		140		140	
25	0		0		165		165	
26	0		0		0		310	
27	0		0		0		195	
28	0		0		0		180	
29	0		0		0		195	
30	0		0		0		195	
31	0		0		0		290	
32	0		0		0		170	
33	0		0		0		240	
34	0		0		0		205	
35	0		0		0		260	
36	0		0		0		130	
37	0		0		0		75	
38	0		0		0		25	
39	0		0		0		160	
40	0		0		0		115	
41	0		0		0		130	
42	0		0		0		105	
43	0		0		0		155	
44	0		0		0		235	
45	0		0		0		235	
46	0		0		0		255	
47	0		0		0		125	
48	0		0		0		320	
49	0		0		0		125	
50	0		0		0		185	
Store3
1	165		165		165		165	
2	0		0		335		335	
3	0		95		95		95	
4	0		230		230		230	
5	145		145		145		145	
6	0		0		290		290	
7	0		0		240		240	
8	0		0		225		225	
9	180		180		180		180	
10	215		215		215		215	
11	0		0		215		215	
12	120		120		120		120	
13	0		0		230		230	
14	0		0		160		160	
15	225		225		225		225	
16	0		240		240		240	
17	0		0		190		190	
18	0		0		245		245	
19	0		0		325		325	
20	185		185		185		185	
21	0		0		155		155	
22	0		0		160		160	
23	130		130		130		130	
24	115		115		115		115	
25	0		0		165		165	
26	0		0		0		105	
27	0		0		0		110	
28	0		0		0		315	
29	0		0		0		175	
30	0		0		0		250	
31	0		0		0		160	
32	0		0		0		205	
33	0		0		0		110	
34	0		0		0		265	
35	0		0		0		270	
36	0		0		0		225	
37	0		0		0		195	
38	0		0		0		335	
39	0		0		0		265	
40	0		0		0		240	
41	0		0		0		250	
42	0		0		0		185	
43	0		0		0		270	
44	0		0		0		230	
45	0		0		0		160	
46	0		0		0		110	
47	0		0		0		225	
48	0		0		0		300	
49	0		0		0		365	
50	0		0		0		160	
Store4
1	0		0		165		165	
2	0		260		260		260	
3	0		0		225		225	
4	0		0		295		295	
5	0		310		310		310	
6	0		0		200		200	
7	110		110		110		110	
8	0		0		220		220	
9	0		230		230		230	
10	0		0		155		155	
11	210		210		210		210	
12	0		0		180		180	
13	0		240		240		240	
14	315		315		315		315	
15	140		140		140		140	
16	0		230		230		230	
17	0		0		295		295	
18	0		160		160		160	
19	0		0		250		250	
20	0		230		230		230	
21	0		325		325		325	
22	245		245		245		245	
23	0		370		370		370	
24	0		55		55		55	
25	0		260		260		260	
26	0		0		0		215	
27	0		0		0		100	
28	0		0		0		150	
29	0		0		0		125	
30	0		0		0		205	
31	0		0		0		170	
32	0		0		0		175	
33	0		0		0		245	
34	0		0		0		250	
35	0		0		0		200	
36	0		0		0		275	
37	0		0		0		160	
38	0		0		0		230	
39	0		0		0		225	
40	0		0		0		215	
41	0		0		0		245	
42	0		0		0		210	
43	0		0		0		100	
44	0		0		0		190	
45	0		0		0		210	
46	0		0		0		210	
47	0		0		0		310	
48	0		0		0		275	
49	0		0		0		250	
50	0		0		0		195	
Store5
1	0		255		255		255	
2	0		0		295		295	
3	0		50		50		50	
4	0		0		325		325	
5	210		210		210		210	
6	275		275		275		275	
7	0		95		95		95	
8	340		340		340		340	
9	0		210		210		210	
10	0		0		385		385	
11	0		175		175		175	
12	0		195		195		195	
13	200		200		200		200	
14	0		0		95		95	
15	110		110		110		110	
16	0		165		165		165	
17	0		0		185		185	
18	0		365		365		365	
19	0		55		55		55	
20	155		155		155		155	
21	0		140		140		140	
22	0		215		215		215	
23	0		245		245		245	
24	80		80		80		80	
25	0		0		225		225	
26	0		0		0		305	
27	0		0		0		155	
28	0		0		0		40	
29	0		0		0		235	
30	0		0		0		115	
31	0		0		0		235	
32	0		0		0		105	
33	0		0		0		175	
34	0		0		0		155	
35	0		0		0		35	
36	0		0		0		325	
37	0		0		0		115	
38	0		0		0		155	
39	0		0		0		95	
40	0		0		0		295	
41	0		0		0		325	
42	0		0		0		65	
43	0		0		0		55	
44	0		0		0		180	
45	0		0		0		155	
46	0		0		0		295	
47	0		0		0		160	
48	0		0		0		380	
49	0		0		0		250	
50	0		0		0		185	
Store6
1	0		215		215		215	
2	190		190		190		190	
3	170		170		170		170	
4	175		175		175		175	
5	0		160		160		160	
6	170		170		170		170	
7	0		250		250		250	
8	185		185		185		185	
9	0		100		100		100	
10	320		320		320		320	
11	0		355		355		355	
12	175		175		175		175	
13	0		120		120		120	
14	0		125		125		125	
15	0		240		240		240	
16	235		235		235		235	
17	0		280		280		280	
18	0		225		225		225	
19	0		85		85		85	
20	0		285		285		285	
21	225		225		225		225	
22	190		190		190		190	
23	50		50		50		50	
24	0		385		385		385	
25	0		155		155		155	
26	0		0		0		250	
27	0		0		0		280	
28	0		0		0		220	
29	0		0		0		185	
30	0		0		0		135	
31	0		0		0		190	
32	0		0		0		180	
33	0		0		0		135	
34	0		0		0		230	
35	0		0		0		160	
36	0		0		0		60	
37	0		0		0		115	
38	0		0		0		190	
39	0		0		0		405	
40	0		0		0		235	
41	0		0		0		235	
42	0		0		0		265	
43	0		0		0		350	
44	0		0		0		100	
45	0		0		0		55	
46	0		0		0		110	
47	0		0		0		165	
48	0		0		0		160	
49	0		0		0		240	
50	0		0		0		230	
Store7
1	0		270		270		270	
2	0		190		190		190	
3	0		0		235		235	
4	245		245		245		245	
5	80		80		80		80	
6	0		235		235		235	
7	0		0		125		125	
8	0		0		105		105	
9	30		30		30		30	
10	0		65		65		65	
11	0		195		195		195	
12	270		270		270		270	
13	0		225		225		225	
14	0		215		215		215	
15	0		315		315		315	
16	0		200		200		200	
17	0		240		240		240	
18	0		0		280		280	
19	0		0		140		140	
20	0		0		230		230	
21	0		0		270		270	
22	0		0		270		270	
23	0		0		215		215	
24	0		190		190		190	
25	0		0		105		105	
26	0		0		0		0	
27	0		0		0		250	
28	0		0		0		80	
29	0		0		0		220	
30	0		0		0		145	
31	0		0		0		280	
32	0		0		0		195	
33	0		0		0		290	
34	0		0		0		190	
35	0		0		0		170	
36	0		0		0		300	
37	0		0		0		315	
38	0		0		0		340	
39	0		0		0		355	
40	0		0		0		255	
41	0		0		0		130	
42	0		0		0		240	
43	0		0		0		110	
44	0		0		0		85	
45	0		0		0		160	
46	0		0		0		320	
47	0		0		0		180	
48	0		0		0		125	
49	0		0		0		110	
50	0		0		0		175	
Store8
1	0		135		135		135	
2	0		0		125		125	
3	0		90		90		90	
4	0		255		255		255	
5	0		0		235		235	
6	125		125		125		125	
7	0		220		220		220	
8	0		265		265		265	
9	0		0		135		135	
10	0		225		225		225	
11	150		150		150		150	
12	0		115		115		115	
13	0		195		195		195	
14	0		0		170		170	
15	0		0		225		225	
16	0		95		95		95	
17	0		0		115		115	
18	0		0		195		195	
19	0		0		175		175	
20	0		325		325		325	
21	0		240		240		240	
22	160		160		160		160	
23	0		200		200		200	
24	215		215		215		215	
25	0		175		175		175	
26	0		0		0		205	
27	0		0		0		230	
28	0		0		0		210	
29	0		0		0		200	
30	0		0		0		165	
31	0		0		0		185	
32	0		0		0		130	
33	0		0		0		195	
34	0		0		0		280	
35	0		0		0		250	
36	0		0		0		285	
37	0		0		0		405	
38	0		0		0		210	
39	0		0		0		215	
40	0		0		0		165	
41	0		0		0		75	
42	0		0		0		165	
43	0		0		0		240	
44	0		0		0		170	
45	0		0		0		210	
46	0		0		0		235	
47	0		0		0		270	
48	0		0		0		100	
49	0		0		0		50	
50	0		0		0		160	
Store9
1	185		185		185		185	
2	250		250		250		250	
3	95		95		95		95	
4	0		130		130		130	
5	0		0		145		145	
6	0		140		140		140	
7	215		215		215		215	
8	0		0		275		275	
9	255		255		255		255	
10	0		0		485		485	
11	280		280		280		280	
12	375		375		375		375	
13	150		150		150		150	
14	0		0		335		335	
15	260		260		260		260	
16	105		105		105		105	
17	0		0		235		235	
18	0		0		315		315	
19	60		60		60		60	
20	190		190		190		190	
21	0		0		315		315	
22	0		0		350		350	
23	190		190		190		190	
24	0		10		10		10	
25	0		135		135		135	
26	0		0		0		140	
27	0		0		0		125	
28	0		0		0		80	
29	0		0		0		110	
30	0		0		0		200	
31	0		0		0		215	
32	0		0		0		270	
33	0		0		0		145	
34	0		0		0		215	
35	0		0		0		310	
36	0		0		0		155	
37	0		0		0		180	
38	0		0		0		190	
39	0		0		0		250	
40	0		0		0		195	
41	0		0		0		145	
42	0		0		0		230	
43	0		0		0		305	
44	0		0		0		195	
45	0		0		0		260	
46	0		0		0		200	
47	0		0		0		120	
48	0		0		0		340	
49	0		0		0		230	
50	0		0		0		295	
Store10
1	0		85		85		85	
2	0		200		200		200	
3	0		0		265		265	
4	0		65		65		65	
5	0		0		190		190	
6	0		365		365		365	
7	0		0		175		175	
8	0		0		290		290	
9	0		0		240		240	
10	80		80		80		80	
11	0		0		275		275	
12	0		0		215		215	
13	0		90		90		90	
14	0		175		175		175	
15	0		0		140		140	
16	0		175		175		175	
17	0		115		115		115	
18	0		175		175		175	
19	0		185		185		185	
20	0		170		170		170	
21	0		175		175		175	
22	185		185		185		185	
23	210		210		210		210	
24	0		250		250		250	
25	0		180		180		180	
26	0		0		0		125	
27	0		0		0		225	
28	0		0		0		195	
29	0		0		0		230	
30	0		0		0		175	
31	0		0		0		275	
32	0		0		0		150	
33	0		0		0		200	
34	0		0		0		220	
35	0		0		0		65	
36	0		0		0		335	
37	0		0		0		540	
38	0		0		0		235	
39	0		0		0		215	
40	0		0		0		80	
41	0		0		0		105	
42	0		0		0		180	
43	0		0		0		290	
44	0		0		0		185	
45	0		0		0		310	
46	0		0		0		270	
47	0		0		0		265	
48	0		0		0		235	
49	0		0		0		160	
50	0		0		0		140	


Fashion Shipments from Vendor to Warehouse (V T):
1.771933	0	0	0	
0	0	0	1.942867	

Printing New Basic Solution:

Inbound Solution (V P T):
1	1	2	194
1	1	5	1748
1	2	2	1594
1	2	5	399
1	3	2	191
1	3	5	1725
1	4	2	1598
1	4	5	400
1	5	2	1902
1	5	5	212
1	6	2	1135
1	6	5	758
1	7	2	1055
1	7	5	1056
1	8	2	1992
1	8	5	222
1	9	2	1183
1	9	5	789
1	10	2	1907
1	10	5	212
1	11	2	1312
1	11	5	563
1	12	2	389
1	12	5	1557
1	13	2	842
1	13	5	1265
1	14	2	2114
1	15	2	416
1	15	5	1667
1	16	2	180
1	16	5	1628
2	17	2	1660
2	17	3	184
2	18	2	650
2	18	3	1516
2	19	2	777
2	19	3	1164
2	20	2	665
2	20	3	1551
2	21	2	1912
2	22	2	735
2	22	3	1102
2	23	2	193
2	23	3	1734
2	24	2	1401
2	24	3	600
2	25	2	838
2	25	3	1256
2	26	2	1442
2	26	3	617
2	27	2	972
2	27	3	971
2	28	2	875
2	28	3	874
2	29	2	607
2	29	3	1415
2	30	3	2005
2	31	2	969
2	31	3	968
2	32	2	1387
2	32	3	594
3	33	3	1205
3	33	5	714
3	34	3	1333
3	34	5	804
3	35	3	1210
3	35	5	761
3	36	3	1193
3	36	5	830
3	37	3	1059
3	37	5	778
3	38	3	1105
3	38	5	835
3	39	3	1137
3	39	5	880
3	40	3	1179
3	40	5	721
3	41	3	1066
3	41	5	944
3	42	3	1056
3	42	5	729
3	43	3	1077
3	43	5	763
3	44	3	1252
3	44	5	666
3	45	3	1323
3	45	5	808
3	46	3	1248
3	46	5	827
3	47	3	1309
3	47	5	771
3	48	3	1105
3	48	5	802
3	49	3	1222
3	49	5	762
3	50	3	1210
3	50	5	850


Outbound Solution(S P T):
1	1	2	12
1	1	3	57
1	1	4	114
1	2	2	48
1	2	3	34
1	2	4	106
1	3	2	34
1	3	3	28
1	3	4	92
1	4	2	40
1	4	3	74
1	4	4	110
1	5	2	54
1	5	3	41
1	5	4	81
1	6	2	64
1	6	3	25
1	6	4	107
1	7	2	55
1	7	3	50
1	7	4	67
1	8	2	68
1	8	3	37
1	8	4	119
1	9	2	45
1	9	3	46
1	9	4	112
1	10	2	49
1	10	3	52
1	10	4	112
1	11	2	40
1	11	3	28
1	11	4	93
1	12	2	30
1	12	3	33
1	12	4	123
1	13	2	17
1	13	3	48
1	13	4	128
1	14	2	40
1	14	3	33
1	14	4	138
1	15	2	50
1	15	3	58
1	15	4	137
1	16	2	42
1	16	3	27
1	16	4	115
1	17	2	57
1	17	3	9
1	17	4	77
1	18	2	20
1	18	3	63
1	18	4	157
1	19	2	18
1	19	3	36
1	19	4	124
1	20	2	63
1	20	3	43
1	20	4	138
1	21	2	49
1	21	3	34
1	21	4	121
1	22	2	33
1	22	3	49
1	22	4	76
1	23	2	80
1	23	3	17
1	23	4	113
1	24	2	21
1	24	4	95
1	25	2	39
1	25	3	24
1	25	4	181
1	26	2	57
1	26	3	57
1	26	4	49
1	27	2	26
1	27	3	51
1	27	4	83
1	28	2	23
1	28	3	36
1	28	4	67
1	29	2	54
1	29	3	10
1	29	4	138
1	30	2	41
1	30	3	39
1	30	4	122
1	31	2	14
1	31	3	55
1	31	4	109
1	32	2	41
1	32	3	57
1	32	4	115
1	33	2	46
1	33	3	42
1	33	4	124
1	34	2	32
1	34	3	41
1	34	4	123
1	35	2	37
1	35	3	28
1	35	4	134
1	36	2	52
1	36	3	53
1	36	4	77
1	37	2	19
1	37	3	55
1	37	4	129
1	38	2	41
1	38	3	34
1	38	4	117
1	39	2	46
1	39	3	39
1	39	4	123
1	40	2	54
1	40	3	45
1	40	4	109
1	41	2	23
1	41	3	29
1	41	4	120
1	42	2	52
1	42	3	6
1	42	4	94
1	43	2	10
1	43	3	49
1	43	4	115
1	44	2	48
1	44	3	48
1	44	4	65
1	45	2	47
1	45	3	41
1	45	4	102
1	46	2	59
1	46	3	63
1	46	4	129
1	47	2	45
1	47	3	42
1	47	4	89
1	48	2	52
1	48	3	64
1	48	4	162
1	49	2	35
1	49	3	57
1	49	4	107
1	50	2	41
1	50	3	42
1	50	4	143
2	1	2	100
2	1	3	53
2	1	5	104
2	2	2	59
2	2	3	62
2	2	5	82
2	3	2	84
2	3	3	68
2	3	5	95
2	4	2	76
2	4	3	31
2	4	5	45
2	5	2	112
2	5	3	68
2	5	5	69
2	6	2	96
2	6	3	50
2	6	5	33
2	7	2	130
2	7	3	40
2	7	5	127
2	8	2	89
2	8	3	59
2	8	5	95
2	9	2	59
2	9	3	42
2	9	5	128
2	10	2	99
2	10	3	59
2	10	5	64
2	11	2	92
2	11	3	46
2	11	5	20
2	12	2	73
2	12	3	54
2	12	5	69
2	13	2	94
2	13	3	66
2	13	5	64
2	14	2	102
2	14	3	14
2	14	5	121
2	15	2	85
2	15	3	55
2	15	5	89
2	16	2	44
2	16	3	47
2	16	5	44
2	17	2	75
2	17	3	34
2	17	5	56
2	18	2	64
2	18	3	68
2	18	5	87
2	19	2	62
2	19	3	10
2	19	5	42
2	20	2	69
2	20	3	52
2	20	5	64
2	21	2	117
2	21	3	10
2	21	5	60
2	22	2	115
2	22	3	61
2	22	5	50
2	23	2	52
2	23	3	45
2	23	5	58
2	24	2	67
2	24	3	27
2	24	5	93
2	25	2	60
2	25	3	34
2	25	5	92
2	26	2	88
2	26	3	55
2	26	5	84
2	27	2	99
2	27	3	30
2	27	5	80
2	28	2	78
2	28	3	58
2	28	5	141
2	29	2	74
2	29	3	53
2	29	5	93
2	30	2	98
2	30	3	12
2	30	5	114
2	31	2	55
2	31	3	40
2	31	5	53
2	32	2	83
2	32	3	53
2	32	5	111
2	33	2	74
2	33	3	16
2	33	5	13
2	34	2	80
2	34	3	33
2	34	5	81
2	35	2	64
2	35	3	47
2	35	5	70
2	36	2	70
2	36	3	34
2	36	5	109
2	37	2	30
2	37	3	31
2	37	5	123
2	38	2	53
2	38	3	26
2	38	5	107
2	39	2	96
2	39	3	10
2	39	5	81
2	40	2	54
2	40	3	26
2	40	5	77
2	41	2	78
2	41	3	39
2	41	5	108
2	42	2	37
2	42	3	54
2	42	5	40
2	43	2	57
2	43	3	35
2	43	5	51
2	44	2	115
2	44	3	45
2	44	5	34
2	45	2	74
2	45	3	28
2	45	5	64
2	46	2	46
2	46	3	34
2	46	5	85
2	47	2	59
2	47	3	46
2	47	5	44
2	48	2	74
2	48	3	25
2	48	5	67
2	49	2	87
2	49	3	19
2	49	5	99
2	50	2	72
2	50	3	37
2	50	5	62
3	1	2	51
3	1	3	46
3	1	4	47
3	1	5	63
3	2	2	14
3	2	3	27
3	2	4	43
3	2	5	87
3	3	2	42
3	3	3	24
3	3	4	40
3	3	5	82
3	4	2	54
3	4	3	35
3	4	4	43
3	4	5	47
3	5	2	45
3	5	3	49
3	5	4	46
3	5	5	104
3	6	2	39
3	6	3	42
3	6	4	27
3	6	5	48
3	7	2	25
3	7	3	40
3	7	4	29
3	7	5	62
3	8	2	58
3	8	3	35
3	8	4	63
3	8	5	87
3	9	2	41
3	9	3	31
3	9	4	44
3	9	5	58
3	10	2	24
3	10	3	28
3	10	4	41
3	10	5	89
3	11	2	25
3	11	3	32
3	11	4	61
3	11	5	125
3	12	2	40
3	12	3	33
3	12	4	36
3	12	5	66
3	13	2	18
3	13	3	48
3	13	4	39
3	13	5	93
3	14	2	72
3	14	3	31
3	14	4	37
3	14	5	113
3	15	2	37
3	15	3	40
3	15	4	74
3	15	5	35
3	16	2	55
3	16	3	15
3	16	4	61
3	16	5	70
3	17	2	34
3	17	3	14
3	17	4	22
3	17	5	47
3	18	2	37
3	18	3	30
3	18	4	37
3	18	5	75
3	19	2	23
3	19	3	42
3	19	4	46
3	19	5	98
3	20	2	68
3	20	3	49
3	20	4	41
3	20	5	98
3	21	2	49
3	21	3	17
3	21	4	26
3	21	5	61
3	22	2	22
3	22	3	27
3	22	5	59
3	23	2	43
3	23	3	39
3	23	4	50
3	23	5	56
3	24	2	53
3	24	3	32
3	24	4	17
3	24	5	118
3	25	2	53
3	25	3	56
3	25	4	13
3	25	5	101
3	26	2	29
3	26	3	44
3	26	4	29
3	26	5	131
3	27	2	55
3	27	3	48
3	27	4	16
3	27	5	41
3	28	2	13
3	28	3	21
3	28	4	37
3	28	5	71
3	29	2	38
3	29	3	25
3	29	4	27
3	29	5	92
3	30	2	57
3	30	3	30
3	30	4	57
3	30	5	73
3	31	2	34
3	31	3	32
3	31	4	41
3	31	5	83
3	32	2	13
3	32	3	19
3	32	4	20
3	32	5	62
3	33	2	87
3	33	3	63
3	33	4	17
3	33	5	61
3	34	2	51
3	34	3	29
3	34	4	51
3	34	5	63
3	35	2	52
3	35	3	51
3	35	4	43
3	35	5	20
3	36	2	19
3	36	3	37
3	36	4	60
3	36	5	101
3	37	2	27
3	37	3	41
3	37	4	30
3	37	5	75
3	38	2	50
3	38	3	38
3	38	4	39
3	38	5	74
3	39	2	45
3	39	3	33
3	39	4	41
3	39	5	88
3	40	2	54
3	40	3	49
3	40	4	20
3	40	5	85
3	41	2	33
3	41	3	9
3	41	4	56
3	41	5	96
3	42	2	20
3	42	3	17
3	42	4	30
3	42	5	67
3	43	2	11
3	43	3	36
3	43	4	63
3	43	5	106
3	44	2	72
3	44	3	45
3	44	4	8
3	44	5	64
3	45	2	56
3	45	3	60
3	45	4	54
3	45	5	80
3	46	2	35
3	46	3	44
3	46	4	43
3	46	5	72
3	47	2	62
3	47	3	68
3	47	4	66
3	47	5	133
3	48	2	52
3	48	3	51
3	48	4	40
3	48	5	52
3	49	2	19
3	49	3	52
3	49	4	78
3	49	5	100
3	50	2	47
3	50	3	33
3	50	4	18
3	50	5	63
4	1	2	20
4	1	3	125
4	1	5	67
4	2	2	62
4	2	3	103
4	2	5	108
4	3	2	48
4	3	3	77
4	3	5	76
4	4	2	23
4	4	3	51
4	4	5	97
4	5	2	30
4	5	3	69
4	5	5	119
4	6	2	53
4	6	3	81
4	6	5	77
4	7	2	59
4	7	3	75
4	7	5	90
4	8	2	49
4	8	3	69
4	8	5	54
4	9	2	26
4	9	3	88
4	9	5	73
4	10	2	45
4	10	3	119
4	10	5	108
4	11	3	76
4	11	5	53
4	12	2	49
4	12	3	57
4	12	5	79
4	13	2	22
4	13	3	49
4	13	5	120
4	14	2	42
4	14	3	115
4	14	5	104
4	15	2	30
4	15	3	101
4	15	5	67
4	16	2	38
4	16	3	126
4	16	5	54
4	17	2	19
4	17	3	97
4	17	5	89
4	18	2	11
4	18	3	135
4	18	5	44
4	19	2	63
4	19	3	109
4	19	5	102
4	20	2	38
4	20	3	125
4	20	5	101
4	21	2	36
4	21	3	79
4	21	5	48
4	22	2	33
4	22	3	72
4	22	5	109
4	23	2	37
4	23	3	85
4	23	5	78
4	24	2	49
4	24	3	93
4	24	5	62
4	25	2	37
4	25	3	62
4	25	5	103
4	26	2	38
4	26	3	82
4	26	5	66
4	27	2	54
4	27	3	68
4	27	5	73
4	28	2	58
4	28	3	61
4	28	5	83
4	29	2	69
4	29	3	65
4	29	5	91
4	30	2	39
4	30	3	86
4	30	5	101
4	31	2	47
4	31	3	105
4	31	5	74
4	32	2	21
4	32	3	90
4	32	5	59
4	33	2	52
4	33	3	80
4	33	5	37
4	34	2	49
4	34	3	105
4	34	5	87
4	35	2	16
4	35	3	77
4	35	5	82
4	36	2	33
4	36	3	88
4	36	5	76
4	37	2	48
4	37	3	47
4	37	5	92
4	38	2	23
4	38	3	89
4	38	5	136
4	39	2	40
4	39	3	83
4	39	5	67
4	40	2	29
4	40	3	97
4	40	5	74
4	41	2	62
4	41	3	62
4	41	5	87
4	42	2	56
4	42	3	66
4	42	5	70
4	43	2	37
4	43	3	93
4	43	5	41
4	44	2	48
4	44	3	70
4	44	5	83
4	45	2	19
4	45	3	96
4	45	5	74
4	46	2	54
4	46	3	73
4	46	5	110
4	47	2	48
4	47	3	76
4	47	5	60
4	48	2	43
4	48	3	44
4	48	5	87
4	49	2	35
4	49	3	70
4	49	5	21
4	50	2	28
4	50	3	79
4	50	5	145
5	1	2	37
5	1	3	40
5	1	5	82
5	2	2	22
5	2	3	53
5	2	5	64
5	3	2	11
5	3	3	113
5	3	5	94
5	4	2	24
5	4	3	88
5	4	5	68
5	5	2	27
5	5	3	63
5	5	5	74
5	6	2	40
5	6	3	92
5	6	5	66
5	7	2	30
5	7	3	57
5	7	5	81
5	8	2	56
5	8	3	100
5	8	5	90
5	9	2	24
5	9	3	42
5	9	5	73
5	10	2	56
5	10	3	107
5	10	5	74
5	11	2	22
5	11	3	52
5	11	5	90
5	12	2	44
5	12	3	110
5	12	5	72
5	13	2	45
5	13	3	127
5	13	5	104
5	14	2	31
5	14	3	103
5	14	5	50
5	15	2	28
5	15	3	87
5	15	5	62
5	16	2	56
5	16	3	41
5	16	5	66
5	17	2	35
5	17	3	100
5	17	5	82
5	18	2	53
5	18	3	74
5	18	5	135
5	19	2	55
5	19	3	48
5	19	5	117
5	20	2	51
5	20	3	114
5	20	5	41
5	21	2	42
5	21	3	76
5	21	5	88
5	22	2	17
5	22	3	76
5	22	5	65
5	23	2	42
5	23	3	31
5	23	5	76
5	24	2	53
5	24	3	84
5	24	5	70
5	25	2	52
5	25	3	114
5	25	5	65
5	26	2	17
5	26	3	74
5	26	5	89
5	27	2	36
5	27	3	108
5	27	5	73
5	28	2	32
5	28	3	79
5	28	5	64
5	29	2	47
5	29	3	62
5	29	5	64
5	30	2	43
5	30	3	43
5	30	5	61
5	31	2	29
5	31	3	112
5	31	5	93
5	32	2	35
5	32	3	107
5	32	5	61
5	33	3	83
5	33	5	57
5	34	2	38
5	34	3	55
5	34	5	34
5	35	2	22
5	35	3	96
5	35	5	74
5	36	2	42
5	36	3	147
5	36	5	58
5	37	2	31
5	37	3	84
5	37	5	53
5	38	2	25
5	38	3	97
5	38	5	44
5	39	2	53
5	39	3	56
5	39	5	89
5	40	2	32
5	40	3	69
5	40	5	70
5	41	2	24
5	41	3	70
5	41	5	116
5	42	2	34
5	42	3	91
5	42	5	61
5	43	2	39
5	43	3	61
5	43	5	131
5	44	2	29
5	44	3	99
5	44	5	74
5	45	2	31
5	45	3	86
5	45	5	64
5	46	2	30
5	46	3	91
5	46	5	87
5	47	2	55
5	47	3	75
5	47	5	84
5	48	2	36
5	48	3	56
5	48	5	74
5	49	2	28
5	49	3	98
5	49	5	90
5	50	2	33
5	50	3	61
5	50	5	86
6	1	2	67
6	1	3	59
6	1	5	67
6	2	2	80
6	2	3	41
6	2	5	50
6	3	2	68
6	3	3	45
6	3	5	72
6	4	2	79
6	4	3	49
6	4	5	48
6	5	2	95
6	5	3	59
6	5	5	79
6	6	2	48
6	6	3	67
6	6	5	49
6	7	2	65
6	7	3	95
6	7	5	105
6	8	2	83
6	8	3	58
6	8	5	94
6	9	2	80
6	9	3	49
6	9	5	104
6	10	2	89
6	10	3	40
6	10	5	69
6	11	2	128
6	11	3	44
6	11	5	107
6	12	2	97
6	12	3	68
6	12	5	44
6	13	2	90
6	13	3	20
6	13	5	76
6	14	2	51
6	14	3	22
6	14	5	70
6	15	2	62
6	15	3	47
6	15	5	74
6	16	2	35
6	16	3	32
6	16	5	49
6	17	2	104
6	17	3	29
6	17	5	69
6	18	2	75
6	18	3	69
6	18	5	76
6	19	2	109
6	19	3	36
6	19	5	56
6	20	2	100
6	20	3	53
6	20	5	124
6	21	2	85
6	21	3	64
6	21	5	78
6	22	2	111
6	22	3	26
6	22	5	34
6	23	2	90
6	23	3	31
6	23	5	81
6	24	2	56
6	24	3	54
6	24	5	61
6	25	2	76
6	25	3	37
6	25	5	86
6	26	2	111
6	26	3	46
6	26	5	107
6	27	2	98
6	27	3	30
6	27	5	67
6	28	2	74
6	28	3	39
6	28	5	85
6	29	2	91
6	29	3	12
6	29	5	59
6	30	2	83
6	30	3	7
6	30	5	70
6	31	2	75
6	31	3	69
6	31	5	70
6	32	2	50
6	32	3	43
6	32	5	86
6	33	2	83
6	33	3	33
6	33	5	92
6	34	2	108
6	34	3	49
6	34	5	67
6	35	2	74
6	35	3	55
6	35	5	81
6	36	2	63
6	36	3	40
6	36	5	95
6	37	2	78
6	37	3	46
6	37	5	100
6	38	2	100
6	38	3	63
6	38	5	81
6	39	2	64
6	39	3	46
6	39	5	96
6	40	2	95
6	40	3	28
6	40	5	75
6	41	2	81
6	41	3	52
6	41	5	75
6	42	2	82
6	42	3	39
6	42	5	81
6	43	2	54
6	43	3	22
6	43	5	99
6	44	2	75
6	44	3	59
6	44	5	76
6	45	2	89
6	45	3	50
6	45	5	94
6	46	2	96
6	46	3	31
6	46	5	13
6	47	2	87
6	47	3	63
6	47	5	85
6	48	2	73
6	48	3	26
6	48	5	83
6	49	2	123
6	49	3	31
6	49	5	48
6	50	2	100
6	50	3	12
6	50	5	71
7	1	2	53
7	1	3	10
7	1	4	80
7	2	2	126
7	2	3	26
7	2	4	73
7	3	2	83
7	3	3	43
7	3	4	37
7	4	2	71
7	4	3	76
7	4	4	106
7	5	2	106
7	5	3	26
7	5	4	105
7	6	2	78
7	6	3	49
7	6	4	71
7	7	2	89
7	7	3	35
7	7	4	105
7	8	2	60
7	8	3	48
7	8	4	89
7	9	2	94
7	9	3	45
7	9	4	64
7	10	2	89
7	10	3	79
7	10	4	107
7	11	2	54
7	11	3	21
7	11	4	82
7	12	2	66
7	12	3	52
7	12	4	73
7	13	2	80
7	13	3	37
7	13	4	81
7	14	2	57
7	14	3	19
7	14	4	101
7	15	2	109
7	15	3	42
7	15	4	94
7	16	2	66
7	16	3	32
7	16	4	96
7	17	2	79
7	17	3	32
7	17	4	103
7	18	2	62
7	18	3	19
7	18	4	109
7	19	2	104
7	19	3	47
7	19	4	50
7	20	2	116
7	20	3	48
7	20	4	84
7	21	2	71
7	21	3	28
7	21	4	101
7	22	2	59
7	22	3	34
7	22	4	110
7	23	2	123
7	23	3	42
7	23	4	63
7	24	2	103
7	24	3	47
7	24	4	84
7	25	2	82
7	25	3	60
7	25	4	39
7	26	2	94
7	26	3	41
7	26	4	70
7	27	2	82
7	27	3	25
7	27	4	46
7	28	2	83
7	28	3	31
7	28	4	92
7	29	2	84
7	29	3	54
7	29	4	80
7	30	2	67
7	30	3	74
7	30	4	95
7	31	2	31
7	31	3	48
7	31	4	113
7	32	2	64
7	32	3	18
7	32	4	95
7	33	2	69
7	33	3	14
7	33	4	86
7	34	2	94
7	34	3	58
7	34	4	110
7	35	2	108
7	35	3	36
7	35	4	67
7	36	2	37
7	36	3	53
7	36	4	69
7	37	2	93
7	37	3	40
7	37	4	86
7	38	2	59
7	38	3	23
7	38	4	40
7	39	2	67
7	39	3	54
7	39	4	80
7	40	2	65
7	40	3	41
7	40	4	52
7	41	2	71
7	41	3	30
7	41	4	112
7	42	2	78
7	42	3	24
7	42	4	61
7	43	2	82
7	43	3	40
7	43	4	81
7	44	2	87
7	44	3	57
7	44	4	104
7	45	2	101
7	45	3	39
7	45	4	75
7	46	2	89
7	46	3	42
7	46	4	91
7	47	2	95
7	47	3	38
7	47	4	87
7	48	2	48
7	48	3	29
7	48	4	90
7	49	2	91
7	49	3	36
7	49	4	98
7	50	2	77
7	50	3	65
7	50	4	52
8	1	2	38
8	1	3	73
8	1	4	82
8	2	2	43
8	2	3	81
8	2	4	77
8	3	2	28
8	3	3	40
8	3	4	96
8	4	2	46
8	4	3	67
8	4	4	89
8	5	2	40
8	5	3	120
8	5	4	60
8	6	2	41
8	6	3	92
8	6	4	67
8	7	2	22
8	7	3	58
8	7	4	91
8	8	2	54
8	8	3	99
8	8	4	77
8	9	2	40
8	9	3	96
8	9	4	91
8	10	2	21
8	10	3	98
8	10	4	88
8	11	2	11
8	11	3	74
8	11	4	74
8	12	2	54
8	12	3	42
8	12	4	49
8	13	2	47
8	13	3	72
8	13	4	85
8	14	2	23
8	14	3	86
8	14	4	83
8	15	2	23
8	15	3	110
8	15	4	64
8	16	2	50
8	16	3	108
8	16	4	28
8	17	2	76
8	17	3	76
8	17	4	82
8	18	2	60
8	18	3	68
8	18	4	103
8	19	2	33
8	19	3	74
8	19	4	77
8	20	2	21
8	20	3	54
8	20	4	91
8	21	2	52
8	21	3	81
8	21	4	88
8	22	2	43
8	22	3	75
8	22	4	84
8	23	2	46
8	23	3	69
8	23	4	90
8	24	2	27
8	24	3	79
8	24	4	70
8	25	2	68
8	25	3	90
8	25	4	110
8	26	2	26
8	26	3	93
8	26	4	56
8	27	2	33
8	27	3	112
8	27	4	53
8	28	2	18
8	28	3	70
8	28	4	72
8	29	2	24
8	29	3	116
8	29	4	75
8	30	2	48
8	30	3	66
8	30	4	82
8	31	2	47
8	31	3	60
8	31	4	49
8	32	2	82
8	32	3	100
8	32	4	50
8	33	2	42
8	33	3	128
8	33	4	74
8	34	2	33
8	34	3	104
8	34	4	89
8	35	2	42
8	35	3	113
8	35	4	95
8	36	2	41
8	36	3	58
8	36	4	60
8	37	2	46
8	37	3	69
8	37	4	51
8	38	2	50
8	38	3	58
8	38	4	95
8	39	2	50
8	39	3	65
8	39	4	104
8	40	2	64
8	40	3	44
8	40	4	116
8	41	2	46
8	41	3	98
8	41	4	78
8	42	2	18
8	42	3	56
8	42	4	101
8	43	2	51
8	43	3	71
8	43	4	90
8	44	2	30
8	44	3	84
8	44	4	80
8	45	2	46
8	45	3	76
8	45	4	74
8	46	2	17
8	46	3	92
8	46	4	74
8	47	2	59
8	47	3	73
8	47	4	81
8	48	2	59
8	48	3	72
8	48	4	129
8	49	2	17
8	49	3	105
8	49	4	85
8	50	2	49
8	50	3	98
8	50	4	73
9	1	2	41
9	1	3	69
9	1	4	105
9	2	2	48
9	2	3	22
9	2	4	151
9	3	2	50
9	3	3	27
9	3	4	122
9	4	2	49
9	4	3	69
9	4	4	115
9	5	2	55
9	5	3	38
9	5	4	101
9	6	2	39
9	6	3	60
9	6	4	105
9	7	2	43
9	7	3	41
9	7	4	120
9	8	2	39
9	8	3	39
9	8	4	142
9	9	2	39
9	9	3	50
9	9	4	105
9	10	2	16
9	10	3	34
9	10	4	102
9	11	2	37
9	11	3	49
9	11	4	112
9	12	2	64
9	12	3	26
9	12	4	144
9	13	2	14
9	13	3	30
9	13	4	146
9	14	2	62
9	14	3	26
9	14	4	92
9	15	2	59
9	15	3	30
9	15	4	129
9	16	2	38
9	16	3	24
9	16	4	130
9	17	2	48
9	17	3	16
9	17	4	93
9	18	2	52
9	18	3	34
9	18	4	143
9	19	2	47
9	19	3	16
9	19	4	110
9	20	2	47
9	20	3	43
9	20	4	91
9	21	2	54
9	21	3	39
9	21	4	98
9	22	2	55
9	22	3	39
9	22	4	99
9	23	2	60
9	23	3	26
9	23	4	91
9	24	2	40
9	24	3	39
9	24	4	127
9	25	2	20
9	25	3	85
9	25	4	87
9	26	2	19
9	26	3	60
9	26	4	94
9	27	2	64
9	27	3	34
9	27	4	135
9	28	2	34
9	28	3	26
9	28	4	95
9	29	2	30
9	29	3	48
9	29	4	139
9	30	3	53
9	30	4	137
9	31	2	70
9	31	3	39
9	31	4	118
9	32	2	24
9	32	3	48
9	32	4	99
9	33	2	48
9	33	3	42
9	33	4	136
9	34	2	56
9	34	3	79
9	34	4	142
9	35	2	14
9	35	3	55
9	35	4	114
9	36	2	44
9	36	3	10
9	36	4	156
9	37	2	29
9	37	3	41
9	37	4	114
9	38	2	14
9	38	3	31
9	38	4	126
9	39	2	21
9	39	3	49
9	39	4	162
9	40	2	55
9	40	3	45
9	40	4	89
9	41	2	64
9	41	3	23
9	41	4	111
9	42	2	54
9	42	3	37
9	42	4	148
9	43	2	28
9	43	3	23
9	43	4	80
9	44	2	28
9	44	3	27
9	44	4	106
9	45	2	67
9	45	3	57
9	45	4	139
9	46	2	51
9	46	3	42
9	46	4	182
9	47	2	51
9	47	3	55
9	47	4	110
9	48	2	32
9	48	3	31
9	48	4	133
9	49	2	49
9	49	3	54
9	49	4	109
9	50	2	34
9	50	3	66
9	50	4	168
10	1	2	82
10	1	3	15
10	1	4	83
10	2	2	104
10	2	3	30
10	2	4	67
10	3	2	62
10	3	3	46
10	3	4	89
10	4	2	76
10	4	3	38
10	4	4	114
10	5	2	77
10	5	3	46
10	5	4	56
10	6	2	45
10	6	3	52
10	6	4	90
10	7	2	114
10	7	3	53
10	7	4	58
10	8	2	72
10	8	3	56
10	8	4	76
10	9	2	93
10	9	3	30
10	9	4	60
10	10	2	92
10	10	3	37
10	10	4	32
10	11	2	63
10	11	3	76
10	11	4	88
10	12	2	77
10	12	3	53
10	12	4	69
10	13	2	105
10	13	3	46
10	13	4	96
10	14	2	88
10	14	3	50
10	14	4	138
10	15	2	70
10	15	3	50
10	15	4	85
10	16	2	71
10	16	3	34
10	16	4	114
10	17	2	71
10	17	3	20
10	17	4	99
10	18	2	65
10	18	3	58
10	18	4	83
10	19	2	73
10	19	3	51
10	19	4	63
10	20	2	85
10	20	3	42
10	20	4	62
10	21	2	90
10	21	3	24
10	21	4	46
10	22	2	86
10	22	3	58
10	22	4	60
10	23	2	74
10	23	3	51
10	23	4	88
10	24	2	102
10	24	3	66
10	24	4	112
10	25	2	51
10	25	3	80
10	25	4	37
10	26	2	87
10	26	3	62
10	26	4	104
10	27	2	114
10	27	3	46
10	27	4	63
10	28	2	59
10	28	3	26
10	28	4	23
10	29	2	118
10	29	3	40
10	29	4	50
10	30	2	82
10	30	3	59
10	30	4	66
10	31	2	46
10	31	3	45
10	31	4	81
10	32	2	102
10	32	3	52
10	32	4	121
10	33	2	60
10	33	3	54
10	33	4	106
10	34	2	90
10	34	3	36
10	34	4	70
10	35	2	106
10	35	3	18
10	35	4	80
10	36	2	105
10	36	3	33
10	36	4	103
10	37	2	74
10	37	4	55
10	38	2	120
10	38	3	13
10	38	4	74
10	39	2	56
10	39	3	34
10	39	4	79
10	40	2	92
10	40	3	42
10	40	4	53
10	41	2	51
10	41	3	15
10	41	4	91
10	42	2	54
10	42	3	62
10	42	4	95
10	43	2	65
10	43	3	69
10	43	4	50
10	44	2	63
10	44	3	34
10	44	4	61
10	45	2	91
10	45	3	49
10	45	4	108
10	46	2	93
10	46	3	47
10	46	4	60
10	47	2	100
10	47	4	44
10	48	2	62
10	48	3	41
10	48	4	20
10	49	2	23
10	49	3	36
10	49	4	84
10	50	2	59
10	50	3	60
10	50	4	86


Warehouse Inventory (W P T):
1	1365		1365		1058		511		0		1365	
2	8		8		996		517		0		8	
3	1306		1306		987		476		0		1306	
4	95		95		1155		577		0		95	
5	0		0		1261		682		233		0	
6	485		485		1077		467		0		485	
7	591		591		1014		470		0		591	
8	0		0		1364		764		198		0	
9	353		353		995		476		0		353	
10	0		0		1327		674		192		0	
11	168		168		1008		510		0		168	
12	1227		1227		1022		494		0		1227	
13	808		808		1118		575		0		808	
14	0		0		1546		1047		458		0	
15	1340		1340		1203		583		0		1340	
16	1345		1345		1030		544		0		1345	
17	0		0		1062		819		343		0	
18	0		0		151		1049		417		0	
19	0		0		190		885		415		0	
20	0		0		7		935		428		0	
21	0		0		1267		815		335		0	
22	0		0		161		746		317		0	
23	454		454		0		1298		803		454	
24	0		0		830		909		404		0	
25	0		0		300		914		447		0	
26	0		0		876		879		477		0	
27	0		0		311		730		334		0	
28	0		0		403		830		444		0	
29	22		22		0		930		421		22	
30	558		558		0		1536		977		558	
31	0		0		521		884		373		0	
32	0		0		872		879		379		0	
33	561		561		0		650		107		561	
34	631		631		0		744		159		631	
35	535		535		0		634		101		535	
36	506		506		0		640		115		506	
37	475		475		0		605		140		475	
38	535		535		0		633		142		535	
39	538		538		0		668		79		538	
40	594		594		0		693		254		594	
41	533		533		0		639		71		533	
42	485		485		0		604		75		485	
43	434		434		0		578		99		434	
44	595		595		0		684		260		595	
45	621		621		0		741		189		621	
46	570		570		0		689		110		570	
47	661		661		0		773		296		661	
48	531		531		0		666		92		531	
49	507		507		0		664		103		507	
50	540		540		0		657		117		540	

Store Inventory (S P T):
Store1
1	63		0		0		0		75		63	
2	29		0		0		0		60		29	
3	20		0		0		0		55		20	
4	24		0		0		0		75		24	
5	15		0		0		0		43		15	
6	46		0		0		0		65		46	
7	10		0		0		0		62		10	
8	12		0		0		0		57		12	
9	22		0		0		0		72		22	
10	34		0		0		0		77		34	
11	29		0		0		0		64		29	
12	44		0		0		0		88		44	
13	48		0		0		0		97		48	
14	63		0		0		0		109		63	
15	58		0		0		0		99		58	
16	31		0		0		0		73		31	
17	37		0		0		0		72		37	
18	40		0		0		0		84		40	
19	52		0		0		0		100		52	
20	58		0		0		0		113		58	
21	22		0		0		0		73		22	
22	45		0		0		0		48		45	
23	32		0		0		0		91		32	
24	23		0		0		0		52		23	
25	52		0		0		0		103		52	
26	8		0		0		0		39		8	
27	39		0		0		0		69		39	
28	23		0		0		0		57		23	
29	42		0		0		0		95		42	
30	86		0		0		0		115		86	
31	60		0		0		0		100		60	
32	28		0		0		0		54		28	
33	9		0		0		0		81		9	
34	30		0		0		0		85		30	
35	42		0		0		0		106		42	
36	55		0		0		0		63		55	
37	62		0		0		0		76		62	
38	21		0		0		0		68		21	
39	45		0		0		0		92		45	
40	31		0		0		0		73		31	
41	27		0		0		0		67		27	
42	40		0		0		0		69		40	
43	30		0		0		0		65		30	
44	11		0		0		0		23		11	
45	56		0		0		0		65		56	
46	58		0		0		0		86		58	
47	23		0		0		0		73		23	
48	66		0		0		0		92		66	
49	34		0		0		0		63		34	
50	53		0		0		0		105		53	
Store2
1	67		16		67		67		0		67	
2	32		0		32		32		1		32	
3	58		29		58		58		0		58	
4	34		0		34		34		9		34	
5	52		0		52		52		38		52	
6	38		0		38		38		32		38	
7	63		0		63		63		8		63	
8	56		0		56		56		14		56	
9	49		10		49		49		0		49	
10	50		0		50		50		29		50	
11	53		0		53		53		44		53	
12	37		0		37		37		15		37	
13	51		0		51		51		12		51	
14	57		0		57		57		0		57	
15	40		0		40		40		6		40	
16	17		4		17		17		0		17	
17	42		0		42		42		32		42	
18	50		11		50		50		0		50	
19	26		0		26		26		12		26	
20	46		0		46		46		41		46	
21	72		0		72		72		39		72	
22	29		3		29		29		0		29	
23	35		0		35		35		5		35	
24	43		16		43		43		0		43	
25	51		27		51		51		0		51	
26	41		0		41		41		4		41	
27	51		0		51		51		7		51	
28	64		26		64		64		0		64	
29	37		2		37		37		0		37	
30	58		20		58		58		0		58	
31	39		0		39		39		10		39	
32	67		35		67		67		0		67	
33	57		0		57		57		57		57	
34	36		0		36		36		3		36	
35	39		5		39		39		0		39	
36	67		28		67		67		0		67	
37	50		47		50		50		0		50	
38	48		19		48		48		0		48	
39	42		0		42		42		26		42	
40	50		10		50		50		0		50	
41	64		27		64		64		0		64	
42	33		11		33		33		0		33	
43	40		0		40		40		3		40	
44	44		0		44		44		37		44	
45	26		0		26		26		3		26	
46	55		32		55		55		0		55	
47	46		0		46		46		24		46	
48	48		0		48		48		12		48	
49	35		0		35		35		12		35	
50	40		25		40		40		0		40	
Store3
1	25		0		0		0		0		25	
2	50		0		0		0		0		50	
3	30		0		0		0		0		30	
4	14		0		0		0		0		14	
5	65		0		0		0		0		65	
6	13		0		0		0		0		13	
7	56		0		0		0		0		56	
8	51		0		0		0		0		51	
9	47		0		0		0		0		47	
10	43		0		0		0		0		43	
11	64		0		0		0		0		64	
12	32		0		0		0		0		32	
13	54		0		0		0		0		54	
14	67		0		0		0		0		67	
15	27		0		0		0		0		27	
16	41		0		0		0		0		41	
17	16		0		0		0		0		16	
18	37		0		0		0		0		37	
19	55		0		0		0		0		55	
20	44		0		0		0		0		44	
21	41		0		0		0		0		41	
22	27		0		0		0		0		27	
23	35		0		0		0		0		35	
24	54		0		0		0		0		54	
25	45		0		0		0		0		45	
26	63		0		0		0		0		63	
27	24		0		0		0		0		24	
28	38		0		0		0		0		38	
29	61		0		0		0		0		61	
30	46		0		0		0		0		46	
31	30		0		0		0		0		30	
32	34		0		0		0		0		34	
33	34		0		0		0		0		34	
34	29		0		0		0		0		29	
35	16		0		0		0		0		16	
36	38		0		0		0		0		38	
37	24		0		0		0		0		24	
38	44		0		0		0		0		44	
39	42		0		0		0		0		42	
40	47		0		0		0		0		47	
41	39		0		0		0		0		39	
42	42		0		0		0		0		42	
43	54		0		0		0		0		54	
44	47		0		0		0		0		47	
45	25		0		0		0		0		25	
46	30		0		0		0		0		30	
47	73		0		0		0		0		73	
48	38		0		0		0		0		38	
49	68		0		0		0		0		68	
50	18		0		0		0		0		18	
Store4
1	65		0		0		65		52		65	
2	54		0		0		54		14		54	
3	32		5		5		32		0		32	
4	43		14		14		43		0		43	
5	71		26		26		71		0		71	
6	55		0		0		55		27		55	
7	49		0		0		49		0		49	
8	29		0		0		29		5		29	
9	56		0		0		56		15		56	
10	60		0		0		60		16		60	
11	31		0		0		31		21		31	
12	32		5		5		32		0		32	
13	47		12		12		47		0		47	
14	75		0		0		75		9		75	
15	67		0		0		67		39		67	
16	49		4		4		49		0		49	
17	40		8		8		40		0		40	
18	70		0		0		70		32		70	
19	50		0		0		50		4		50	
20	74		0		0		74		35		74	
21	45		0		0		45		29		45	
22	45		0		0		45		12		45	
23	65		0		0		65		42		65	
24	47		0		0		47		16		47	
25	51		9		9		51		0		51	
26	38		1		1		38		0		38	
27	41		4		4		41		0		41	
28	34		10		10		34		0		34	
29	50		0		0		50		18		50	
30	42		10		10		42		0		42	
31	45		1		1		45		0		45	
32	59		0		0		59		22		59	
33	25		0		0		25		15		25	
34	53		0		0		53		24		53	
35	38		0		0		38		12		38	
36	43		0		0		43		0		43	
37	45		12		12		45		0		45	
38	70		0		0		70		17		70	
39	34		0		0		34		7		34	
40	50		0		0		50		2		50	
41	54		38		38		54		0		54	
42	42		0		0		42		10		42	
43	22		4		4		22		0		22	
44	50		22		22		50		0		50	
45	43		12		12		43		0		43	
46	49		8		8		49		0		49	
47	35		2		2		35		0		35	
48	26		6		6		26		0		26	
49	33		0		0		33		28		33	
50	78		58		58		78		0		78	
Store5
1	26		0		0		26		5		26	
2	37		7		7		37		0		37	
3	62		0		0		62		14		62	
4	39		0		0		39		9		39	
5	41		1		1		41		0		41	
6	49		0		0		49		2		49	
7	46		22		22		46		0		46	
8	67		13		13		67		0		67	
9	51		31		31		51		0		51	
10	60		0		0		60		16		60	
11	49		19		19		49		0		49	
12	54		0		0		54		8		54	
13	53		6		6		53		0		53	
14	60		0		0		60		20		60	
15	49		0		0		49		9		49	
16	33		0		0		33		2		33	
17	38		0		0		38		9		38	
18	59		36		36		59		0		59	
19	50		19		19		50		0		50	
20	52		0		0		52		41		52	
21	35		10		10		35		0		35	
22	34		0		0		34		0		34	
23	49		19		19		49		0		49	
24	35		17		17		35		0		35	
25	61		0		0		61		44		61	
26	34		1		1		34		0		34	
27	39		0		0		39		3		39	
28	33		11		11		33		0		33	
29	48		0		0		48		34		48	
30	43		24		24		43		0		43	
31	52		0		0		52		11		52	
32	59		0		0		59		20		59	
33	58		0		0		58		17		58	
34	25		0		0		25		25		25	
35	29		0		0		29		17		29	
36	77		0		0		77		56		77	
37	34		0		0		34		26		34	
38	54		0		0		54		23		54	
39	45		11		11		45		0		45	
40	36		0		0		36		0		36	
41	62		19		19		62		0		62	
42	41		0		0		41		4		41	
43	61		0		0		61		1		61	
44	48		7		7		48		0		48	
45	46		0		0		46		14		46	
46	42		0		0		42		1		42	
47	35		20		20		35		0		35	
48	55		32		32		55		0		55	
49	56		8		8		56		0		56	
50	40		0		0		40		7		40	
Store6
1	44		0		44		44		32		44	
2	26		0		26		26		10		26	
3	35		7		35		35		0		35	
4	39		0		39		39		20		39	
5	42		0		42		42		16		42	
6	9		0		9		9		9		9	
7	39		9		39		39		0		39	
8	66		27		66		66		0		66	
9	61		26		61		61		0		61	
10	39		0		39		39		16		39	
11	78		4		78		78		0		78	
12	63		0		63		63		31		63	
13	62		0		62		62		18		62	
14	35		0		35		35		9		35	
15	50		12		50		50		0		50	
16	21		0		21		21		11		21	
17	34		4		34		34		0		34	
18	39		0		39		39		9		39	
19	51		0		51		51		8		51	
20	65		17		65		65		0		65	
21	46		22		46		46		0		46	
22	62		0		62		62		54		62	
23	45		0		45		45		20		45	
24	36		0		36		36		25		36	
25	57		24		57		57		0		57	
26	70		0		70		70		5		70	
27	63		0		63		63		31		63	
28	56		14		56		56		0		56	
29	29		0		29		29		3		29	
30	50		0		50		50		40		50	
31	52		0		52		52		12		52	
32	54		33		54		54		0		54	
33	56		26		56		56		0		56	
34	67		0		67		67		43		67	
35	51		16		51		51		0		51	
36	46		11		46		46		0		46	
37	50		19		50		50		0		50	
38	42		1		42		42		0		42	
39	41		25		41		41		0		41	
40	43		0		43		43		8		43	
41	58		0		58		58		10		58	
42	56		0		56		56		8		56	
43	39		38		39		39		0		39	
44	54		0		54		54		13		54	
45	59		0		59		59		12		59	
46	30		0		30		30		23		30	
47	41		0		41		41		0		41	
48	63		47		63		63		0		63	
49	72		0		72		72		43		72	
50	37		0		37		37		7		37	
Store7
1	25		0		25		25		82		25	
2	58		0		58		58		90		58	
3	30		0		30		30		48		30	
4	29		0		29		29		62		29	
5	62		0		62		62		110		62	
6	41		0		41		41		104		41	
7	37		0		37		37		98		37	
8	33		0		33		33		86		33	
9	57		0		57		57		97		57	
10	42		0		42		42		106		42	
11	39		0		39		39		64		39	
12	36		0		36		36		63		36	
13	52		0		52		52		90		52	
14	13		0		13		13		64		13	
15	60		0		60		60		106		60	
16	26		0		26		26		84		26	
17	33		0		33		33		70		33	
18	34		0		34		34		83		34	
19	52		0		52		52		88		52	
20	53		0		53		53		86		53	
21	41		0		41		41		101		41	
22	13		0		13		13		80		13	
23	43		0		43		43		87		43	
24	59		0		59		59		115		59	
25	35		0		35		35		70		35	
26	34		0		34		34		66		34	
27	35		0		35		35		42		35	
28	43		0		43		43		88		43	
29	17		0		17		17		64		17	
30	40		0		40		40		78		40	
31	0		0		0		0		41		0	
32	4		0		4		4		48		4	
33	30		0		30		30		63		30	
34	37		0		37		37		114		37	
35	41		0		41		41		74		41	
36	0		0		0		0		12		0	
37	60		0		60		60		123		60	
38	24		0		24		24		54		24	
39	24		0		24		24		70		24	
40	37		0		37		37		77		37	
41	36		0		36		36		83		36	
42	30		0		30		30		70		30	
43	26		0		26		26		83		26	
44	54		0		54		54		86		54	
45	60		0		60		60		110		60	
46	22		0		22		22		72		22	
47	44		0		44		44		93		44	
48	23		0		23		23		60		23	
49	37		0		37		37		58		37	
50	23		0		23		23		58		23	
Store8
1	51		0		0		51		104		51	
2	50		0		0		50		93		50	
3	9		0		0		9		66		9	
4	31		0		0		31		83		31	
5	49		0		0		49		72		49	
6	48		0		0		48		69		48	
7	31		0		0		31		66		31	
8	48		0		0		48		72		48	
9	38		0		0		38		93		38	
10	40		0		0		40		72		40	
11	16		0		0		16		59		16	
12	21		0		0		21		55		21	
13	52		0		0		52		74		52	
14	38		0		0		38		100		38	
15	52		0		0		52		63		52	
16	53		0		0		53		62		53	
17	65		0		0		65		113		65	
18	14		0		0		14		60		14	
19	31		0		0		31		57		31	
20	20		0		0		20		66		20	
21	49		0		0		49		105		49	
22	49		0		0		49		105		49	
23	28		0		0		28		76		28	
24	48		0		0		48		89		48	
25	61		0		0		61		115		61	
26	61		0		0		61		82		61	
27	70		0		0		70		107		70	
28	38		0		0		38		88		38	
29	52		0		0		52		93		52	
30	44		0		0		44		91		44	
31	13		0		0		13		49		13	
32	55		0		0		55		103		55	
33	44		0		0		44		92		44	
34	66		0		0		66		117		66	
35	50		0		0		50		98		50	
36	25		0		0		25		33		25	
37	42		0		0		42		74		42	
38	13		0		0		13		48		13	
39	14		0		0		14		71		14	
40	10		0		0		10		83		10	
41	63		0		0		63		109		63	
42	25		0		0		25		72		25	
43	45		0		0		45		104		45	
44	36		0		0		36		64		36	
45	38		0		0		38		93		38	
46	64		0		0		64		106		64	
47	44		0		0		44		83		44	
48	20		0		0		20		96		20	
49	53		0		0		53		81		53	
50	45		0		0		45		71		45	
Store9
1	23		0		0		0		71		23	
2	38		0		0		0		109		38	
3	35		0		0		0		100		35	
4	36		0		0		0		84		36	
5	44		0		0		0		73		44	
6	7		0		0		0		59		7	
7	45		0		0		0		90		45	
8	51		0		0		0		107		51	
9	43		0		0		0		71		43	
10	0		0		0		0		41		0	
11	38		0		0		0		95		38	
12	27		0		0		0		93		27	
13	27		0		0		0		65		27	
14	36		0		0		0		69		36	
15	41		0		0		0		81		41	
16	37		0		0		0		93		37	
17	27		0		0		0		80		27	
18	45		0		0		0		110		45	
19	25		0		0		0		78		25	
20	27		0		0		0		61		27	
21	55		0		0		0		87		55	
22	25		0		0		0		61		25	
23	27		0		0		0		72		27	
24	54		0		0		0		91		54	
25	50		0		0		0		50		50	
26	36		0		0		0		56		36	
27	28		0		0		0		87		28	
28	34		0		0		0		64		34	
29	64		0		0		0		93		64	
30	45		0		0		0		81		45	
31	21		0		0		0		64		21	
32	42		0		0		0		66		42	
33	46		0		0		0		90		46	
34	54		0		0		0		98		54	
35	41		0		0		0		85		41	
36	41		0		0		0		91		41	
37	44		0		0		0		69		44	
38	33		0		0		0		83		33	
39	43		0		0		0		92		43	
40	21		0		0		0		49		21	
41	40		0		0		0		78		40	
42	37		0		0		0		78		37	
43	60		0		0		0		76		60	
44	31		0		0		0		63		31	
45	39		0		0		0		113		39	
46	31		0		0		0		94		31	
47	16		0		0		0		46		16	
48	31		0		0		0		84		31	
49	55		0		0		0		74		55	
50	46		0		0		0		96		46	
Store10
1	45		0		45		45		93		45	
2	38		0		38		38		84		38	
3	40		0		40		40		87		40	
4	16		0		16		16		73		16	
5	43		0		43		43		65		43	
6	23		0		23		23		70		23	
7	53		0		53		53		68		53	
8	53		0		53		53		118		53	
9	43		0		43		43		86		43	
10	52		0		52		52		76		52	
11	32		0		32		32		69		32	
12	65		0		65		65		91		65	
13	52		0		52		52		97		52	
14	40		0		40		40		114		40	
15	41		0		41		41		97		41	
16	30		0		30		30		89		30	
17	50		0		50		50		90		50	
18	38		0		38		38		70		38	
19	32		0		32		32		61		32	
20	60		0		60		60		94		60	
21	44		0		44		44		64		44	
22	46		0		46		46		76		46	
23	21		0		21		21		64		21	
24	77		0		77		77		132		77	
25	25		0		25		25		45		25	
26	24		0		24		24		63		24	
27	59		0		59		59		92		59	
28	34		0		34		34		45		34	
29	37		0		37		37		79		37	
30	39		0		39		39		82		39	
31	25		0		25		25		65		25	
32	45		0		45		45		100		45	
33	19		0		19		19		87		19	
34	50		0		50		50		81		50	
35	65		0		65		65		93		65	
36	28		0		28		28		72		28	
37	34		0		34		34		56		34	
38	61		0		61		61		124		61	
39	22		0		22		22		83		22	
40	58		0		58		58		80		58	
41	0		0		0		0		35		0	
42	28		0		28		28		57		28	
43	29		0		29		29		58		29	
44	37		0		37		37		71		37	
45	51		0		51		51		110		51	
46	58		0		58		58		94		58	
47	31		0		31		31		52		31	
48	31		0		31		31		51		31	
49	19		0		19		19		54		19	
50	17		0		17		17		58		17	


Shipments from Vendor to Warehouse (V T):
0	0.6321993	0	0	0.504092	
0	0.6514427	0.6618053	0	0	
0	0	0.7777128	0	0.524258	

Shipments from Warehouse to Stores (S T):
1	2	0.1180546
1	3	0.1371347
1	4	0.2658427
1	5	0.1922633
2	2	0.1745473
2	3	0.1184047
2	4	0.09277666
2	5	0.327962
3	2	0.134542
3	3	0.09086267
3	4	0.1693893
3	5	0.3569427
4	2	0.1018807
4	3	0.2606806
4	4	0.07346333
4	5	0.351336
5	2	0.116736
5	3	0.2358567
5	4	0.06092
5	5	0.3235359
6	2	0.233148
6	3	0.1954313
6	5	0.3217813
7	2	0.1757113
7	3	0.1596473
7	4	0.2170687
7	5	0.19707
8	2	0.103384
8	3	0.260142
8	4	0.1818027
8	5	0.1941666
9	2	0.169052
9	3	0.09572798
9	4	0.3100833
9	5	0.2007033
10	2	0.162934
10	3	0.16664
10	4	0.209304
10	5	0.20938


Required Putaway workers (Sol T):
3	2	2	3	2	

No of required pickers (T):
0	6	6	6	9	

No of part-time putaway workers (T):
1	0	0	1	0	

No of part-time pickers (T):
0	0	0	0	3	

Best Putaway Technology: 2400
Best Picking Technology: 1000

Required Fashion Putaway Hours:
20.48333	0	0	20.96875	0	

Required Basic Putaway Hours:
0	13.78625	15.76667	0	11.8525	

Required Total Putaway Hours:
20.48333	13.78625	15.76667	20.96875	11.8525	

No of required fashion pick hours:
0	12.265	18.725	18.17	50.325	

No of required basic pick hours:
0	27.952	26.585	25.463	19.373	

No of required total pick hours:
0	40.217	45.31	43.633	69.698	

List of all the costs: 
MHECost		444
PutawayTechCost		3540
PickingTechCost		9130
WhBasicInvCost		1123.37
BasicInbCost		10095.77
WhFashionInvCost		1545.5
FashionInbCost		6526.64
PutawayCost		3680
StoreBasicInvCost		3424.4
StoreFashionInvCost		9595
OutboundCost		34228.64
PickingCost		10320
Total		93653.31

List of Top5 Technologies: 
Tech1		3	6	$ 93653.31
Tech2		3	2	$ 130952.3
Tech3		3	1	$ 180166.9
Tech4		1	1	$ 204704
Tech5		None	None	$ -
The start time is 12/20/2014 4:50:53 PM
The End time is 12/20/2014 4:52:13 PM
