Printing New Fashion Solution:

Inbound Fashion Solution (V F T):
1	1	1	1730
1	2	1	2290
1	3	1	1645
1	4	1	2025
1	5	1	1785
1	6	1	2130
1	7	1	1860
1	8	1	2305
1	9	1	1820
1	10	1	2335
1	11	1	2275
1	12	1	2020
1	13	1	1765
1	14	1	1970
1	15	1	1975
1	16	1	1950
1	17	1	2010
1	18	1	2245
1	19	1	1590
1	20	1	2135
1	21	1	2205
1	22	1	1930
1	23	1	1915
1	24	1	1600
1	25	1	1650
2	26	3	1870
2	27	4	1780
2	28	3	1685
2	29	4	1870
2	30	4	1810
2	31	4	2265
2	32	4	1920
2	33	4	1915
2	34	4	2290
2	35	4	1805
2	36	4	2330
2	37	3	2265
2	38	4	2130
2	39	4	2445
2	40	4	1965
2	41	4	1860
2	42	4	1855
2	43	4	2020
2	44	3	1780
2	45	4	1915
2	46	3	2290
2	47	4	2070
2	48	4	2465
2	49	4	1905
2	50	4	1820


Outbound Fashion Solution(S F T):
1	1	3	160
1	2	3	190
1	3	2	170
1	4	4	220
1	5	2	135
1	6	3	170
1	7	3	275
1	8	2	185
1	9	4	255
1	10	2	125
1	11	4	235
1	12	3	220
1	13	4	215
1	14	3	220
1	15	2	125
1	16	3	255
1	17	3	140
1	18	4	240
1	19	3	180
1	20	2	65
1	21	2	130
1	22	3	20
1	23	4	85
1	24	4	160
1	25	3	85
1	26	5	215
1	27	5	110
1	28	5	215
1	29	5	195
1	30	5	225
1	31	5	265
1	32	5	340
1	33	5	180
1	34	5	280
1	35	5	85
1	36	5	240
1	37	5	165
1	38	5	220
1	39	5	260
1	40	5	170
1	41	5	220
1	42	5	210
1	43	5	145
1	44	5	210
1	45	5	160
1	46	5	285
1	47	5	250
1	48	5	230
1	49	5	125
1	50	5	95
2	1	2	95
2	2	3	255
2	3	4	250
2	4	4	85
2	5	2	175
2	6	3	160
2	7	2	155
2	8	4	215
2	9	3	185
2	10	2	280
2	11	2	185
2	12	3	155
2	13	2	100
2	14	2	160
2	15	2	195
2	16	3	250
2	17	4	215
2	18	4	45
2	19	3	135
2	20	3	300
2	21	2	230
2	22	2	135
2	23	2	220
2	24	4	140
2	25	2	165
2	26	5	310
2	27	5	195
2	28	5	180
2	29	5	195
2	30	5	195
2	31	5	290
2	32	5	170
2	33	5	240
2	34	5	205
2	35	5	260
2	36	5	130
2	37	5	75
2	38	5	25
2	39	5	160
2	40	5	115
2	41	5	130
2	42	5	105
2	43	5	155
2	44	5	235
2	45	5	235
2	46	5	255
2	47	5	125
2	48	5	320
2	49	5	125
2	50	5	185
3	1	3	165
3	2	4	335
3	3	2	95
3	4	3	230
3	5	4	145
3	6	3	290
3	7	4	240
3	8	3	225
3	9	4	180
3	10	3	215
3	11	4	215
3	12	4	120
3	13	4	230
3	14	4	160
3	15	3	225
3	16	4	240
3	17	3	190
3	18	3	245
3	19	2	325
3	20	2	185
3	21	2	155
3	22	4	160
3	23	3	130
3	24	3	115
3	25	4	165
3	26	5	105
3	27	5	110
3	28	5	315
3	29	5	175
3	30	5	250
3	31	5	160
3	32	5	205
3	33	5	110
3	34	5	265
3	35	5	270
3	36	5	225
3	37	4	195
3	38	5	335
3	39	5	265
3	40	5	240
3	41	5	250
3	42	5	185
3	43	5	270
3	44	5	230
3	45	5	160
3	46	4	110
3	47	5	225
3	48	5	300
3	49	5	365
3	50	5	160
4	1	2	165
4	2	4	260
4	3	4	225
4	4	4	295
4	5	4	310
4	6	2	200
4	7	2	110
4	8	2	220
4	9	3	230
4	10	4	155
4	11	2	210
4	12	2	180
4	13	2	240
4	14	4	315
4	15	3	140
4	16	3	230
4	17	3	295
4	18	3	160
4	19	3	250
4	20	2	230
4	21	4	325
4	22	2	245
4	23	3	370
4	24	3	55
4	25	3	260
4	26	4	215
4	27	5	100
4	28	5	150
4	29	5	125
4	30	5	205
4	31	5	170
4	32	5	175
4	33	5	245
4	34	5	250
4	35	5	200
4	36	5	275
4	37	5	160
4	38	5	230
4	39	5	225
4	40	5	215
4	41	5	245
4	42	5	210
4	43	5	100
4	44	5	190
4	45	5	210
4	46	5	210
4	47	5	310
4	48	5	275
4	49	5	250
4	50	5	195
5	1	2	255
5	2	2	295
5	3	3	50
5	4	2	325
5	5	2	210
5	6	3	275
5	7	2	95
5	8	2	340
5	9	2	210
5	10	4	385
5	11	3	175
5	12	3	195
5	13	4	200
5	14	3	95
5	15	3	110
5	16	2	165
5	17	3	185
5	18	4	365
5	19	4	55
5	20	4	155
5	21	2	140
5	22	3	215
5	23	2	245
5	24	3	80
5	25	3	225
5	26	5	305
5	27	5	155
5	28	5	40
5	29	5	235
5	30	5	115
5	31	5	235
5	32	5	105
5	33	5	175
5	34	5	155
5	35	5	35
5	36	5	325
5	37	5	115
5	38	5	155
5	39	5	95
5	40	5	295
5	41	5	325
5	42	5	65
5	43	5	55
5	44	5	180
5	45	5	155
5	46	5	295
5	47	5	160
5	48	5	380
5	49	5	250
5	50	5	185
6	1	4	215
6	2	3	190
6	3	4	170
6	4	4	175
6	5	4	160
6	6	3	170
6	7	2	250
6	8	3	185
6	9	3	100
6	10	2	320
6	11	4	355
6	12	2	175
6	13	2	120
6	14	3	125
6	15	4	240
6	16	3	235
6	17	4	280
6	18	3	225
6	19	3	85
6	20	2	285
6	21	4	225
6	22	3	190
6	23	4	50
6	24	2	385
6	25	2	155
6	26	5	250
6	27	5	280
6	28	5	220
6	29	5	185
6	30	5	135
6	31	5	190
6	32	5	180
6	33	5	135
6	34	5	230
6	35	5	160
6	36	5	60
6	37	5	115
6	38	5	190
6	39	5	405
6	40	5	235
6	41	5	235
6	42	5	265
6	43	5	350
6	44	5	100
6	45	5	55
6	46	4	110
6	47	5	165
6	48	5	160
6	49	5	240
6	50	5	230
7	1	4	270
7	2	4	190
7	3	4	235
7	4	4	245
7	5	2	80
7	6	4	235
7	7	2	125
7	8	4	105
7	9	4	30
7	10	4	65
7	11	3	195
7	12	3	270
7	13	4	225
7	14	4	215
7	15	2	315
7	16	3	200
7	17	3	240
7	18	3	280
7	19	4	140
7	20	4	230
7	21	4	270
7	22	4	270
7	23	3	215
7	24	2	190
7	25	2	105
7	27	5	250
7	28	5	80
7	29	5	220
7	30	5	145
7	31	5	280
7	32	5	195
7	33	5	290
7	34	5	190
7	35	5	170
7	36	5	300
7	37	5	315
7	38	5	340
7	39	5	355
7	40	5	255
7	41	5	130
7	42	5	240
7	43	5	110
7	44	5	85
7	45	5	160
7	46	5	320
7	47	5	180
7	48	5	125
7	49	5	110
7	50	5	175
8	1	3	135
8	2	3	125
8	3	4	90
8	4	3	255
8	5	4	235
8	6	4	125
8	7	4	220
8	8	4	265
8	9	3	135
8	10	3	225
8	11	2	150
8	12	2	115
8	13	3	195
8	14	2	170
8	15	2	225
8	16	3	95
8	17	3	115
8	18	3	195
8	19	3	175
8	20	2	325
8	21	2	240
8	22	2	160
8	23	4	200
8	24	2	215
8	25	4	175
8	26	4	205
8	27	5	230
8	28	5	210
8	29	5	200
8	30	5	165
8	31	5	185
8	32	5	130
8	33	5	195
8	34	5	280
8	35	5	250
8	36	5	285
8	37	5	405
8	38	5	210
8	39	5	215
8	40	5	165
8	41	5	75
8	42	5	165
8	43	5	240
8	44	5	170
8	45	5	210
8	46	5	235
8	47	5	270
8	48	5	100
8	49	5	50
8	50	5	160
9	1	3	185
9	2	3	250
9	3	4	95
9	4	3	130
9	5	3	145
9	6	3	140
9	7	4	215
9	8	3	275
9	9	4	255
9	10	2	485
9	11	4	280
9	12	3	375
9	13	3	150
9	14	4	335
9	15	3	260
9	16	3	105
9	17	2	235
9	18	4	315
9	19	3	60
9	20	4	190
9	21	4	315
9	22	3	350
9	23	4	190
9	24	2	10
9	25	4	135
9	26	4	140
9	27	5	125
9	28	5	80
9	29	5	110
9	30	5	200
9	31	5	215
9	32	5	270
9	33	5	145
9	34	5	215
9	35	5	310
9	36	5	155
9	37	5	180
9	38	5	190
9	39	5	250
9	40	5	195
9	41	5	145
9	42	5	230
9	43	5	305
9	44	5	195
9	45	5	260
9	46	5	200
9	47	5	120
9	48	5	340
9	49	5	230
9	50	5	295
10	1	2	85
10	2	2	200
10	3	3	265
10	4	2	65
10	5	4	190
10	6	4	365
10	7	4	175
10	8	2	290
10	9	3	240
10	10	2	80
10	11	3	275
10	12	2	215
10	13	2	90
10	14	4	175
10	15	4	140
10	16	4	175
10	17	3	115
10	18	3	175
10	19	4	185
10	20	4	170
10	21	3	175
10	22	2	185
10	23	4	210
10	24	4	250
10	25	3	180
10	26	5	125
10	27	5	225
10	28	5	195
10	29	5	230
10	30	5	175
10	31	5	275
10	32	5	150
10	33	5	200
10	34	5	220
10	35	5	65
10	36	5	335
10	37	5	540
10	38	5	235
10	39	5	215
10	40	5	80
10	41	5	105
10	42	5	180
10	43	5	290
10	44	5	185
10	45	5	310
10	46	5	270
10	47	5	265
10	48	5	235
10	49	5	160
10	50	5	140


Warehouse Fashion Inventory (W F T):
1	1730		1130		485		0		0	
2	2290		1795		785		0		0	
3	1645		1380		1065		0		0	
4	2025		1635		1020		0		0	
5	1785		1185		1040		0		0	
6	2130		1930		725		0		0	
7	1860		1125		850		0		0	
8	2305		1270		585		0		0	
9	1820		1610		720		0		0	
10	2335		1045		605		0		0	
11	2275		1730		1085		0		0	
12	2020		1335		120		0		0	
13	1765		1215		870		0		0	
14	1970		1640		1200		0		0	
15	1975		1115		380		0		0	
16	1950		1785		415		0		0	
17	2010		1775		495		0		0	
18	2245		2245		965		0		0	
19	1590		1265		380		0		0	
20	2135		1045		745		0		0	
21	2205		1310		1135		0		0	
22	1930		1205		430		0		0	
23	1915		1450		735		0		0	
24	1600		800		550		0		0	
25	1650		1225		475		0		0	
26	0		0		1870		1310		0	
27	0		0		0		1780		0	
28	0		0		1685		1685		0	
29	0		0		0		1870		0	
30	0		0		0		1810		0	
31	0		0		0		2265		0	
32	0		0		0		1920		0	
33	0		0		0		1915		0	
34	0		0		0		2290		0	
35	0		0		0		1805		0	
36	0		0		0		2330		0	
37	0		0		2265		2070		0	
38	0		0		0		2130		0	
39	0		0		0		2445		0	
40	0		0		0		1965		0	
41	0		0		0		1860		0	
42	0		0		0		1855		0	
43	0		0		0		2020		0	
44	0		0		1780		1780		0	
45	0		0		0		1915		0	
46	0		0		2290		2070		0	
47	0		0		0		2070		0	
48	0		0		0		2465		0	
49	0		0		0		1905		0	
50	0		0		0		1820		0	

Store Fashion Inventory (S F T):
Store1
1	0		160		160		160	
2	0		190		190		190	
3	170		170		170		170	
4	0		0		220		220	
5	135		135		135		135	
6	0		170		170		170	
7	0		275		275		275	
8	185		185		185		185	
9	0		0		255		255	
10	125		125		125		125	
11	0		0		235		235	
12	0		220		220		220	
13	0		0		215		215	
14	0		220		220		220	
15	125		125		125		125	
16	0		255		255		255	
17	0		140		140		140	
18	0		0		240		240	
19	0		180		180		180	
20	65		65		65		65	
21	130		130		130		130	
22	0		20		20		20	
23	0		0		85		85	
24	0		0		160		160	
25	0		85		85		85	
26	0		0		0		215	
27	0		0		0		110	
28	0		0		0		215	
29	0		0		0		195	
30	0		0		0		225	
31	0		0		0		265	
32	0		0		0		340	
33	0		0		0		180	
34	0		0		0		280	
35	0		0		0		85	
36	0		0		0		240	
37	0		0		0		165	
38	0		0		0		220	
39	0		0		0		260	
40	0		0		0		170	
41	0		0		0		220	
42	0		0		0		210	
43	0		0		0		145	
44	0		0		0		210	
45	0		0		0		160	
46	0		0		0		285	
47	0		0		0		250	
48	0		0		0		230	
49	0		0		0		125	
50	0		0		0		95	
Store2
1	95		95		95		95	
2	0		255		255		255	
3	0		0		250		250	
4	0		0		85		85	
5	175		175		175		175	
6	0		160		160		160	
7	155		155		155		155	
8	0		0		215		215	
9	0		185		185		185	
10	280		280		280		280	
11	185		185		185		185	
12	0		155		155		155	
13	100		100		100		100	
14	160		160		160		160	
15	195		195		195		195	
16	0		250		250		250	
17	0		0		215		215	
18	0		0		45		45	
19	0		135		135		135	
20	0		300		300		300	
21	230		230		230		230	
22	135		135		135		135	
23	220		220		220		220	
24	0		0		140		140	
25	165		165		165		165	
26	0		0		0		310	
27	0		0		0		195	
28	0		0		0		180	
29	0		0		0		195	
30	0		0		0		195	
31	0		0		0		290	
32	0		0		0		170	
33	0		0		0		240	
34	0		0		0		205	
35	0		0		0		260	
36	0		0		0		130	
37	0		0		0		75	
38	0		0		0		25	
39	0		0		0		160	
40	0		0		0		115	
41	0		0		0		130	
42	0		0		0		105	
43	0		0		0		155	
44	0		0		0		235	
45	0		0		0		235	
46	0		0		0		255	
47	0		0		0		125	
48	0		0		0		320	
49	0		0		0		125	
50	0		0		0		185	
Store3
1	0		165		165		165	
2	0		0		335		335	
3	95		95		95		95	
4	0		230		230		230	
5	0		0		145		145	
6	0		290		290		290	
7	0		0		240		240	
8	0		225		225		225	
9	0		0		180		180	
10	0		215		215		215	
11	0		0		215		215	
12	0		0		120		120	
13	0		0		230		230	
14	0		0		160		160	
15	0		225		225		225	
16	0		0		240		240	
17	0		190		190		190	
18	0		245		245		245	
19	325		325		325		325	
20	185		185		185		185	
21	155		155		155		155	
22	0		0		160		160	
23	0		130		130		130	
24	0		115		115		115	
25	0		0		165		165	
26	0		0		0		105	
27	0		0		0		110	
28	0		0		0		315	
29	0		0		0		175	
30	0		0		0		250	
31	0		0		0		160	
32	0		0		0		205	
33	0		0		0		110	
34	0		0		0		265	
35	0		0		0		270	
36	0		0		0		225	
37	0		0		195		195	
38	0		0		0		335	
39	0		0		0		265	
40	0		0		0		240	
41	0		0		0		250	
42	0		0		0		185	
43	0		0		0		270	
44	0		0		0		230	
45	0		0		0		160	
46	0		0		110		110	
47	0		0		0		225	
48	0		0		0		300	
49	0		0		0		365	
50	0		0		0		160	
Store4
1	165		165		165		165	
2	0		0		260		260	
3	0		0		225		225	
4	0		0		295		295	
5	0		0		310		310	
6	200		200		200		200	
7	110		110		110		110	
8	220		220		220		220	
9	0		230		230		230	
10	0		0		155		155	
11	210		210		210		210	
12	180		180		180		180	
13	240		240		240		240	
14	0		0		315		315	
15	0		140		140		140	
16	0		230		230		230	
17	0		295		295		295	
18	0		160		160		160	
19	0		250		250		250	
20	230		230		230		230	
21	0		0		325		325	
22	245		245		245		245	
23	0		370		370		370	
24	0		55		55		55	
25	0		260		260		260	
26	0		0		215		215	
27	0		0		0		100	
28	0		0		0		150	
29	0		0		0		125	
30	0		0		0		205	
31	0		0		0		170	
32	0		0		0		175	
33	0		0		0		245	
34	0		0		0		250	
35	0		0		0		200	
36	0		0		0		275	
37	0		0		0		160	
38	0		0		0		230	
39	0		0		0		225	
40	0		0		0		215	
41	0		0		0		245	
42	0		0		0		210	
43	0		0		0		100	
44	0		0		0		190	
45	0		0		0		210	
46	0		0		0		210	
47	0		0		0		310	
48	0		0		0		275	
49	0		0		0		250	
50	0		0		0		195	
Store5
1	255		255		255		255	
2	295		295		295		295	
3	0		50		50		50	
4	325		325		325		325	
5	210		210		210		210	
6	0		275		275		275	
7	95		95		95		95	
8	340		340		340		340	
9	210		210		210		210	
10	0		0		385		385	
11	0		175		175		175	
12	0		195		195		195	
13	0		0		200		200	
14	0		95		95		95	
15	0		110		110		110	
16	165		165		165		165	
17	0		185		185		185	
18	0		0		365		365	
19	0		0		55		55	
20	0		0		155		155	
21	140		140		140		140	
22	0		215		215		215	
23	245		245		245		245	
24	0		80		80		80	
25	0		225		225		225	
26	0		0		0		305	
27	0		0		0		155	
28	0		0		0		40	
29	0		0		0		235	
30	0		0		0		115	
31	0		0		0		235	
32	0		0		0		105	
33	0		0		0		175	
34	0		0		0		155	
35	0		0		0		35	
36	0		0		0		325	
37	0		0		0		115	
38	0		0		0		155	
39	0		0		0		95	
40	0		0		0		295	
41	0		0		0		325	
42	0		0		0		65	
43	0		0		0		55	
44	0		0		0		180	
45	0		0		0		155	
46	0		0		0		295	
47	0		0		0		160	
48	0		0		0		380	
49	0		0		0		250	
50	0		0		0		185	
Store6
1	0		0		215		215	
2	0		190		190		190	
3	0		0		170		170	
4	0		0		175		175	
5	0		0		160		160	
6	0		170		170		170	
7	250		250		250		250	
8	0		185		185		185	
9	0		100		100		100	
10	320		320		320		320	
11	0		0		355		355	
12	175		175		175		175	
13	120		120		120		120	
14	0		125		125		125	
15	0		0		240		240	
16	0		235		235		235	
17	0		0		280		280	
18	0		225		225		225	
19	0		85		85		85	
20	285		285		285		285	
21	0		0		225		225	
22	0		190		190		190	
23	0		0		50		50	
24	385		385		385		385	
25	155		155		155		155	
26	0		0		0		250	
27	0		0		0		280	
28	0		0		0		220	
29	0		0		0		185	
30	0		0		0		135	
31	0		0		0		190	
32	0		0		0		180	
33	0		0		0		135	
34	0		0		0		230	
35	0		0		0		160	
36	0		0		0		60	
37	0		0		0		115	
38	0		0		0		190	
39	0		0		0		405	
40	0		0		0		235	
41	0		0		0		235	
42	0		0		0		265	
43	0		0		0		350	
44	0		0		0		100	
45	0		0		0		55	
46	0		0		110		110	
47	0		0		0		165	
48	0		0		0		160	
49	0		0		0		240	
50	0		0		0		230	
Store7
1	0		0		270		270	
2	0		0		190		190	
3	0		0		235		235	
4	0		0		245		245	
5	80		80		80		80	
6	0		0		235		235	
7	125		125		125		125	
8	0		0		105		105	
9	0		0		30		30	
10	0		0		65		65	
11	0		195		195		195	
12	0		270		270		270	
13	0		0		225		225	
14	0		0		215		215	
15	315		315		315		315	
16	0		200		200		200	
17	0		240		240		240	
18	0		280		280		280	
19	0		0		140		140	
20	0		0		230		230	
21	0		0		270		270	
22	0		0		270		270	
23	0		215		215		215	
24	190		190		190		190	
25	105		105		105		105	
26	0		0		0		0	
27	0		0		0		250	
28	0		0		0		80	
29	0		0		0		220	
30	0		0		0		145	
31	0		0		0		280	
32	0		0		0		195	
33	0		0		0		290	
34	0		0		0		190	
35	0		0		0		170	
36	0		0		0		300	
37	0		0		0		315	
38	0		0		0		340	
39	0		0		0		355	
40	0		0		0		255	
41	0		0		0		130	
42	0		0		0		240	
43	0		0		0		110	
44	0		0		0		85	
45	0		0		0		160	
46	0		0		0		320	
47	0		0		0		180	
48	0		0		0		125	
49	0		0		0		110	
50	0		0		0		175	
Store8
1	0		135		135		135	
2	0		125		125		125	
3	0		0		90		90	
4	0		255		255		255	
5	0		0		235		235	
6	0		0		125		125	
7	0		0		220		220	
8	0		0		265		265	
9	0		135		135		135	
10	0		225		225		225	
11	150		150		150		150	
12	115		115		115		115	
13	0		195		195		195	
14	170		170		170		170	
15	225		225		225		225	
16	0		95		95		95	
17	0		115		115		115	
18	0		195		195		195	
19	0		175		175		175	
20	325		325		325		325	
21	240		240		240		240	
22	160		160		160		160	
23	0		0		200		200	
24	215		215		215		215	
25	0		0		175		175	
26	0		0		205		205	
27	0		0		0		230	
28	0		0		0		210	
29	0		0		0		200	
30	0		0		0		165	
31	0		0		0		185	
32	0		0		0		130	
33	0		0		0		195	
34	0		0		0		280	
35	0		0		0		250	
36	0		0		0		285	
37	0		0		0		405	
38	0		0		0		210	
39	0		0		0		215	
40	0		0		0		165	
41	0		0		0		75	
42	0		0		0		165	
43	0		0		0		240	
44	0		0		0		170	
45	0		0		0		210	
46	0		0		0		235	
47	0		0		0		270	
48	0		0		0		100	
49	0		0		0		50	
50	0		0		0		160	
Store9
1	0		185		185		185	
2	0		250		250		250	
3	0		0		95		95	
4	0		130		130		130	
5	0		145		145		145	
6	0		140		140		140	
7	0		0		215		215	
8	0		275		275		275	
9	0		0		255		255	
10	485		485		485		485	
11	0		0		280		280	
12	0		375		375		375	
13	0		150		150		150	
14	0		0		335		335	
15	0		260		260		260	
16	0		105		105		105	
17	235		235		235		235	
18	0		0		315		315	
19	0		60		60		60	
20	0		0		190		190	
21	0		0		315		315	
22	0		350		350		350	
23	0		0		190		190	
24	10		10		10		10	
25	0		0		135		135	
26	0		0		140		140	
27	0		0		0		125	
28	0		0		0		80	
29	0		0		0		110	
30	0		0		0		200	
31	0		0		0		215	
32	0		0		0		270	
33	0		0		0		145	
34	0		0		0		215	
35	0		0		0		310	
36	0		0		0		155	
37	0		0		0		180	
38	0		0		0		190	
39	0		0		0		250	
40	0		0		0		195	
41	0		0		0		145	
42	0		0		0		230	
43	0		0		0		305	
44	0		0		0		195	
45	0		0		0		260	
46	0		0		0		200	
47	0		0		0		120	
48	0		0		0		340	
49	0		0		0		230	
50	0		0		0		295	
Store10
1	85		85		85		85	
2	200		200		200		200	
3	0		265		265		265	
4	65		65		65		65	
5	0		0		190		190	
6	0		0		365		365	
7	0		0		175		175	
8	290		290		290		290	
9	0		240		240		240	
10	80		80		80		80	
11	0		275		275		275	
12	215		215		215		215	
13	90		90		90		90	
14	0		0		175		175	
15	0		0		140		140	
16	0		0		175		175	
17	0		115		115		115	
18	0		175		175		175	
19	0		0		185		185	
20	0		0		170		170	
21	0		175		175		175	
22	185		185		185		185	
23	0		0		210		210	
24	0		0		250		250	
25	0		180		180		180	
26	0		0		0		125	
27	0		0		0		225	
28	0		0		0		195	
29	0		0		0		230	
30	0		0		0		175	
31	0		0		0		275	
32	0		0		0		150	
33	0		0		0		200	
34	0		0		0		220	
35	0		0		0		65	
36	0		0		0		335	
37	0		0		0		540	
38	0		0		0		235	
39	0		0		0		215	
40	0		0		0		80	
41	0		0		0		105	
42	0		0		0		180	
43	0		0		0		290	
44	0		0		0		185	
45	0		0		0		310	
46	0		0		0		270	
47	0		0		0		265	
48	0		0		0		235	
49	0		0		0		160	
50	0		0		0		140	


Fashion Shipments from Vendor to Warehouse (V T):
1.771933	0	0	0	
0	0	0.44493	1.497937	

Printing New Basic Solution:

Inbound Solution (V P T):
1	1	3	583
1	1	5	1359
1	2	3	1196
1	2	5	797
1	3	3	1342
1	3	5	574
1	4	3	999
1	4	5	999
1	5	3	423
1	5	5	1691
1	6	3	758
1	6	5	1135
1	7	3	1056
1	7	5	1055
1	8	3	443
1	8	5	1771
1	9	3	1184
1	9	5	788
1	10	3	1272
1	10	5	847
1	11	3	750
1	11	5	1125
1	12	3	390
1	12	5	1556
1	13	3	1054
1	13	5	1053
1	14	3	2114
1	15	3	209
1	15	5	1874
1	16	3	362
1	16	5	1446
2	17	2	1106
2	17	3	738
2	18	2	866
2	18	3	1300
2	19	2	1941
2	20	2	443
2	20	3	1773
2	21	2	191
2	21	3	1721
2	22	2	1102
2	22	3	735
2	23	2	578
2	23	3	1349
2	24	2	1600
2	24	3	401
2	25	2	1884
2	25	3	210
2	26	2	1441
2	26	3	618
2	27	2	1748
2	27	3	195
2	28	2	1399
2	28	3	350
2	29	2	1213
2	29	3	809
2	30	2	1002
2	30	3	1003
2	31	2	968
2	31	3	969
2	32	2	198
2	32	3	1783
3	33	2	1152
3	33	4	767
3	34	2	428
3	34	4	1709
3	35	2	1380
3	35	4	591
3	36	2	1417
3	36	4	606
3	37	2	919
3	37	4	918
3	38	2	1358
3	38	4	582
3	39	2	606
3	39	4	1411
3	40	2	1710
3	40	4	190
3	41	2	201
3	41	4	1809
3	42	2	893
3	42	4	892
3	43	2	1840
3	44	2	768
3	44	4	1150
3	45	2	1705
3	45	4	426
3	46	2	830
3	46	4	1245
3	47	2	416
3	47	4	1664
3	48	2	573
3	48	4	1334
3	49	2	1389
3	49	4	595
3	50	2	1648
3	50	4	412


Outbound Solution(S P T):
1	1	2	75
1	1	3	57
1	1	4	39
1	1	5	12
1	2	2	77
1	2	3	34
1	2	4	46
1	2	5	31
1	3	2	54
1	3	3	28
1	3	4	37
1	3	5	35
1	4	2	64
1	4	3	74
1	4	4	35
1	4	5	51
1	5	2	69
1	5	3	41
1	5	4	38
1	5	5	28
1	6	2	110
1	6	3	25
1	6	4	42
1	6	5	19
1	7	2	65
1	7	3	50
1	7	4	5
1	7	5	52
1	8	2	80
1	8	3	37
1	8	4	62
1	8	5	45
1	9	2	67
1	9	3	46
1	9	4	40
1	9	5	50
1	10	2	83
1	10	3	52
1	10	4	35
1	10	5	43
1	11	2	69
1	11	3	28
1	11	4	29
1	11	5	35
1	12	2	74
1	12	3	33
1	12	4	35
1	12	5	44
1	13	2	65
1	13	3	48
1	13	4	31
1	13	5	49
1	14	2	103
1	14	3	33
1	14	4	29
1	14	5	46
1	15	2	108
1	15	3	58
1	15	4	38
1	15	5	41
1	16	2	73
1	16	3	27
1	16	4	42
1	16	5	42
1	17	2	94
1	17	3	9
1	17	4	5
1	17	5	35
1	18	2	60
1	18	3	63
1	18	4	73
1	18	5	44
1	19	2	70
1	19	3	36
1	19	4	24
1	19	5	48
1	20	2	121
1	20	3	43
1	20	4	25
1	20	5	55
1	21	2	71
1	21	3	34
1	21	4	48
1	21	5	51
1	22	2	78
1	22	3	49
1	22	4	28
1	22	5	3
1	23	2	112
1	23	3	17
1	23	4	22
1	23	5	59
1	24	2	44
1	24	4	43
1	24	5	29
1	25	2	91
1	25	3	24
1	25	4	78
1	25	5	51
1	26	2	65
1	26	3	57
1	26	4	10
1	26	5	31
1	27	2	65
1	27	3	51
1	27	4	14
1	27	5	30
1	28	2	46
1	28	3	36
1	28	4	10
1	28	5	34
1	29	2	96
1	29	3	10
1	29	4	43
1	29	5	53
1	30	2	127
1	30	3	39
1	30	4	7
1	30	5	29
1	31	2	74
1	31	3	55
1	31	4	9
1	31	5	40
1	32	2	69
1	32	3	57
1	32	4	61
1	32	5	26
1	33	2	55
1	33	3	42
1	33	4	43
1	33	5	72
1	34	2	62
1	34	3	41
1	34	4	38
1	34	5	55
1	35	2	79
1	35	3	28
1	35	4	28
1	35	5	64
1	36	2	107
1	36	3	53
1	36	4	14
1	36	5	8
1	37	2	81
1	37	3	55
1	37	4	53
1	37	5	14
1	38	2	62
1	38	3	34
1	38	4	49
1	38	5	47
1	39	2	91
1	39	3	39
1	39	4	31
1	39	5	47
1	40	2	85
1	40	3	45
1	40	4	36
1	40	5	42
1	41	2	50
1	41	3	29
1	41	4	53
1	41	5	40
1	42	2	92
1	42	3	6
1	42	4	25
1	42	5	29
1	43	2	40
1	43	3	49
1	43	4	50
1	43	5	35
1	44	2	59
1	44	3	48
1	44	4	42
1	44	5	12
1	45	2	103
1	45	3	41
1	45	4	37
1	45	5	9
1	46	2	117
1	46	3	63
1	46	4	43
1	46	5	28
1	47	2	68
1	47	3	42
1	47	4	16
1	47	5	50
1	48	2	118
1	48	3	64
1	48	4	70
1	48	5	26
1	49	2	69
1	49	3	57
1	49	4	44
1	49	5	29
1	50	2	94
1	50	3	42
1	50	4	38
1	50	5	52
2	1	2	49
2	1	3	53
2	1	4	67
2	1	5	88
2	2	2	27
2	2	3	62
2	2	4	31
2	2	5	83
2	3	2	55
2	3	3	68
2	3	4	58
2	3	5	66
2	4	2	42
2	4	3	31
2	4	4	25
2	4	5	54
2	5	2	60
2	5	3	68
2	5	4	14
2	5	5	107
2	6	2	58
2	6	3	50
2	6	4	6
2	6	5	65
2	7	2	67
2	7	3	40
2	7	4	55
2	7	5	135
2	8	2	33
2	8	3	59
2	8	4	42
2	8	5	109
2	9	2	20
2	9	3	42
2	9	4	49
2	9	5	118
2	10	2	49
2	10	3	59
2	10	4	21
2	10	5	93
2	11	2	39
2	11	3	46
2	11	4	9
2	11	5	64
2	12	2	36
2	12	3	54
2	12	4	22
2	12	5	84
2	13	2	43
2	13	3	66
2	13	4	39
2	13	5	76
2	14	2	45
2	14	3	14
2	14	4	57
2	14	5	121
2	15	2	45
2	15	3	55
2	15	4	34
2	15	5	95
2	16	2	31
2	16	3	47
2	16	4	17
2	16	5	40
2	17	2	33
2	17	3	34
2	17	4	10
2	17	5	88
2	18	2	25
2	18	3	68
2	18	4	50
2	18	5	76
2	19	2	36
2	19	3	10
2	19	4	14
2	19	5	54
2	20	2	23
2	20	3	52
2	20	4	5
2	20	5	105
2	21	2	45
2	21	3	10
2	21	4	33
2	21	5	99
2	22	2	89
2	22	3	61
2	22	4	29
2	22	5	47
2	23	2	17
2	23	3	45
2	23	4	30
2	23	5	63
2	24	2	40
2	24	3	27
2	24	4	43
2	24	5	77
2	25	2	36
2	25	3	34
2	25	4	51
2	25	5	65
2	26	2	47
2	26	3	55
2	26	4	37
2	26	5	88
2	27	2	48
2	27	3	30
2	27	4	44
2	27	5	87
2	28	2	40
2	28	3	58
2	28	4	64
2	28	5	115
2	29	2	39
2	29	3	53
2	29	4	37
2	29	5	91
2	30	2	60
2	30	3	12
2	30	4	58
2	30	5	94
2	31	2	16
2	31	3	40
2	31	4	29
2	31	5	63
2	32	2	51
2	32	3	53
2	32	4	67
2	32	5	76
2	33	2	17
2	33	3	16
2	33	5	70
2	34	2	44
2	34	3	33
2	34	4	33
2	34	5	84
2	35	2	30
2	35	3	47
2	35	4	39
2	35	5	65
2	36	2	31
2	36	3	34
2	36	4	67
2	36	5	81
2	37	2	27
2	37	3	31
2	37	4	50
2	37	5	76
2	38	2	24
2	38	3	26
2	38	4	48
2	38	5	88
2	39	2	54
2	39	3	10
2	39	4	16
2	39	5	107
2	40	2	14
2	40	3	26
2	40	4	50
2	40	5	67
2	41	2	41
2	41	3	39
2	41	4	64
2	41	5	81
2	42	2	15
2	42	3	54
2	42	4	33
2	42	5	29
2	43	2	17
2	43	3	35
2	43	4	37
2	43	5	54
2	44	2	71
2	44	3	45
2	44	4	7
2	44	5	71
2	45	2	48
2	45	3	28
2	45	4	23
2	45	5	67
2	46	2	23
2	46	3	34
2	46	4	55
2	46	5	53
2	47	2	13
2	47	3	46
2	47	4	22
2	47	5	68
2	48	2	26
2	48	3	25
2	48	4	36
2	48	5	79
2	49	2	52
2	49	3	19
2	49	4	23
2	49	5	111
2	50	2	57
2	50	3	37
2	50	4	40
2	50	5	37
3	1	2	76
3	1	3	46
3	1	4	47
3	1	5	38
3	2	2	64
3	2	3	27
3	2	4	43
3	2	5	37
3	3	2	72
3	3	3	24
3	3	4	40
3	3	5	52
3	4	2	68
3	4	3	35
3	4	4	43
3	4	5	33
3	5	2	110
3	5	3	49
3	5	4	46
3	5	5	39
3	6	2	52
3	6	3	42
3	6	4	27
3	6	5	35
3	7	2	81
3	7	3	40
3	7	4	29
3	7	5	6
3	8	2	109
3	8	3	35
3	8	4	63
3	8	5	36
3	9	2	88
3	9	3	31
3	9	4	44
3	9	5	11
3	10	2	67
3	10	3	28
3	10	4	41
3	10	5	46
3	11	2	89
3	11	3	32
3	11	4	61
3	11	5	61
3	12	2	72
3	12	3	33
3	12	4	36
3	12	5	34
3	13	2	72
3	13	3	48
3	13	4	39
3	13	5	39
3	14	2	139
3	14	3	31
3	14	4	37
3	14	5	46
3	15	2	64
3	15	3	40
3	15	4	74
3	15	5	8
3	16	2	96
3	16	3	15
3	16	4	61
3	16	5	29
3	17	2	50
3	17	3	14
3	17	4	22
3	17	5	31
3	18	2	74
3	18	3	30
3	18	4	37
3	18	5	38
3	19	2	78
3	19	3	42
3	19	4	46
3	19	5	43
3	20	2	112
3	20	3	49
3	20	4	41
3	20	5	54
3	21	2	90
3	21	3	17
3	21	4	26
3	21	5	20
3	22	2	49
3	22	3	27
3	22	5	32
3	23	2	78
3	23	3	39
3	23	4	50
3	23	5	21
3	24	2	107
3	24	3	32
3	24	4	17
3	24	5	64
3	25	2	98
3	25	3	56
3	25	4	13
3	25	5	56
3	26	2	92
3	26	3	44
3	26	4	29
3	26	5	68
3	27	2	79
3	27	3	48
3	27	4	16
3	27	5	17
3	28	2	51
3	28	3	21
3	28	4	37
3	28	5	33
3	29	2	99
3	29	3	25
3	29	4	27
3	29	5	31
3	30	2	103
3	30	3	30
3	30	4	57
3	30	5	27
3	31	2	64
3	31	3	32
3	31	4	41
3	31	5	53
3	32	2	47
3	32	3	19
3	32	4	20
3	32	5	28
3	33	2	121
3	33	3	63
3	33	4	17
3	33	5	27
3	34	2	80
3	34	3	29
3	34	4	51
3	34	5	34
3	35	2	68
3	35	3	51
3	35	4	43
3	35	5	4
3	36	2	57
3	36	3	37
3	36	4	60
3	36	5	63
3	37	2	51
3	37	3	41
3	37	4	30
3	37	5	51
3	38	2	94
3	38	3	38
3	38	4	39
3	38	5	30
3	39	2	87
3	39	3	33
3	39	4	41
3	39	5	46
3	40	2	101
3	40	3	49
3	40	4	20
3	40	5	38
3	41	2	72
3	41	3	9
3	41	4	56
3	41	5	57
3	42	2	62
3	42	3	17
3	42	4	30
3	42	5	25
3	43	2	65
3	43	3	36
3	43	4	63
3	43	5	52
3	44	2	119
3	44	3	45
3	44	4	8
3	44	5	17
3	45	2	81
3	45	3	60
3	45	4	54
3	45	5	55
3	46	2	65
3	46	3	44
3	46	4	43
3	46	5	42
3	47	2	135
3	47	3	68
3	47	4	66
3	47	5	60
3	48	2	90
3	48	3	51
3	48	4	40
3	48	5	14
3	49	2	87
3	49	3	52
3	49	4	78
3	49	5	32
3	50	2	65
3	50	3	33
3	50	4	18
3	50	5	45
4	1	2	20
4	1	3	125
4	1	4	13
4	1	5	54
4	2	2	62
4	2	3	103
4	2	4	40
4	2	5	68
4	3	2	48
4	3	3	77
4	3	4	32
4	3	5	44
4	4	2	23
4	4	3	51
4	4	4	43
4	4	5	54
4	5	2	30
4	5	3	69
4	5	4	71
4	5	5	48
4	6	2	53
4	6	3	81
4	6	4	28
4	6	5	49
4	7	2	59
4	7	3	75
4	7	4	49
4	7	5	41
4	8	2	49
4	8	3	69
4	8	4	24
4	8	5	30
4	9	2	26
4	9	3	88
4	9	4	41
4	9	5	32
4	10	2	45
4	10	3	119
4	10	4	44
4	10	5	64
4	11	3	76
4	11	4	10
4	11	5	43
4	12	2	49
4	12	3	57
4	12	4	32
4	12	5	47
4	13	2	22
4	13	3	49
4	13	4	47
4	13	5	73
4	14	2	42
4	14	3	115
4	14	4	66
4	14	5	38
4	15	2	30
4	15	3	101
4	15	4	28
4	15	5	39
4	16	2	38
4	16	3	126
4	16	4	49
4	16	5	5
4	17	2	19
4	17	3	97
4	17	4	40
4	17	5	49
4	18	2	11
4	18	3	135
4	18	4	38
4	18	5	6
4	19	2	63
4	19	3	109
4	19	4	46
4	19	5	56
4	20	2	38
4	20	3	125
4	20	4	39
4	20	5	62
4	21	2	36
4	21	3	79
4	21	4	16
4	21	5	32
4	22	2	33
4	22	3	72
4	22	4	33
4	22	5	76
4	23	2	37
4	23	3	85
4	23	4	23
4	23	5	55
4	24	2	49
4	24	3	93
4	24	4	31
4	24	5	31
4	25	2	37
4	25	3	62
4	25	4	51
4	25	5	52
4	26	2	38
4	26	3	82
4	26	4	38
4	26	5	28
4	27	2	54
4	27	3	68
4	27	4	41
4	27	5	32
4	28	2	58
4	28	3	61
4	28	4	34
4	28	5	49
4	29	2	69
4	29	3	65
4	29	4	32
4	29	5	59
4	30	2	39
4	30	3	86
4	30	4	42
4	30	5	59
4	31	2	47
4	31	3	105
4	31	4	45
4	31	5	29
4	32	2	21
4	32	3	90
4	32	4	37
4	32	5	22
4	33	2	52
4	33	3	80
4	33	4	10
4	33	5	27
4	34	2	49
4	34	3	105
4	34	4	29
4	34	5	58
4	35	2	16
4	35	3	77
4	35	4	26
4	35	5	56
4	36	2	33
4	36	3	88
4	36	4	43
4	36	5	33
4	37	2	48
4	37	3	47
4	37	4	45
4	37	5	47
4	38	2	23
4	38	3	89
4	38	4	53
4	38	5	83
4	39	2	40
4	39	3	83
4	39	4	27
4	39	5	40
4	40	2	29
4	40	3	97
4	40	4	48
4	40	5	26
4	41	2	62
4	41	3	62
4	41	4	54
4	41	5	33
4	42	2	56
4	42	3	66
4	42	4	32
4	42	5	38
4	43	2	37
4	43	3	93
4	43	4	22
4	43	5	19
4	44	2	48
4	44	3	70
4	44	4	50
4	44	5	33
4	45	2	19
4	45	3	96
4	45	4	43
4	45	5	31
4	46	2	54
4	46	3	73
4	46	4	49
4	46	5	61
4	47	2	48
4	47	3	76
4	47	4	35
4	47	5	25
4	48	2	43
4	48	3	44
4	48	4	26
4	48	5	61
4	49	2	35
4	49	3	70
4	49	4	5
4	49	5	16
4	50	2	28
4	50	3	79
4	50	4	78
4	50	5	67
5	1	2	37
5	1	3	40
5	1	4	21
5	1	5	61
5	2	2	22
5	2	3	53
5	2	4	37
5	2	5	27
5	3	2	11
5	3	3	113
5	3	4	48
5	3	5	46
5	4	2	24
5	4	3	88
5	4	4	30
5	4	5	38
5	5	2	27
5	5	3	63
5	5	4	41
5	5	5	33
5	6	2	40
5	6	3	92
5	6	4	47
5	6	5	19
5	7	2	30
5	7	3	57
5	7	4	46
5	7	5	35
5	8	2	56
5	8	3	100
5	8	4	67
5	8	5	23
5	9	2	24
5	9	3	42
5	9	4	51
5	9	5	22
5	10	2	56
5	10	3	107
5	10	4	44
5	10	5	30
5	11	2	22
5	11	3	52
5	11	4	49
5	11	5	41
5	12	2	44
5	12	3	110
5	12	4	46
5	12	5	26
5	13	2	45
5	13	3	127
5	13	4	53
5	13	5	51
5	14	2	31
5	14	3	103
5	14	4	40
5	14	5	10
5	15	2	28
5	15	3	87
5	15	4	40
5	15	5	22
5	16	2	56
5	16	3	41
5	16	4	31
5	16	5	35
5	17	2	35
5	17	3	100
5	17	4	29
5	17	5	53
5	18	2	53
5	18	3	74
5	18	4	59
5	18	5	76
5	19	2	55
5	19	3	48
5	19	4	50
5	19	5	67
5	20	2	51
5	20	3	114
5	20	4	11
5	20	5	30
5	21	2	42
5	21	3	76
5	21	4	35
5	21	5	53
5	22	2	17
5	22	3	76
5	22	4	34
5	22	5	31
5	23	2	42
5	23	3	31
5	23	4	49
5	23	5	27
5	24	2	53
5	24	3	84
5	24	4	35
5	24	5	35
5	25	2	52
5	25	3	114
5	25	4	17
5	25	5	48
5	26	2	17
5	26	3	74
5	26	4	34
5	26	5	55
5	27	2	36
5	27	3	108
5	27	4	36
5	27	5	37
5	28	2	32
5	28	3	79
5	28	4	33
5	28	5	31
5	29	2	47
5	29	3	62
5	29	4	14
5	29	5	50
5	30	2	43
5	30	3	43
5	30	4	43
5	30	5	18
5	31	2	29
5	31	3	112
5	31	4	41
5	31	5	52
5	32	2	35
5	32	3	107
5	32	4	39
5	32	5	22
5	33	3	83
5	33	4	41
5	33	5	16
5	34	2	38
5	34	3	55
5	34	5	34
5	35	2	22
5	35	3	96
5	35	4	12
5	35	5	62
5	36	2	42
5	36	3	147
5	36	4	21
5	36	5	37
5	37	2	31
5	37	3	84
5	37	4	8
5	37	5	45
5	38	2	25
5	38	3	97
5	38	4	31
5	38	5	13
5	39	2	53
5	39	3	56
5	39	4	45
5	39	5	44
5	40	2	32
5	40	3	69
5	40	4	36
5	40	5	34
5	41	2	24
5	41	3	70
5	41	4	62
5	41	5	54
5	42	2	34
5	42	3	91
5	42	4	37
5	42	5	24
5	43	2	39
5	43	3	61
5	43	4	60
5	43	5	71
5	44	2	29
5	44	3	99
5	44	4	48
5	44	5	26
5	45	2	31
5	45	3	86
5	45	4	32
5	45	5	32
5	46	2	30
5	46	3	91
5	46	4	41
5	46	5	46
5	47	2	55
5	47	3	75
5	47	4	35
5	47	5	49
5	48	2	36
5	48	3	56
5	48	4	55
5	48	5	19
5	49	2	28
5	49	3	98
5	49	4	56
5	49	5	34
5	50	2	33
5	50	3	61
5	50	4	33
5	50	5	53
6	1	2	23
6	1	3	103
6	1	4	12
6	1	5	55
6	2	2	54
6	2	3	67
6	2	4	16
6	2	5	34
6	3	2	40
6	3	3	73
6	3	4	35
6	3	5	37
6	4	2	40
6	4	3	88
6	4	4	19
6	4	5	29
6	5	2	53
6	5	3	101
6	5	4	26
6	5	5	53
6	6	2	39
6	6	3	76
6	6	5	49
6	7	2	35
6	7	3	125
6	7	4	39
6	7	5	66
6	8	2	44
6	8	3	97
6	8	4	66
6	8	5	28
6	9	2	45
6	9	3	84
6	9	4	61
6	9	5	43
6	10	2	50
6	10	3	79
6	10	4	23
6	10	5	46
6	11	2	54
6	11	3	118
6	11	4	78
6	11	5	29
6	12	2	34
6	12	3	131
6	12	4	32
6	12	5	12
6	13	2	28
6	13	3	82
6	13	4	44
6	13	5	32
6	14	2	16
6	14	3	57
6	14	4	26
6	14	5	44
6	15	2	24
6	15	3	85
6	15	4	50
6	15	5	24
6	16	2	14
6	16	3	53
6	16	4	10
6	16	5	39
6	17	2	74
6	17	3	59
6	17	4	34
6	17	5	35
6	18	2	36
6	18	3	108
6	18	4	30
6	18	5	46
6	19	2	58
6	19	3	87
6	19	4	43
6	19	5	13
6	20	2	52
6	20	3	101
6	20	4	65
6	20	5	59
6	21	2	61
6	21	3	88
6	21	4	46
6	21	5	32
6	22	2	49
6	22	3	88
6	22	4	8
6	22	5	26
6	23	2	45
6	23	3	76
6	23	4	25
6	23	5	56
6	24	2	20
6	24	3	90
6	24	4	11
6	24	5	50
6	25	2	43
6	25	3	70
6	25	4	57
6	25	5	29
6	26	2	41
6	26	3	116
6	26	4	65
6	26	5	42
6	27	2	35
6	27	3	93
6	27	4	32
6	27	5	35
6	28	2	32
6	28	3	81
6	28	4	56
6	28	5	29
6	29	2	62
6	29	3	41
6	29	4	26
6	29	5	33
6	30	2	33
6	30	3	57
6	30	4	10
6	30	5	60
6	31	2	23
6	31	3	121
6	31	4	40
6	31	5	30
6	32	2	29
6	32	3	64
6	32	4	54
6	32	5	32
6	33	2	53
6	33	3	63
6	33	4	56
6	33	5	36
6	34	2	41
6	34	3	116
6	34	4	24
6	34	5	43
6	35	2	39
6	35	3	90
6	35	4	51
6	35	5	30
6	36	2	28
6	36	3	75
6	36	4	46
6	36	5	49
6	37	2	47
6	37	3	77
6	37	4	50
6	37	5	50
6	38	2	59
6	38	3	104
6	38	4	42
6	38	5	39
6	39	2	48
6	39	3	62
6	39	4	41
6	39	5	55
6	40	2	52
6	40	3	71
6	40	4	35
6	40	5	40
6	41	2	23
6	41	3	110
6	41	4	48
6	41	5	27
6	42	2	26
6	42	3	95
6	42	4	48
6	42	5	33
6	43	2	53
6	43	3	23
6	43	4	39
6	43	5	60
6	44	2	21
6	44	3	113
6	44	4	41
6	44	5	35
6	45	2	30
6	45	3	109
6	45	4	47
6	45	5	47
6	46	2	66
6	46	3	61
6	46	4	7
6	46	5	6
6	47	2	46
6	47	3	104
6	47	4	41
6	47	5	44
6	48	2	57
6	48	3	42
6	48	4	63
6	48	5	20
6	49	2	51
6	49	3	103
6	49	4	29
6	49	5	19
6	50	2	63
6	50	3	49
6	50	4	30
6	50	5	41
7	1	2	28
7	1	3	35
7	1	4	23
7	1	5	57
7	2	2	68
7	2	3	84
7	2	4	41
7	2	5	32
7	3	2	53
7	3	3	73
7	3	4	19
7	3	5	18
7	4	2	42
7	4	3	105
7	4	4	73
7	4	5	33
7	5	2	44
7	5	3	88
7	5	4	57
7	5	5	48
7	6	2	37
7	6	3	90
7	6	4	8
7	6	5	63
7	7	2	52
7	7	3	72
7	7	4	44
7	7	5	61
7	8	2	27
7	8	3	81
7	8	4	36
7	8	5	53
7	9	2	37
7	9	3	102
7	9	4	24
7	9	5	40
7	10	2	47
7	10	3	121
7	10	4	43
7	10	5	64
7	11	2	15
7	11	3	60
7	11	4	57
7	11	5	25
7	12	2	30
7	12	3	88
7	12	4	46
7	12	5	27
7	13	2	28
7	13	3	89
7	13	4	43
7	13	5	38
7	14	2	44
7	14	3	32
7	14	4	50
7	14	5	51
7	15	2	49
7	15	3	102
7	15	4	48
7	15	5	46
7	16	2	40
7	16	3	58
7	16	4	38
7	16	5	58
7	17	2	46
7	17	3	65
7	17	4	66
7	17	5	37
7	18	2	28
7	18	3	53
7	18	4	60
7	18	5	49
7	19	2	52
7	19	3	99
7	19	4	14
7	19	5	36
7	20	2	63
7	20	3	101
7	20	4	51
7	20	5	33
7	21	2	30
7	21	3	69
7	21	4	41
7	21	5	60
7	22	2	46
7	22	3	47
7	22	4	43
7	22	5	67
7	23	2	80
7	23	3	85
7	23	4	19
7	23	5	44
7	24	2	44
7	24	3	106
7	24	4	28
7	24	5	56
7	25	2	47
7	25	3	95
7	25	4	4
7	25	5	35
7	26	2	60
7	26	3	75
7	26	4	38
7	26	5	32
7	27	2	47
7	27	3	60
7	27	4	39
7	27	5	7
7	28	2	40
7	28	3	74
7	28	4	47
7	28	5	45
7	29	2	67
7	29	3	71
7	29	4	33
7	29	5	47
7	30	2	27
7	30	3	114
7	30	4	57
7	30	5	38
7	31	2	31
7	31	3	48
7	31	4	72
7	31	5	41
7	32	2	60
7	32	3	22
7	32	4	51
7	32	5	44
7	33	2	39
7	33	3	44
7	33	4	53
7	33	5	33
7	34	2	57
7	34	3	95
7	34	4	33
7	34	5	77
7	35	2	67
7	35	3	77
7	35	4	34
7	35	5	33
7	36	2	37
7	36	3	53
7	36	4	57
7	36	5	12
7	37	2	33
7	37	3	100
7	37	4	23
7	37	5	63
7	38	2	35
7	38	3	47
7	38	4	10
7	38	5	30
7	39	2	43
7	39	3	78
7	39	4	34
7	39	5	46
7	40	2	28
7	40	3	78
7	40	4	12
7	40	5	40
7	41	2	35
7	41	3	66
7	41	4	65
7	41	5	47
7	42	2	48
7	42	3	54
7	42	4	21
7	42	5	40
7	43	2	56
7	43	3	66
7	43	4	24
7	43	5	57
7	44	2	33
7	44	3	111
7	44	4	72
7	44	5	32
7	45	2	41
7	45	3	99
7	45	4	25
7	45	5	50
7	46	2	67
7	46	3	64
7	46	4	41
7	46	5	50
7	47	2	51
7	47	3	82
7	47	4	38
7	47	5	49
7	48	2	25
7	48	3	52
7	48	4	53
7	48	5	37
7	49	2	54
7	49	3	73
7	49	4	77
7	49	5	21
7	50	2	54
7	50	3	88
7	50	4	17
7	50	5	35
8	1	2	38
8	1	3	22
8	1	4	80
8	1	5	53
8	2	2	43
8	2	3	31
8	2	4	84
8	2	5	43
8	3	2	28
8	3	3	31
8	3	4	48
8	3	5	57
8	4	2	46
8	4	3	36
8	4	4	68
8	4	5	52
8	5	2	40
8	5	3	71
8	5	4	86
8	5	5	23
8	6	2	41
8	6	3	44
8	6	4	94
8	6	5	21
8	7	2	22
8	7	3	27
8	7	4	87
8	7	5	35
8	8	2	54
8	8	3	51
8	8	4	101
8	8	5	24
8	9	2	40
8	9	3	58
8	9	4	74
8	9	5	55
8	10	2	21
8	10	3	58
8	10	4	96
8	10	5	32
8	11	2	11
8	11	3	58
8	11	4	47
8	11	5	43
8	12	2	54
8	12	3	21
8	12	4	36
8	12	5	34
8	13	2	47
8	13	3	20
8	13	4	115
8	13	5	22
8	14	2	23
8	14	3	48
8	14	4	59
8	14	5	62
8	15	2	23
8	15	3	58
8	15	4	105
8	15	5	11
8	16	2	50
8	16	3	55
8	16	4	72
8	16	5	9
8	17	2	76
8	17	3	11
8	17	4	99
8	17	5	48
8	18	2	60
8	18	3	54
8	18	4	71
8	18	5	46
8	19	2	33
8	19	3	43
8	19	4	82
8	19	5	26
8	20	2	21
8	20	3	34
8	20	4	65
8	20	5	46
8	21	2	52
8	21	3	32
8	21	4	81
8	21	5	56
8	22	2	43
8	22	3	26
8	22	4	77
8	22	5	56
8	23	2	46
8	23	3	41
8	23	4	70
8	23	5	48
8	24	2	27
8	24	3	31
8	24	4	77
8	24	5	41
8	25	2	68
8	25	3	29
8	25	4	117
8	25	5	54
8	26	2	26
8	26	3	32
8	26	4	96
8	26	5	21
8	27	2	33
8	27	3	42
8	27	4	86
8	27	5	37
8	28	2	18
8	28	3	32
8	28	4	60
8	28	5	50
8	29	2	24
8	29	3	64
8	29	4	86
8	29	5	41
8	30	2	48
8	30	3	22
8	30	4	79
8	30	5	47
8	31	2	47
8	31	3	47
8	31	4	26
8	31	5	36
8	32	2	82
8	32	3	45
8	32	4	57
8	32	5	48
8	33	2	42
8	33	3	84
8	33	4	70
8	33	5	48
8	34	2	33
8	34	3	38
8	34	4	104
8	34	5	51
8	35	2	42
8	35	3	63
8	35	4	97
8	35	5	48
8	36	2	41
8	36	3	33
8	36	4	77
8	36	5	8
8	37	2	46
8	37	3	27
8	37	4	61
8	37	5	32
8	38	2	50
8	38	3	45
8	38	4	73
8	38	5	35
8	39	2	50
8	39	3	51
8	39	4	61
8	39	5	57
8	40	2	64
8	40	3	34
8	40	4	53
8	40	5	73
8	41	2	46
8	41	3	35
8	41	4	95
8	41	5	46
8	42	2	18
8	42	3	31
8	42	4	79
8	42	5	47
8	43	2	51
8	43	3	26
8	43	4	76
8	43	5	59
8	44	2	30
8	44	3	48
8	44	4	88
8	44	5	28
8	45	2	46
8	45	3	38
8	45	4	57
8	45	5	55
8	46	2	17
8	46	3	28
8	46	4	96
8	46	5	42
8	47	2	59
8	47	3	29
8	47	4	86
8	47	5	39
8	48	2	59
8	48	3	52
8	48	4	73
8	48	5	76
8	49	2	17
8	49	3	52
8	49	4	110
8	49	5	28
8	50	2	49
8	50	3	53
8	50	4	92
8	50	5	26
9	1	2	41
9	1	3	69
9	1	4	57
9	1	5	48
9	2	2	48
9	2	3	22
9	2	4	80
9	2	5	71
9	3	2	50
9	3	3	27
9	3	4	57
9	3	5	65
9	4	2	49
9	4	3	69
9	4	4	67
9	4	5	48
9	5	2	55
9	5	3	38
9	5	4	72
9	5	5	29
9	6	2	39
9	6	3	60
9	6	4	53
9	6	5	52
9	7	2	43
9	7	3	41
9	7	4	75
9	7	5	45
9	8	2	39
9	8	3	39
9	8	4	86
9	8	5	56
9	9	2	39
9	9	3	50
9	9	4	77
9	9	5	28
9	10	2	16
9	10	3	34
9	10	4	61
9	10	5	41
9	11	2	37
9	11	3	49
9	11	4	55
9	11	5	57
9	12	2	64
9	12	3	26
9	12	4	78
9	12	5	66
9	13	2	14
9	13	3	30
9	13	4	108
9	13	5	38
9	14	2	62
9	14	3	26
9	14	4	59
9	14	5	33
9	15	2	59
9	15	3	30
9	15	4	89
9	15	5	40
9	16	2	38
9	16	3	24
9	16	4	74
9	16	5	56
9	17	2	48
9	17	3	16
9	17	4	40
9	17	5	53
9	18	2	52
9	18	3	34
9	18	4	78
9	18	5	65
9	19	2	47
9	19	3	16
9	19	4	57
9	19	5	53
9	20	2	47
9	20	3	43
9	20	4	57
9	20	5	34
9	21	2	54
9	21	3	39
9	21	4	66
9	21	5	32
9	22	2	55
9	22	3	39
9	22	4	63
9	22	5	36
9	23	2	60
9	23	3	26
9	23	4	46
9	23	5	45
9	24	2	40
9	24	3	39
9	24	4	90
9	24	5	37
9	25	2	20
9	25	3	85
9	25	4	87
9	26	2	19
9	26	3	60
9	26	4	74
9	26	5	20
9	27	2	64
9	27	3	34
9	27	4	76
9	27	5	59
9	28	2	34
9	28	3	26
9	28	4	65
9	28	5	30
9	29	2	30
9	29	3	48
9	29	4	110
9	29	5	29
9	30	3	53
9	30	4	101
9	30	5	36
9	31	2	70
9	31	3	39
9	31	4	75
9	31	5	43
9	32	2	24
9	32	3	48
9	32	4	75
9	32	5	24
9	33	2	48
9	33	3	42
9	33	4	92
9	33	5	44
9	34	2	56
9	34	3	79
9	34	4	98
9	34	5	44
9	35	2	14
9	35	3	55
9	35	4	70
9	35	5	44
9	36	2	44
9	36	3	10
9	36	4	106
9	36	5	50
9	37	2	29
9	37	3	41
9	37	4	89
9	37	5	25
9	38	2	14
9	38	3	31
9	38	4	76
9	38	5	50
9	39	2	21
9	39	3	49
9	39	4	113
9	39	5	49
9	40	2	55
9	40	3	45
9	40	4	61
9	40	5	28
9	41	2	64
9	41	3	23
9	41	4	73
9	41	5	38
9	42	2	54
9	42	3	37
9	42	4	107
9	42	5	41
9	43	2	28
9	43	3	23
9	43	4	64
9	43	5	16
9	44	2	28
9	44	3	27
9	44	4	74
9	44	5	32
9	45	2	67
9	45	3	57
9	45	4	65
9	45	5	74
9	46	2	51
9	46	3	42
9	46	4	119
9	46	5	63
9	47	2	51
9	47	3	55
9	47	4	80
9	47	5	30
9	48	2	32
9	48	3	31
9	48	4	80
9	48	5	53
9	49	2	49
9	49	3	54
9	49	4	90
9	49	5	19
9	50	2	34
9	50	3	66
9	50	4	118
9	50	5	50
10	1	2	37
10	1	3	60
10	1	4	35
10	1	5	48
10	2	2	66
10	2	3	68
10	2	4	21
10	2	5	46
10	3	2	22
10	3	3	86
10	3	4	42
10	3	5	47
10	4	2	60
10	4	3	54
10	4	4	57
10	4	5	57
10	5	2	34
10	5	3	89
10	5	4	34
10	5	5	22
10	6	2	22
10	6	3	75
10	6	4	43
10	6	5	47
10	7	2	61
10	7	3	106
10	7	4	43
10	7	5	15
10	8	2	19
10	8	3	109
10	8	4	11
10	8	5	65
10	9	2	50
10	9	3	73
10	9	4	17
10	9	5	43
10	10	2	40
10	10	3	89
10	10	4	8
10	10	5	24
10	11	2	31
10	11	3	108
10	11	4	51
10	11	5	37
10	12	2	12
10	12	3	118
10	12	4	43
10	12	5	26
10	13	2	53
10	13	3	98
10	13	4	51
10	13	5	45
10	14	2	48
10	14	3	90
10	14	4	64
10	14	5	74
10	15	2	29
10	15	3	91
10	15	4	29
10	15	5	56
10	16	2	41
10	16	3	64
10	16	4	55
10	16	5	59
10	17	2	21
10	17	3	70
10	17	4	59
10	17	5	40
10	18	2	27
10	18	3	96
10	18	4	51
10	18	5	32
10	19	2	41
10	19	3	83
10	19	4	34
10	19	5	29
10	20	2	25
10	20	3	102
10	20	4	28
10	20	5	34
10	21	2	46
10	21	3	68
10	21	4	26
10	21	5	20
10	22	2	40
10	22	3	104
10	22	4	30
10	22	5	30
10	23	2	53
10	23	3	72
10	23	4	45
10	23	5	43
10	24	2	25
10	24	3	143
10	24	4	57
10	24	5	55
10	25	2	26
10	25	3	105
10	25	4	17
10	25	5	20
10	26	2	63
10	26	3	86
10	26	4	65
10	26	5	39
10	27	2	55
10	27	3	105
10	27	4	30
10	27	5	33
10	28	2	25
10	28	3	60
10	28	4	12
10	28	5	11
10	29	2	81
10	29	3	77
10	29	4	8
10	29	5	42
10	30	2	43
10	30	3	98
10	30	4	23
10	30	5	43
10	31	2	21
10	31	3	70
10	31	4	41
10	31	5	40
10	32	2	57
10	32	3	97
10	32	4	66
10	32	5	55
10	33	2	41
10	33	3	73
10	33	4	38
10	33	5	68
10	34	2	40
10	34	3	86
10	34	4	39
10	34	5	31
10	35	2	41
10	35	3	83
10	35	4	52
10	35	5	28
10	36	2	77
10	36	3	61
10	36	4	59
10	36	5	44
10	37	2	40
10	37	3	34
10	37	4	33
10	37	5	22
10	38	2	59
10	38	3	74
10	38	4	11
10	38	5	63
10	39	2	34
10	39	3	56
10	39	4	18
10	39	5	61
10	40	2	34
10	40	3	100
10	40	4	31
10	40	5	22
10	41	2	51
10	41	3	15
10	41	4	56
10	41	5	35
10	42	2	26
10	42	3	90
10	42	4	66
10	42	5	29
10	43	2	36
10	43	3	98
10	43	4	21
10	43	5	29
10	44	2	26
10	44	3	71
10	44	4	27
10	44	5	34
10	45	2	40
10	45	3	100
10	45	4	49
10	45	5	59
10	46	2	35
10	46	3	105
10	46	4	24
10	46	5	36
10	47	2	69
10	47	3	31
10	47	4	23
10	47	5	21
10	48	2	31
10	48	3	72
10	48	5	20
10	49	2	4
10	49	3	55
10	49	4	49
10	49	5	35
10	50	2	42
10	50	3	77
10	50	4	45
10	50	5	41


Warehouse Inventory (W P T):
1	845		845		421		394		0		845	
2	531		531		0		645		206		531	
3	433		433		0		742		326		433	
4	550		550		92		460		0		550	
5	1261		1261		739		485		0		1261	
6	716		716		225		348		0		716	
7	564		564		49		472		0		564	
8	1302		1302		792		558		0		1302	
9	436		436		0		568		90		436	
10	474		474		0		526		110		474	
11	690		690		323		446		0		690	
12	1156		1156		687		406		0		1156	
13	590		590		173		570		0		590	
14	553		553		0		1565		1078		553	
15	1492		1492		1033		535		0		1492	
16	1074		1074		597		449		0		1074	
17	0		0		610		873		469		0	
18	0		0		440		1025		478		0	
19	0		0		1408		835		425		0	
20	110		110		0		1009		622		110	
21	336		336		0		1209		791		336	
22	0		0		603		749		404		0	
23	0		0		8		840		461		0	
24	0		0		1151		907		475		0	
25	0		0		1366		902		410		0	
26	0		0		973		910		424		0	
27	0		0		1232		788		374		0	
28	0		0		1023		845		427		0	
29	0		0		599		892		476		0	
30	0		0		479		928		451		0	
31	0		0		546		846		427		0	
32	277		277		0		1181		654		277	
33	0		0		684		94		441		0	
34	749		749		677		0		1260		749	
35	0		0		962		295		434		0	
36	0		0		920		329		385		0	
37	51		51		537		0		476		51	
38	0		0		913		328		478		0	
39	432		432		517		0		984		432	
40	0		0		1216		602		410		0	
41	725		725		458		0		1183		725	
42	79		79		541		0		414		79	
43	0		0		1418		908		452		0	
44	373		373		677		0		693		373	
45	0		0		1199		485		479		0	
46	300		300		605		0		727		300	
47	787		787		608		0		1222		787	
48	433		433		489		0		838		433	
49	0		0		943		310		344		0	
50	0		0		1129		544		447		0	

Store Inventory (S P T):
Store1
1	63		0		63		63		63		63	
2	29		0		29		29		29		29	
3	20		0		20		20		20		20	
4	24		0		24		24		24		24	
5	15		0		15		15		15		15	
6	46		0		46		46		46		46	
7	10		0		10		10		10		10	
8	12		0		12		12		12		12	
9	22		0		22		22		22		22	
10	34		0		34		34		34		34	
11	29		0		29		29		29		29	
12	44		0		44		44		44		44	
13	48		0		48		48		48		48	
14	63		0		63		63		63		63	
15	58		0		58		58		58		58	
16	31		0		31		31		31		31	
17	37		0		37		37		37		37	
18	40		0		40		40		40		40	
19	52		0		52		52		52		52	
20	58		0		58		58		58		58	
21	22		0		22		22		22		22	
22	45		0		45		45		45		45	
23	32		0		32		32		32		32	
24	23		0		23		23		23		23	
25	52		0		52		52		52		52	
26	8		0		8		8		8		8	
27	39		0		39		39		39		39	
28	23		0		23		23		23		23	
29	42		0		42		42		42		42	
30	86		0		86		86		86		86	
31	60		0		60		60		60		60	
32	28		0		28		28		28		28	
33	9		0		9		9		9		9	
34	30		0		30		30		30		30	
35	42		0		42		42		42		42	
36	55		0		55		55		55		55	
37	62		0		62		62		62		62	
38	21		0		21		21		21		21	
39	45		0		45		45		45		45	
40	31		0		31		31		31		31	
41	27		0		27		27		27		27	
42	40		0		40		40		40		40	
43	30		0		30		30		30		30	
44	11		0		11		11		11		11	
45	56		0		56		56		56		56	
46	58		0		58		58		58		58	
47	23		0		23		23		23		23	
48	66		0		66		66		66		66	
49	34		0		34		34		34		34	
50	53		0		53		53		53		53	
Store2
1	51		0		0		0		0		51	
2	32		0		0		0		0		32	
3	29		0		0		0		0		29	
4	34		0		0		0		0		34	
5	52		0		0		0		0		52	
6	38		0		0		0		0		38	
7	63		0		0		0		0		63	
8	56		0		0		0		0		56	
9	39		0		0		0		0		39	
10	50		0		0		0		0		50	
11	53		0		0		0		0		53	
12	37		0		0		0		0		37	
13	51		0		0		0		0		51	
14	57		0		0		0		0		57	
15	40		0		0		0		0		40	
16	13		0		0		0		0		13	
17	42		0		0		0		0		42	
18	39		0		0		0		0		39	
19	26		0		0		0		0		26	
20	46		0		0		0		0		46	
21	72		0		0		0		0		72	
22	26		0		0		0		0		26	
23	35		0		0		0		0		35	
24	27		0		0		0		0		27	
25	24		0		0		0		0		24	
26	41		0		0		0		0		41	
27	51		0		0		0		0		51	
28	38		0		0		0		0		38	
29	35		0		0		0		0		35	
30	38		0		0		0		0		38	
31	39		0		0		0		0		39	
32	32		0		0		0		0		32	
33	57		0		0		0		0		57	
34	36		0		0		0		0		36	
35	34		0		0		0		0		34	
36	39		0		0		0		0		39	
37	3		0		0		0		0		3	
38	29		0		0		0		0		29	
39	42		0		0		0		0		42	
40	40		0		0		0		0		40	
41	37		0		0		0		0		37	
42	22		0		0		0		0		22	
43	40		0		0		0		0		40	
44	44		0		0		0		0		44	
45	26		0		0		0		0		26	
46	23		0		0		0		0		23	
47	46		0		0		0		0		46	
48	48		0		0		0		0		48	
49	35		0		0		0		0		35	
50	15		0		0		0		0		15	
Store3
1	25		0		25		25		25		25	
2	50		0		50		50		50		50	
3	30		0		30		30		30		30	
4	14		0		14		14		14		14	
5	65		0		65		65		65		65	
6	13		0		13		13		13		13	
7	56		0		56		56		56		56	
8	51		0		51		51		51		51	
9	47		0		47		47		47		47	
10	43		0		43		43		43		43	
11	64		0		64		64		64		64	
12	32		0		32		32		32		32	
13	54		0		54		54		54		54	
14	67		0		67		67		67		67	
15	27		0		27		27		27		27	
16	41		0		41		41		41		41	
17	16		0		16		16		16		16	
18	37		0		37		37		37		37	
19	55		0		55		55		55		55	
20	44		0		44		44		44		44	
21	41		0		41		41		41		41	
22	27		0		27		27		27		27	
23	35		0		35		35		35		35	
24	54		0		54		54		54		54	
25	45		0		45		45		45		45	
26	63		0		63		63		63		63	
27	24		0		24		24		24		24	
28	38		0		38		38		38		38	
29	61		0		61		61		61		61	
30	46		0		46		46		46		46	
31	30		0		30		30		30		30	
32	34		0		34		34		34		34	
33	34		0		34		34		34		34	
34	29		0		29		29		29		29	
35	16		0		16		16		16		16	
36	38		0		38		38		38		38	
37	24		0		24		24		24		24	
38	44		0		44		44		44		44	
39	42		0		42		42		42		42	
40	47		0		47		47		47		47	
41	39		0		39		39		39		39	
42	42		0		42		42		42		42	
43	54		0		54		54		54		54	
44	47		0		47		47		47		47	
45	25		0		25		25		25		25	
46	30		0		30		30		30		30	
47	73		0		73		73		73		73	
48	38		0		38		38		38		38	
49	68		0		68		68		68		68	
50	18		0		18		18		18		18	
Store4
1	65		0		0		65		65		65	
2	54		0		0		54		54		54	
3	27		0		0		27		27		27	
4	29		0		0		29		29		29	
5	45		0		0		45		45		45	
6	55		0		0		55		55		55	
7	49		0		0		49		49		49	
8	29		0		0		29		29		29	
9	56		0		0		56		56		56	
10	60		0		0		60		60		60	
11	31		0		0		31		31		31	
12	27		0		0		27		27		27	
13	35		0		0		35		35		35	
14	75		0		0		75		75		75	
15	67		0		0		67		67		67	
16	45		0		0		45		45		45	
17	32		0		0		32		32		32	
18	70		0		0		70		70		70	
19	50		0		0		50		50		50	
20	74		0		0		74		74		74	
21	45		0		0		45		45		45	
22	45		0		0		45		45		45	
23	65		0		0		65		65		65	
24	47		0		0		47		47		47	
25	42		0		0		42		42		42	
26	37		0		0		37		37		37	
27	37		0		0		37		37		37	
28	24		0		0		24		24		24	
29	50		0		0		50		50		50	
30	32		0		0		32		32		32	
31	44		0		0		44		44		44	
32	59		0		0		59		59		59	
33	25		0		0		25		25		25	
34	53		0		0		53		53		53	
35	38		0		0		38		38		38	
36	43		0		0		43		43		43	
37	33		0		0		33		33		33	
38	70		0		0		70		70		70	
39	34		0		0		34		34		34	
40	50		0		0		50		50		50	
41	16		0		0		16		16		16	
42	42		0		0		42		42		42	
43	18		0		0		18		18		18	
44	28		0		0		28		28		28	
45	31		0		0		31		31		31	
46	41		0		0		41		41		41	
47	33		0		0		33		33		33	
48	20		0		0		20		20		20	
49	33		0		0		33		33		33	
50	20		0		0		20		20		20	
Store5
1	26		0		0		26		26		26	
2	30		0		0		30		30		30	
3	62		0		0		62		62		62	
4	39		0		0		39		39		39	
5	40		0		0		40		40		40	
6	49		0		0		49		49		49	
7	24		0		0		24		24		24	
8	54		0		0		54		54		54	
9	20		0		0		20		20		20	
10	60		0		0		60		60		60	
11	30		0		0		30		30		30	
12	54		0		0		54		54		54	
13	47		0		0		47		47		47	
14	60		0		0		60		60		60	
15	49		0		0		49		49		49	
16	33		0		0		33		33		33	
17	38		0		0		38		38		38	
18	23		0		0		23		23		23	
19	31		0		0		31		31		31	
20	52		0		0		52		52		52	
21	25		0		0		25		25		25	
22	34		0		0		34		34		34	
23	30		0		0		30		30		30	
24	18		0		0		18		18		18	
25	61		0		0		61		61		61	
26	33		0		0		33		33		33	
27	39		0		0		39		39		39	
28	22		0		0		22		22		22	
29	48		0		0		48		48		48	
30	19		0		0		19		19		19	
31	52		0		0		52		52		52	
32	59		0		0		59		59		59	
33	58		0		0		58		58		58	
34	25		0		0		25		25		25	
35	29		0		0		29		29		29	
36	77		0		0		77		77		77	
37	34		0		0		34		34		34	
38	54		0		0		54		54		54	
39	34		0		0		34		34		34	
40	36		0		0		36		36		36	
41	43		0		0		43		43		43	
42	41		0		0		41		41		41	
43	61		0		0		61		61		61	
44	41		0		0		41		41		41	
45	46		0		0		46		46		46	
46	42		0		0		42		42		42	
47	15		0		0		15		15		15	
48	23		0		0		23		23		23	
49	48		0		0		48		48		48	
50	40		0		0		40		40		40	
Store6
1	44		0		0		44		44		44	
2	26		0		0		26		26		26	
3	28		0		0		28		28		28	
4	39		0		0		39		39		39	
5	42		0		0		42		42		42	
6	9		0		0		9		9		9	
7	30		0		0		30		30		30	
8	39		0		0		39		39		39	
9	35		0		0		35		35		35	
10	39		0		0		39		39		39	
11	74		0		0		74		74		74	
12	63		0		0		63		63		63	
13	62		0		0		62		62		62	
14	35		0		0		35		35		35	
15	38		0		0		38		38		38	
16	21		0		0		21		21		21	
17	30		0		0		30		30		30	
18	39		0		0		39		39		39	
19	51		0		0		51		51		51	
20	48		0		0		48		48		48	
21	24		0		0		24		24		24	
22	62		0		0		62		62		62	
23	45		0		0		45		45		45	
24	36		0		0		36		36		36	
25	33		0		0		33		33		33	
26	70		0		0		70		70		70	
27	63		0		0		63		63		63	
28	42		0		0		42		42		42	
29	29		0		0		29		29		29	
30	50		0		0		50		50		50	
31	52		0		0		52		52		52	
32	21		0		0		21		21		21	
33	30		0		0		30		30		30	
34	67		0		0		67		67		67	
35	35		0		0		35		35		35	
36	35		0		0		35		35		35	
37	31		0		0		31		31		31	
38	41		0		0		41		41		41	
39	16		0		0		16		16		16	
40	43		0		0		43		43		43	
41	58		0		0		58		58		58	
42	56		0		0		56		56		56	
43	1		0		0		1		1		1	
44	54		0		0		54		54		54	
45	59		0		0		59		59		59	
46	30		0		0		30		30		30	
47	41		0		0		41		41		41	
48	16		0		0		16		16		16	
49	72		0		0		72		72		72	
50	37		0		0		37		37		37	
Store7
1	25		0		0		25		25		25	
2	58		0		0		58		58		58	
3	30		0		0		30		30		30	
4	29		0		0		29		29		29	
5	62		0		0		62		62		62	
6	41		0		0		41		41		41	
7	37		0		0		37		37		37	
8	33		0		0		33		33		33	
9	57		0		0		57		57		57	
10	42		0		0		42		42		42	
11	39		0		0		39		39		39	
12	36		0		0		36		36		36	
13	52		0		0		52		52		52	
14	13		0		0		13		13		13	
15	60		0		0		60		60		60	
16	26		0		0		26		26		26	
17	33		0		0		33		33		33	
18	34		0		0		34		34		34	
19	52		0		0		52		52		52	
20	53		0		0		53		53		53	
21	41		0		0		41		41		41	
22	13		0		0		13		13		13	
23	43		0		0		43		43		43	
24	59		0		0		59		59		59	
25	35		0		0		35		35		35	
26	34		0		0		34		34		34	
27	35		0		0		35		35		35	
28	43		0		0		43		43		43	
29	17		0		0		17		17		17	
30	40		0		0		40		40		40	
31	0		0		0		0		0		0	
32	4		0		0		4		4		4	
33	30		0		0		30		30		30	
34	37		0		0		37		37		37	
35	41		0		0		41		41		41	
36	0		0		0		0		0		0	
37	60		0		0		60		60		60	
38	24		0		0		24		24		24	
39	24		0		0		24		24		24	
40	37		0		0		37		37		37	
41	36		0		0		36		36		36	
42	30		0		0		30		30		30	
43	26		0		0		26		26		26	
44	54		0		0		54		54		54	
45	60		0		0		60		60		60	
46	22		0		0		22		22		22	
47	44		0		0		44		44		44	
48	23		0		0		23		23		23	
49	37		0		0		37		37		37	
50	23		0		0		23		23		23	
Store8
1	51		0		0		0		51		51	
2	50		0		0		0		50		50	
3	9		0		0		0		9		9	
4	31		0		0		0		31		31	
5	49		0		0		0		49		49	
6	48		0		0		0		48		48	
7	31		0		0		0		31		31	
8	48		0		0		0		48		48	
9	38		0		0		0		38		38	
10	40		0		0		0		40		40	
11	16		0		0		0		16		16	
12	21		0		0		0		21		21	
13	52		0		0		0		52		52	
14	38		0		0		0		38		38	
15	52		0		0		0		52		52	
16	53		0		0		0		53		53	
17	65		0		0		0		65		65	
18	14		0		0		0		14		14	
19	31		0		0		0		31		31	
20	20		0		0		0		20		20	
21	49		0		0		0		49		49	
22	49		0		0		0		49		49	
23	28		0		0		0		28		28	
24	48		0		0		0		48		48	
25	61		0		0		0		61		61	
26	61		0		0		0		61		61	
27	70		0		0		0		70		70	
28	38		0		0		0		38		38	
29	52		0		0		0		52		52	
30	44		0		0		0		44		44	
31	13		0		0		0		13		13	
32	55		0		0		0		55		55	
33	44		0		0		0		44		44	
34	66		0		0		0		66		66	
35	50		0		0		0		50		50	
36	25		0		0		0		25		25	
37	42		0		0		0		42		42	
38	13		0		0		0		13		13	
39	14		0		0		0		14		14	
40	10		0		0		0		10		10	
41	63		0		0		0		63		63	
42	25		0		0		0		25		25	
43	45		0		0		0		45		45	
44	36		0		0		0		36		36	
45	38		0		0		0		38		38	
46	64		0		0		0		64		64	
47	44		0		0		0		44		44	
48	20		0		0		0		20		20	
49	53		0		0		0		53		53	
50	45		0		0		0		45		45	
Store9
1	23		0		0		0		23		23	
2	38		0		0		0		38		38	
3	35		0		0		0		35		35	
4	36		0		0		0		36		36	
5	44		0		0		0		44		44	
6	7		0		0		0		7		7	
7	45		0		0		0		45		45	
8	51		0		0		0		51		51	
9	43		0		0		0		43		43	
10	0		0		0		0		0		0	
11	38		0		0		0		38		38	
12	27		0		0		0		27		27	
13	27		0		0		0		27		27	
14	36		0		0		0		36		36	
15	41		0		0		0		41		41	
16	37		0		0		0		37		37	
17	27		0		0		0		27		27	
18	45		0		0		0		45		45	
19	25		0		0		0		25		25	
20	27		0		0		0		27		27	
21	55		0		0		0		55		55	
22	25		0		0		0		25		25	
23	27		0		0		0		27		27	
24	54		0		0		0		54		54	
25	50		0		0		0		50		50	
26	36		0		0		0		36		36	
27	28		0		0		0		28		28	
28	34		0		0		0		34		34	
29	64		0		0		0		64		64	
30	45		0		0		0		45		45	
31	21		0		0		0		21		21	
32	42		0		0		0		42		42	
33	46		0		0		0		46		46	
34	54		0		0		0		54		54	
35	41		0		0		0		41		41	
36	41		0		0		0		41		41	
37	44		0		0		0		44		44	
38	33		0		0		0		33		33	
39	43		0		0		0		43		43	
40	21		0		0		0		21		21	
41	40		0		0		0		40		40	
42	37		0		0		0		37		37	
43	60		0		0		0		60		60	
44	31		0		0		0		31		31	
45	39		0		0		0		39		39	
46	31		0		0		0		31		31	
47	16		0		0		0		16		16	
48	31		0		0		0		31		31	
49	55		0		0		0		55		55	
50	46		0		0		0		46		46	
Store10
1	45		0		0		45		45		45	
2	38		0		0		38		38		38	
3	40		0		0		40		40		40	
4	16		0		0		16		16		16	
5	43		0		0		43		43		43	
6	23		0		0		23		23		23	
7	53		0		0		53		53		53	
8	53		0		0		53		53		53	
9	43		0		0		43		43		43	
10	52		0		0		52		52		52	
11	32		0		0		32		32		32	
12	65		0		0		65		65		65	
13	52		0		0		52		52		52	
14	40		0		0		40		40		40	
15	41		0		0		41		41		41	
16	30		0		0		30		30		30	
17	50		0		0		50		50		50	
18	38		0		0		38		38		38	
19	32		0		0		32		32		32	
20	60		0		0		60		60		60	
21	44		0		0		44		44		44	
22	46		0		0		46		46		46	
23	21		0		0		21		21		21	
24	77		0		0		77		77		77	
25	25		0		0		25		25		25	
26	24		0		0		24		24		24	
27	59		0		0		59		59		59	
28	34		0		0		34		34		34	
29	37		0		0		37		37		37	
30	39		0		0		39		39		39	
31	25		0		0		25		25		25	
32	45		0		0		45		45		45	
33	19		0		0		19		19		19	
34	50		0		0		50		50		50	
35	65		0		0		65		65		65	
36	28		0		0		28		28		28	
37	34		0		0		34		34		34	
38	61		0		0		61		61		61	
39	22		0		0		22		22		22	
40	58		0		0		58		58		58	
41	0		0		0		0		0		0	
42	28		0		0		28		28		28	
43	29		0		0		29		29		29	
44	37		0		0		37		37		37	
45	51		0		0		51		51		51	
46	58		0		0		58		58		58	
47	31		0		0		31		31		31	
48	31		0		0		31		31		31	
49	19		0		0		19		19		19	
50	17		0		0		17		17		17	


Shipments from Vendor to Warehouse (V T):
0	0	0.454442	0	0.6818494	
0	0.6756226	0.6376253	0	0	
0	0.7089953	0	0.5929753	0	

Shipments from Warehouse to Stores (S T):
1	2	0.1796
1	3	0.152938
1	4	0.1164507
1	5	0.2643067
2	2	0.152154
2	3	0.1244013
2	4	0.1024887
2	5	0.3346466
3	2	0.1697867
3	3	0.143466
3	4	0.1699527
3	5	0.2685313
4	2	0.139724
4	3	0.2328273
4	4	0.1405407
4	5	0.2742687
5	2	0.164716
5	3	0.2187967
5	4	0.1006527
5	5	0.2528833
6	2	0.1529666
6	3	0.212386
6	4	0.142028
6	5	0.24298
7	2	0.1129633
7	3	0.1873087
7	4	0.1716087
7	5	0.2776166
8	2	0.130674
8	3	0.1368647
8	4	0.2087387
8	5	0.263218
9	2	0.1069653
9	3	0.1705013
9	4	0.2234053
9	5	0.2746947
10	2	0.1251353
10	3	0.1963353
10	4	0.1419007
10	5	0.2848867


Required Putaway workers (Sol T):
3	2	2	3	1	

No of required pickers (T):
0	5	6	6	9	

No of part-time putaway workers (T):
1	0	0	1	0	

No of part-time pickers (T):
0	0	0	0	3	

Best Putaway Technology: 2400
Best Picking Technology: 1000

Required Fashion Putaway Hours:
20.48333	0	4.120833	16.84792	0	

Required Basic Putaway Hours:
0	15.38042	11.70375	6.792083	7.529167	

Required Total Putaway Hours:
20.48333	15.38042	15.82458	23.64	7.529167	

No of required fashion pick hours:
0	13.915	17.385	18.835	49.35	

No of required basic pick hours:
0	24.17	30.348	22.859	21.996	

No of required total pick hours:
0	38.085	47.733	41.694	71.346	

List of all the costs: 
MHECost		444
PutawayTechCost		3540
PickingTechCost		9130
WhBasicInvCost		1137.48
BasicInbCost		10095.77
WhFashionInvCost		1615.05
FashionInbCost		7275.2
PutawayCost		3680
StoreBasicInvCost		2755.95
StoreFashionInvCost		9741.75
OutboundCost		34787.21
PickingCost		10320
Total		94522.41

List of Top5 Technologies: 
Tech1		3	6	$ 94522.41
Tech2		4	6	$ 96864.55
Tech3		4	2	$ 126251.4
Tech4		4	1	$ 167727.6
Tech5		1	1	$ 203077
The start time is 12/20/2014 4:50:53 PM
The End time is 12/20/2014 4:52:00 PM
