Printing New Fashion Solution:

Inbound Fashion Solution (V F T):
1	1	3	5075
1	2	4	4460
1	3	3	4915
1	4	4	5430
1	5	3	2545
1	6	4	6485
1	7	3	4700
1	8	3	3860
1	9	4	4490
1	10	3	5655


Outbound Fashion Solution(S F T):
1	1	5	540
1	2	5	1420
1	3	5	1025
1	4	5	980
1	5	5	790
1	6	5	815
1	7	5	415
1	8	5	920
1	9	5	850
1	10	5	1330
2	1	5	1115
2	2	5	1290
2	3	5	830
2	4	5	1675
2	5	5	475
2	6	5	1320
2	7	5	1690
2	8	5	820
2	9	5	85
2	10	5	1325
3	1	5	610
3	2	5	740
3	3	5	905
3	4	5	790
3	5	5	445
3	6	5	1630
3	7	5	1090
3	8	5	1300
3	9	5	750
3	10	5	1755
4	1	5	1475
4	2	5	425
4	3	5	1030
4	4	5	740
4	5	5	295
4	6	5	930
4	7	5	1265
4	8	5	470
4	9	5	1230
5	1	5	1335
5	2	5	585
5	3	5	1125
5	4	5	1245
5	5	5	540
5	6	5	1790
5	7	5	240
5	8	5	350
5	9	5	1575
5	10	5	1245


Warehouse Fashion Inventory (W F T):
1	0		0		5075		5075		0	
2	0		0		0		4460		0	
3	0		0		4915		4915		0	
4	0		0		0		5430		0	
5	0		0		2545		2545		0	
6	0		0		0		6485		0	
7	0		0		4700		4700		0	
8	0		0		3860		3860		0	
9	0		0		0		4490		0	
10	0		0		5655		5655		0	

Store Fashion Inventory (S F T):
Store1
1	0		0		0		540	
2	0		0		0		1420	
3	0		0		0		1025	
4	0		0		0		980	
5	0		0		0		790	
6	0		0		0		815	
7	0		0		0		415	
8	0		0		0		920	
9	0		0		0		850	
10	0		0		0		1330	
Store2
1	0		0		0		1115	
2	0		0		0		1290	
3	0		0		0		830	
4	0		0		0		1675	
5	0		0		0		475	
6	0		0		0		1320	
7	0		0		0		1690	
8	0		0		0		820	
9	0		0		0		85	
10	0		0		0		1325	
Store3
1	0		0		0		610	
2	0		0		0		740	
3	0		0		0		905	
4	0		0		0		790	
5	0		0		0		445	
6	0		0		0		1630	
7	0		0		0		1090	
8	0		0		0		1300	
9	0		0		0		750	
10	0		0		0		1755	
Store4
1	0		0		0		1475	
2	0		0		0		425	
3	0		0		0		1030	
4	0		0		0		740	
5	0		0		0		295	
6	0		0		0		930	
7	0		0		0		1265	
8	0		0		0		470	
9	0		0		0		1230	
10	0		0		0		0	
Store5
1	0		0		0		1335	
2	0		0		0		585	
3	0		0		0		1125	
4	0		0		0		1245	
5	0		0		0		540	
6	0		0		0		1790	
7	0		0		0		240	
8	0		0		0		350	
9	0		0		0		1575	
10	0		0		0		1245	


Fashion Shipments from Vendor to Warehouse (V T):
0	0	1.226663	0.9702734	

Printing New Basic Solution:

Inbound Solution (V P T):
1	1	1	1850
1	1	2	2775
1	2	1	3756
1	2	2	939
1	3	1	1954
1	3	2	2932
1	4	1	1668
1	4	2	3895
1	5	1	3012
1	5	2	2009
1	6	1	2850
1	6	2	2851
1	7	1	3012
1	7	2	2009
1	8	1	2690
1	8	2	2690
1	9	1	3587
1	9	2	1538
1	10	1	4049
1	10	2	450


Outbound Solution(S P T):
1	1	2	651
1	2	2	541
1	3	2	1049
1	4	2	1288
1	5	2	870
1	6	2	1112
1	7	2	912
1	8	2	1169
1	9	2	1124
1	10	2	940
2	1	2	850
2	2	2	928
2	3	2	884
2	4	2	979
2	5	2	986
2	6	2	903
2	7	2	848
2	8	2	1230
2	9	2	889
2	10	2	1173
3	1	2	1120
3	2	2	1011
3	3	2	1097
3	4	2	1197
3	5	2	1047
3	6	2	1306
3	7	2	993
3	8	2	1006
3	9	2	1090
3	10	2	518
4	1	1	979
4	2	1	1211
4	3	1	1080
4	4	1	961
4	5	1	1160
4	6	1	1097
4	7	1	1006
4	8	1	1201
4	9	1	1071
4	10	1	983
5	1	1	1025
5	2	1	1004
5	3	1	776
5	4	1	1138
5	5	1	958
5	6	1	1283
5	7	1	1262
5	8	1	774
5	9	1	951
5	10	1	885


Warehouse Inventory (W P T):
1	154		0		154		154		154		154	
2	0		1541		0		0		0		0	
3	0		98		0		0		0		0	
4	431		0		431		431		431		431	
5	0		894		0		0		0		0	
6	0		470		0		0		0		0	
7	0		744		0		0		0		0	
8	0		715		0		0		0		0	
9	0		1565		0		0		0		0	
10	0		2181		0		0		0		0	

Store Inventory (S P T):
Store1
1	107		0		566		361		171		107	
2	33		0		459		236		144		33	
3	269		0		717		466		312		269	
4	196		0		984		734		407		196	
5	164		0		687		499		345		164	
6	284		0		882		718		432		284	
7	180		0		684		513		311		180	
8	124		0		884		641		358		124	
9	164		0		833		575		452		164	
10	252		0		656		601		412		252	
Store2
1	201		0		666		454		265		201	
2	119		0		756		523		237		119	
3	151		0		636		564		307		151	
4	129		0		742		607		417		129	
5	137		0		765		524		296		137	
6	222		0		802		593		428		222	
7	79		0		664		504		318		79	
8	125		0		952		611		400		125	
9	186		0		588		391		305		186	
10	295		0		893		708		463		295	
Store3
1	220		0		800		636		449		220	
2	174		0		807		586		366		174	
3	176		0		860		576		366		176	
4	198		0		850		569		355		198	
5	94		0		690		366		156		94	
6	324		0		1090		864		668		324	
7	172		0		751		531		420		172	
8	221		0		700		545		324		221	
9	194		0		975		702		542		194	
10	121		0		409		314		170		121	
Store4
1	0		619		479		183		22		0	
2	0		1012		663		468		307		0	
3	0		920		703		495		272		0	
4	0		771		614		370		157		0	
5	0		888		665		497		223		0	
6	0		746		486		383		85		0	
7	0		676		519		432		264		0	
8	0		1045		812		554		333		0	
9	0		815		741		460		314		0	
10	0		855		561		421		163		0	
Store5
1	0		799		553		439		257		0	
2	0		781		642		405		73		0	
3	0		694		501		370		239		0	
4	0		810		662		335		244		0	
5	0		668		563		331		308		0	
6	0		1075		945		703		386		0	
7	0		922		760		438		324		0	
8	0		570		320		287		253		0	
9	0		951		672		403		142		0	
10	0		634		608		445		212		0	


Shipments from Vendor to Warehouse (V T):
0.9369073	0.7198774	0	0	0	

Shipments from Warehouse to Stores (S T):
1	2	0.3207807
1	5	0.4150533
2	2	0.3079267
2	5	0.4649534
3	2	0.3433653
3	5	0.4628967
4	1	0.3493127
4	5	0.3740233
5	1	0.3353993
5	5	0.48001


Required Putaway workers (Sol T):
3	3	3	3	0	

No of required pickers (T):
3	4	0	0	6	

No of part-time putaway workers (T):
1	1	1	1	0	

No of part-time pickers (T):
0	0	0	0	2	

Best Putaway Technology: 1200
Best Picking Technology: 1000

Required Fashion Putaway Hours:
0	0	22.29167	17.3875	0	

Required Basic Putaway Hours:
23.69	18.40667	0	0	0	

Required Total Putaway Hours:
23.69	18.40667	22.29167	17.3875	0	

No of required fashion pick hours:
0	0	0	0	47.615	

No of required basic pick hours:
20.805	29.711	0	0	0	

No of required total pick hours:
20.805	29.711	0	0	47.615	

List of all the costs: 
MHECost		378
PutawayTechCost		1060
PickingTechCost		9130
WhBasicInvCost		105.48
BasicInbCost		3940.229
WhFashionInvCost		743.65
FashionInbCost		6927.598
PutawayCost		4160
StoreBasicInvCost		4844.2
StoreFashionInvCost		2380.75
OutboundCost		10061.48
PickingCost		6880
Total		50611.39

List of Top5 Technologies: 
Tech1		2	6	$ 50611.39
Tech2		2	5	$ 51781.74
Tech3		4	5	$ 53444.11
Tech4		4	1	$ 96427.33
Tech5		2	1	$ 128539
The start time is 1/1/2015 10:47:03 AM
The End time is 1/1/2015 10:47:14 AM
