Printing New Fashion Solution:

Inbound Fashion Solution (V F T):
1	1	3	5075
1	2	3	4460
1	3	2	4915
1	4	2	5430
1	5	2	2545
1	6	2	6485
1	7	3	4700
1	8	3	3860
1	9	3	4490
1	10	3	5655


Outbound Fashion Solution(S F T):
1	1	5	540
1	2	5	1420
1	3	4	1025
1	4	4	980
1	5	4	790
1	6	4	815
1	7	4	415
1	8	5	920
1	9	5	850
1	10	5	1330
2	1	5	1115
2	2	5	1290
2	3	3	830
2	4	4	1675
2	5	4	475
2	6	3	1320
2	7	4	1690
2	8	5	820
2	9	5	85
2	10	5	1325
3	1	5	610
3	2	4	740
3	3	4	905
3	4	4	790
3	5	4	445
3	6	4	1630
3	7	5	1090
3	8	5	1300
3	9	5	750
3	10	4	1755
4	1	4	1475
4	2	4	425
4	3	4	1030
4	4	4	740
4	5	4	295
4	6	4	930
4	7	5	1265
4	8	5	470
4	9	5	1230
5	1	5	1335
5	2	5	585
5	3	3	1125
5	4	3	1245
5	5	3	540
5	6	3	1790
5	7	5	240
5	8	5	350
5	9	5	1575
5	10	5	1245


Warehouse Fashion Inventory (W F T):
1	0		0		5075		3600		0	
2	0		0		4460		3295		0	
3	0		4915		2960		0		0	
4	0		5430		4185		0		0	
5	0		2545		2005		0		0	
6	0		6485		3375		0		0	
7	0		0		4700		2595		0	
8	0		0		3860		3860		0	
9	0		0		4490		4490		0	
10	0		0		5655		3900		0	

Store Fashion Inventory (S F T):
Store1
1	0		0		0		540	
2	0		0		0		1420	
3	0		0		1025		1025	
4	0		0		980		980	
5	0		0		790		790	
6	0		0		815		815	
7	0		0		415		415	
8	0		0		0		920	
9	0		0		0		850	
10	0		0		0		1330	
Store2
1	0		0		0		1115	
2	0		0		0		1290	
3	0		830		830		830	
4	0		0		1675		1675	
5	0		0		475		475	
6	0		1320		1320		1320	
7	0		0		1690		1690	
8	0		0		0		820	
9	0		0		0		85	
10	0		0		0		1325	
Store3
1	0		0		0		610	
2	0		0		740		740	
3	0		0		905		905	
4	0		0		790		790	
5	0		0		445		445	
6	0		0		1630		1630	
7	0		0		0		1090	
8	0		0		0		1300	
9	0		0		0		750	
10	0		0		1755		1755	
Store4
1	0		0		1475		1475	
2	0		0		425		425	
3	0		0		1030		1030	
4	0		0		740		740	
5	0		0		295		295	
6	0		0		930		930	
7	0		0		0		1265	
8	0		0		0		470	
9	0		0		0		1230	
10	0		0		0		0	
Store5
1	0		0		0		1335	
2	0		0		0		585	
3	0		1125		1125		1125	
4	0		1245		1245		1245	
5	0		540		540		540	
6	0		1790		1790		1790	
7	0		0		0		240	
8	0		0		0		350	
9	0		0		0		1575	
10	0		0		0		1245	


Fashion Shipments from Vendor to Warehouse (V T):
0	0.6853634	1.511573	0	

Printing New Basic Solution:

Inbound Solution (V P T):
1	1	1	925
1	1	4	3700
1	2	1	2817
1	2	4	1878
1	3	1	1954
1	3	4	2932
1	4	1	1668
1	4	4	3895
1	5	1	4016
1	5	4	1005
1	6	1	2850
1	6	4	2851
1	7	1	3514
1	7	4	1507
1	8	1	3765
1	8	4	1615
1	9	1	3587
1	9	4	1538
1	10	1	899
1	10	4	3600


Outbound Solution(S P T):
1	1	1	446
1	1	4	205
1	2	1	318
1	2	4	223
1	3	1	798
1	3	4	251
1	4	1	1038
1	4	4	250
1	5	1	682
1	5	4	188
1	6	1	948
1	6	4	164
1	7	1	741
1	7	4	171
1	8	1	926
1	8	4	243
1	9	1	866
1	9	4	258
1	10	1	885
1	10	4	55
2	1	1	597
2	1	4	189
2	1	5	64
2	2	1	524
2	2	4	286
2	2	5	118
2	3	1	471
2	3	4	257
2	3	5	156
2	4	1	501
2	4	4	190
2	4	5	288
2	5	1	599
2	5	4	228
2	5	5	159
2	6	1	532
2	6	4	165
2	6	5	206
2	7	1	423
2	7	4	186
2	7	5	239
2	8	1	744
2	8	4	211
2	8	5	275
2	9	1	684
2	9	4	86
2	9	5	119
2	10	1	760
2	10	4	245
2	10	5	168
3	1	2	1120
3	2	2	1011
3	3	2	1097
3	4	2	1197
3	5	2	1047
3	6	2	1306
3	7	2	993
3	8	2	1006
3	9	2	1090
3	10	2	518
4	1	1	796
4	1	4	183
4	2	1	743
4	2	4	468
4	3	1	585
4	3	4	495
4	4	1	591
4	4	4	370
4	5	1	663
4	5	4	497
4	6	1	714
4	6	4	383
4	7	1	574
4	7	4	432
4	8	1	647
4	8	4	554
4	9	1	611
4	9	4	460
4	10	1	562
4	10	4	421
5	1	3	617
5	1	5	408
5	2	3	449
5	2	5	555
5	3	3	563
5	3	5	213
5	4	3	719
5	4	5	419
5	5	3	645
5	5	5	313
5	6	3	758
5	6	5	525
5	7	3	808
5	7	5	454
5	8	3	536
5	8	5	238
5	9	3	690
5	9	5	261
5	10	3	401
5	10	5	484


Warehouse Inventory (W P T):
1	2651		1737		617		0		3123		2651	
2	228		1460		449		0		901		228	
3	1560		1660		563		0		1929		1560	
4	2378		1916		719		0		3085		2378	
5	0		2072		1025		380		472		0	
6	1408		2064		758		0		2139		1408	
7	25		1801		808		0		718		25	
8	94		1542		536		0		607		94	
9	354		1780		690		0		734		354	
10	2227		919		401		0		2879		2227	

Store Inventory (S P T):
Store1
1	0		339		254		49		64		0	
2	20		305		223		0		131		20	
3	54		583		251		0		97		54	
4	0		842		538		288		211		0	
5	0		518		335		147		181		0	
6	0		664		434		270		148		0	
7	0		561		333		162		131		0	
8	0		802		517		274		234		0	
9	0		702		411		153		288		0	
10	0		633		349		294		160		0	
Store2
1	0		396		212		0		0		0	
2	0		405		233		0		0		0	
3	0		320		72		0		0		0	
4	0		372		135		0		0		0	
5	0		462		241		0		0		0	
6	0		310		209		0		0		0	
7	0		344		160		0		0		0	
8	0		619		341		0		0		0	
9	0		498		197		0		0		0	
10	0		465		185		0		0		0	
Store3
1	220		0		800		636		449		220	
2	174		0		807		586		366		174	
3	176		0		860		576		366		176	
4	198		0		850		569		355		198	
5	94		0		690		366		156		94	
6	324		0		1090		864		668		324	
7	172		0		751		531		420		172	
8	221		0		700		545		324		221	
9	194		0		975		702		542		194	
10	121		0		409		314		170		121	
Store4
1	0		436		296		0		22		0	
2	0		544		195		0		307		0	
3	0		425		208		0		272		0	
4	0		401		244		0		157		0	
5	0		391		168		0		223		0	
6	0		363		103		0		85		0	
7	0		244		87		0		264		0	
8	0		491		258		0		333		0	
9	0		355		281		0		314		0	
10	0		434		140		0		163		0	
Store5
1	472		246		0		503		321		472	
2	482		259		120		332		0		482	
3	275		193		0		432		301		275	
4	476		148		0		392		301		476	
5	395		105		0		413		390		395	
6	338		130		0		516		199		338	
7	502		162		0		486		372		502	
8	454		250		0		503		469		454	
9	279		279		0		421		160		279	
10	277		26		0		238		5		277	


Shipments from Vendor to Warehouse (V T):
0.9353106	0	0	0.7214741	0	

Shipments from Warehouse to Stores (S T):
1	1	0.255308
1	4	0.2063727
1	5	0.2741533
2	1	0.18462
2	3	0.09917333
2	4	0.179572
2	5	0.3095146
3	2	0.3433653
3	4	0.2851034
3	5	0.1777933
4	1	0.2075987
4	4	0.3634973
4	5	0.15224
5	3	0.3831187
5	5	0.4322907


Required Putaway workers (Sol T):
3	3	3	3	0	

No of required pickers (T):
5	3	4	7	7	

No of part-time putaway workers (T):
1	1	1	1	0	

No of part-time pickers (T):
0	0	0	2	2	

Best Putaway Technology: 1200
Best Picking Technology: 500

Required Fashion Putaway Hours:
0	16.14583	23.53333	0	0	

Required Basic Putaway Hours:
21.6625	0	0	20.43417	0	

Required Total Putaway Hours:
21.6625	16.14583	23.53333	20.43417	0	

No of required fashion pick hours:
0	0	13.7	38.05	43.48	

No of required basic pick hours:
39.938	20.77	12.372	16.628	11.324	

No of required total pick hours:
39.938	20.77	26.072	54.678	54.804	

List of all the costs: 
MHECost		378
PutawayTechCost		1060
PickingTechCost		3195
WhBasicInvCost		514.0901
BasicInbCost		3940.229
WhFashionInvCost		818.8
FashionInbCost		6927.598
PutawayCost		4160
StoreBasicInvCost		2964.15
StoreFashionInvCost		4017
OutboundCost		13137.32
PickingCost		8960
Total		50072.18

List of Top5 Technologies: 
Tech1		2	5	$ 50072.18
Tech2		2	4	$ 59159.16
Tech3		2	1	$ 89441.55
Tech4		1	1	$ 108811.8
Tech5		None	None	$ -
The start time is 1/1/2015 10:47:03 AM
The End time is 1/1/2015 10:47:19 AM
