Printing New Fashion Solution:

Inbound Fashion Solution (V F T):
1	1	3	5075
1	2	2	4460
1	3	2	4915
1	4	3	5430
1	5	3	2545
1	6	2	6485
1	7	2	4700
1	8	3	3860
1	9	3	4490
1	10	2	5655


Outbound Fashion Solution(S F T):
1	1	4	540
1	2	4	1420
1	3	4	1025
1	4	5	980
1	5	5	790
1	6	4	815
1	7	4	415
1	8	4	920
1	9	5	850
1	10	4	1330
2	1	5	1115
2	2	4	1290
2	3	3	830
2	4	5	1675
2	5	5	475
2	6	3	1320
2	7	3	1690
2	8	5	820
2	9	4	85
2	10	4	1325
3	1	5	610
3	2	4	740
3	3	4	905
3	4	5	790
3	5	5	445
3	6	3	1630
3	7	4	1090
3	8	5	1300
3	9	5	750
3	10	3	1755
4	1	5	1475
4	2	4	425
4	3	4	1030
4	4	5	740
4	5	4	295
4	6	4	930
4	7	4	1265
4	8	5	470
4	9	5	1230
5	1	4	1335
5	2	4	585
5	3	4	1125
5	4	5	1245
5	5	5	540
5	6	4	1790
5	7	4	240
5	8	4	350
5	9	4	1575
5	10	4	1245


Warehouse Fashion Inventory (W F T):
1	0		0		5075		3200		0	
2	0		4460		4460		0		0	
3	0		4915		4085		0		0	
4	0		0		5430		5430		0	
5	0		0		2545		2250		0	
6	0		6485		3535		0		0	
7	0		4700		3010		0		0	
8	0		0		3860		2590		0	
9	0		0		4490		2830		0	
10	0		5655		3900		0		0	

Store Fashion Inventory (S F T):
Store1
1	0		0		540		540	
2	0		0		1420		1420	
3	0		0		1025		1025	
4	0		0		0		980	
5	0		0		0		790	
6	0		0		815		815	
7	0		0		415		415	
8	0		0		920		920	
9	0		0		0		850	
10	0		0		1330		1330	
Store2
1	0		0		0		1115	
2	0		0		1290		1290	
3	0		830		830		830	
4	0		0		0		1675	
5	0		0		0		475	
6	0		1320		1320		1320	
7	0		1690		1690		1690	
8	0		0		0		820	
9	0		0		85		85	
10	0		0		1325		1325	
Store3
1	0		0		0		610	
2	0		0		740		740	
3	0		0		905		905	
4	0		0		0		790	
5	0		0		0		445	
6	0		1630		1630		1630	
7	0		0		1090		1090	
8	0		0		0		1300	
9	0		0		0		750	
10	0		1755		1755		1755	
Store4
1	0		0		0		1475	
2	0		0		425		425	
3	0		0		1030		1030	
4	0		0		0		740	
5	0		0		295		295	
6	0		0		930		930	
7	0		0		1265		1265	
8	0		0		0		470	
9	0		0		0		1230	
10	0		0		0		0	
Store5
1	0		0		1335		1335	
2	0		0		585		585	
3	0		0		1125		1125	
4	0		0		0		1245	
5	0		0		0		540	
6	0		0		1790		1790	
7	0		0		240		240	
8	0		0		350		350	
9	0		0		1575		1575	
10	0		0		1245		1245	


Fashion Shipments from Vendor to Warehouse (V T):
0	1.300113	0.8968233	0	

Printing New Basic Solution:

Inbound Solution (V P T):
1	1	1	1387
1	1	5	3238
1	2	1	469
1	2	5	4226
1	3	1	1465
1	3	5	3421
1	4	1	4450
1	4	5	1113
1	5	1	3514
1	5	5	1507
1	6	1	570
1	6	5	5131
1	7	1	3514
1	7	5	1507
1	8	1	3228
1	8	5	2152
1	9	1	4612
1	9	5	513
1	10	1	3599
1	10	5	900


Outbound Solution(S P T):
1	1	2	651
1	2	2	541
1	3	2	1049
1	4	2	1288
1	5	2	870
1	6	2	1112
1	7	2	912
1	8	2	1169
1	9	2	1124
1	10	2	940
2	1	1	465
2	1	3	385
2	2	1	637
2	2	3	291
2	3	1	485
2	3	3	399
2	4	1	613
2	4	3	366
2	5	1	628
2	5	3	358
2	6	1	580
2	6	3	323
2	7	1	585
2	7	3	263
2	8	1	827
2	8	3	403
2	9	1	402
2	9	3	487
2	10	1	598
2	10	3	575
3	1	3	891
3	1	5	229
3	2	3	819
3	2	5	192
3	3	3	907
3	3	5	190
3	4	3	1040
3	4	5	157
3	5	3	985
3	5	5	62
3	6	3	962
3	6	5	344
3	7	3	745
3	7	5	248
3	8	3	903
3	8	5	103
3	9	3	742
3	9	5	348
3	10	3	469
3	10	5	49
4	1	1	818
4	1	5	161
4	2	1	1050
4	2	5	161
4	3	1	857
4	3	5	223
4	4	1	748
4	4	5	213
4	5	1	886
4	5	5	274
4	6	1	799
4	6	5	298
4	7	1	838
4	7	5	168
4	8	1	980
4	8	5	221
4	9	1	925
4	9	5	146
4	10	1	725
4	10	5	258
5	1	4	296
5	1	5	729
5	2	4	569
5	2	5	435
5	3	4	262
5	3	5	514
5	4	4	418
5	4	5	720
5	5	4	255
5	5	5	703
5	6	4	559
5	6	5	724
5	7	4	436
5	7	5	826
5	8	4	67
5	8	5	707
5	9	4	530
5	9	5	421
5	10	4	396
5	10	5	489


Warehouse Inventory (W P T):
1	2119		2223		1572		296		0		2119	
2	3438		2220		1679		569		0		3438	
3	2494		2617		1568		262		0		2494	
4	23		3112		1824		418		0		23	
5	468		2468		1598		255		0		468	
6	3765		2956		1844		559		0		3765	
7	265		2356		1444		436		0		265	
8	1121		2542		1373		67		0		1121	
9	0		3285		2161		932		402		0	
10	104		2380		1440		396		0		104	

Store Inventory (S P T):
Store1
1	107		0		566		361		171		107	
2	33		0		459		236		144		33	
3	269		0		717		466		312		269	
4	196		0		984		734		407		196	
5	164		0		687		499		345		164	
6	284		0		882		718		432		284	
7	180		0		684		513		311		180	
8	124		0		884		641		358		124	
9	164		0		833		575		452		164	
10	252		0		656		601		412		252	
Store2
1	0		264		80		253		64		0	
2	0		518		346		404		118		0	
3	0		334		86		413		156		0	
4	0		484		247		478		288		0	
5	0		491		270		387		159		0	
6	0		358		257		371		206		0	
7	0		506		322		425		239		0	
8	0		702		424		486		275		0	
9	85		301		0		290		204		85	
10	0		303		23		413		168		0	
Store3
1	540		320		0		727		540		540	
2	378		204		0		598		378		378	
3	413		237		0		623		413		413	
4	545		347		0		759		545		545	
5	451		357		0		661		451		451	
6	540		216		0		736		540		540	
7	414		242		0		525		414		414	
8	527		306		0		748		527		527	
9	309		115		0		469		309		309	
10	230		109		0		374		230		230	
Store4
1	139		597		457		161		0		139	
2	0		851		502		307		146		0	
3	0		697		480		272		49		0	
4	56		614		457		213		0		56	
5	51		665		442		274		0		51	
6	213		661		401		298		0		213	
7	0		508		351		264		96		0	
8	0		824		591		333		112		0	
9	0		669		595		314		168		0	
10	95		692		398		258		0		95	
Store5
1	586		360		114		0		114		586	
2	599		376		237		0		237		599	
3	406		324		131		0		131		406	
4	803		475		327		0		327		803	
5	627		337		232		0		232		627	
6	580		372		242		0		242		580	
7	824		484		322		0		322		824	
8	487		283		33		0		33		487	
9	548		548		269		0		269		548	
10	440		189		163		0		163		440	


Shipments from Vendor to Warehouse (V T):
0.8740746	0	0	0	0.78271	

Shipments from Warehouse to Stores (S T):
1	2	0.3207807
1	4	0.317
1	5	0.09805334
2	1	0.1876173
2	3	0.296096
2	4	0.15361
2	5	0.1355567
3	3	0.4554133
3	4	0.1242
3	5	0.2266487
4	1	0.2811927
4	4	0.1787967
4	5	0.2633467
5	4	0.5691007
5	5	0.2463087


Required Putaway workers (Sol T):
1	1	1	0	1	

No of required pickers (T):
4	3	5	7	7	

No of part-time putaway workers (T):
0	0	0	0	0	

No of part-time pickers (T):
0	0	0	2	2	

Best Putaway Technology: 3600
Best Picking Technology: 500

Required Fashion Putaway Hours:
0	7.281944	5.944445	0	0	

Required Basic Putaway Hours:
7.446667	0	0	0	6.585556	

Required Total Putaway Hours:
7.446667	7.281944	5.944445	0	6.585556	

No of required fashion pick hours:
0	0	14.45	48.18	32.6	

No of required basic pick hours:
28.892	19.312	24.626	7.576	20.626	

No of required total pick hours:
28.892	19.312	39.076	55.756	53.226	

List of all the costs: 
MHECost		435
PutawayTechCost		4795
PickingTechCost		3195
WhBasicInvCost		610.5099
BasicInbCost		3940.229
WhFashionInvCost		829.05
FashionInbCost		6927.598
PutawayCost		1600
StoreBasicInvCost		3821.85
StoreFashionInvCost		4307.75
OutboundCost		13137.32
PickingCost		8960
Total		52559.3

List of Top5 Technologies: 
Tech1		4	5	$ 52559.3
Tech2		4	2	$ 67933.52
Tech3		4	1	$ 90752.91
Tech4		1	1	$ 105164.5
Tech5		None	None	$ -
The start time is 1/1/2015 10:47:03 AM
The End time is 1/1/2015 10:47:11 AM
