WarehouseVolume:[
(1)	[100000000]
]
StoreVolume:[
(1)	[10000000]
(2)	[10000000]
(3)	[10000000]
(4)	[10000000]
(5)	[10000000]
]
StoreDemand:[
(1	1	1)	[107]
(1	1	2)	[85]
(1	1	3)	[205]
(1	1	4)	[190]
(1	1	5)	[64]
(1	2	1)	[33]
(1	2	2)	[82]
(1	2	3)	[223]
(1	2	4)	[92]
(1	2	5)	[111]
(1	3	1)	[269]
(1	3	2)	[332]
(1	3	3)	[251]
(1	3	4)	[154]
(1	3	5)	[43]
(1	4	1)	[196]
(1	4	2)	[304]
(1	4	3)	[250]
(1	4	4)	[327]
(1	4	5)	[211]
(1	5	1)	[164]
(1	5	2)	[183]
(1	5	3)	[188]
(1	5	4)	[154]
(1	5	5)	[181]
(1	6	1)	[284]
(1	6	2)	[230]
(1	6	3)	[164]
(1	6	4)	[286]
(1	6	5)	[148]
(1	7	1)	[180]
(1	7	2)	[228]
(1	7	3)	[171]
(1	7	4)	[202]
(1	7	5)	[131]
(1	8	1)	[124]
(1	8	2)	[285]
(1	8	3)	[243]
(1	8	4)	[283]
(1	8	5)	[234]
(1	9	1)	[164]
(1	9	2)	[291]
(1	9	3)	[258]
(1	9	4)	[123]
(1	9	5)	[288]
(1	10	1)	[252]
(1	10	2)	[284]
(1	10	3)	[55]
(1	10	4)	[189]
(1	10	5)	[160]
(2	1	1)	[201]
(2	1	2)	[184]
(2	1	3)	[212]
(2	1	4)	[189]
(2	1	5)	[64]
(2	2	1)	[119]
(2	2	2)	[172]
(2	2	3)	[233]
(2	2	4)	[286]
(2	2	5)	[118]
(2	3	1)	[151]
(2	3	2)	[248]
(2	3	3)	[72]
(2	3	4)	[257]
(2	3	5)	[156]
(2	4	1)	[129]
(2	4	2)	[237]
(2	4	3)	[135]
(2	4	4)	[190]
(2	4	5)	[288]
(2	5	1)	[137]
(2	5	2)	[221]
(2	5	3)	[241]
(2	5	4)	[228]
(2	5	5)	[159]
(2	6	1)	[222]
(2	6	2)	[101]
(2	6	3)	[209]
(2	6	4)	[165]
(2	6	5)	[206]
(2	7	1)	[79]
(2	7	2)	[184]
(2	7	3)	[160]
(2	7	4)	[186]
(2	7	5)	[239]
(2	8	1)	[125]
(2	8	2)	[278]
(2	8	3)	[341]
(2	8	4)	[211]
(2	8	5)	[275]
(2	9	1)	[186]
(2	9	2)	[301]
(2	9	3)	[197]
(2	9	4)	[86]
(2	9	5)	[119]
(2	10	1)	[295]
(2	10	2)	[280]
(2	10	3)	[185]
(2	10	4)	[245]
(2	10	5)	[168]
(3	1	1)	[220]
(3	1	2)	[320]
(3	1	3)	[164]
(3	1	4)	[187]
(3	1	5)	[229]
(3	2	1)	[174]
(3	2	2)	[204]
(3	2	3)	[221]
(3	2	4)	[220]
(3	2	5)	[192]
(3	3	1)	[176]
(3	3	2)	[237]
(3	3	3)	[284]
(3	3	4)	[210]
(3	3	5)	[190]
(3	4	1)	[198]
(3	4	2)	[347]
(3	4	3)	[281]
(3	4	4)	[214]
(3	4	5)	[157]
(3	5	1)	[94]
(3	5	2)	[357]
(3	5	3)	[324]
(3	5	4)	[210]
(3	5	5)	[62]
(3	6	1)	[324]
(3	6	2)	[216]
(3	6	3)	[226]
(3	6	4)	[196]
(3	6	5)	[344]
(3	7	1)	[172]
(3	7	2)	[242]
(3	7	3)	[220]
(3	7	4)	[111]
(3	7	5)	[248]
(3	8	1)	[221]
(3	8	2)	[306]
(3	8	3)	[155]
(3	8	4)	[221]
(3	8	5)	[103]
(3	9	1)	[194]
(3	9	2)	[115]
(3	9	3)	[273]
(3	9	4)	[160]
(3	9	5)	[348]
(3	10	1)	[121]
(3	10	2)	[109]
(3	10	3)	[95]
(3	10	4)	[144]
(3	10	5)	[49]
(4	1	1)	[360]
(4	1	2)	[140]
(4	1	3)	[296]
(4	1	4)	[161]
(4	1	5)	[22]
(4	2	1)	[199]
(4	2	2)	[349]
(4	2	3)	[195]
(4	2	4)	[161]
(4	2	5)	[307]
(4	3	1)	[160]
(4	3	2)	[217]
(4	3	3)	[208]
(4	3	4)	[223]
(4	3	5)	[272]
(4	4	1)	[190]
(4	4	2)	[157]
(4	4	3)	[244]
(4	4	4)	[213]
(4	4	5)	[157]
(4	5	1)	[272]
(4	5	2)	[223]
(4	5	3)	[168]
(4	5	4)	[274]
(4	5	5)	[223]
(4	6	1)	[351]
(4	6	2)	[260]
(4	6	3)	[103]
(4	6	4)	[298]
(4	6	5)	[85]
(4	7	1)	[330]
(4	7	2)	[157]
(4	7	3)	[87]
(4	7	4)	[168]
(4	7	5)	[264]
(4	8	1)	[156]
(4	8	2)	[233]
(4	8	3)	[258]
(4	8	4)	[221]
(4	8	5)	[333]
(4	9	1)	[256]
(4	9	2)	[74]
(4	9	3)	[281]
(4	9	4)	[146]
(4	9	5)	[314]
(4	10	1)	[128]
(4	10	2)	[294]
(4	10	3)	[140]
(4	10	4)	[258]
(4	10	5)	[163]
(5	1	1)	[226]
(5	1	2)	[246]
(5	1	3)	[114]
(5	1	4)	[182]
(5	1	5)	[257]
(5	2	1)	[223]
(5	2	2)	[139]
(5	2	3)	[237]
(5	2	4)	[332]
(5	2	5)	[73]
(5	3	1)	[82]
(5	3	2)	[193]
(5	3	3)	[131]
(5	3	4)	[131]
(5	3	5)	[239]
(5	4	1)	[328]
(5	4	2)	[148]
(5	4	3)	[327]
(5	4	4)	[91]
(5	4	5)	[244]
(5	5	1)	[290]
(5	5	2)	[105]
(5	5	3)	[232]
(5	5	4)	[23]
(5	5	5)	[308]
(5	6	1)	[208]
(5	6	2)	[130]
(5	6	3)	[242]
(5	6	4)	[317]
(5	6	5)	[386]
(5	7	1)	[340]
(5	7	2)	[162]
(5	7	3)	[322]
(5	7	4)	[114]
(5	7	5)	[324]
(5	8	1)	[204]
(5	8	2)	[250]
(5	8	3)	[33]
(5	8	4)	[34]
(5	8	5)	[253]
(5	9	1)	[0]
(5	9	2)	[279]
(5	9	3)	[269]
(5	9	4)	[261]
(5	9	5)	[142]
(5	10	1)	[251]
(5	10	2)	[26]
(5	10	3)	[163]
(5	10	4)	[233]
(5	10	5)	[212]
]
FixedCostVendorToWarehouse:[
(1	1)	[253.17]
]
FixedCostWarehouseToStore:[
(1	1)	[66.13]
(1	2)	[40.42]
(1	3)	[186.09]
(1	4)	[97.5]
(1	5)	[253.17]
]
Variable_FixedCostVendorToWarehouse:[
(1	1)	[884.41]
]
VariableCostVendorToWarehouse:[
(1	1)	[0.067]
]
Variable_FixedCostWarehouseToStore:[
(1	1)	[492.45]
(1	2)	[427.6]
(1	3)	[727.61]
(1	4)	[570.02]
(1	5)	[884.41]
]
VariableCostWarehouseToStore:[
(1	1)	[0.034]
(1	2)	[0.022]
(1	3)	[0.055]
(1	4)	[0.042]
(1	5)	[0.067]
]
ProductVolume:[
(1)	[0.41]
(2)	[0.26]
(3)	[0.97]
(4)	[0.89]
(5)	[0.53]
(6)	[0.84]
(7)	[0.96]
(8)	[0.4]
(9)	[0.83]
(10)	[0.52]
]
ProductWeight:[
(1)	[0.3]
(2)	[0.32]
(3)	[0.5]
(4)	[0.23]
(5)	[0.35]
(6)	[0.72]
(7)	[0.94]
(8)	[0.57]
(9)	[0.65]
(10)	[0.28]
]
MapVendorToProduct:[
(1	1)	[1]
(1	2)	[1]
(1	3)	[1]
(1	4)	[1]
(1	5)	[1]
(1	6)	[1]
(1	7)	[1]
(1	8)	[1]
(1	9)	[1]
(1	10)	[1]
]
LeadTimeWarehouseToStores:[
(1	1)	[0]
(1	2)	[0]
(1	3)	[0]
(1	4)	[0]
(1	5)	[0]
]
StoreDemandForFashionProducts:[
(1	1)	[540]
(1	2)	[1420]
(1	3)	[1025]
(1	4)	[980]
(1	5)	[790]
(1	6)	[815]
(1	7)	[415]
(1	8)	[920]
(1	9)	[850]
(1	10)	[1330]
(2	1)	[1115]
(2	2)	[1290]
(2	3)	[830]
(2	4)	[1675]
(2	5)	[475]
(2	6)	[1320]
(2	7)	[1690]
(2	8)	[820]
(2	9)	[85]
(2	10)	[1325]
(3	1)	[610]
(3	2)	[740]
(3	3)	[905]
(3	4)	[790]
(3	5)	[445]
(3	6)	[1630]
(3	7)	[1090]
(3	8)	[1300]
(3	9)	[750]
(3	10)	[1755]
(4	1)	[1475]
(4	2)	[425]
(4	3)	[1030]
(4	4)	[740]
(4	5)	[295]
(4	6)	[930]
(4	7)	[1265]
(4	8)	[470]
(4	9)	[1230]
(4	10)	[0]
(5	1)	[1335]
(5	2)	[585]
(5	3)	[1125]
(5	4)	[1245]
(5	5)	[540]
(5	6)	[1790]
(5	7)	[240]
(5	8)	[350]
(5	9)	[1575]
(5	10)	[1245]
]
FixedCostFashionVendorToWarehouse:[
(1	1)	[344.43]
]
Variable_FixedCostFashionVendorToWarehouse:[
(1	1)	[1075.01]
]
VariableCostFashionVendorToWarehouse:[
(1	1)	[0.081]
]
FashionProductVolume:[
(1)	[0.25]
(2)	[0.72]
(3)	[0.17]
(4)	[0.79]
(5)	[0.26]
(6)	[0.88]
(7)	[0.5]
(8)	[0.93]
(9)	[0.47]
(10)	[0.03]
]
FashionProductWeight:[
(1)	[0.92]
(2)	[0.88]
(3)	[0.52]
(4)	[0.2]
(5)	[0.57]
(6)	[0.8]
(7)	[0.68]
(8)	[0.49]
(9)	[0.97]
(10)	[0.82]
]
MapFashionVendorToProduct:[
(1	1)	[1]
(1	2)	[1]
(1	3)	[1]
(1	4)	[1]
(1	5)	[1]
(1	6)	[1]
(1	7)	[1]
(1	8)	[1]
(1	9)	[1]
(1	10)	[1]
]
